{'width': 1280, 'height': 800}

2024-04-29 14:04:45.364255   worker_id = master

2024-04-29 14:04:45.364269   0. Allure grouping v4

2024-04-29 14:04:45.364449   START PRECONDITIONS =>

2024-04-29 14:04:45.364464   => URL after prev. preconditions - https://capital.com/ro
2024-04-29 14:04:45.364474   => flag_of_bug - True
2024-04-29 14:04:45.364485   => Current URL - https://capital.com/ro

2024-04-29 14:04:45.372353   => Windows size - {'width': 1280, 'height': 800}
2024-04-29 14:04:45.373717   Set windows position at (0, 0) =>
2024-04-29 14:04:45.375340   Set resolution 1280 * 800 =>
2024-04-29 14:04:45.377036   => Windows size is set to {'width': 1280, 'height': 800}

2024-04-29 14:04:46.430680   Капчи нет. Идем дальше

2024-04-29 14:04:46.430780   Работа с куками =>

2024-04-29 14:04:46.430795   => не требуется

2024-04-29 14:04:46.430805   Prev. country - 'de'
2024-04-29 14:04:46.430814   Cur. country - 'de'
2024-04-29 14:04:46.430823   => Country set to 'de'

2024-04-29 14:04:46.430832   Prev. language - 'ro'
2024-04-29 14:04:46.430840   Cur. language - 'ro'
2024-04-29 14:04:46.430849   => Language is set to 'ro'

2024-04-29 14:04:46.430857   Prev. role - 'NoAuth'
2024-04-29 14:04:46.430866   Cur. role - 'NoAuth'
2024-04-29 14:04:46.430874   => The 'NoAuth' role is set

2024-04-29 14:04:46.434381   => Current URL - https://capital.com/ro

2024-04-29 14:04:46.434412   => THE END PRECONDITIONS

2024-04-29 14:04:46.434641   1. Arrange_v0
2024-04-29 14:04:46.434661   current_page = https://capital.com/ro
2024-04-29 14:04:46.439992   link = https://capital.com/ro/eur-usd-rata
2024-04-29 14:04:46.442646   Current page URL = https://capital.com/ro
2024-04-29 14:04:46.445220   self.link = https://capital.com/ro/eur-usd-rata
2024-04-29 14:04:46.445234   driver.get(https://capital.com/ro/eur-usd-rata) =>
2024-04-29 14:04:48.271500   => Loaded page https://capital.com/ro/eur-usd-rata
2024-04-29 14:04:48.275022   BUTTON_CREATE_YOUR_ACCOUNT is located on the page? =>

2024-04-29 14:04:48.284406   2. Act_v0: Define of locator

2024-04-29 14:04:48.284455   2. Act_v0: Go to web element

2024-04-29 14:04:49.367490   2. Act_v0: Click web element
2024-04-29 14:04:49.400412   => BUTTON_CREATE_YOUR_ACCOUNT is clicked

2024-04-29 14:04:49.400666   3. Assert_v0
2024-04-29 14:04:49.400759   Start step Check that [Sign up] form is opened
2024-04-29 14:04:49.680464   'Sign up' form opened
2024-04-29 14:04:49.680523   Assert SIGNUP_HEADER =>
2024-04-29 14:04:49.696180   Assert SIGNUP_REF_LOGIN =>
2024-04-29 14:04:49.713006   Assert SIGNUP_PRIVACY_POLICY_ALL_2 =>
2024-04-29 14:04:49.728093   => SIGNUP_PRIVACY_POLICY_ALL
2024-04-29 14:04:49.728128   => 'Signup' form is checked
2024-04-29 14:04:49.728306   Start step Close [Sign up] form =>
2024-04-29 14:04:49.833793   => 'Signup' form closed
2024-04-29 14:04:50.119017   => Focus moved to 'capital*com' logo
