{'width': 1280, 'height': 800}

2024-04-29 15:38:09.918488   worker_id = master

2024-04-29 15:38:09.918503   0. Allure grouping v4

2024-04-29 15:38:09.918685   START PRECONDITIONS =>

2024-04-29 15:38:09.918700   => URL after prev. preconditions - https://capital.com/ro
2024-04-29 15:38:09.918710   => flag_of_bug - True
2024-04-29 15:38:09.918720   => Current URL - https://capital.com/ro/tranzactionati-netflix
2024-04-29 15:38:09.924024   Current page URL = https://capital.com/ro/tranzactionati-netflix
2024-04-29 15:38:09.926562   self.link = https://capital.com/ro
2024-04-29 15:38:09.926575   driver.get(https://capital.com/ro) =>
2024-04-29 15:38:11.720907   => Loaded page https://capital.com/ro

2024-04-29 15:38:11.724306   => Windows size - {'width': 1280, 'height': 800}
2024-04-29 15:38:11.725779   Set windows position at (0, 0) =>
2024-04-29 15:38:11.729531   Set resolution 1280 * 800 =>
2024-04-29 15:38:11.731199   => Windows size is set to {'width': 1280, 'height': 800}

2024-04-29 15:38:12.767379   Капчи нет. Идем дальше

2024-04-29 15:38:12.767467   Работа с куками =>

2024-04-29 15:38:12.767481   => не требуется

2024-04-29 15:38:12.767491   Prev. country - 'de'
2024-04-29 15:38:12.767501   Cur. country - 'de'
2024-04-29 15:38:12.767510   => Country set to 'de'

2024-04-29 15:38:12.767519   Prev. language - 'ro'
2024-04-29 15:38:12.767528   Cur. language - 'ro'
2024-04-29 15:38:12.767537   => Language is set to 'ro'

2024-04-29 15:38:12.767545   Prev. role - 'NoAuth'
2024-04-29 15:38:12.767554   Cur. role - 'NoAuth'
2024-04-29 15:38:12.767563   => The 'NoAuth' role is set

2024-04-29 15:38:12.770258   => Current URL - https://capital.com/ro

2024-04-29 15:38:12.770279   => THE END PRECONDITIONS

2024-04-29 15:38:12.770465   1. Arrange_v4
2024-04-29 15:38:12.770483   current_page = https://capital.com/ro
2024-04-29 15:38:12.772894   link = https://capital.com/ro/tranzactionati-netflix
2024-04-29 15:38:12.775330   Current page URL = https://capital.com/ro
2024-04-29 15:38:12.779876   self.link = https://capital.com/ro/tranzactionati-netflix
2024-04-29 15:38:12.779889   driver.get(https://capital.com/ro/tranzactionati-netflix) =>
2024-04-29 15:38:14.749001   => Loaded page https://capital.com/ro/tranzactionati-netflix
2024-04-29 15:38:14.753468   MOST_TRADED is present? =>
2024-04-29 15:38:14.765206   => MOST_TRADED widget is present on this page
2024-04-29 15:38:14.765240   => Found 5 elements in block MOST_TRADED
2024-04-29 15:38:14.765253   Most traded widget is scroll =>
2024-04-29 15:38:14.769091   => Most traded widget is scrolled into screen center

2024-04-29 15:38:14.769134   Random indexes = [4]

2024-04-29 15:38:14.769149   Testing Most traded 1 random element with 4 index

2024-04-29 15:38:14.769296   2. Act_v4
2024-04-29 15:38:14.769423   Start Checking that form [Sign up] popped up on the page =>
2024-04-29 15:38:16.310176   '[Sign up]' form was not popped up
2024-04-29 15:38:16.324071   instrument_title = 'Advanced Micro Devices Inc'
2024-04-29 15:38:16.329693   Selected Trade button on Most traded widget is scroll =>
2024-04-29 15:38:16.333060   Selected Trade button click for 'Advanced Micro Devices Inc' trading instrument =>
2024-04-29 15:38:17.380606   => Selected Trade button clicked!

2024-04-29 15:38:17.380876   3. Assert_Login_v0
2024-04-29 15:38:17.380978   Check that 'Login' form is opened
2024-04-29 15:38:17.711453   'Login' form opened
2024-04-29 15:38:17.711502   Assert LOGIN_REF_SIGNUP =>
2024-04-29 15:38:17.736140   Assert LOGIN_CHECKBOX =>
2024-04-29 15:38:17.756045   Assert LOGIN_PASS_FORGOT =>
2024-04-29 15:38:17.775372   => 'Login' form is checked
2024-04-29 15:38:17.886652   Click 'Close' button on 'Login' form =>
2024-04-29 15:38:18.264256   => Focus moved to 'capital*com' logo
2024-04-29 15:38:18.264314   => 'Login' form closed
