{'width': 1280, 'height': 800}

2024-04-29 14:47:04.385025   worker_id = master

2024-04-29 14:47:04.385043   0. Allure grouping v4

2024-04-29 14:47:04.385296   START PRECONDITIONS =>

2024-04-29 14:47:04.385317   => URL after prev. preconditions - https://capital.com/ro
2024-04-29 14:47:04.385331   => flag_of_bug - True
2024-04-29 14:47:04.385388   => Current URL - https://capital.com/ro/principalii-indicatori-mondiali-?t=volatile
2024-04-29 14:47:04.390777   Current page URL = https://capital.com/ro/principalii-indicatori-mondiali-?t=volatile
2024-04-29 14:47:04.393217   self.link = https://capital.com/ro
2024-04-29 14:47:04.393231   driver.get(https://capital.com/ro) =>
2024-04-29 14:47:06.238702   => Loaded page https://capital.com/ro

2024-04-29 14:47:06.242371   => Windows size - {'width': 1280, 'height': 800}
2024-04-29 14:47:06.243807   Set windows position at (0, 0) =>
2024-04-29 14:47:06.245524   Set resolution 1280 * 800 =>
2024-04-29 14:47:06.247148   => Windows size is set to {'width': 1280, 'height': 800}

2024-04-29 14:47:07.288879   Капчи нет. Идем дальше

2024-04-29 14:47:07.288969   Работа с куками =>

2024-04-29 14:47:07.288983   => не требуется

2024-04-29 14:47:07.288992   Prev. country - 'de'
2024-04-29 14:47:07.289001   Cur. country - 'de'
2024-04-29 14:47:07.289010   => Country set to 'de'

2024-04-29 14:47:07.289019   Prev. language - 'ro'
2024-04-29 14:47:07.289028   Cur. language - 'ro'
2024-04-29 14:47:07.289036   => Language is set to 'ro'

2024-04-29 14:47:07.289045   Prev. role - 'NoAuth'
2024-04-29 14:47:07.289053   Cur. role - 'NoAuth'
2024-04-29 14:47:07.289062   => The 'NoAuth' role is set

2024-04-29 14:47:07.291790   => Current URL - https://capital.com/ro

2024-04-29 14:47:07.291811   => THE END PRECONDITIONS

2024-04-29 14:47:07.291986   START Open "Markets" menu, "Indices" submenu =>

2024-04-29 14:47:07.292001   1. Cur URL = https://capital.com/ro

2024-04-29 14:47:07.294461   2. Link = https://capital.com/ro
2024-04-29 14:47:07.294476   current_page = https://capital.com/ro
2024-04-29 14:47:07.296843   link = https://capital.com/ro
2024-04-29 14:47:07.810141   => 'Markets' menu is present
2024-04-29 14:47:07.826787   => 'Markets' menu is visible
2024-04-29 14:47:09.101820   => Focus moved to 'Markets' menu


2024-04-29 14:47:10.592127   => 'Indices' submenu clicked
2024-04-29 14:47:10.881965   => Focus moved to 'capital*com' logo

2024-04-29 14:47:10.882005   3. Cur URL = https://capital.com/ro/principalii-indicatori-mondiali-

2024-04-29 14:47:10.887581   1. Arrange_v0
2024-04-29 14:47:10.887608   current_page = https://capital.com/ro/principalii-indicatori-mondiali-
2024-04-29 14:47:10.890114   link = https://capital.com/ro/principalii-indicatori-mondiali-
2024-04-29 14:47:10.892564   BUTTON_CREATE_YOUR_ACCOUNT is located on the page? =>

2024-04-29 14:47:10.900559   2. Act_v0: Define of locator

2024-04-29 14:47:10.900581   2. Act_v0: Go to web element

2024-04-29 14:47:11.957616   2. Act_v0: Click web element
2024-04-29 14:47:11.983847   => BUTTON_CREATE_YOUR_ACCOUNT is clicked

2024-04-29 14:47:11.984056   3. Assert_v0
2024-04-29 14:47:11.984146   Start step Check that [Sign up] form is opened
2024-04-29 14:47:12.250759   'Sign up' form opened
2024-04-29 14:47:12.250799   Assert SIGNUP_HEADER =>
2024-04-29 14:47:12.265180   Assert SIGNUP_REF_LOGIN =>
2024-04-29 14:47:12.279807   Assert SIGNUP_PRIVACY_POLICY_ALL_2 =>
2024-04-29 14:47:12.293393   => SIGNUP_PRIVACY_POLICY_ALL
2024-04-29 14:47:12.293426   => 'Signup' form is checked
2024-04-29 14:47:12.293590   Start step Close [Sign up] form =>
2024-04-29 14:47:12.361903   => 'Signup' form closed
2024-04-29 14:47:12.650502   => Focus moved to 'capital*com' logo
