{'width': 1280, 'height': 720}

2024-02-05 01:53:35.903271   worker_id = master

2024-02-05 01:53:35.903288   0. Allure grouping v4


2024-02-05 01:53:35.903449   START PRECONDITIONS =>


2024-02-05 01:53:35.903464   {'width': 1280, 'height': 720}

2024-02-05 01:53:35.904732   Set windows position at (0, 0) =>

2024-02-05 01:53:36.007134   Set resolution 1280 * 720 =>

2024-02-05 01:53:36.109733   => Resolution seted {'width': 1280, 'height': 720}

2024-02-05 01:53:37.148044   Капчи нет. Идем дальше

2024-02-05 01:53:37.148130   Prev. Role: NoAuth

2024-02-05 01:53:37.148142   Current role: NoAuth

2024-02-05 01:53:38.183836   Капчи нет. Идем дальше

2024-02-05 01:53:38.183924   Prev language: ru

2024-02-05 01:53:38.183937   => Current language: ru

2024-02-05 01:53:39.227115   Капчи нет. Идем дальше

2024-02-05 01:53:39.227200   Prev country: de
2024-02-05 01:53:39.227212   => Current country: de

2024-02-05 01:53:39.227220   => THE END PRECONDITIONS

2024-02-05 01:53:39.227250   1. Arrange
2024-02-05 01:53:39.230075   BUTTON_ON_HOR_BANNER is present? =>
2024-02-05 01:53:39.237817   => BUTTON_ON_HOR_BANNER is present on this page
2024-02-05 01:53:39.237840   BUTTON_ON_HOR_BANNER scroll =>
2024-02-05 01:53:39.242704   BUTTON_ON_HOR_BANNER is visible? =>
2024-02-05 01:53:39.265689   => BUTTON_ON_HOR_BANNER is visible on the page!
2024-02-05 01:53:39.265856   Start Checking that form [Sign up] popped up on the page =>
2024-02-05 01:53:40.808968   '[Sign up]' form was not popped up

2024-02-05 01:53:40.809574   2. Act
2024-02-05 01:53:40.894975   => BUTTON_ON_HOR_BANNER clicked!

2024-02-05 01:53:40.895191   3. Assert_Login_v0
2024-02-05 01:53:40.895257   Check that 'Login' form is opened
2024-02-05 01:53:43.994382   'Login' form not opened
2024-02-05 01:53:43.997240   'Login' page not opened
2024-02-05 01:53:47.069315   'Login' form on trading platform not opened
2024-02-05 01:53:47.069492   Start step Check that [Sign up] form is opened
2024-02-05 01:53:47.080696   'Sign up' form opened
2024-02-05 01:53:47.080722   Assert SIGNUP_HEADER =>
2024-02-05 01:53:47.091540   Assert SIGNUP_REF_LOGIN =>
2024-02-05 01:53:47.102422   Assert SIGNUP_PRIVACY_POLICY_ALL_2 =>
2024-02-05 01:53:47.113456   => SIGNUP_PRIVACY_POLICY_ALL
2024-02-05 01:53:47.113478   => 'Signup' form is checked

Bug: Bid:11.02.02.01_09-ru.de.NoAuth

2024-02-05 01:53:47.113535   Проверка бага в таблице ретеста  =>

2024-02-05 01:53:47.118215   4. Fixing one row check results into Google Sheet Bugs Report =>
1 cells updated.
2024-02-05 01:53:47.387275   => 4. One row check results into Google Sheet Bugs Report fixed

2024-02-05 01:53:47.728049   Bug: Bid:11.02.02.01_09-ru.de.NoAuth-05 уже существует

2024-02-05 01:53:47.728240   4. Fixing one row check results into Google Sheet Bugs Report =>
1 cells updated.
2024-02-05 01:53:47.861771   => 4. One row check results into Google Sheet Bugs Report fixed
