{'width': 1280, 'height': 800}

2024-04-29 14:16:35.417412   worker_id = master

2024-04-29 14:16:35.417426   0. Allure grouping v4

2024-04-29 14:16:35.417616   START PRECONDITIONS =>

2024-04-29 14:16:35.417632   => URL after prev. preconditions - https://capital.com/ro
2024-04-29 14:16:35.417642   => flag_of_bug - True
2024-04-29 14:16:35.417653   => Current URL - https://capital.com/trading/platform/
2024-04-29 14:16:35.422938   Current page URL = https://capital.com/trading/platform/
2024-04-29 14:16:35.425380   self.link = https://capital.com/ro
2024-04-29 14:16:35.425396   driver.get(https://capital.com/ro) =>
2024-04-29 14:16:37.445738   => Loaded page https://capital.com/ro

2024-04-29 14:16:37.451055   => Windows size - {'width': 1280, 'height': 800}
2024-04-29 14:16:37.452442   Set windows position at (0, 0) =>
2024-04-29 14:16:37.454113   Set resolution 1280 * 800 =>
2024-04-29 14:16:37.458505   => Windows size is set to {'width': 1280, 'height': 800}

2024-04-29 14:16:38.504589   Капчи нет. Идем дальше

2024-04-29 14:16:38.504683   Работа с куками =>

2024-04-29 14:16:38.504697   => не требуется

2024-04-29 14:16:38.504707   Prev. country - 'de'
2024-04-29 14:16:38.504717   Cur. country - 'de'
2024-04-29 14:16:38.504726   => Country set to 'de'

2024-04-29 14:16:38.504735   Prev. language - 'ro'
2024-04-29 14:16:38.504744   Cur. language - 'ro'
2024-04-29 14:16:38.504753   => Language is set to 'ro'

2024-04-29 14:16:38.504762   Prev. role - 'Auth'
2024-04-29 14:16:38.504771   Cur. role - 'Auth'
2024-04-29 14:16:38.504780   => The 'Auth' role is set

2024-04-29 14:16:38.510522   => Current URL - https://capital.com/ro

2024-04-29 14:16:38.510552   => THE END PRECONDITIONS

2024-04-29 14:16:38.510756   1. Arrange_v0
2024-04-29 14:16:38.510773   current_page = https://capital.com/ro
2024-04-29 14:16:38.513264   link = https://capital.com/ro/super-micro-computer-inc-pret-actiune
2024-04-29 14:16:38.515753   Current page URL = https://capital.com/ro
2024-04-29 14:16:38.518151   self.link = https://capital.com/ro/super-micro-computer-inc-pret-actiune
2024-04-29 14:16:38.518165   driver.get(https://capital.com/ro/super-micro-computer-inc-pret-actiune) =>
2024-04-29 14:16:40.379650   => Loaded page https://capital.com/ro/super-micro-computer-inc-pret-actiune
2024-04-29 14:16:40.395994   Is button BUTTON_VIEW_DETAILED_CHART present on the page? =>
2024-04-29 14:16:40.396048   => BUTTON_VIEW_DETAILED_CHART is present on the page
2024-04-29 14:16:40.396060   BUTTON_VIEW_DETAILED_CHART scroll =>
2024-04-29 14:16:40.400164   => BUTTON_VIEW_DETAILED_CHART scrolled
2024-04-29 14:16:40.400334   Start Checking that form [Sign up] popped up on the page =>
2024-04-29 14:16:41.954467   '[Sign up]' form was not popped up

2024-04-29 14:16:41.954655   2. Act_v0
2024-04-29 14:16:41.954670   Start Click button [View Detailed Chart] =>
2024-04-29 14:16:41.972145   BUTTON_VIEW_DETAILED_CHART is clickable =>
2024-04-29 14:16:42.528976 => BUTTON_VIEW_DETAILED_CHART clicked

2024-04-29 14:16:42.529298   3. Assert_v4

2024-04-29 14:16:42.529325   
2024-04-29 14:16:42.529505   Checking that the trading platform page has opened (v4) =>
2024-04-29 14:16:42.537803   Checking way # 1 => 

2024-04-29 14:16:42.537954   1. Checking that the Trading platform (or TradingView site) page has valid title =>
2024-04-29 14:16:42.543591   => The title of current page is 'Trading Platform | Capital.com'

2024-04-29 14:16:42.543694   2. Checking that the LOGO is present on the page =>
2024-04-29 14:16:44.246298   => 'capital*com' logo is present on the current page

2024-04-29 14:16:44.246355   tpd = False
2024-04-29 14:16:44.371825   => Driver.backed
2024-04-29 14:16:44.624272   => Driver.backed
2024-04-29 14:16:45.605915   => Driver.backed
