{'width': 1280, 'height': 720}

2024-02-09 03:33:48.521859   worker_id = master

2024-02-09 03:33:48.521875   0. Allure grouping v4


2024-02-09 03:33:48.522073   START PRECONDITIONS =>


2024-02-09 03:33:48.522088   {'width': 1280, 'height': 720}

2024-02-09 03:33:48.523612   Set windows position at (0, 0) =>

2024-02-09 03:33:48.626474   Set resolution 1280 * 720 =>

2024-02-09 03:33:48.729005   => Resolution seted {'width': 1280, 'height': 720}

2024-02-09 03:33:49.784601   Капчи нет. Идем дальше

2024-02-09 03:33:49.784689   Prev. Role: NoReg

2024-02-09 03:33:49.784703   Current role: NoReg

2024-02-09 03:33:50.809544   Капчи нет. Идем дальше

2024-02-09 03:33:50.809631   Prev language: cn

2024-02-09 03:33:50.809644   => Current language: cn

2024-02-09 03:33:51.836083   Капчи нет. Идем дальше

2024-02-09 03:33:51.836178   Prev country: au
2024-02-09 03:33:51.836221   => Current country: au

2024-02-09 03:33:51.836233   => THE END PRECONDITIONS

2024-02-09 03:33:51.836274   1. Arrange_v0
2024-02-09 03:33:51.839080   BUTTON_CREATE_YOUR_ACCOUNT is located on the page? =>

2024-02-09 03:33:51.843922   2. Act_v0: Define of locator

2024-02-09 03:33:51.843944   2. Act_v0: Go to web element

2024-02-09 03:33:52.947088   2. Act_v0: Click web element
2024-02-09 03:33:52.976655   => BUTTON_CREATE_YOUR_ACCOUNT is clicked

2024-02-09 03:33:52.976873   3. Assert_v0
2024-02-09 03:33:52.976964   Start step Check that [Sign up] form is opened
2024-02-09 03:33:53.156668   'Sign up' form opened
2024-02-09 03:33:53.156714   Assert SIGNUP_HEADER =>
2024-02-09 03:33:53.168896   Assert SIGNUP_REF_LOGIN =>
2024-02-09 03:33:53.181451   Assert SIGNUP_PRIVACY_POLICY_ALL_2 =>
2024-02-09 03:33:53.193180   => SIGNUP_PRIVACY_POLICY_ALL
2024-02-09 03:33:53.193208   => 'Signup' form is checked
2024-02-09 03:33:53.193377   Start step Close [Sign up] form =>
2024-02-09 03:33:53.286775   => 'Signup' form closed
