


Current market - ETFs
{'width': 1280, 'height': 800}

2024-05-10 16:42:25.014077   worker_id = master

2024-05-10 16:42:25.014097   0. Allure grouping v4

2024-05-10 16:42:25.014357   START PRECONDITIONS =>

2024-05-10 16:42:25.014377   => URL after prev. preconditions - https://capital.com/pl
2024-05-10 16:42:25.014392   => flag_of_bug - False
2024-05-10 16:42:25.014408   => Current URL - https://capital.com/pl

2024-05-10 16:42:25.020835   => Windows size - {'width': 1280, 'height': 800}
2024-05-10 16:42:25.022145   Set windows position at (0, 0) =>
2024-05-10 16:42:25.023783   Set resolution 1280 * 800 =>
2024-05-10 16:42:25.025342   => Windows size is set to {'width': 1280, 'height': 800}

2024-05-10 16:42:26.075869   Капчи нет. Идем дальше

2024-05-10 16:42:26.075965   Работа с куками =>

2024-05-10 16:42:26.075979   => не требуется

2024-05-10 16:42:26.075988   Prev. country - 'au'
2024-05-10 16:42:26.075998   Cur. country - 'au'
2024-05-10 16:42:26.076007   => Country set to 'au'

2024-05-10 16:42:26.076015   Prev. language - 'pl'
2024-05-10 16:42:26.076024   Cur. language - 'pl'
2024-05-10 16:42:26.076033   => Language is set to 'pl'

2024-05-10 16:42:26.076042   Prev. role - 'NoReg'
2024-05-10 16:42:26.076051   Cur. role - 'NoReg'
2024-05-10 16:42:26.076059   => The 'NoReg' role is set

2024-05-10 16:42:26.081443   => Current URL - https://capital.com/pl

2024-05-10 16:42:26.081483   => THE END PRECONDITIONS

2024-05-10 16:42:26.081550   1. Arrange for 'Trading instrument' widget: 'ETFs' market
2024-05-10 16:42:26.081568   current_page = https://capital.com/pl
2024-05-10 16:42:26.084285   link = https://capital.com/pl

2024-05-10 16:42:26.086730   IS 'Trading instrument' widget present on this page? =>
2024-05-10 16:42:26.091912   => 'Trading instrument' widget present on this page!

2024-05-10 16:42:26.102363   IS 'Trading instrument' widget visible on this page? =>
2024-05-10 16:42:26.112016   => 'Trading instrument' widget is visible on this page!

2024-05-10 16:42:26.112053   IS MARKET 'ETFs' present on this page? =>
2024-05-10 16:42:26.136604   => MARKET 'ETFs' present on this page!

2024-05-10 16:42:26.145010   IS MARKET 'ETFs' visible on this page? =>
2024-05-10 16:42:28.208577   => MARKET 'ETFs' is NOT visible right now on page, but need to check in 'Meatballs menu'!
2024-05-10 16:42:28.219303   => 'Meatballs menu' button is present
2024-05-10 16:42:28.231178   => 'Meatballs menu' button is visible
2024-05-10 16:42:29.514591   => Focus is moved on 'Meatballs menu' button
2024-05-10 16:42:29.539279   => MARKET 'ETFs' is visible on this page!

2024-05-10 16:42:29.539320   Start Click Tab 'ETFs' MARKET =>
2024-05-10 16:42:29.539330   Check that Tab 'ETFs' MARKET is clickable =>
2024-05-10 16:42:29.556618   => Tab 'ETFs' MARKET is clickable
2024-05-10 16:42:29.609198   => End Click Tab 'ETFs' MARKET

2024-05-10 16:42:29.609245   Is Instruments present? =>
2024-05-10 16:42:29.617034   => Instruments is present on this page

2024-05-10 16:42:29.617065   Is Instruments visible? =>
2024-05-10 16:42:29.626571   => Instruments is visible on this page

2024-05-10 16:42:29.626601   Start find random buttons [Trade] on the TAB 'ETFs'=>
2024-05-10 16:42:29.626626   => End find '1' random buttons [Trade] from list [3] on the TAB 'ETFs'
2024-05-10 16:42:29.626802   2. Act for 'Trading instrument' widget and 'ETFs' tab 3-item from item list [3]
2024-05-10 16:42:29.626819   Start Click button TAB 'ETFs' in METHOD: element_click =>
2024-05-10 16:42:29.636678   IS MARKET 'ETFs' visible on this page? =>
2024-05-10 16:42:29.648846   Check that MARKET 'ETFs' is visible on this page =>
2024-05-10 16:42:29.658333   => MARKET 'ETFs' is visible on this page!
2024-05-10 16:42:29.658359   Tab 'ETFs' MARKET is scroll =>
2024-05-10 16:42:29.669033   => Tab 'ETFs' MARKET is scrolled
2024-05-10 16:42:29.669061   Check that Tab 'ETFs' MARKET is clickable =>
2024-05-10 16:42:29.682112   => Tab 'ETFs' MARKET is clickable
2024-05-10 16:42:29.704692   => End Click Tab 'ETFs' MARKET

2024-05-10 16:42:29.704736   Start get name of trading instrument =>
2024-05-10 16:42:29.720319   => Name of trading instrument: ProShares Ultra VIX Short-Term Futures ETF

2024-05-10 16:42:29.720362   Start click button [Trade] =>
2024-05-10 16:42:29.783427   => Button [Trade] for 3-item clicked!


2024-05-10 16:42:29.783557   1. Arrange for 'Trading instrument' widget: 'ETFs' market

2024-05-10 16:42:29.783789   3. Assert_v0
2024-05-10 16:42:29.783938   Start step Check that [Sign up] form is opened
2024-05-10 16:42:30.020934   'Sign up' form opened
2024-05-10 16:42:30.020975   Assert SIGNUP_HEADER =>
2024-05-10 16:42:30.035398   Assert SIGNUP_REF_LOGIN =>
2024-05-10 16:42:30.052309   Assert SIGNUP_PRIVACY_POLICY_ALL_2 =>
2024-05-10 16:42:30.087186   => SIGNUP_PRIVACY_POLICY_ALL
2024-05-10 16:42:30.087239   => 'Signup' form is checked
2024-05-10 16:42:30.087490   Start step Close [Sign up] form =>
2024-05-10 16:42:30.159981   => 'Signup' form closed
2024-05-10 16:42:30.432059   => Focus moved to 'capital*com' logo
