{'width': 1280, 'height': 800}

2024-05-10 16:40:33.620753   worker_id = master

2024-05-10 16:40:33.620769   0. Allure grouping v4

2024-05-10 16:40:33.620987   START PRECONDITIONS =>

2024-05-10 16:40:33.621004   => URL after prev. preconditions - https://capital.com/pl
2024-05-10 16:40:33.621014   => flag_of_bug - True
2024-05-10 16:40:33.621025   => Current URL - https://capital.com/pl

2024-05-10 16:40:33.626551   => Windows size - {'width': 1280, 'height': 800}
2024-05-10 16:40:33.627942   Set windows position at (0, 0) =>
2024-05-10 16:40:33.629613   Set resolution 1280 * 800 =>
2024-05-10 16:40:33.631256   => Windows size is set to {'width': 1280, 'height': 800}

2024-05-10 16:40:34.678365   Капчи нет. Идем дальше

2024-05-10 16:40:34.678458   Работа с куками =>

2024-05-10 16:40:34.678472   => не требуется

2024-05-10 16:40:34.678482   Prev. country - 'au'
2024-05-10 16:40:34.678492   Cur. country - 'au'
2024-05-10 16:40:34.678501   => Country set to 'au'

2024-05-10 16:40:34.678510   Prev. language - 'pl'
2024-05-10 16:40:34.678519   Cur. language - 'pl'
2024-05-10 16:40:34.678528   => Language is set to 'pl'

2024-05-10 16:40:34.678537   Prev. role - 'NoAuth'
2024-05-10 16:40:34.678545   Cur. role - 'NoAuth'
2024-05-10 16:40:34.678554   => The 'NoAuth' role is set

2024-05-10 16:40:34.681265   => Current URL - https://capital.com/pl

2024-05-10 16:40:34.681285   => THE END PRECONDITIONS

2024-05-10 16:40:34.681481   1. Arrange_v0
2024-05-10 16:40:34.681499   current_page = https://capital.com/pl
2024-05-10 16:40:34.685997   link = https://capital.com/pl
2024-05-10 16:40:34.688435   IS Trader's Dashboard widget present on this page? =>
2024-05-10 16:40:34.696197   => Trader's Dashboard widget present on this page!

2024-05-10 16:40:34.707274   IS Trader's Dashboard widget visible on this page? =>
2024-05-10 16:40:34.752870   => Trader's Dashboard widget is visible on this page!

2024-05-10 16:40:34.752926   IS [Trade] button present on this page? =>
2024-05-10 16:40:34.772084   => [Trade] button present on this page!

2024-05-10 16:40:34.772151   Defined random number of test button, item is: 5 

2024-05-10 16:40:34.789822   IS [Trade] button visible on this page? =>
2024-05-10 16:40:34.814466   => [Trade] button is visible on this page!

2024-05-10 16:40:34.814508   [Trade] button scroll =>

2024-05-10 16:40:34.814683   2. Act_v0
2024-05-10 16:40:34.814699   [Trade] button is clickable? =>
2024-05-10 16:40:34.833166   => [Trade] button is clickable!

2024-05-10 16:40:34.833217   Start get name of trading instrument =>
2024-05-10 16:40:34.856787   => Name of trading instrument: ETH/USD

2024-05-10 16:40:35.920221   => [Trade] button NOT CLICKED

2024-05-10 16:40:35.920472   3. Assert_Login_v0
2024-05-10 16:40:35.920559   Check that 'Login' form is opened
2024-05-10 16:40:42.121304   'Login' form not opened
2024-05-10 16:40:42.121496   Check that new 'Login' form is opened
2024-05-10 16:40:45.238013   => New 'Login' form not opened
2024-05-10 16:40:45.240719   'Login' page not opened
2024-05-10 16:40:48.331761   'Login' form on trading platform not opened
2024-05-10 16:40:48.331969   Start step Check that [Sign up] form is opened
2024-05-10 16:40:48.344919   'Sign up' form opened
2024-05-10 16:40:48.344954   Assert SIGNUP_HEADER =>
2024-05-10 16:40:48.357149   Assert SIGNUP_REF_LOGIN =>
2024-05-10 16:40:48.369770   Assert SIGNUP_PRIVACY_POLICY_ALL_2 =>
2024-05-10 16:40:48.379370   => SIGNUP_PRIVACY_POLICY_ALL
2024-05-10 16:40:48.379400   => 'Signup' form is checked

Bug: Bid:00.00_011-pl.au.NoAuth

2024-05-10 16:40:48.379467   Проверка бага в таблице ретеста  =>

2024-05-10 16:40:48.767394   4. Fixing one row check results into Google Sheet Bugs Report =>
1 cells updated.
2024-05-10 16:40:49.060927   => 4. One row check results into Google Sheet Bugs Report fixed

2024-05-10 16:40:50.663701   4. Fixing one row check results into Google Sheet Bugs Report =>
1 cells updated.
2024-05-10 16:40:50.972092   => 4. One row check results into Google Sheet Bugs Report fixed

2024-05-10 16:40:50.972353   4. Fixing one row check results into Google Sheet Bugs Report =>
1 cells updated.
2024-05-10 16:40:51.286953   => 4. One row check results into Google Sheet Bugs Report fixed

2024-05-10 16:40:51.287034   Баг Bid:00.00_011-pl.au.NoAuth уже существует, но у него изменился тип с  на 05

2024-05-10 16:40:51.287222   4. Fixing one row check results into Google Sheet Bugs Report =>
1 cells updated.
2024-05-10 16:40:51.518098   => 4. One row check results into Google Sheet Bugs Report fixed

2024-05-10 16:40:51.519907   Баг Bid:00.00_011-pl.au.NoAuth-05 обнаружен ранее и уже находится в 'Bugs Report Auto detect'
