{'width': 1280, 'height': 800}

2024-05-10 17:44:21.750589   worker_id = master

2024-05-10 17:44:21.750618   0. Allure grouping v4

2024-05-10 17:44:21.750975   START PRECONDITIONS =>

2024-05-10 17:44:21.751001   => URL after prev. preconditions - https://capital.com/pl
2024-05-10 17:44:21.751017   => flag_of_bug - False
2024-05-10 17:44:21.751034   => Current URL - https://capital.com/pl/gbp-jpy-kurs
2024-05-10 17:44:21.810489   Current page URL = https://capital.com/pl/gbp-jpy-kurs
2024-05-10 17:44:21.812860   self.link = https://capital.com/pl
2024-05-10 17:44:21.812874   driver.get(https://capital.com/pl) =>
2024-05-10 17:44:23.581727   => Loaded page https://capital.com/pl

2024-05-10 17:44:23.586275   => Windows size - {'width': 1280, 'height': 800}
2024-05-10 17:44:23.587607   Set windows position at (0, 0) =>
2024-05-10 17:44:23.589199   Set resolution 1280 * 800 =>
2024-05-10 17:44:23.590797   => Windows size is set to {'width': 1280, 'height': 800}

2024-05-10 17:44:24.637236   Капчи нет. Идем дальше

2024-05-10 17:44:24.637329   Работа с куками =>

2024-05-10 17:44:24.637343   => не требуется

2024-05-10 17:44:24.637353   Prev. country - 'au'
2024-05-10 17:44:24.637362   Cur. country - 'au'
2024-05-10 17:44:24.637371   => Country set to 'au'

2024-05-10 17:44:24.637380   Prev. language - 'pl'
2024-05-10 17:44:24.637389   Cur. language - 'pl'
2024-05-10 17:44:24.637397   => Language is set to 'pl'

2024-05-10 17:44:24.637406   Prev. role - 'Auth'
2024-05-10 17:44:24.637415   Cur. role - 'Auth'
2024-05-10 17:44:24.637424   => The 'Auth' role is set

2024-05-10 17:44:24.640212   => Current URL - https://capital.com/pl

2024-05-10 17:44:24.640236   => THE END PRECONDITIONS

2024-05-10 17:44:24.640434   1. Arrange_v0
2024-05-10 17:44:24.640453   current_page = https://capital.com/pl
2024-05-10 17:44:24.642984   link = https://capital.com/pl/gbp-jpy-kurs
2024-05-10 17:44:24.645482   Current page URL = https://capital.com/pl
2024-05-10 17:44:24.650266   self.link = https://capital.com/pl/gbp-jpy-kurs
2024-05-10 17:44:24.650280   driver.get(https://capital.com/pl/gbp-jpy-kurs) =>
2024-05-10 17:44:27.253746   => Loaded page https://capital.com/pl/gbp-jpy-kurs
2024-05-10 17:44:27.258043   BUTTON_CREATE_YOUR_ACCOUNT is located on the page? =>

2024-05-10 17:44:27.269579   2. Act_v0: Define of locator

2024-05-10 17:44:27.269613   2. Act_v0: Go to web element

2024-05-10 17:44:28.344281   2. Act_v0: Click web element
2024-05-10 17:44:28.661891   => BUTTON_CREATE_YOUR_ACCOUNT is clicked

2024-05-10 17:44:28.662231   3. Assert_v4

2024-05-10 17:44:28.662258   
2024-05-10 17:44:28.662423   Checking that the trading platform page has opened (v4) =>
2024-05-10 17:44:29.178852   Checking way # 1 => 

2024-05-10 17:44:29.179083   1. Checking that the Trading platform (or TradingView site) page has valid title =>
2024-05-10 17:44:29.182605   => The title of current page is 'Trading Platform | Capital.com'

2024-05-10 17:44:29.182701   2. Checking that the LOGO is present on the page =>
2024-05-10 17:44:29.836082   => 'capital*com' logo is present on the current page

2024-05-10 17:44:29.836121   tpd = False
2024-05-10 17:44:31.002524   => Driver.backed
