{'width': 1280, 'height': 720}

2023-12-12 19:16:37.834038   browser = chrome

2023-12-12 19:16:37.834061   worker_id = master

2023-12-12 19:16:37.834073   Start TC_11.02.06_07

2023-12-12 19:16:37.834085   <us_11-02-06_indices_trading_test.TestIndicesTrading object at 0x7fbae47ab3d0>.None

2023-12-12 19:16:37.834099   0. Arrange


2023-12-12 19:16:37.834326   START PRECONDITIONS =>


2023-12-12 19:16:37.834347   {'width': 1280, 'height': 720}

2023-12-12 19:16:37.835958   Set windows position at (320, 180) =>

2023-12-12 19:16:37.940872   Set resolution 1280 * 720 =>

2023-12-12 19:16:38.046276   => Resolution seted {'width': 1280, 'height': 720}

2023-12-12 19:16:42.052558   Капчи нет. Тестим дальше

2023-12-12 19:16:42.052603   Prev. Role: Auth

2023-12-12 19:16:42.052613   Current role: Auth

2023-12-12 19:16:42.052621   Prev language: en

2023-12-12 19:16:42.052629   => Current language: en

2023-12-12 19:16:42.052637   Prev country: de

2023-12-12 19:16:42.052644   => Current country: de

2023-12-12 19:16:42.052652   => THE END PRECONDITIONS

2023-12-12 19:16:42.052710   1. Arrange_v0
2023-12-12 19:16:42.055688   BUTTON_SELL_IN_CONTENT_BLOCK is located on the page? =>
2023-12-12 19:16:42.063898   => BUTTON_SELL_IN_CONTENT_BLOCK is located on the page!

2023-12-12 19:16:42.064056   2. Act_v0
2023-12-12 19:16:42.069123   BUTTON_SELL_IN_CONTENT_BLOCK is present? =>
2023-12-12 19:16:42.069145   => BUTTON_SELL_IN_CONTENT_BLOCK is present on the page!
2023-12-12 19:16:42.069154   BUTTON_SELL_IN_CONTENT_BLOCK scroll =>
2023-12-12 19:16:42.369935   => BUTTON_SELL_IN_CONTENT_BLOCK clicked!

2023-12-12 19:16:42.370231   3. Assert_v4
2023-12-12 19:16:42.370372   Checking that the trading platform page has opened (v4) =>
2023-12-12 19:16:42.887054   => Current page title: Trading Platform | Capital.com
2023-12-12 19:16:42.887183   Checking that the Trading platform LOGO is present on the page =>
2023-12-12 19:16:44.053148   Checking that the Trading platform opened in LIVE mode =>
2023-12-12 19:16:44.064470   => The page with https://capital.com/trading/platform url was opened in lIVE mode
2023-12-12 19:16:44.671526   Load page https://capital.com/trade-hangseng
