{'width': 1280, 'height': 720}

2024-02-29 21:02:37.913739   worker_id = master

2024-02-29 21:02:37.913768   0. Allure grouping v4


2024-02-29 21:02:37.913967   START PRECONDITIONS =>


2024-02-29 21:02:37.913983   {'width': 1280, 'height': 720}

2024-02-29 21:02:37.915232   Set windows position at (0, 0) =>

2024-02-29 21:02:38.017474   Set resolution 1280 * 720 =>

2024-02-29 21:02:38.119813   => Resolution seted {'width': 1280, 'height': 720}

2024-02-29 21:02:39.147234   Капчи нет. Идем дальше

2024-02-29 21:02:39.147321   Prev. Role: NoReg

2024-02-29 21:02:39.147334   Current role: NoReg

2024-02-29 21:02:40.173100   Капчи нет. Идем дальше

2024-02-29 21:02:40.173186   Prev language: zh

2024-02-29 21:02:40.173199   => Current language: zh

2024-02-29 21:02:41.201095   Капчи нет. Идем дальше

2024-02-29 21:02:41.201179   Prev country: ae
2024-02-29 21:02:41.201192   => Current country: ae

2024-02-29 21:02:41.201201   => THE END PRECONDITIONS
2024-02-29 21:02:41.707708   => Education menu is present
2024-02-29 21:02:41.722233   element = <selenium.webdriver.remote.webelement.WebElement (session="3b98e3f7f9693e7a8005b92456f3abb1", element="f.ADDE033CB49BAB14E6D007F6D38674A7.d.246B052047005511D7D7FC2530AF95D0.e.1666")>
2024-02-29 21:02:41.722272   => Education menu is visible
2024-02-29 21:02:42.996821   => Focus moved to Education menu

2024-02-29 21:02:44.233871   1. Arrange_v4
2024-02-29 21:02:44.236190   MOST_TRADED is present? =>
2024-02-29 21:02:44.245374   => MOST_TRADED widget is present on this page
2024-02-29 21:02:44.245397   => Found 5 elements in block MOST_TRADED
2024-02-29 21:02:44.245408   Most traded widget is scroll =>
2024-02-29 21:02:44.248407   => Most traded widget is scrolled into screen center

2024-02-29 21:02:44.248443   Random indexes = [2]

2024-02-29 21:02:44.248456   Testing Most traded 1 random element with 2 index

2024-02-29 21:02:44.248581   2. Act_v4
2024-02-29 21:02:44.248673   Start Checking that form [Sign up] popped up on the page =>
2024-02-29 21:02:45.802614   '[Sign up]' form was not popped up
2024-02-29 21:02:45.820763   Selected Trade button on Most traded widget is scroll =>
2024-02-29 21:02:45.824668   Selected Trade button click for 'US Crude Oil Spot' trading instrument =>
2024-02-29 21:02:46.882184   => Selected Trade button clicked!

2024-02-29 21:02:46.882406   3. Assert_v0
2024-02-29 21:02:46.882494   Start step Check that [Sign up] form is opened
2024-02-29 21:02:47.086157   'Sign up' form opened
2024-02-29 21:02:47.086195   Assert SIGNUP_HEADER =>
2024-02-29 21:02:47.099366   Assert SIGNUP_REF_LOGIN =>
2024-02-29 21:02:47.112498   Assert SIGNUP_PRIVACY_POLICY_ALL_2 =>
2024-02-29 21:02:47.124590   => SIGNUP_PRIVACY_POLICY_ALL
2024-02-29 21:02:47.124626   => 'Signup' form is checked
2024-02-29 21:02:47.124786   Start step Close [Sign up] form =>
2024-02-29 21:02:47.178993   => 'Signup' form closed
