{'width': 1280, 'height': 800}

2024-05-22 05:23:42.954649   worker_id = master

2024-05-22 05:23:42.954649   0. Allure grouping v4

2024-05-22 05:23:42.954649   START PRECONDITIONS =>

2024-05-22 05:23:42.954649   => URL after prev. preconditions - https://capital.com/it
2024-05-22 05:23:42.954649   => flag_of_bug - False
2024-05-22 05:23:42.954649   => Current URL - https://capital.com/it/cad-jpy-tasso
2024-05-22 05:23:42.961652   Current page URL = https://capital.com/it/cad-jpy-tasso
2024-05-22 05:23:42.964811   self.link = https://capital.com/it
2024-05-22 05:23:42.964811   driver.get(https://capital.com/it) =>
2024-05-22 05:23:44.778189   => Loaded page https://capital.com/it

2024-05-22 05:23:44.784625   => Windows size: {'width': 1280, 'height': 800}
2024-05-22 05:23:44.786624   Set windows position at (0, 0) =>
2024-05-22 05:23:44.789317   Set resolution 1280 * 800 =>
2024-05-22 05:23:44.791318   => Windows size is set to {'width': 1280, 'height': 800}

2024-05-22 05:23:45.794736   Капчи нет. Идем дальше

2024-05-22 05:23:45.794736   Работа с куками =>

2024-05-22 05:23:45.794736   => не требуется

2024-05-22 05:23:45.794736   Prev. country - 'ae'
2024-05-22 05:23:45.794736   Cur. country - 'ae'
2024-05-22 05:23:45.794736   => Country set to 'ae'

2024-05-22 05:23:45.794736   Prev. language - 'it'
2024-05-22 05:23:45.794736   Cur. language - 'it'
2024-05-22 05:23:45.794736   => Language is set to 'it'

2024-05-22 05:23:45.794736   Prev. role - 'NoReg'
2024-05-22 05:23:45.794736   Cur. role - 'NoReg'
2024-05-22 05:23:45.794736   => The 'NoReg' role is set

2024-05-22 05:23:45.794736   => Current URL - https://capital.com/it

2024-05-22 05:23:45.794736   => THE END PRECONDITIONS

2024-05-22 05:23:45.794736   1. Arrange_v0
2024-05-22 05:23:45.794736   current_page = https://capital.com/it
2024-05-22 05:23:45.794736   link = https://capital.com/it/cad-jpy-tasso
2024-05-22 05:23:45.811064   Current page URL = https://capital.com/it
2024-05-22 05:23:45.814067   self.link = https://capital.com/it/cad-jpy-tasso
2024-05-22 05:23:45.814067   driver.get(https://capital.com/it/cad-jpy-tasso) =>
2024-05-22 05:23:47.578522   => Loaded page https://capital.com/it/cad-jpy-tasso
2024-05-22 05:23:47.583825   BUTTON_SELL is located on the page? =>
2024-05-22 05:23:47.591824   => BUTTON_SELL is located on the page!
2024-05-22 05:23:47.592826   Start Checking that form [Sign up] popped up on the page =>
2024-05-22 05:23:49.119261   '[Sign up]' form was not popped up

2024-05-22 05:23:49.119261   2. Act_v0
2024-05-22 05:23:49.125253   BUTTON_SELL is present? =>
2024-05-22 05:23:49.125253   => BUTTON_SELL is present on the page
2024-05-22 05:23:49.125253   BUTTON_SELL scroll =>
2024-05-22 05:23:49.129393   => BUTTON_SELL scrolled
2024-05-22 05:23:49.161949   BUTTON_SELL is clickable? =>
2024-05-22 05:23:49.176389   BUTTON_SELL CLICK =>
2024-05-22 05:23:49.218739   => BUTTON_SELL clicked!

2024-05-22 05:23:49.219563   3. Assert_Signup_v0
2024-05-22 05:23:49.219563   Start step Check that [Sign up] form is opened
2024-05-22 05:23:49.382398   'Sign up' form opened
2024-05-22 05:23:49.382398   Assert SIGNUP_HEADER =>
2024-05-22 05:23:49.395856   Assert SIGNUP_REF_LOGIN =>
2024-05-22 05:23:49.410041   Assert SIGNUP_PRIVACY_POLICY_ALL_2 =>
2024-05-22 05:23:49.427718   => SIGNUP_PRIVACY_POLICY_ALL
2024-05-22 05:23:49.427718   => 'Signup' form is checked
2024-05-22 05:23:49.427718   Start step Close [Sign up] form =>
2024-05-22 05:23:49.535281   => 'Signup' form closed
2024-05-22 05:23:49.814940   => Focus moved to 'capital*com' logo
