
2023-12-12 18:53:01.790695   Работает obj <us_11-02-05_cryptocurrency_trading_test.TestCryptocurrencyTrading object at 0x7f62695958d0> с именем TC_11.02.05_06
{'width': 1280, 'height': 720}

2023-12-12 18:53:01.792141   browser = chrome

2023-12-12 18:53:01.792155   worker_id = master

2023-12-12 18:53:01.792164   Start TC_11.02.05_06

2023-12-12 18:53:01.792171   <us_11-02-05_cryptocurrency_trading_test.TestCryptocurrencyTrading object at 0x7f62695958d0>.None

2023-12-12 18:53:01.792181   0. Arrange


2023-12-12 18:53:01.792322   START PRECONDITIONS =>


2023-12-12 18:53:01.792336   {'width': 1280, 'height': 720}

2023-12-12 18:53:01.793563   Set windows position at (320, 180) =>

2023-12-12 18:53:01.895896   Set resolution 1280 * 720 =>

2023-12-12 18:53:01.998214   => Resolution seted {'width': 1280, 'height': 720}

2023-12-12 18:53:06.050412   Капчи нет. Тестим дальше

2023-12-12 18:53:06.050458   Prev. Role: Auth

2023-12-12 18:53:06.050468   Current role: Auth

2023-12-12 18:53:06.050476   Prev language: en

2023-12-12 18:53:06.050484   => Current language: en

2023-12-12 18:53:06.050492   Prev country: de

2023-12-12 18:53:06.050500   => Current country: de

2023-12-12 18:53:06.050507   => THE END PRECONDITIONS

2023-12-12 18:53:06.050562   1. Arrange_v0
2023-12-12 18:53:06.794883   Load page https://capital.com/trade-stellar
2023-12-12 18:53:06.794938   Is present BUTTON_START_TRADING_IN_ARTICLE? =>
2023-12-12 18:53:06.853926   => BUTTON_START_TRADING_IN_ARTICLE is present
2023-12-12 18:53:06.853972   Is visible BUTTON_START_TRADING_IN_ARTICLE? =>

2023-12-12 18:53:07.080914   2. Act_v0
2023-12-12 18:53:07.080956   Start Click button BUTTON_START_TRADING_IN_ARTICLE =>
2023-12-12 18:53:07.130609   BUTTON_START_TRADING_IN_ARTICLE_#1 scroll =>
2023-12-12 18:53:07.138530   Is BUTTON_START_TRADING_IN_ARTICLE_#1 clickable? =>
2023-12-12 18:53:07.161244   => BUTTON_START_TRADING_IN_ARTICLE_#1 is clickable
2023-12-12 18:53:07.161294   BUTTON_START_TRADING_IN_ARTICLE_#1 click =>
2023-12-12 18:53:07.443053   => BUTTON_START_TRADING_IN_ARTICLE_#1 clicked!

2023-12-12 18:53:07.443320   3. Assert_v4
2023-12-12 18:53:07.443460   Checking that the trading platform page has opened (v4) =>
2023-12-12 18:53:07.962079   => Current page title: Trading Platform | Capital.com
2023-12-12 18:53:07.962237   Checking that the Trading platform LOGO is present on the page =>
2023-12-12 18:53:09.016675   Checking that the Trading platform opened in LIVE mode =>
