{'width': 1280, 'height': 720}

2023-12-12 19:11:53.640326   browser = chrome

2023-12-12 19:11:53.640343   worker_id = master

2023-12-12 19:11:53.640351   Start TC_11.02.06_01

2023-12-12 19:11:53.640359   <us_11-02-06_indices_trading_test.TestIndicesTrading object at 0x7fbae4948690>.None

2023-12-12 19:11:53.640369   0. Arrange


2023-12-12 19:11:53.640524   START PRECONDITIONS =>


2023-12-12 19:11:53.640540   {'width': 1280, 'height': 720}

2023-12-12 19:11:53.641812   Set windows position at (320, 180) =>

2023-12-12 19:11:53.744046   Set resolution 1280 * 720 =>

2023-12-12 19:11:53.846415   => Resolution seted {'width': 1280, 'height': 720}

2023-12-12 19:11:57.865376   Капчи нет. Тестим дальше

2023-12-12 19:11:57.865421   Prev. Role: NoReg

2023-12-12 19:11:57.865431   Current role: NoReg

2023-12-12 19:11:57.865440   Prev language: en

2023-12-12 19:11:57.865448   => Current language: en

2023-12-12 19:11:57.865456   Prev country: de

2023-12-12 19:11:57.865463   => Current country: de

2023-12-12 19:11:57.865471   => THE END PRECONDITIONS

2023-12-12 19:11:57.865529   1. Arrange_v0
2023-12-12 19:11:58.292645   Load page https://capital.com/trade-ftse
2023-12-12 19:11:58.469334   BUTTON_START_TRADING scroll =>
2023-12-12 19:11:58.477812   BUTTON_START_TRADING is visible? =>
2023-12-12 19:11:58.597435   => BUTTON_START_TRADING is visible on the page!

2023-12-12 19:11:58.597613   2. Act_v0
2023-12-12 19:11:58.597627   Start Click button [Start Trading] =>
2023-12-12 19:11:58.603027   BUTTON_START_TRADING is clickable? =>
2023-12-12 19:11:58.633848   BUTTON_START_TRADING click =>
2023-12-12 19:11:58.702705   => BUTTON_START_TRADING clicked

2023-12-12 19:11:58.702968   3. Assert_v0
2023-12-12 19:11:58.703096   Start step Check that [Sign up] form is opened
2023-12-12 19:11:58.918983   'Sign up' form opened
2023-12-12 19:11:58.919023   Assert SIGNUP_HEADER =>
2023-12-12 19:11:58.943172   Assert SIGNUP_REF_LOGIN =>
2023-12-12 19:11:58.975904   Assert SIGNUP_PRIVACY_POLICY_ALL_2 =>
2023-12-12 19:11:58.992622   => SIGNUP_PRIVACY_POLICY_ALL
2023-12-12 19:11:58.992663   => 'Signup' form is checked
2023-12-12 19:11:58.992856   Start step Close [Sign up] form =>
2023-12-12 19:11:59.084841   => 'Signup' form closed
