
2023-12-12 18:12:41.184341   Работает obj <us_11-02-03_commodities_trading_test.TestCommoditiesTrading object at 0x7fc59db65d50> с именем TC_11.02.03_02
{'width': 1280, 'height': 720}

2023-12-12 18:12:41.221542   browser = chrome

2023-12-12 18:12:41.221565   worker_id = master

2023-12-12 18:12:41.221577   Start TC_11.02.03_02

2023-12-12 18:12:41.221588   <us_11-02-03_commodities_trading_test.TestCommoditiesTrading object at 0x7fc59db65d50>.None

2023-12-12 18:12:41.221603   0. Arrange


2023-12-12 18:12:41.221874   START PRECONDITIONS =>


2023-12-12 18:12:41.221893   {'width': 1280, 'height': 720}

2023-12-12 18:12:41.227188   Set windows position at (320, 180) =>

2023-12-12 18:12:41.461068   Set resolution 1280 * 720 =>

2023-12-12 18:12:41.567993   => Resolution seted {'width': 1280, 'height': 720}

2023-12-12 18:12:45.583083   Капчи нет. Тестим дальше

2023-12-12 18:12:45.583128   Prev. Role: Auth

2023-12-12 18:12:45.583138   Current role: Auth

2023-12-12 18:12:45.583146   Prev language: en

2023-12-12 18:12:45.583154   => Current language: en

2023-12-12 18:12:45.583162   Prev country: de

2023-12-12 18:12:45.583170   => Current country: de

2023-12-12 18:12:45.583178   => THE END PRECONDITIONS

2023-12-12 18:12:45.583234   1. Arrange_v0
2023-12-12 18:12:45.586178   BUTTON_TRY_DEMO is visible? =>
2023-12-12 18:12:45.600794   => BUTTON_TRY_DEMO is visible on the page!

2023-12-12 18:12:45.600931   2. Act_v0
2023-12-12 18:12:45.600945   BUTTON_TRY_DEMO is present? =>
2023-12-12 18:12:45.608475   => BUTTON_TRY_DEMO is present on the page!
2023-12-12 18:12:45.608499   BUTTON_TRY_DEMO scroll =>
2023-12-12 18:12:45.660067   => BUTTON_TRY_DEMO clicked!

2023-12-12 18:12:45.660285   3. Assert_v4
2023-12-12 18:12:45.660374   Checking that the trading platform page has opened (v4) =>
2023-12-12 18:12:46.172406   => Current page title: Trading Platform | Capital.com
2023-12-12 18:12:46.172567   Checking that the Trading platform LOGO is present on the page =>
2023-12-12 18:12:47.511084   Checking that the Trading platform opened in DEMO mode =>
2023-12-12 18:12:47.968306   => The page with https://capital.com/trade-commodities url was opened in DEMO mode
2023-12-12 18:12:48.827436   Load page https://capital.com/trade-commodities
