


Current country - ['', 'gb']
{'width': 1920, 'height': 1080}

2025-05-02 02:55:21.565714   worker_id = master

2025-05-02 02:55:21.565724   0. Allure grouping for US_55


2025-05-02 02:55:21.565900   START PRECONDITIONS =>

2025-05-02 02:55:21.565911   => URL after prev. preconditions - https://capital.com/en-gb
2025-05-02 02:55:21.565917   => flag_of_bug - True
2025-05-02 02:55:21.565925   => Current URL - https://capital.com/en-gb

2025-05-02 02:55:21.571589   => Windows size: {'width': 1920, 'height': 1080}

2025-05-02 02:55:21.572960   Set windows position at (0, 0) =>

2025-05-02 02:55:21.574687   Set resolution 1920 * 1080 =>

2025-05-02 02:55:21.576419   => Resolution set {'width': 1920, 'height': 1080}

2025-05-02 02:55:21.577776   Работа с куками =>
2025-05-02 02:55:21.577786   Prev. role - 'NoReg'
2025-05-02 02:55:21.577792   Current testing role - 'Auth'

2025-05-02 02:55:21.577797   All cookies must be delete =>
2025-05-02 02:55:21.636105   => All cookies are deleted
2025-05-02 02:55:21.636126   Current page URL = https://capital.com/en-gb
2025-05-02 02:55:21.638813   self.link = https://capital.com/en-gb
2025-05-02 02:55:21.638823   driver.get(https://capital.com/en-gb) =>
2025-05-02 02:55:23.893186   => Loaded page https://capital.com/en-gb

2025-05-02 02:55:23.902099   Step 'Click button [Accept all cookies]'
2025-05-02 02:55:23.902107   Is Visible Button [Accept all cookies]? =>
2025-05-02 02:55:25.198308   => Button [Accept all cookies] is visible
2025-05-02 02:55:25.698453   Is clickable Button [Accept all cookies] =>
2025-05-02 02:55:25.715647   => Button [Accept all cookies] is clickable
2025-05-02 02:55:25.715672   Click Button [Accept all cookies] =>
2025-05-02 02:55:25.937706   => Button [Accept all cookies] is clicked
2025-05-02 02:55:25.937752   => Accepted All Cookies

2025-05-02 02:55:26.437938   Step 'Click button [Stay on this site]'
2025-05-02 02:55:26.437972   Is Visible Button [Stay on this site]? =>
2025-05-02 02:55:31.488516   => Button [Stay on this site] is not visible after 5 sec.
2025-05-02 02:55:31.488548   => Cur url = https://capital.com/en-gb

2025-05-02 02:55:31.491230   Prev. role - 'NoReg'
2025-05-02 02:55:31.491240   Cur. role - 'Auth'

2025-05-02 02:55:31.491400   Start Authorization
2025-05-02 02:55:31.633052   => 'Login' form is opened
2025-05-02 02:55:31.902744   => "login" and "password" are inputted
2025-05-02 02:55:31.902790   Click [Continue] button on [Login] form =>
2025-05-02 02:55:32.013428   => [Continue] button on [Login] form is clicked
2025-05-02 02:55:32.013474   Set timeout = 30
2025-05-02 02:55:33.040052   => Page with 'Trading Platform | Capital.com' title opened

2025-05-02 02:55:33.040130   2. Checking that the LOGO is present on the page =>
2025-05-02 02:55:34.528864   => 'capital*com' logo is present on the current page

2025-05-02 02:55:34.980949   => The 'Auth' role is set

2025-05-02 02:55:34.980996   Prev. language: en
2025-05-02 02:55:34.981009   Cur. language - 'en'

2025-05-02 02:55:34.981020   Prev. country: ua
2025-05-02 02:55:34.981031   Cur. country: gb

2025-05-02 02:55:34.981225   Set "en" language and "gb" country =>
2025-05-02 02:55:34.981248   Current page URL = https://capital.com/en-gb
2025-05-02 02:55:35.028026   self.link = https://capital.com/en-gb
2025-05-02 02:55:35.028047   driver.get(https://capital.com/en-gb) =>
2025-05-02 02:55:37.264660   => Loaded page https://capital.com/en-gb

2025-05-02 02:55:37.272386   Step 'Click button [Stay on this site]'
2025-05-02 02:55:37.272400   Is Visible Button [Stay on this site]? =>
2025-05-02 02:55:42.327423   => Button [Stay on this site] is not visible after 5 sec.
2025-05-02 02:55:42.327456   => Cur url = https://capital.com/en-gb
2025-05-02 02:55:42.330059   => Language is set to 'en'
2025-05-02 02:55:42.330072   => Country is set to 'gb'
2025-05-02 02:55:42.330080   => Current URL - https://capital.com/en-gb

2025-05-02 02:55:42.335450   => Current URL - https://capital.com/en-gb

2025-05-02 02:55:42.335470   => END PRECONDITIONS

2025-05-02 02:55:42.335630   1. Start Arrange: open dropdown [Regional settings]
2025-05-02 02:55:42.335655   current_page = https://capital.com/en-gb
2025-05-02 02:55:42.338313   link = https://capital.com/en-gb
2025-05-02 02:55:42.340947   Start to check link country to open dropdown [Regional settings] in DOM on the Main page

2025-05-02 02:55:47.361344   => The main page don't have link country to open dropdown in DOM
