{'width': 1280, 'height': 800}

2024-04-29 17:03:44.624704   worker_id = master

2024-04-29 17:03:44.624717   0. Allure grouping v4

2024-04-29 17:03:44.624896   START PRECONDITIONS =>

2024-04-29 17:03:44.624912   => URL after prev. preconditions - https://capital.com/ro
2024-04-29 17:03:44.624921   => flag_of_bug - False
2024-04-29 17:03:44.624931   => Current URL - https://capital.com/ro/trade-stocks
2024-04-29 17:03:44.630077   Current page URL = https://capital.com/ro/trade-stocks
2024-04-29 17:03:44.632543   self.link = https://capital.com/ro
2024-04-29 17:03:44.632557   driver.get(https://capital.com/ro) =>
2024-04-29 17:03:46.968229   => Loaded page https://capital.com/ro

2024-04-29 17:03:46.973874   => Windows size - {'width': 1280, 'height': 800}
2024-04-29 17:03:46.975264   Set windows position at (0, 0) =>
2024-04-29 17:03:46.976957   Set resolution 1280 * 800 =>
2024-04-29 17:03:46.978638   => Windows size is set to {'width': 1280, 'height': 800}

2024-04-29 17:03:48.004402   Капчи нет. Идем дальше

2024-04-29 17:03:48.004493   Работа с куками =>

2024-04-29 17:03:48.004506   => не требуется

2024-04-29 17:03:48.004516   Prev. country - 'ae'
2024-04-29 17:03:48.004526   Cur. country - 'ae'
2024-04-29 17:03:48.004534   => Country set to 'ae'

2024-04-29 17:03:48.004543   Prev. language - 'ro'
2024-04-29 17:03:48.004552   Cur. language - 'ro'
2024-04-29 17:03:48.004561   => Language is set to 'ro'

2024-04-29 17:03:48.004570   Prev. role - 'NoReg'
2024-04-29 17:03:48.004579   Cur. role - 'NoReg'
2024-04-29 17:03:48.004587   => The 'NoReg' role is set

2024-04-29 17:03:48.007492   => Current URL - https://capital.com/ro

2024-04-29 17:03:48.007514   => THE END PRECONDITIONS

2024-04-29 17:03:48.007694   1. Cur URL = https://capital.com/ro

2024-04-29 17:03:48.010224   2. Link = https://capital.com/ro
2024-04-29 17:03:48.010240   current_page = https://capital.com/ro
2024-04-29 17:03:48.012723   link = https://capital.com/ro
2024-04-29 17:03:48.521219   => Education menu is present in DOM
2024-04-29 17:03:48.526096   => Education menu is visible
2024-04-29 17:03:49.809769   => Focus moved to Education menu


2024-04-29 17:03:51.619067   => Shares trading sub-menu clicked
2024-04-29 17:03:51.919543   => Focus moved to 'capital*com' logo

2024-04-29 17:03:51.919583   3. Cur URL = https://capital.com/ro/trade-stocks

2024-04-29 17:03:51.924961   1. Arrange
2024-04-29 17:03:51.924985   current_page = https://capital.com/ro/trade-stocks
2024-04-29 17:03:51.927465   link = https://capital.com/ro/trade-stocks
2024-04-29 17:03:51.929883   BUTTON_ON_HOR_BANNER is present? =>
2024-04-29 17:03:51.939284   => BUTTON_ON_HOR_BANNER is present on this page
2024-04-29 17:03:51.939307   BUTTON_ON_HOR_BANNER scroll =>
2024-04-29 17:03:51.942617   BUTTON_ON_HOR_BANNER is visible? =>
2024-04-29 17:03:52.046001   => BUTTON_ON_HOR_BANNER is visible on the page!
2024-04-29 17:03:52.046257   Start Checking that form [Sign up] popped up on the page =>
2024-04-29 17:03:53.587740   '[Sign up]' form was not popped up

2024-04-29 17:03:53.587916   2. Act

2024-04-29 17:03:53.602549   => Button on Horizontal banner is clickable

2024-04-29 17:03:53.607212   data_id = 378
2024-04-29 17:03:53.640556   => BUTTON_ON_HOR_BANNER clicked!

2024-04-29 17:03:53.640814   3. Assert_v0
2024-04-29 17:03:53.640906   Start step Check that [Sign up] form is opened
2024-04-29 17:03:53.832724   'Sign up' form opened
2024-04-29 17:03:53.832776   Assert SIGNUP_HEADER =>
2024-04-29 17:03:53.848520   Assert SIGNUP_REF_LOGIN =>
2024-04-29 17:03:53.859776   Assert SIGNUP_PRIVACY_POLICY_ALL_2 =>
2024-04-29 17:03:53.870196   => SIGNUP_PRIVACY_POLICY_ALL
2024-04-29 17:03:53.870229   => 'Signup' form is checked
2024-04-29 17:03:53.870402   Start step Close [Sign up] form =>
2024-04-29 17:03:53.946016   => 'Signup' form closed
2024-04-29 17:03:54.219615   => Focus moved to 'capital*com' logo
