


Current sort - Top fallers
{'width': 1280, 'height': 800}

2024-04-29 16:36:13.678749   worker_id = master

2024-04-29 16:36:13.678763   0. Allure grouping v4

2024-04-29 16:36:13.678940   START PRECONDITIONS =>

2024-04-29 16:36:13.678956   => URL after prev. preconditions - https://capital.com/ro
2024-04-29 16:36:13.678966   => flag_of_bug - True
2024-04-29 16:36:13.678976   => Current URL - https://capital.com/ro/live-marfuri-preturi?t=risers
2024-04-29 16:36:13.684291   Current page URL = https://capital.com/ro/live-marfuri-preturi?t=risers
2024-04-29 16:36:13.686797   self.link = https://capital.com/ro
2024-04-29 16:36:13.686810   driver.get(https://capital.com/ro) =>
2024-04-29 16:36:15.620672   => Loaded page https://capital.com/ro

2024-04-29 16:36:15.624896   => Windows size - {'width': 1280, 'height': 800}
2024-04-29 16:36:15.626319   Set windows position at (0, 0) =>
2024-04-29 16:36:15.627979   Set resolution 1280 * 800 =>
2024-04-29 16:36:15.629611   => Windows size is set to {'width': 1280, 'height': 800}

2024-04-29 16:36:16.656340   Капчи нет. Идем дальше

2024-04-29 16:36:16.656424   Работа с куками =>

2024-04-29 16:36:16.656438   => не требуется

2024-04-29 16:36:16.656447   Prev. country - 'ae'
2024-04-29 16:36:16.656457   Cur. country - 'ae'
2024-04-29 16:36:16.656466   => Country set to 'ae'

2024-04-29 16:36:16.656475   Prev. language - 'ro'
2024-04-29 16:36:16.656483   Cur. language - 'ro'
2024-04-29 16:36:16.656492   => Language is set to 'ro'

2024-04-29 16:36:16.656501   Prev. role - 'NoReg'
2024-04-29 16:36:16.656509   Cur. role - 'NoReg'
2024-04-29 16:36:16.656518   => The 'NoReg' role is set

2024-04-29 16:36:16.659151   => Current URL - https://capital.com/ro

2024-04-29 16:36:16.659173   => THE END PRECONDITIONS

2024-04-29 16:36:16.659344   START Open "Markets" menu, "Commodities" submenu =>

2024-04-29 16:36:16.659360   1. Cur URL = https://capital.com/ro

2024-04-29 16:36:16.661772   2. Link = https://capital.com/ro
2024-04-29 16:36:16.661786   current_page = https://capital.com/ro
2024-04-29 16:36:16.664147   link = https://capital.com/ro
2024-04-29 16:36:17.175293   => 'Markets' menu is present
2024-04-29 16:36:17.188094   => 'Markets' menu is visible
2024-04-29 16:36:18.453042   => Focus moved to 'Markets' menu
2024-04-29 16:36:18.458861   => 'Markets > Commodities' submenu is present
2024-04-29 16:36:20.192948   => Focus moved to 'capital*com' logo

2024-04-29 16:36:20.192992   3. Cur URL = https://capital.com/ro/live-marfuri-preturi

2024-04-29 16:36:20.198208   1. Arrange for Trading instrument table and "Top fallers" cur_sort
2024-04-29 16:36:20.198231   current_page = https://capital.com/ro/live-marfuri-preturi
2024-04-29 16:36:20.200635   link = https://capital.com/ro/live-marfuri-preturi
2024-04-29 16:36:20.203254   IS TABLE_TRADING_INSTRUMENTS  present on the  page? =>
2024-04-29 16:36:20.208378   => TABLE_TRADING_INSTRUMENTS is present on the page!
2024-04-29 16:36:20.208400   IS FIELD_DROPDOWN_SORT present in the table? =>
2024-04-29 16:36:20.212932   =>  FIELD_DROPDOWN_SORT is present in the table!
2024-04-29 16:36:20.212954   Start scroll and click FIELD_DROPDOWN_SORT =>
2024-04-29 16:36:20.304769   Is item_sort_list visible on the FIELD_DROPDOWN_SORT ? =>
2024-04-29 16:36:20.353276   => item_sort_list is visible on the FIELD_DROPDOWN_SORT!
2024-04-29 16:36:20.353317   Is cur_sort "Top fallers" present in item_sort_list? =>
2024-04-29 16:36:20.361435   => cur_sort "Top fallers" is present in item_sort_list!
2024-04-29 16:36:20.361458   Start click cur_sort "Top fallers" =>
2024-04-29 16:36:20.999599   => End Click cur_sort "Top fallers"

2024-04-29 16:36:20.999648   Buttons [Buy] is visible and quantity buttons not zero? =>
2024-04-29 16:36:21.029308   => Buttons [Buy] is visible and quantity buttons not zero!

2024-04-29 16:36:21.029347   Start find two random buttons [Buy] on cur_sort "Top fallers"=>
2024-04-29 16:36:21.035661   => End find 1 random buttons [Buy] on the cur_sort "Top fallers"


2024-04-29 16:36:21.035693   Item_list = [9]
2024-04-29 16:36:21.035852   Start Checking that form [Sign up] popped up on the page =>
2024-04-29 16:36:22.571837   '[Sign up]' form was not popped up
2024-04-29 16:36:22.572038   2. Act for trading instrument and "Top fallers" cur_sort
2024-04-29 16:36:22.590929   Start click button [Buy] =>
2024-04-29 16:36:22.601218   =>   BUTTON_BUY on item with ID = 7090561509053636
2024-04-29 16:36:22.601242   BUTTON_BUY on item with ID = '7090561509053636' scroll into view =>
2024-04-29 16:36:22.604429   => BUTTON_SELL on item with ID = '7090561509053636' scrolled into view
2024-04-29 16:36:22.604450   Check that BUTTON_BUY with item US Cotton clickable =>
2024-04-29 16:36:22.747423   => BUTTON_BUY is clickable
2024-04-29 16:36:23.529001   =>   BUTTON_BUY with item US Cotton clicked

2024-04-29 16:36:23.529224   3. Assert_v0
2024-04-29 16:36:23.529310   Start step Check that [Sign up] form is opened
2024-04-29 16:36:23.703417   'Sign up' form opened
2024-04-29 16:36:23.703462   Assert SIGNUP_HEADER =>
2024-04-29 16:36:23.716193   Assert SIGNUP_REF_LOGIN =>
2024-04-29 16:36:23.731089   Assert SIGNUP_PRIVACY_POLICY_ALL_2 =>
2024-04-29 16:36:23.745298   => SIGNUP_PRIVACY_POLICY_ALL
2024-04-29 16:36:23.745332   => 'Signup' form is checked
2024-04-29 16:36:23.745524   Start step Close [Sign up] form =>
2024-04-29 16:36:23.839741   => 'Signup' form closed
2024-04-29 16:36:24.118678   => Focus moved to 'capital*com' logo
