{'width': 1280, 'height': 800}

2024-04-29 15:42:09.569559   worker_id = master

2024-04-29 15:42:09.569573   0. Allure grouping v4

2024-04-29 15:42:09.569750   START PRECONDITIONS =>

2024-04-29 15:42:09.569765   => URL after prev. preconditions - https://capital.com/ro
2024-04-29 15:42:09.569775   => flag_of_bug - True
2024-04-29 15:42:09.569785   => Current URL - https://capital.com/ro

2024-04-29 15:42:09.575257   => Windows size - {'width': 1280, 'height': 800}
2024-04-29 15:42:09.576514   Set windows position at (0, 0) =>
2024-04-29 15:42:09.578128   Set resolution 1280 * 800 =>
2024-04-29 15:42:09.579680   => Windows size is set to {'width': 1280, 'height': 800}

2024-04-29 15:42:10.607382   Капчи нет. Идем дальше

2024-04-29 15:42:10.607468   Работа с куками =>

2024-04-29 15:42:10.607482   => не требуется

2024-04-29 15:42:10.607491   Prev. country - 'ae'
2024-04-29 15:42:10.607501   Cur. country - 'ae'
2024-04-29 15:42:10.607510   => Country set to 'ae'

2024-04-29 15:42:10.607519   Prev. language - 'ro'
2024-04-29 15:42:10.607527   Cur. language - 'ro'
2024-04-29 15:42:10.607536   => Language is set to 'ro'

2024-04-29 15:42:10.607544   Prev. role - 'NoReg'
2024-04-29 15:42:10.607553   Cur. role - 'NoReg'
2024-04-29 15:42:10.607562   => The 'NoReg' role is set

2024-04-29 15:42:10.610301   => Current URL - https://capital.com/ro

2024-04-29 15:42:10.610322   => THE END PRECONDITIONS

2024-04-29 15:42:10.610498   1. Arrange_v0
2024-04-29 15:42:10.610515   current_page = https://capital.com/ro
2024-04-29 15:42:10.612946   link = https://capital.com/ro/us-wall-street-30-index
2024-04-29 15:42:10.615534   Current page URL = https://capital.com/ro
2024-04-29 15:42:10.618044   self.link = https://capital.com/ro/us-wall-street-30-index
2024-04-29 15:42:10.618058   driver.get(https://capital.com/ro/us-wall-street-30-index) =>
2024-04-29 15:42:12.394548   => Loaded page https://capital.com/ro/us-wall-street-30-index
2024-04-29 15:42:12.401361   BUTTON_CREATE_YOUR_ACCOUNT is located on the page? =>

2024-04-29 15:42:12.409693   2. Act_v0: Define of locator

2024-04-29 15:42:12.409719   2. Act_v0: Go to web element

2024-04-29 15:42:13.469503   2. Act_v0: Click web element
2024-04-29 15:42:13.503392   => BUTTON_CREATE_YOUR_ACCOUNT is clicked

2024-04-29 15:42:13.503609   3. Assert_v0
2024-04-29 15:42:13.503700   Start step Check that [Sign up] form is opened
2024-04-29 15:42:13.910691   'Sign up' form opened
2024-04-29 15:42:13.910726   Assert SIGNUP_HEADER =>
2024-04-29 15:42:13.934440   Assert SIGNUP_REF_LOGIN =>
2024-04-29 15:42:13.985080   Assert SIGNUP_PRIVACY_POLICY_ALL_2 =>
2024-04-29 15:42:14.027288   => SIGNUP_PRIVACY_POLICY_ALL
2024-04-29 15:42:14.027327   => 'Signup' form is checked
2024-04-29 15:42:14.027503   Start step Close [Sign up] form =>
2024-04-29 15:42:14.126873   => 'Signup' form closed
2024-04-29 15:42:14.398738   => Focus moved to 'capital*com' logo

2024-04-29 15:42:14.545862   *** end fixture Browser = teardown ***

