{'width': 1280, 'height': 800}

2024-04-29 17:06:40.815894   worker_id = master

2024-04-29 17:06:40.815908   0. Allure grouping v4

2024-04-29 17:06:40.816089   START PRECONDITIONS =>

2024-04-29 17:06:40.816105   => URL after prev. preconditions - https://capital.com/ro
2024-04-29 17:06:40.816115   => flag_of_bug - True
2024-04-29 17:06:40.816125   => Current URL - https://capital.com/ro/tranzactionati-canopy-growth
2024-04-29 17:06:40.821415   Current page URL = https://capital.com/ro/tranzactionati-canopy-growth
2024-04-29 17:06:40.823924   self.link = https://capital.com/ro
2024-04-29 17:06:40.823938   driver.get(https://capital.com/ro) =>
2024-04-29 17:06:42.620169   => Loaded page https://capital.com/ro

2024-04-29 17:06:42.624575   => Windows size - {'width': 1280, 'height': 800}
2024-04-29 17:06:42.625915   Set windows position at (0, 0) =>
2024-04-29 17:06:42.627575   Set resolution 1280 * 800 =>
2024-04-29 17:06:42.630698   => Windows size is set to {'width': 1280, 'height': 800}

2024-04-29 17:06:43.664870   Капчи нет. Идем дальше

2024-04-29 17:06:43.664960   Работа с куками =>

2024-04-29 17:06:43.664974   => не требуется

2024-04-29 17:06:43.664984   Prev. country - 'ae'
2024-04-29 17:06:43.664993   Cur. country - 'ae'
2024-04-29 17:06:43.665003   => Country set to 'ae'

2024-04-29 17:06:43.665012   Prev. language - 'ro'
2024-04-29 17:06:43.665020   Cur. language - 'ro'
2024-04-29 17:06:43.665029   => Language is set to 'ro'

2024-04-29 17:06:43.665038   Prev. role - 'NoAuth'
2024-04-29 17:06:43.665047   Cur. role - 'NoAuth'
2024-04-29 17:06:43.665056   => The 'NoAuth' role is set

2024-04-29 17:06:43.667832   => Current URL - https://capital.com/ro

2024-04-29 17:06:43.667854   => THE END PRECONDITIONS

2024-04-29 17:06:43.668032   1. Arrange_v0
2024-04-29 17:06:43.668049   current_page = https://capital.com/ro
2024-04-29 17:06:43.670437   link = https://capital.com/ro/tranzactionati-canopy-growth
2024-04-29 17:06:43.672774   Current page URL = https://capital.com/ro
2024-04-29 17:06:43.675119   self.link = https://capital.com/ro/tranzactionati-canopy-growth
2024-04-29 17:06:43.675133   driver.get(https://capital.com/ro/tranzactionati-canopy-growth) =>
2024-04-29 17:06:45.569891   => Loaded page https://capital.com/ro/tranzactionati-canopy-growth
2024-04-29 17:06:45.585945   => BUTTON_TRY_DEMO is present on this page
2024-04-29 17:06:45.585995   BUTTON_TRY_DEMO scroll =>
2024-04-29 17:06:45.589197   BUTTON_TRY_DEMO is visible? =>
2024-04-29 17:06:45.614831   => BUTTON_TRY_DEMO is visible on this page

2024-04-29 17:06:45.615001   2. Act_v0
2024-04-29 17:06:45.620389   BUTTON_TRY_DEMO is clickable? =>
2024-04-29 17:06:45.640275   => BUTTON_TRY_DEMO clicked!

2024-04-29 17:06:45.640455   3. Assert_Login_v0
2024-04-29 17:06:45.640539   Check that 'Login' form is opened
2024-04-29 17:06:51.772216   'Login' form not opened
2024-04-29 17:06:51.772395   Check that new 'Login' form is opened
2024-04-29 17:06:54.850681   => New 'Login' form not opened
2024-04-29 17:06:54.853498   'Login' page not opened
2024-04-29 17:06:57.939665   'Login' form on trading platform not opened
2024-04-29 17:06:57.939855   Start step Check that [Sign up] form is opened
2024-04-29 17:06:57.950321   'Sign up' form opened
2024-04-29 17:06:57.950345   Assert SIGNUP_HEADER =>
2024-04-29 17:06:57.959536   Assert SIGNUP_REF_LOGIN =>
2024-04-29 17:06:57.968833   Assert SIGNUP_PRIVACY_POLICY_ALL_2 =>
2024-04-29 17:06:57.978315   => SIGNUP_PRIVACY_POLICY_ALL
2024-04-29 17:06:57.978338   => 'Signup' form is checked

Bug: Bid:11.02.02.01_02-ro.ae.NoAuth

2024-04-29 17:06:57.978390   Проверка бага в таблице ретеста  =>

2024-04-29 17:06:58.341994   4. Fixing one row check results into Google Sheet Bugs Report =>
1 cells updated.
2024-04-29 17:06:59.483170   => 4. One row check results into Google Sheet Bugs Report fixed

2024-04-29 17:07:00.665350   4. Fixing one row check results into Google Sheet Bugs Report =>
1 cells updated.
2024-04-29 17:07:00.942303   => 4. One row check results into Google Sheet Bugs Report fixed

2024-04-29 17:07:00.944244   Баг Bid:11.02.02.01_02-ro.ae.NoAuth-05 обнаружен ранее и уже находится в 'Bugs Report Auto detect'
