


Current sort - Most volatile
{'width': 1280, 'height': 800}

2024-04-29 16:32:08.247223   worker_id = master

2024-04-29 16:32:08.247241   0. Allure grouping v4

2024-04-29 16:32:08.247487   START PRECONDITIONS =>

2024-04-29 16:32:08.247504   => URL after prev. preconditions - https://capital.com/ro
2024-04-29 16:32:08.247514   => flag_of_bug - False
2024-04-29 16:32:08.247525   => Current URL - https://capital.com/ro/live-marfuri-preturi
2024-04-29 16:32:08.253093   Current page URL = https://capital.com/ro/live-marfuri-preturi
2024-04-29 16:32:08.257009   self.link = https://capital.com/ro
2024-04-29 16:32:08.257022   driver.get(https://capital.com/ro) =>
2024-04-29 16:32:18.384935   => Loaded page https://capital.com/ro

2024-04-29 16:32:18.389514   => Windows size - {'width': 1280, 'height': 800}
2024-04-29 16:32:18.391054   Set windows position at (0, 0) =>
2024-04-29 16:32:18.392802   Set resolution 1280 * 800 =>
2024-04-29 16:32:18.396420   => Windows size is set to {'width': 1280, 'height': 800}

2024-04-29 16:32:19.432565   Капчи нет. Идем дальше

2024-04-29 16:32:19.432652   Работа с куками =>

2024-04-29 16:32:19.432666   => не требуется

2024-04-29 16:32:19.432676   Prev. country - 'ae'
2024-04-29 16:32:19.432685   Cur. country - 'ae'
2024-04-29 16:32:19.432694   => Country set to 'ae'

2024-04-29 16:32:19.432703   Prev. language - 'ro'
2024-04-29 16:32:19.432712   Cur. language - 'ro'
2024-04-29 16:32:19.432720   => Language is set to 'ro'

2024-04-29 16:32:19.432729   Prev. role - 'NoAuth'
2024-04-29 16:32:19.432738   Cur. role - 'NoAuth'
2024-04-29 16:32:19.432746   => The 'NoAuth' role is set

2024-04-29 16:32:19.435384   => Current URL - https://capital.com/ro

2024-04-29 16:32:19.435407   => THE END PRECONDITIONS

2024-04-29 16:32:19.435583   START Open "Markets" menu, "Commodities" submenu =>

2024-04-29 16:32:19.435598   1. Cur URL = https://capital.com/ro

2024-04-29 16:32:19.438040   2. Link = https://capital.com/ro
2024-04-29 16:32:19.438055   current_page = https://capital.com/ro
2024-04-29 16:32:19.440458   link = https://capital.com/ro
2024-04-29 16:32:19.948763   => 'Markets' menu is present
2024-04-29 16:32:19.961397   => 'Markets' menu is visible
2024-04-29 16:32:21.241680   => Focus moved to 'Markets' menu
2024-04-29 16:32:21.248076   => 'Markets > Commodities' submenu is present
2024-04-29 16:32:22.961634   => Focus moved to 'capital*com' logo

2024-04-29 16:32:22.961687   3. Cur URL = https://capital.com/ro/live-marfuri-preturi

2024-04-29 16:32:22.969425   1. Arrange for TABLE_TRADING_INSTRUMENTS and 'Most volatile' cur_sort
2024-04-29 16:32:22.969447   current_page = https://capital.com/ro/live-marfuri-preturi
2024-04-29 16:32:22.971875   link = https://capital.com/ro/live-marfuri-preturi
2024-04-29 16:32:22.974340   TABLE_TRADING_INSTRUMENTS present on this page? =>
2024-04-29 16:32:22.979631   => Trading Instrument table is present on the page!
2024-04-29 16:32:22.979653   IS FIELD_DROPDOWN_SORT present in the Live TI prices table? =>
2024-04-29 16:32:22.984162   =>  FIELD_DROPDOWN_SORT is present in the Live TI price table!
2024-04-29 16:32:22.984184   Start scroll and click FIELD_DROPDOWN_SORT =>
2024-04-29 16:32:23.081632   Is item_sort_list visible on the FIELD_DROPDOWN_SORT ? =>
2024-04-29 16:32:23.133452   => items_sort_list is visible on the FIELD_DROPDOWN_SORT!
2024-04-29 16:32:23.133521   Is cur_sort "Most volatile" present in items_sort_list? =>
2024-04-29 16:32:23.141607   => cur_sort "Most volatile" is present in item_sort_list!
2024-04-29 16:32:23.141632   Start click cur_sort item - "Most volatile"=>
2024-04-29 16:32:23.755584   => End Click cur_sort "Most volatile"

2024-04-29 16:32:23.755632   Buttons [Sell] is visible and sum buttons no zero? =>
2024-04-29 16:32:23.781010   => Buttons [Sell] is visible and sum buttons no zero!

2024-04-29 16:32:23.781048   Start find 1 random buttons [Sell] on cur_sort "Most volatile"=>
2024-04-29 16:32:23.786896   => End find 1 random buttons [Sell] on the cur_sort "Most volatile"

2024-04-29 16:32:23.786925   List of random items = [7]
2024-04-29 16:32:23.787102   2. Act for trading instrument and "Most volatile" cur_sort
2024-04-29 16:32:23.801464   Start click button [Sell] =>
2024-04-29 16:32:23.810858   =>   BUTTON_SELL on item with ID = '7096896585815236' is present
2024-04-29 16:32:23.810882   BUTTON_SELL on item with ID = '7096896585815236' scroll into view =>
2024-04-29 16:32:23.814078   => BUTTON_SELL on item with ID = '7096896585815236' scrolled into view
2024-04-29 16:32:23.814100   Check that BUTTON_SELL with item 'Wheat' clickable =>
2024-04-29 16:32:23.938147   => BUTTON_SELL is clickable
2024-04-29 16:32:24.229930   =>   BUTTON_SELL on item 'Wheat' clicked

2024-04-29 16:32:24.230249   3. Assert_Login_v0
2024-04-29 16:32:24.230387   Check that 'Login' form is opened
2024-04-29 16:32:24.386326   'Login' form opened
2024-04-29 16:32:24.386375   Assert LOGIN_REF_SIGNUP =>
2024-04-29 16:32:24.400367   Assert LOGIN_CHECKBOX =>
2024-04-29 16:32:24.409882   Assert LOGIN_PASS_FORGOT =>
2024-04-29 16:32:24.420646   => 'Login' form is checked
2024-04-29 16:32:24.436677   Click 'Close' button on 'Login' form =>
2024-04-29 16:32:24.762141   => Focus moved to 'capital*com' logo
2024-04-29 16:32:24.762184   => 'Login' form closed
