{'width': 1280, 'height': 800}

2024-04-29 17:21:25.232411   worker_id = master

2024-04-29 17:21:25.232425   0. Allure grouping v4

2024-04-29 17:21:25.232612   START PRECONDITIONS =>

2024-04-29 17:21:25.232628   => URL after prev. preconditions - https://capital.com/ro
2024-04-29 17:21:25.232637   => flag_of_bug - False
2024-04-29 17:21:25.232647   => Current URL - https://capital.com/ro/tranzactionati-gold
2024-04-29 17:21:25.237733   Current page URL = https://capital.com/ro/tranzactionati-gold
2024-04-29 17:21:25.240136   self.link = https://capital.com/ro
2024-04-29 17:21:25.240149   driver.get(https://capital.com/ro) =>
2024-04-29 17:21:27.017623   => Loaded page https://capital.com/ro

2024-04-29 17:21:27.022018   => Windows size - {'width': 1280, 'height': 800}
2024-04-29 17:21:27.023372   Set windows position at (0, 0) =>
2024-04-29 17:21:27.024967   Set resolution 1280 * 800 =>
2024-04-29 17:21:27.028770   => Windows size is set to {'width': 1280, 'height': 800}

2024-04-29 17:21:28.081428   Капчи нет. Идем дальше

2024-04-29 17:21:28.081543   Работа с куками =>

2024-04-29 17:21:28.081561   => не требуется

2024-04-29 17:21:28.081571   Prev. country - 'ae'
2024-04-29 17:21:28.081581   Cur. country - 'ae'
2024-04-29 17:21:28.081590   => Country set to 'ae'

2024-04-29 17:21:28.081599   Prev. language - 'ro'
2024-04-29 17:21:28.081607   Cur. language - 'ro'
2024-04-29 17:21:28.081616   => Language is set to 'ro'

2024-04-29 17:21:28.081624   Prev. role - 'NoReg'
2024-04-29 17:21:28.081633   Cur. role - 'NoReg'
2024-04-29 17:21:28.081642   => The 'NoReg' role is set

2024-04-29 17:21:28.084354   => Current URL - https://capital.com/ro

2024-04-29 17:21:28.084375   => THE END PRECONDITIONS

2024-04-29 17:21:28.084424   1. Arrange
2024-04-29 17:21:28.084438   current_page = https://capital.com/ro
2024-04-29 17:21:28.086895   link = https://capital.com/ro/tranzactionati-gold

2024-04-29 17:21:28.089312   Open page: https://capital.com/ro/tranzactionati-gold
2024-04-29 17:21:28.089333   Current page URL = https://capital.com/ro
2024-04-29 17:21:28.091806   self.link = https://capital.com/ro/tranzactionati-gold
2024-04-29 17:21:28.091820   driver.get(https://capital.com/ro/tranzactionati-gold) =>
2024-04-29 17:21:30.039317   => Loaded page https://capital.com/ro/tranzactionati-gold
2024-04-29 17:21:30.043665   BUTTON_ON_HOR_BANNER is present? =>
2024-04-29 17:21:30.052008   => BUTTON_ON_HOR_BANNER is present on this page
2024-04-29 17:21:30.052034   BUTTON_ON_HOR_BANNER scroll =>
2024-04-29 17:21:30.064422   BUTTON_ON_HOR_BANNER is visible? =>
2024-04-29 17:21:30.100751   => BUTTON_ON_HOR_BANNER is visible on the page!
2024-04-29 17:21:30.100925   Start Checking that form [Sign up] popped up on the page =>
2024-04-29 17:21:31.649994   '[Sign up]' form was not popped up

2024-04-29 17:21:31.650175   2. Act

2024-04-29 17:21:31.668195   => Button on Horizontal banner is clickable

2024-04-29 17:21:31.672839   data_id = 379
2024-04-29 17:21:31.714384   => BUTTON_ON_HOR_BANNER clicked!

2024-04-29 17:21:31.714662   3. Assert_v0
2024-04-29 17:21:31.714764   Start step Check that [Sign up] form is opened
2024-04-29 17:21:31.917020   'Sign up' form opened
2024-04-29 17:21:31.917059   Assert SIGNUP_HEADER =>
2024-04-29 17:21:31.931799   Assert SIGNUP_REF_LOGIN =>
2024-04-29 17:21:31.941698   Assert SIGNUP_PRIVACY_POLICY_ALL_2 =>
2024-04-29 17:21:31.958284   => SIGNUP_PRIVACY_POLICY_ALL
2024-04-29 17:21:31.958319   => 'Signup' form is checked
2024-04-29 17:21:31.958483   Start step Close [Sign up] form =>
2024-04-29 17:21:32.054185   => 'Signup' form closed
2024-04-29 17:21:32.329422   => Focus moved to 'capital*com' logo
