{'width': 1280, 'height': 800}

2024-04-29 16:52:01.254205   worker_id = master

2024-04-29 16:52:01.254220   0. Allure grouping v4

2024-04-29 16:52:01.254409   START PRECONDITIONS =>

2024-04-29 16:52:01.254424   => URL after prev. preconditions - https://capital.com/ro
2024-04-29 16:52:01.254434   => flag_of_bug - False
2024-04-29 16:52:01.254444   => Current URL - https://capital.com/ro/piata-CFD
2024-04-29 16:52:01.259451   Current page URL = https://capital.com/ro/piata-CFD
2024-04-29 16:52:01.261961   self.link = https://capital.com/ro
2024-04-29 16:52:01.261975   driver.get(https://capital.com/ro) =>
2024-04-29 16:52:03.028285   => Loaded page https://capital.com/ro

2024-04-29 16:52:03.034702   => Windows size - {'width': 1280, 'height': 800}
2024-04-29 16:52:03.036213   Set windows position at (0, 0) =>
2024-04-29 16:52:03.037935   Set resolution 1280 * 800 =>
2024-04-29 16:52:03.039567   => Windows size is set to {'width': 1280, 'height': 800}

2024-04-29 16:52:04.068332   Капчи нет. Идем дальше

2024-04-29 16:52:04.068424   Работа с куками =>

2024-04-29 16:52:04.068438   => не требуется

2024-04-29 16:52:04.068448   Prev. country - 'ae'
2024-04-29 16:52:04.068457   Cur. country - 'ae'
2024-04-29 16:52:04.068466   => Country set to 'ae'

2024-04-29 16:52:04.068475   Prev. language - 'ro'
2024-04-29 16:52:04.068484   Cur. language - 'ro'
2024-04-29 16:52:04.068493   => Language is set to 'ro'

2024-04-29 16:52:04.068502   Prev. role - 'NoReg'
2024-04-29 16:52:04.068510   Cur. role - 'NoReg'
2024-04-29 16:52:04.068519   => The 'NoReg' role is set

2024-04-29 16:52:04.071315   => Current URL - https://capital.com/ro

2024-04-29 16:52:04.071338   => THE END PRECONDITIONS

2024-04-29 16:52:04.071530   1. Arrange_v0
2024-04-29 16:52:04.071548   current_page = https://capital.com/ro
2024-04-29 16:52:04.074018   link = https://capital.com/ro/piata-CFD
2024-04-29 16:52:04.076378   Current page URL = https://capital.com/ro
2024-04-29 16:52:04.078752   self.link = https://capital.com/ro/piata-CFD
2024-04-29 16:52:04.078765   driver.get(https://capital.com/ro/piata-CFD) =>
2024-04-29 16:52:05.739262   => Loaded page https://capital.com/ro/piata-CFD
2024-04-29 16:52:05.751841   => BUTTON_TRY_DEMO is present on this page
2024-04-29 16:52:05.751870   BUTTON_TRY_DEMO scroll =>
2024-04-29 16:52:05.755065   BUTTON_TRY_DEMO is visible? =>
2024-04-29 16:52:05.769152   => BUTTON_TRY_DEMO is visible on this page

2024-04-29 16:52:05.769314   2. Act_v0
2024-04-29 16:52:05.774478   BUTTON_TRY_DEMO is clickable? =>
2024-04-29 16:52:05.797738   => BUTTON_TRY_DEMO clicked!

2024-04-29 16:52:05.798039   3. Assert_v0
2024-04-29 16:52:05.798187   Start step Check that [Sign up] form is opened
2024-04-29 16:52:05.961595   'Sign up' form opened
2024-04-29 16:52:05.961641   Assert SIGNUP_HEADER =>
2024-04-29 16:52:05.973974   Assert SIGNUP_REF_LOGIN =>
2024-04-29 16:52:05.985108   Assert SIGNUP_PRIVACY_POLICY_ALL_2 =>
2024-04-29 16:52:05.995574   => SIGNUP_PRIVACY_POLICY_ALL
2024-04-29 16:52:05.995601   => 'Signup' form is checked
2024-04-29 16:52:05.995768   Start step Close [Sign up] form =>
2024-04-29 16:52:06.076764   => 'Signup' form closed
2024-04-29 16:52:06.348748   => Focus moved to 'capital*com' logo
