


Current sort - Most volatile
{'width': 1280, 'height': 800}

2024-04-29 15:47:55.579437   worker_id = master

2024-04-29 15:47:55.579455   0. Allure grouping v4

2024-04-29 15:47:55.579703   START PRECONDITIONS =>

2024-04-29 15:47:55.579720   => URL after prev. preconditions - https://capital.com/ro
2024-04-29 15:47:55.579729   => flag_of_bug - False
2024-04-29 15:47:55.579741   => Current URL - https://capital.com/ro/live-actiuni-preturi
2024-04-29 15:47:55.585612   Current page URL = https://capital.com/ro/live-actiuni-preturi
2024-04-29 15:47:55.588139   self.link = https://capital.com/ro
2024-04-29 15:47:55.588152   driver.get(https://capital.com/ro) =>
2024-04-29 15:47:57.387912   => Loaded page https://capital.com/ro

2024-04-29 15:47:57.391284   => Windows size - {'width': 1280, 'height': 800}
2024-04-29 15:47:57.392700   Set windows position at (0, 0) =>
2024-04-29 15:47:57.394373   Set resolution 1280 * 800 =>
2024-04-29 15:47:57.395952   => Windows size is set to {'width': 1280, 'height': 800}

2024-04-29 15:47:58.424628   Капчи нет. Идем дальше

2024-04-29 15:47:58.424713   Работа с куками =>

2024-04-29 15:47:58.424727   => не требуется

2024-04-29 15:47:58.424736   Prev. country - 'ae'
2024-04-29 15:47:58.424745   Cur. country - 'ae'
2024-04-29 15:47:58.424754   => Country set to 'ae'

2024-04-29 15:47:58.424763   Prev. language - 'ro'
2024-04-29 15:47:58.424772   Cur. language - 'ro'
2024-04-29 15:47:58.424781   => Language is set to 'ro'

2024-04-29 15:47:58.424789   Prev. role - 'NoAuth'
2024-04-29 15:47:58.424798   Cur. role - 'NoAuth'
2024-04-29 15:47:58.424806   => The 'NoAuth' role is set

2024-04-29 15:47:58.427535   => Current URL - https://capital.com/ro

2024-04-29 15:47:58.427557   => THE END PRECONDITIONS

2024-04-29 15:47:58.427727   START Open "Markets" menu, "Shares" submenu =>
2024-04-29 15:47:58.427742   1. Cur URL = https://capital.com/ro
2024-04-29 15:47:58.430217   2. Link = https://capital.com/ro
2024-04-29 15:47:58.430232   current_page = https://capital.com/ro
2024-04-29 15:47:58.432626   link = https://capital.com/ro
2024-04-29 15:47:58.941142   => 'Markets' menu is present
2024-04-29 15:47:58.953801   => 'Markets' menu is visible
2024-04-29 15:48:00.220102   => Focus moved to 'Markets' menu
2024-04-29 15:48:01.718605   => Focus moved to 'Shares' submenu and clicked
2024-04-29 15:48:02.018952   => Focus moved to 'capital*com' logo
2024-04-29 15:48:02.018996   3. Cur URL = https://capital.com/ro/live-actiuni-preturi

2024-04-29 15:48:02.024173   1. Arrange for Trading instrument table and "Most volatile" cur_sort
2024-04-29 15:48:02.024194   current_page = https://capital.com/ro/live-actiuni-preturi
2024-04-29 15:48:02.026560   link = https://capital.com/ro/live-actiuni-preturi
2024-04-29 15:48:02.028905   IS TABLE_TRADING_INSTRUMENTS  present on the  page? =>
2024-04-29 15:48:02.034634   => TABLE_TRADING_INSTRUMENTS is present on the page!
2024-04-29 15:48:02.034656   IS FIELD_DROPDOWN_SORT present in the table? =>
2024-04-29 15:48:02.039355   =>  FIELD_DROPDOWN_SORT is present in the table!
2024-04-29 15:48:02.039378   Start scroll and click FIELD_DROPDOWN_SORT =>
2024-04-29 15:48:02.146715   Is item_sort_list visible on the FIELD_DROPDOWN_SORT ? =>
2024-04-29 15:48:02.195125   => item_sort_list is visible on the FIELD_DROPDOWN_SORT!
2024-04-29 15:48:02.195175   Is cur_sort "Most volatile" present in item_sort_list? =>
2024-04-29 15:48:02.221106   => cur_sort "Most volatile" is present in item_sort_list!
2024-04-29 15:48:02.221148   Start click cur_sort "Most volatile" =>
2024-04-29 15:48:02.992954   => End Click cur_sort "Most volatile"

2024-04-29 15:48:02.993000   Buttons [Buy] is visible and quantity buttons not zero? =>
2024-04-29 15:48:03.002609   => Buttons [Buy] is visible and quantity buttons not zero!

2024-04-29 15:48:03.002648   Start find two random buttons [Buy] on cur_sort "Most volatile"=>
2024-04-29 15:48:03.027223   => End find 1 random buttons [Buy] on the cur_sort "Most volatile"


2024-04-29 15:48:03.027264   Item_list = [0]
2024-04-29 15:48:03.027425   Start Checking that form [Sign up] popped up on the page =>
2024-04-29 15:48:04.577109   '[Sign up]' form was not popped up
2024-04-29 15:48:04.577309   2. Act for trading instrument and "Most volatile" cur_sort
2024-04-29 15:48:04.588365   Start click button [Buy] =>
2024-04-29 15:48:04.597548   =>   BUTTON_BUY on item with ID = 6778523545064644
2024-04-29 15:48:04.597570   BUTTON_BUY on item with ID = '6778523545064644' scroll into view =>
2024-04-29 15:48:04.605236   => BUTTON_SELL on item with ID = '6778523545064644' scrolled into view
2024-04-29 15:48:04.605269   Check that BUTTON_BUY with item FATH clickable =>
2024-04-29 15:48:04.721142   => BUTTON_BUY is clickable
2024-04-29 15:48:05.488765   =>   BUTTON_BUY with item FATH clicked

2024-04-29 15:48:05.488991   3. Assert_Login_v0
2024-04-29 15:48:05.489072   Check that 'Login' form is opened
2024-04-29 15:48:05.666822   'Login' form opened
2024-04-29 15:48:05.666865   Assert LOGIN_REF_SIGNUP =>
2024-04-29 15:48:05.677398   Assert LOGIN_CHECKBOX =>
2024-04-29 15:48:05.688599   Assert LOGIN_PASS_FORGOT =>
2024-04-29 15:48:05.697709   => 'Login' form is checked
2024-04-29 15:48:05.738276   Click 'Close' button on 'Login' form =>
2024-04-29 15:48:06.051780   => Focus moved to 'capital*com' logo
2024-04-29 15:48:06.051820   => 'Login' form closed
