


Current sort - Top risers
{'width': 1280, 'height': 800}

2024-05-16 03:43:29.294379   worker_id = master

2024-05-16 03:43:29.294393   0. Allure grouping v4

2024-05-16 03:43:29.294574   START PRECONDITIONS =>

2024-05-16 03:43:29.294590   => URL after prev. preconditions - https://capital.com/hu
2024-05-16 03:43:29.294600   => flag_of_bug - True
2024-05-16 03:43:29.294610   => Current URL - https://capital.com/hu/elo-valutaarfolyamok?t=most
2024-05-16 03:43:29.300124   Current page URL = https://capital.com/hu/elo-valutaarfolyamok?t=most
2024-05-16 03:43:29.302706   self.link = https://capital.com/hu
2024-05-16 03:43:29.302720   driver.get(https://capital.com/hu) =>
2024-05-16 03:43:31.197294   => Loaded page https://capital.com/hu

2024-05-16 03:43:31.202729   => Windows size - {'width': 1280, 'height': 800}
2024-05-16 03:43:31.204109   Set windows position at (0, 0) =>
2024-05-16 03:43:31.205663   Set resolution 1280 * 800 =>
2024-05-16 03:43:31.207412   => Windows size is set to {'width': 1280, 'height': 800}

2024-05-16 03:43:32.257525   Капчи нет. Идем дальше

2024-05-16 03:43:32.257619   Работа с куками =>

2024-05-16 03:43:32.257633   => не требуется

2024-05-16 03:43:32.257642   Prev. country - 'de'
2024-05-16 03:43:32.257651   Cur. country - 'de'
2024-05-16 03:43:32.257660   => Country set to 'de'

2024-05-16 03:43:32.257669   Prev. language - 'hu'
2024-05-16 03:43:32.257678   Cur. language - 'hu'
2024-05-16 03:43:32.257686   => Language is set to 'hu'

2024-05-16 03:43:32.257695   Prev. role - 'NoAuth'
2024-05-16 03:43:32.257703   Cur. role - 'NoAuth'
2024-05-16 03:43:32.257712   => The 'NoAuth' role is set

2024-05-16 03:43:32.262984   => Current URL - https://capital.com/hu

2024-05-16 03:43:32.263019   => THE END PRECONDITIONS

2024-05-16 03:43:32.263287   START Open "Markets" menu, "Forex" submenu =>

2024-05-16 03:43:32.263307   1. Cur URL = https://capital.com/hu

2024-05-16 03:43:32.270089   2. Link = https://capital.com/hu
2024-05-16 03:43:32.270111   current_page = https://capital.com/hu
2024-05-16 03:43:32.275332   link = https://capital.com/hu
2024-05-16 03:43:32.790617   => 'Markets' menu is present
2024-05-16 03:43:32.809292   => 'Markets' menu is visible
2024-05-16 03:43:34.090616   => Focus moved to 'Markets' menu


2024-05-16 03:43:35.621264   => 'Forex' sub-menu clicked
2024-05-16 03:43:35.937363   => Focus moved to 'capital*com' logo

2024-05-16 03:43:35.937407   3. Cur URL = https://capital.com/hu/elo-valutaarfolyamok

2024-05-16 03:43:35.943091   1. Arrange for Trading instrument table and "Top risers" cur_sort
2024-05-16 03:43:35.943112   current_page = https://capital.com/hu/elo-valutaarfolyamok
2024-05-16 03:43:35.945602   link = https://capital.com/hu/elo-valutaarfolyamok
2024-05-16 03:43:35.948480   IS TABLE_TRADING_INSTRUMENTS  present on the  page? =>
2024-05-16 03:43:35.956596   => TABLE_TRADING_INSTRUMENTS is present on the page!
2024-05-16 03:43:35.956619   IS FIELD_DROPDOWN_SORT present in the table? =>
2024-05-16 03:43:35.964077   =>  FIELD_DROPDOWN_SORT is present in the table!
2024-05-16 03:43:35.964099   Start scroll and click FIELD_DROPDOWN_SORT =>
2024-05-16 03:43:36.095843   Is item_sort_list visible on the FIELD_DROPDOWN_SORT ? =>
2024-05-16 03:43:36.143816   => item_sort_list is visible on the FIELD_DROPDOWN_SORT!
2024-05-16 03:43:36.143855   Is cur_sort "Top risers" present in item_sort_list? =>
2024-05-16 03:43:36.176125   => cur_sort "Top risers" is present in item_sort_list!
2024-05-16 03:43:36.176182   Start click cur_sort "Top risers" =>
2024-05-16 03:43:36.937437   => End Click cur_sort "Top risers"

2024-05-16 03:43:36.937488   Buttons [Buy] is visible and quantity buttons not zero? =>
2024-05-16 03:43:36.988451   => Buttons [Buy] is visible and quantity buttons not zero!

2024-05-16 03:43:36.988492   Start find two random buttons [Buy] on cur_sort "Top risers"=>
2024-05-16 03:43:36.994305   => End find 1 random buttons [Buy] on the cur_sort "Top risers"


2024-05-16 03:43:36.994332   Item_list = [0]
2024-05-16 03:43:36.994496   Start Checking that form [Sign up] popped up on the page =>
2024-05-16 03:43:38.564340   '[Sign up]' form was not popped up
2024-05-16 03:43:38.564549   2. Act for trading instrument and "Top risers" cur_sort
2024-05-16 03:43:38.588145   Start click button [Buy] =>
2024-05-16 03:43:38.599497   =>   BUTTON_BUY on item with ID = 55001351226694
2024-05-16 03:43:38.599524   BUTTON_BUY on item with ID = '55001351226694' scroll into view =>
2024-05-16 03:43:38.602734   => BUTTON_SELL on item with ID = '55001351226694' scrolled into view
2024-05-16 03:43:38.602755   Check that BUTTON_BUY with item CHF/HUF clickable =>
2024-05-16 03:43:38.732551   => BUTTON_BUY is clickable
2024-05-16 03:43:39.504276   =>   BUTTON_BUY with item CHF/HUF clicked

2024-05-16 03:43:39.504511   3. Assert_Login_v0
2024-05-16 03:43:39.504595   Check that 'Login' form is opened
2024-05-16 03:43:39.755285   'Login' form opened
2024-05-16 03:43:39.755330   Assert LOGIN_REF_SIGNUP =>
2024-05-16 03:43:39.772209   Assert LOGIN_CHECKBOX =>
2024-05-16 03:43:39.787607   Assert LOGIN_PASS_FORGOT =>
2024-05-16 03:43:39.802224   => 'Login' form is checked
2024-05-16 03:43:39.826282   Click 'Close' button on 'Login' form =>
2024-05-16 03:43:40.153965   => Focus moved to 'capital*com' logo
2024-05-16 03:43:40.154030   => 'Login' form closed
