Current test role - NoReg

{'width': 1280, 'height': 800}

2024-05-16 04:33:23.934258   worker_id = master

2024-05-16 04:33:23.934272   0. Allure grouping v4

2024-05-16 04:33:23.934449   START PRECONDITIONS =>

2024-05-16 04:33:23.934464   => URL after prev. preconditions - https://capital.com/hu
2024-05-16 04:33:23.934474   => flag_of_bug - False
2024-05-16 04:33:23.934485   => Current URL - https://capital.com/hu/trading-guides
2024-05-16 04:33:23.939843   Current page URL = https://capital.com/hu/trading-guides
2024-05-16 04:33:23.942446   self.link = https://capital.com/hu
2024-05-16 04:33:23.942459   driver.get(https://capital.com/hu) =>
2024-05-16 04:33:25.800346   => Loaded page https://capital.com/hu

2024-05-16 04:33:25.806159   => Windows size - {'width': 1280, 'height': 800}
2024-05-16 04:33:25.808600   Set windows position at (0, 0) =>
2024-05-16 04:33:25.816304   Set resolution 1280 * 800 =>
2024-05-16 04:33:25.819739   => Windows size is set to {'width': 1280, 'height': 800}

2024-05-16 04:33:26.841633   Капчи нет. Идем дальше

2024-05-16 04:33:26.841721   Работа с куками =>
2024-05-16 04:33:26.841735   Prev. role - 'NoAuth'
2024-05-16 04:33:26.841744   Current testing role - 'NoReg'

2024-05-16 04:33:26.841753   All cookies must be delete =>
2024-05-16 04:33:26.933575   => All cookies are deleted
2024-05-16 04:33:26.933612   Current page URL = https://capital.com/hu
2024-05-16 04:33:26.936655   self.link = https://capital.com/
2024-05-16 04:33:26.936668   driver.get(https://capital.com/) =>
2024-05-16 04:33:28.490514   => Loaded page https://capital.com/

2024-05-16 04:33:28.505145   Step 'Click button [Accept all cookies]'
2024-05-16 04:33:28.505157   Is Visible Button [Accept all cookies]? =>
2024-05-16 04:33:28.521904   => Button [Accept all cookies] is visible
2024-05-16 04:33:29.022018   Is clickable Button [Accept all cookies] =>
2024-05-16 04:33:29.039163   => Button [Accept all cookies] is clickable
2024-05-16 04:33:29.039191   Click Button [Accept all cookies] =>
2024-05-16 04:33:29.272986   => Button [Accept all cookies] is clicked
2024-05-16 04:33:29.273022   => Accepted All Cookies

2024-05-16 04:33:29.773148   Prev. country - '?'
2024-05-16 04:33:29.773219   Cur. country - 'de'
2024-05-16 04:33:29.773233   Set 'de' country =>
2024-05-16 04:33:29.789057   => Language and Country menu is present
2024-05-16 04:33:29.802926   => Language and Country menu is visible
2024-05-16 04:33:31.082605   => Focus is moved on Language and Country menu 
2024-05-16 04:33:33.842090   => Cur url = https://capital.com/?country=de
2024-05-16 04:33:33.896386   => Country set to 'de'

2024-05-16 04:33:33.896418   Prev. language - '?'
2024-05-16 04:33:33.896429   Cur. language - 'hu'
2024-05-16 04:33:33.896438   Set 'hu' language =>
2024-05-16 04:33:33.908430   => Language and Country menu is present
2024-05-16 04:33:33.923565   => Language and Country menu is visible
2024-05-16 04:33:35.201015   => Focus is moved on Language and Country menu 
2024-05-16 04:33:35.210481   Move focus on hu item and click =>
2024-05-16 04:33:36.878973   => Focus moved on hu item and clicked
2024-05-16 04:33:36.879023   => Cur url = https://capital.com/hu
2024-05-16 04:33:36.935051   => Language is set to 'hu'

2024-05-16 04:33:36.935086   Prev. role - 'NoAuth'
2024-05-16 04:33:36.935096   Cur. role - 'NoReg'
2024-05-16 04:33:36.935105   => The 'NoReg' role is set

2024-05-16 04:33:36.937591   => Current URL - https://capital.com/hu

2024-05-16 04:33:36.937614   => THE END PRECONDITIONS
2024-05-16 04:33:37.450778   => Education menu is present in DOM
2024-05-16 04:33:37.456471   => Education menu is visible
2024-05-16 04:33:38.729300   => Focus moved to Education menu

2024-05-16 04:33:40.199036   1. Arrange_v0
2024-05-16 04:33:40.199077   current_page = https://capital.com/hu/trading-guides
2024-05-16 04:33:40.201588   link = https://capital.com/hu/trading-guides
2024-05-16 04:33:40.203882   BUTTON_CREATE_YOUR_ACCOUNT is located on the page? =>

2024-05-16 04:33:40.215532   2. Act_v0: Define of locator

2024-05-16 04:33:40.215571   2. Act_v0: Go to web element

2024-05-16 04:33:41.257196   2. Act_v0: Click web element
2024-05-16 04:33:41.287668   => BUTTON_CREATE_YOUR_ACCOUNT is clicked

2024-05-16 04:33:41.287929   3. Assert_v0
2024-05-16 04:33:41.288025   Start step Check that [Sign up] form is opened
2024-05-16 04:33:41.541797   'Sign up' form opened
2024-05-16 04:33:41.542064   Assert SIGNUP_HEADER =>
2024-05-16 04:33:41.562504   Assert SIGNUP_REF_LOGIN =>
2024-05-16 04:33:41.575336   Assert SIGNUP_PRIVACY_POLICY_ALL_2 =>
2024-05-16 04:33:41.593212   => SIGNUP_PRIVACY_POLICY_ALL
2024-05-16 04:33:41.593257   => 'Signup' form is checked
2024-05-16 04:33:41.593478   Start step Close [Sign up] form =>
2024-05-16 04:33:41.685543   => 'Signup' form closed
2024-05-16 04:33:41.961385   => Focus moved to 'capital*com' logo

2024-05-16 04:33:42.070146   *** end fixture Browser = teardown ***

