{'width': 1280, 'height': 800}

2024-03-21 15:51:06.862415   worker_id = master

2024-03-21 15:51:06.862432   0. Allure grouping v4


2024-03-21 15:51:06.862675   START PRECONDITIONS =>


2024-03-21 15:51:06.862694   => flag_of_bug - False

2024-03-21 15:51:06.862705   => Windows size - {'width': 1280, 'height': 800}
2024-03-21 15:51:06.864047   Set windows position at (0, 0) =>
2024-03-21 15:51:06.966474   Set resolution 1280 * 800 =>
2024-03-21 15:51:07.069113   => Windows size is set to {'width': 1280, 'height': 800}

2024-03-21 15:51:08.106610   Капчи нет. Идем дальше

2024-03-21 15:51:08.106701   Работа с куками

2024-03-21 15:51:08.106714   => Prev. country - 'ae'
2024-03-21 15:51:08.106725   => Country set to 'ae'

2024-03-21 15:51:08.106734   => Prev. language - 'ru'
2024-03-21 15:51:08.106743   => Language is set to 'ru'

2024-03-21 15:51:08.106752   => Prev. role - 'NoAuth'
2024-03-21 15:51:08.106761   => The 'NoAuth' role is set

2024-03-21 15:51:08.109750   => THE END PRECONDITIONS
2024-03-21 15:51:08.616662   => Education menu is present in DOM
2024-03-21 15:51:08.624211   element = <selenium.webdriver.remote.webelement.WebElement (session="7cf7fa28b39389b5926644fa8c945011", element="f.E71E740030C8749DC5D300B206DEAB24.d.8B7E9CCF78FDECB829EE7CD47835EFC1.e.1103")>
2024-03-21 15:51:08.624262   => Education menu is visible
2024-03-21 15:51:09.896845   => Focus moved to Education menu

2024-03-21 15:51:10.673690   1. Arrange_v4
2024-03-21 15:51:10.676409   MOST_TRADED is present? =>
2024-03-21 15:51:10.689672   => MOST_TRADED widget is present on this page
2024-03-21 15:51:10.689710   => Found 5 elements in block MOST_TRADED
2024-03-21 15:51:10.689721   Most traded widget is scroll =>
2024-03-21 15:51:10.695087   => Most traded widget is scrolled into screen center

2024-03-21 15:51:10.695154   Random indexes = [1]

2024-03-21 15:51:10.695172   Testing Most traded 1 random element with 1 index

2024-03-21 15:51:10.695351   2. Act_v4
2024-03-21 15:51:10.695480   Start Checking that form [Sign up] popped up on the page =>
2024-03-21 15:51:10.709826   'Sign up' form opened
2024-03-21 15:51:10.710014   Start step Close [Sign up] form =>
2024-03-21 15:51:10.775833   => 'Signup' form closed
2024-03-21 15:51:11.067296   Selected Trade button on Most traded widget is scroll =>
2024-03-21 15:51:11.071932   Selected Trade button click for 'Gold Spot' trading instrument =>
2024-03-21 15:51:12.162417   => Selected Trade button clicked!

2024-03-21 15:51:12.162782   3. Assert_Login_v0
2024-03-21 15:51:12.162913   Check that 'Login' form is opened
2024-03-21 15:51:12.181301   'Login' form opened
2024-03-21 15:51:12.181345   Assert LOGIN_REF_SIGNUP =>
2024-03-21 15:51:12.199306   Assert LOGIN_CHECKBOX =>
2024-03-21 15:51:12.215905   Assert LOGIN_PASS_FORGOT =>
2024-03-21 15:51:12.231969   => 'Login' form is checked
2024-03-21 15:51:12.254271   Click 'Close' button on 'Login' form =>
2024-03-21 15:51:12.308222   => 'Login' form closed
