


Current sort - Top fallers
{'width': 1280, 'height': 800}

2024-03-21 13:54:09.429973   worker_id = master

2024-03-21 13:54:09.429992   0. Allure grouping v4


2024-03-21 13:54:09.430260   START PRECONDITIONS =>


2024-03-21 13:54:09.430276   => flag_of_bug - False

2024-03-21 13:54:09.430287   => Windows size - {'width': 1280, 'height': 800}
2024-03-21 13:54:09.431765   Set windows position at (0, 0) =>
2024-03-21 13:54:09.534018   Set resolution 1280 * 800 =>
2024-03-21 13:54:09.636560   => Windows size is set to {'width': 1280, 'height': 800}

2024-03-21 13:54:10.677840   Капчи нет. Идем дальше

2024-03-21 13:54:10.677934   Работа с куками

2024-03-21 13:54:10.677948   => Prev. country - 'ae'
2024-03-21 13:54:10.677958   => Country set to 'ae'

2024-03-21 13:54:10.677967   => Prev. language - 'ru'
2024-03-21 13:54:10.677976   => Language is set to 'ru'

2024-03-21 13:54:10.677985   => Prev. role - 'NoReg'
2024-03-21 13:54:10.677994   => The 'NoReg' role is set

2024-03-21 13:54:10.680911   => THE END PRECONDITIONS

2024-03-21 13:54:10.681159   START Open "Markets" menu, "Forex" submenu =>

2024-03-21 13:54:10.681180   1. Cur URL = https://capital.com/ru/forex

2024-03-21 13:54:10.684504   2. Link = https://capital.com/ru/forex
2024-03-21 13:54:11.195338   => 'Markets' menu is present
2024-03-21 13:54:11.217184   element = <selenium.webdriver.remote.webelement.WebElement (session="895495f6ab0c8c97d5822e2502a49dda", element="f.DABEFDE98A61D305AF1C47EA1297E931.d.FB59DA6741BC096A58E0A5A39C9EF21A.e.1230")>
2024-03-21 13:54:11.217231   => 'Markets' menu is visible
2024-03-21 13:54:12.494825   => Focus moved to 'Markets' menu


2024-03-21 13:54:13.264800   => 'Forex' sub-menu clicked

2024-03-21 13:54:13.267975   3. Cur URL = https://capital.com/ru/forex

2024-03-21 13:54:13.273622   1. Arrange for TABLE_TRADING_INSTRUMENTS and 'Top fallers' cur_sort
2024-03-21 13:54:13.277620   TABLE_TRADING_INSTRUMENTS and cur_sort present on this page? =>
2024-03-21 13:54:13.283476   => TABLE_TRADING_INSTRUMENTS and cur_sort present on the page!

2024-03-21 13:54:13.283515   Start scroll and click FIELD_DROPDOWN_SORT =>
