


Current market - Shares
{'width': 1280, 'height': 800}

2024-06-28 01:07:49.811121   worker_id = master

2024-06-28 01:07:49.811121   0. Allure grouping v4

2024-06-28 01:07:49.811121   START PRECONDITIONS =>

2024-06-28 01:07:49.811121   => URL after prev. preconditions - https://capital.com/nl
2024-06-28 01:07:49.811121   => flag_of_bug - False
2024-06-28 01:07:49.811121   => Current URL - https://capital.com/nl/derivaat-financieel-instrument
2024-06-28 01:07:49.817862   Current page URL = https://capital.com/nl/derivaat-financieel-instrument
2024-06-28 01:07:49.821862   self.link = https://capital.com/nl
2024-06-28 01:07:49.821862   driver.get(https://capital.com/nl) =>
2024-06-28 01:07:51.886093   => Loaded page https://capital.com/nl

2024-06-28 01:07:51.903380   => Windows size: {'width': 1280, 'height': 800}
2024-06-28 01:07:51.905376   Set windows position at (0, 0) =>
2024-06-28 01:07:51.909380   Set resolution 1280 * 800 =>
2024-06-28 01:07:51.911390   => Windows size is set to {'width': 1280, 'height': 800}

2024-06-28 01:07:52.970331   Капчи нет. Идем дальше

2024-06-28 01:07:52.970331   Работа с куками =>

2024-06-28 01:07:52.970331   => не требуется

2024-06-28 01:07:53.984877   Капчи нет. Идем дальше

2024-06-28 01:07:53.984877   Prev. country - 'au'
2024-06-28 01:07:53.984877   Cur. country - 'au'
2024-06-28 01:07:53.984877   => Country set to 'au'

2024-06-28 01:07:55.003430   Капчи нет. Идем дальше

2024-06-28 01:07:55.003430   Prev. language - 'nl'
2024-06-28 01:07:55.003430   Cur. language - 'nl'
2024-06-28 01:07:55.003430   => Language is set to 'nl'

2024-06-28 01:07:56.049978   Капчи нет. Идем дальше

2024-06-28 01:07:56.049978   Prev. role - 'Auth'
2024-06-28 01:07:56.049978   Cur. role - 'Auth'
2024-06-28 01:07:56.049978   => The 'Auth' role is set

2024-06-28 01:07:56.053979   => Current URL - https://capital.com/nl

2024-06-28 01:07:56.053979   => THE END PRECONDITIONS

2024-06-28 01:07:56.053979   START Open "Markets" menu, "All Markets" submenu =>

2024-06-28 01:07:56.053979   1. Cur URL = https://capital.com/nl

2024-06-28 01:07:56.056978   2. Link = https://capital.com/nl
2024-06-28 01:07:56.056978   current_page = https://capital.com/nl
2024-06-28 01:07:56.060976   link = https://capital.com/nl
2024-06-28 01:07:56.576127   => 'Markets' menu is present
2024-06-28 01:07:56.599836   => 'Markets' menu is visible
2024-06-28 01:07:57.883264   => Focus moved to 'Markets' menu
2024-06-28 01:07:57.892257   => 'Markets > All Markets' submenu is present
2024-06-28 01:07:59.715797   => Focus moved to 'capital*com' logo

2024-06-28 01:07:59.715797   3. Cur URL = https://capital.com/nl/derivaat-financieel-instrument

2024-06-28 01:07:59.722792   1. Arrange for Trading instrument
2024-06-28 01:07:59.722792   current_page = https://capital.com/nl/derivaat-financieel-instrument
2024-06-28 01:07:59.725803   link = https://capital.com/nl/derivaat-financieel-instrument
2024-06-28 01:07:59.729806   IS MARKETS_LIST present on this page? =>
2024-06-28 01:07:59.738802   Start scroll to markets list =>
2024-06-28 01:07:59.744796   => MARKETS_LIST is present on the page!
2024-06-28 01:07:59.744796   Start scroll and click cur_market 'Shares' =>
2024-06-28 01:07:59.826054   => End Click cur_market "Shares"
2024-06-28 01:07:59.826054   IS TABLE_TRADING_INSTRUMENTS  present on the page? =>
2024-06-28 01:07:59.840880   => TABLE_TRADING_INSTRUMENTS is present on the page!
2024-06-28 01:07:59.840880   IS TRADING_INSTRUMENTS  present on the page? =>
2024-06-28 01:07:59.852958   2. Act for trading instrument
2024-06-28 01:07:59.852958   Start click random TRADING_INSTRUMENT =>
2024-06-28 01:07:59.857958   => End find a random TRADING_INSTRUMENTS in TABLE_TRADING_INSTRUMENTS
