{'width': 1280, 'height': 800}

2024-06-28 01:58:58.303615   worker_id = master

2024-06-28 01:58:58.303615   0. Allure grouping v4

2024-06-28 01:58:58.303615   START PRECONDITIONS =>

2024-06-28 01:58:58.303615   => URL after prev. preconditions - https://capital.com/nl
2024-06-28 01:58:58.303615   => flag_of_bug - False
2024-06-28 01:58:58.303615   => Current URL - https://capital.com/nl/us-dollar-south-african-rand-koers
2024-06-28 01:58:58.310609   Current page URL = https://capital.com/nl/us-dollar-south-african-rand-koers
2024-06-28 01:58:58.313750   self.link = https://capital.com/nl
2024-06-28 01:58:58.313750   driver.get(https://capital.com/nl) =>
2024-06-28 01:58:59.984842   => Loaded page https://capital.com/nl

2024-06-28 01:58:59.989849   => Windows size: {'width': 1280, 'height': 800}
2024-06-28 01:58:59.991843   Set windows position at (0, 0) =>
2024-06-28 01:58:59.996606   Set resolution 1280 * 800 =>
2024-06-28 01:58:59.999598   => Windows size is set to {'width': 1280, 'height': 800}

2024-06-28 01:59:01.056361   Капчи нет. Идем дальше

2024-06-28 01:59:01.056361   Работа с куками =>

2024-06-28 01:59:01.056361   => не требуется

2024-06-28 01:59:02.101376   Капчи нет. Идем дальше

2024-06-28 01:59:02.101376   Prev. country - 'au'
2024-06-28 01:59:02.101376   Cur. country - 'au'
2024-06-28 01:59:02.101376   => Country set to 'au'

2024-06-28 01:59:03.112121   Капчи нет. Идем дальше

2024-06-28 01:59:03.112121   Prev. language - 'nl'
2024-06-28 01:59:03.112121   Cur. language - 'nl'
2024-06-28 01:59:03.112121   => Language is set to 'nl'

2024-06-28 01:59:04.120974   Капчи нет. Идем дальше

2024-06-28 01:59:04.120974   Prev. role - 'NoReg'
2024-06-28 01:59:04.120974   Cur. role - 'NoReg'
2024-06-28 01:59:04.120974   => The 'NoReg' role is set

2024-06-28 01:59:04.122644   => Current URL - https://capital.com/nl

2024-06-28 01:59:04.122644   => THE END PRECONDITIONS

2024-06-28 01:59:04.122644   1. Arrange_v0
2024-06-28 01:59:04.122644   current_page = https://capital.com/nl
2024-06-28 01:59:04.122644   link = https://capital.com/nl/us-dollar-south-african-rand-koers
2024-06-28 01:59:04.122644   Current page URL = https://capital.com/nl
2024-06-28 01:59:04.135997   self.link = https://capital.com/nl/us-dollar-south-african-rand-koers
2024-06-28 01:59:04.135997   driver.get(https://capital.com/nl/us-dollar-south-african-rand-koers) =>
2024-06-28 01:59:05.789854   => Loaded page https://capital.com/nl/us-dollar-south-african-rand-koers
2024-06-28 01:59:05.797534   BUTTON_SELL is located on the page? =>
2024-06-28 01:59:05.807541   => BUTTON_SELL is located on the page!
2024-06-28 01:59:05.807541   Start Checking that form [Sign up] popped up on the page =>
2024-06-28 01:59:07.364686   '[Sign up]' form was not popped up

2024-06-28 01:59:07.364686   2. Act_v0
2024-06-28 01:59:07.370682   BUTTON_SELL is present? =>
2024-06-28 01:59:07.370682   => BUTTON_SELL is present on the page
2024-06-28 01:59:07.370682   BUTTON_SELL scroll =>
2024-06-28 01:59:07.374699   => BUTTON_SELL scrolled
2024-06-28 01:59:07.384809   BUTTON_SELL is clickable? =>
2024-06-28 01:59:07.416495   BUTTON_SELL CLICK =>
2024-06-28 01:59:07.459633   => BUTTON_SELL clicked!

2024-06-28 01:59:07.459633   3. Assert_Signup_v0
2024-06-28 01:59:07.459633   Start step Check that [Sign up] form is opened
2024-06-28 01:59:07.627106   'Sign up' form opened
2024-06-28 01:59:07.627106   Assert SIGNUP_HEADER =>
2024-06-28 01:59:07.642582   Assert SIGNUP_REF_LOGIN =>
2024-06-28 01:59:07.657911   Assert SIGNUP_PRIVACY_POLICY_ALL_2 =>
2024-06-28 01:59:07.705372   => SIGNUP_PRIVACY_POLICY_ALL
2024-06-28 01:59:07.705372   => 'Signup' form is checked
2024-06-28 01:59:07.706369   Start step Close [Sign up] form =>
2024-06-28 01:59:07.777831   => 'Signup' form closed
2024-06-28 01:59:08.048064   => Focus moved to 'capital*com' logo
