{'width': 1280, 'height': 800}

2024-03-28 06:21:43.159093   worker_id = master

2024-03-28 06:21:43.159107   0. Allure grouping v4


2024-03-28 06:21:43.159303   START PRECONDITIONS =>


2024-03-28 06:21:43.159318   => flag_of_bug - False

2024-03-28 06:21:43.159330   => Windows size - {'width': 1280, 'height': 800}
2024-03-28 06:21:43.160646   Set windows position at (0, 0) =>
2024-03-28 06:21:43.262731   Set resolution 1280 * 800 =>
2024-03-28 06:21:43.364709   => Windows size is set to {'width': 1280, 'height': 800}

2024-03-28 06:21:44.390909   Капчи нет. Идем дальше

2024-03-28 06:21:44.391025   Работа с куками

2024-03-28 06:21:44.391040   => Prev. country - 'au'
2024-03-28 06:21:44.391050   => Country set to 'au'

2024-03-28 06:21:44.391059   => Prev. language - 'pl'
2024-03-28 06:21:44.391069   => Language is set to 'pl'

2024-03-28 06:21:44.391077   => Prev. role - 'NoReg'
2024-03-28 06:21:44.391086   => The 'NoReg' role is set

2024-03-28 06:21:44.394058   => THE END PRECONDITIONS

2024-03-28 06:21:44.394117   1. Arrange
2024-03-28 06:21:44.394132   current_page = https://capital.com/pl/handlovac-netflix
2024-03-28 06:21:44.396886   link = https://capital.com/pl/handlovac-netflix
2024-03-28 06:21:44.399560   BUTTON_ON_HOR_BANNER is present? =>
2024-03-28 06:21:44.407357   => BUTTON_ON_HOR_BANNER is present on this page
2024-03-28 06:21:44.407379   BUTTON_ON_HOR_BANNER scroll =>
2024-03-28 06:21:44.410825   BUTTON_ON_HOR_BANNER is visible? =>
2024-03-28 06:21:44.433950   => BUTTON_ON_HOR_BANNER is visible on the page!
2024-03-28 06:21:44.434131   Start Checking that form [Sign up] popped up on the page =>
2024-03-28 06:21:45.965862   '[Sign up]' form was not popped up

2024-03-28 06:21:45.966040   2. Act

2024-03-28 06:21:45.982419   => Button on Horizontal banner is clickable

2024-03-28 06:21:45.986918   data_id = 294
2024-03-28 06:21:46.813962   => BUTTON_ON_HOR_BANNER clicked!

2024-03-28 06:21:46.814282   3. Assert_v0
2024-03-28 06:21:46.814417   Start step Check that [Sign up] form is opened
2024-03-28 06:21:54.760018   'Sign up' form not opened
2024-03-28 06:21:54.760267   Start step Check that new [Sign up] form is opened
2024-03-28 06:21:57.855879   => new 'Sign up' form not opened
2024-03-28 06:21:57.856064   Start method Check that [Sign up] page opened =>
2024-03-28 06:21:58.859703   'Sign up' page opened
2024-03-28 06:21:58.859743   Assert SIGNUP_SIGNUP_FRAME =>
2024-03-28 06:21:58.868924   Assert SIGNUP_REF_LOGIN =>
2024-03-28 06:21:58.885047   Assert SIGNUP_PRIVACY_POLICY_ALL_1 =>
2024-03-28 06:22:00.421589   Assert SIGNUP_PRIVACY_POLICY_ALL_2 =>
2024-03-28 06:22:00.436483   => SIGNUP_PRIVACY_POLICY_ALL
2024-03-28 06:22:00.436508   => 'Signup' page is checked
2024-03-28 06:22:01.436873   Start method 'Close [Sign up] page' =>
2024-03-28 06:22:02.968203   => [Sign up] page is closed
