{'width': 1280, 'height': 720}

2023-12-27 09:14:32.268905   worker_id = master

2023-12-27 09:14:32.268929   0. Allure grouping v4


2023-12-27 09:14:32.269186   START PRECONDITIONS =>


2023-12-27 09:14:32.269204   {'width': 1280, 'height': 720}

2023-12-27 09:14:32.271134   Set windows position at (320, 180) =>

2023-12-27 09:14:32.373333   Set resolution 1280 * 720 =>

2023-12-27 09:14:32.475768   => Resolution seted {'width': 1280, 'height': 720}

2023-12-27 09:14:36.496086   Капчи нет. Тестим дальше

2023-12-27 09:14:36.496135   Prev. Role: NoAuth

2023-12-27 09:14:36.496145   Current role: NoAuth

2023-12-27 09:14:36.496153   Prev language: en

2023-12-27 09:14:36.496162   => Current language: en

2023-12-27 09:14:36.496169   Prev country: de

2023-12-27 09:14:36.496177   => Current country: de

2023-12-27 09:14:36.496185   => THE END PRECONDITIONS

2023-12-27 09:14:36.496255   1. Arrange
2023-12-27 09:14:36.499631   Is visible BUTTON_DOWNLOAD_APP_STORE? =>
2023-12-27 09:14:36.513428   => BUTTON_DOWNLOAD_APP_STORE is visible on the page!

2023-12-27 09:14:36.513591   2. Act
2023-12-27 09:14:36.520985   1 checking element(s) with current CSS locator is(are) present(s) on this page
2023-12-27 09:14:36.636258   => BUTTON_DOWNLOAD_APP_STORE IS CLICKED

2023-12-27 09:14:36.636471   3. Assert_v0
2023-12-27 09:14:36.636546   Checking that the App Store page has opened
2023-12-27 09:14:37.589661   => Current page title: ‎Capital.com: Trading & Finance on the App Store
2023-12-27 09:14:37.589844   Checking that the App Store app title
2023-12-27 09:14:37.610473   Checking that the App Store specifies provider
2023-12-27 09:14:39.521723   Load page https://capital.com/exponential-moving-average
