{'width': 1280, 'height': 800}

2024-03-28 06:22:43.258906   worker_id = master

2024-03-28 06:22:43.258922   0. Allure grouping v4


2024-03-28 06:22:43.259144   START PRECONDITIONS =>


2024-03-28 06:22:43.259162   => flag_of_bug - False

2024-03-28 06:22:43.259173   => Windows size - {'width': 1280, 'height': 800}
2024-03-28 06:22:43.260477   Set windows position at (0, 0) =>
2024-03-28 06:22:43.362724   Set resolution 1280 * 800 =>
2024-03-28 06:22:43.464927   => Windows size is set to {'width': 1280, 'height': 800}

2024-03-28 06:22:44.490542   Капчи нет. Идем дальше

2024-03-28 06:22:44.490630   Работа с куками

2024-03-28 06:22:44.490644   => Prev. country - 'au'
2024-03-28 06:22:44.490654   => Country set to 'au'

2024-03-28 06:22:44.490663   => Prev. language - 'pl'
2024-03-28 06:22:44.490672   => Language is set to 'pl'

2024-03-28 06:22:44.490681   => Prev. role - 'NoReg'
2024-03-28 06:22:44.490690   => The 'NoReg' role is set

2024-03-28 06:22:44.493796   => THE END PRECONDITIONS

2024-03-28 06:22:44.494000   1. Arrange_v4
2024-03-28 06:22:44.494017   current_page = https://capital.com/pl/handlovac-amd
2024-03-28 06:22:44.496817   link = https://capital.com/pl/handlovac-amd
2024-03-28 06:22:44.500061   MOST_TRADED is present? =>
2024-03-28 06:22:44.507865   => MOST_TRADED widget is present on this page
2024-03-28 06:22:44.507887   => Found 5 elements in block MOST_TRADED
2024-03-28 06:22:44.507898   Most traded widget is scroll =>
2024-03-28 06:22:44.511541   => Most traded widget is scrolled into screen center

2024-03-28 06:22:44.511579   Random indexes = [2]

2024-03-28 06:22:44.511593   Testing Most traded 1 random element with 2 index

2024-03-28 06:22:44.511698   2. Act_v4
2024-03-28 06:22:44.511786   Start Checking that form [Sign up] popped up on the page =>
2024-03-28 06:22:46.045837   '[Sign up]' form was not popped up
2024-03-28 06:22:46.059688   instrument_title = 'Coinbase Global Inc'
2024-03-28 06:22:46.066457   Selected Trade button on Most traded widget is scroll =>
2024-03-28 06:22:46.077115   Selected Trade button click for 'Coinbase Global Inc' trading instrument =>
2024-03-28 06:22:47.153771   => Selected Trade button clicked!

2024-03-28 06:22:47.154076   3. Assert_v0
2024-03-28 06:22:47.154197   Start step Check that [Sign up] form is opened
2024-03-28 06:22:47.169243   'Sign up' form opened
2024-03-28 06:22:47.169277   Assert SIGNUP_HEADER =>
2024-03-28 06:22:47.181214   Assert SIGNUP_REF_LOGIN =>
2024-03-28 06:22:47.194701   Assert SIGNUP_PRIVACY_POLICY_ALL_2 =>
2024-03-28 06:22:47.207863   => SIGNUP_PRIVACY_POLICY_ALL
2024-03-28 06:22:47.207892   => 'Signup' form is checked
2024-03-28 06:22:47.208054   Start step Close [Sign up] form =>
2024-03-28 06:22:47.283052   => 'Signup' form closed
2024-03-28 06:22:47.567545   => Focus moved to 'capital*com' logo
