{'width': 1280, 'height': 720}

2023-12-27 08:58:04.034873   worker_id = master

2023-12-27 08:58:04.034887   0. Allure grouping v4


2023-12-27 08:58:04.035025   START PRECONDITIONS =>


2023-12-27 08:58:04.035039   {'width': 1280, 'height': 720}

2023-12-27 08:58:04.036260   Set windows position at (320, 180) =>

2023-12-27 08:58:04.139474   Set resolution 1280 * 720 =>

2023-12-27 08:58:04.241937   => Resolution seted {'width': 1280, 'height': 720}

2023-12-27 08:58:08.254560   Капчи нет. Тестим дальше

2023-12-27 08:58:08.254609   Prev. Role: NoReg

2023-12-27 08:58:08.254619   Current role: NoReg

2023-12-27 08:58:08.254627   Prev language: en

2023-12-27 08:58:08.254635   => Current language: en

2023-12-27 08:58:08.254643   Prev country: de

2023-12-27 08:58:08.254651   => Current country: de

2023-12-27 08:58:08.254659   => THE END PRECONDITIONS

2023-12-27 08:58:08.254715   1. Arrange_v0
2023-12-27 08:58:08.257639   BUTTON_CREATE_YOUR_ACCOUNT is located on the page? =>

2023-12-27 08:58:08.265789   2. Act_v0
2023-12-27 08:58:08.377333   => BUTTON_CREATE_YOUR_ACCOUNT is clicked

2023-12-27 08:58:08.377594   3. Assert_v0
2023-12-27 08:58:08.377698   Start step Check that [Sign up] form is opened
2023-12-27 08:58:08.397561   'Sign up' form opened
2023-12-27 08:58:08.397599   Assert SIGNUP_HEADER =>
2023-12-27 08:58:08.409427   Assert SIGNUP_REF_LOGIN =>
2023-12-27 08:58:08.421020   Assert SIGNUP_PRIVACY_POLICY_ALL_2 =>
2023-12-27 08:58:08.432567   => SIGNUP_PRIVACY_POLICY_ALL
2023-12-27 08:58:08.432601   => 'Signup' form is checked
2023-12-27 08:58:08.432753   Start step Close [Sign up] form =>
2023-12-27 08:58:08.492530   => 'Signup' form closed
