{'width': 1280, 'height': 720}

2023-12-27 18:00:39.113032   worker_id = master

2023-12-27 18:00:39.113052   0. Allure grouping v4


2023-12-27 18:00:39.113282   START PRECONDITIONS =>


2023-12-27 18:00:39.113303   {'width': 1280, 'height': 720}

2023-12-27 18:00:39.199773   Set windows position at (320, 180) =>

2023-12-27 18:00:39.305832   Set resolution 1280 * 720 =>

2023-12-27 18:00:39.408227   => Resolution seted {'width': 1280, 'height': 720}

2023-12-27 18:00:43.414761   Капчи нет. Тестим дальше

2023-12-27 18:00:43.414802   Prev. Role: Auth

2023-12-27 18:00:43.414813   Current role: Auth

2023-12-27 18:00:43.414821   Prev language: es

2023-12-27 18:00:43.414829   => Current language: es

2023-12-27 18:00:43.414837   Prev country: de

2023-12-27 18:00:43.414845   => Current country: de

2023-12-27 18:00:43.414853   => THE END PRECONDITIONS

2023-12-27 18:00:43.414909   1. Arrange_v0
2023-12-27 18:00:43.417765   BUTTON_TRY_DEMO is visible? =>
2023-12-27 18:00:43.431489   => BUTTON_TRY_DEMO is visible on the page!

2023-12-27 18:00:43.431620   2. Act_v0
2023-12-27 18:00:43.431634   BUTTON_TRY_DEMO is present? =>
2023-12-27 18:00:43.439525   => BUTTON_TRY_DEMO is present on the page!
2023-12-27 18:00:43.439549   BUTTON_TRY_DEMO scroll =>
2023-12-27 18:00:43.486879   => BUTTON_TRY_DEMO clicked!

2023-12-27 18:00:43.487082   3. Assert_v4
2023-12-27 18:00:43.487172   Checking that the trading platform page has opened (v4) =>
2023-12-27 18:00:44.833113   => Current page title: Trading Platform | Capital.com
2023-12-27 18:00:44.833236   Checking that the Trading platform LOGO is present on the page =>
2023-12-27 18:00:45.466471   Checking that the Trading platform opened in DEMO mode =>
2023-12-27 18:00:45.489935   => The page with https://capital.com/es/margin-trading url was opened in DEMO mode
2023-12-27 18:00:46.490454   Load page https://capital.com/es/margin-trading
