


Current market - ETFs



Current instrument - First
{'width': 1280, 'height': 720}

2024-03-29 07:57:00.131687   worker_id = master

2024-03-29 07:57:00.131705   0. Allure grouping v4


2024-03-29 07:57:00.131914   START NEW PRECONDITIONS =>

2024-03-29 07:57:00.131930   Current page URL = https://capital.com/trading/platform/
2024-03-29 07:57:00.134755   self.link = https://capital.com/en-gb
2024-03-29 07:57:00.134769   link = https://capital.com/en-gb
2024-03-29 07:57:01.338722   => Loaded page https://capital.com/en-gb

2024-03-29 07:57:01.344508   {'width': 1280, 'height': 720}

2024-03-29 07:57:01.345891   Set windows position at (0, 0) =>

2024-03-29 07:57:01.448400   Set resolution 1280 * 720 =>

2024-03-29 07:57:01.551175   => Resolution seted {'width': 1280, 'height': 720}

2024-03-29 07:57:02.699545   Капчи нет. Идем дальше

2024-03-29 07:57:02.699657   Prev. Role: Auth

2024-03-29 07:57:02.699678   Current role: Auth

2024-03-29 07:57:02.699688   => Current language: ?

2024-03-29 07:57:03.719581   Капчи нет. Идем дальше
2024-03-29 07:57:03.719671   => Current country: gb

2024-03-29 07:57:03.719685   => THE END PRECONDITIONS

2024-03-29 07:57:03.719720   1. Arrange for Our Markets block: 'ETFs' market, 'First' instrument
2024-03-29 07:57:03.719733   current_page = https://capital.com/en-gb
2024-03-29 07:57:03.722578   link = https://capital.com/en-gb
2024-03-29 07:57:03.725032   IS Our markets block present on this page? =>
2024-03-29 07:57:03.729754   => Our markets block present on this page!

2024-03-29 07:57:03.729776   IS Our markets block visible on this page? =>
2024-03-29 07:57:03.740676   => Our markets block is visible on this page!

2024-03-29 07:57:03.740700   IS MARKET 'ETFs' present on this page? =>
2024-03-29 07:57:03.750149   => MARKET 'ETFs' present on this page!

2024-03-29 07:57:03.750173   IS MARKET 'ETFs' visible on this page? =>
2024-03-29 07:57:03.763066   => MARKET 'ETFs' is visible on this page!

2024-03-29 07:57:03.763089   Start Click button 'ETFs' MARKET =>
2024-03-29 07:57:03.846024   => End Click button 'ETFs' MARKET

2024-03-29 07:57:03.846073   Is Instruments present? =>
2024-03-29 07:57:03.869570   => Instruments is present on this page!

2024-03-29 07:57:03.869611   Is Instruments visible? =>
2024-03-29 07:57:03.882719   => Instruments is visible on this page!

2024-03-29 07:57:03.882751   => Start Find and Click button 'First' instrument=>
2024-03-29 07:57:03.927599   => End Click button 'First' instrument=>

2024-03-29 07:57:03.927861   2. Act for 'ETFs' Market and 'First' Instrument
2024-03-29 07:57:03.927882   IS button [Buy] for 'ETFs' Market and 'First' Instrumentpresent on this page? =>
2024-03-29 07:57:03.933926   => Button [Buy] for 'ETFs' Market and 'First' Instrument present on this page!

2024-03-29 07:57:03.933953   IS button [Buy] for 'ETFs' Market and 'First' Instrument visible on this page? =>
2024-03-29 07:57:03.946955   => Button [Buy] for 'ETFs' Market and 'First' Instrument visible on this page!

2024-03-29 07:57:03.946979   Start click button [Buy] =>
2024-03-29 07:57:04.221176   => End Click button [Buy]

2024-03-29 07:57:04.221560   3. Assert_v4
2024-03-29 07:57:04.221732   Checking that the trading platform page has opened (v4) =>
2024-03-29 07:57:04.230406   Checking way # 1 => 

2024-03-29 07:57:04.230568   1. Checking that the Trading platform page has valid title =>
2024-03-29 07:57:04.233813   => The title of current page is 'Trading Platform | Capital.com'

2024-03-29 07:57:04.233986   2. Checking that the Trading platform LOGO is present on the page =>
2024-03-29 07:57:05.791827   => Trading platform 'capital*com' logo is present on the current page

2024-03-29 07:57:05.791951   tpd = False
2024-03-29 07:57:05.792177   3.2. Checking that the Trading platform opened in LIVE mode =>
2024-03-29 07:57:05.930973   => The page with https://capital.com/trading/platform/ url was opened in lIVE mode

2024-03-29 07:57:05.933880   4. Check that opened page with https://capital.com/trading/platform/ url
with selected corresponding trading instrument 'Direxion Daily Semiconductor Bull 3X Shares (Extended Hours)' =>

2024-03-29 07:57:05.936595   trade_instrument = 'Direxion Daily Semiconductor Bull 3X Shares (Extended Hours)'

2024-03-29 07:57:05.936611   4.1. Check that Trading Platform is opened in Chart mode
2024-03-29 07:57:06.972177   => Trading Platform opened, but not Chart mode

Bug: 

2024-03-29 07:57:06.972224   Проверка бага в таблице ретеста  =>

 gs = GoogleSheet() - создаем объект gs # 1: <tests.ReTestsAuto.GoogleSheets.googlesheets.GoogleSheet object at 0x7fb6a9a21d90>

2024-03-29 07:57:06.975142  Для бага: Bid-14 необходимо использовать проверку на ретест!!!
