{'width': 1280, 'height': 720}

2023-12-27 18:02:35.509924   worker_id = master

2023-12-27 18:02:35.509955   0. Allure grouping v4


2023-12-27 18:02:35.510152   START PRECONDITIONS =>


2023-12-27 18:02:35.510170   {'width': 1280, 'height': 720}

2023-12-27 18:02:35.511594   Set windows position at (320, 180) =>

2023-12-27 18:02:35.616069   Set resolution 1280 * 720 =>

2023-12-27 18:02:35.719136   => Resolution seted {'width': 1280, 'height': 720}

2023-12-27 18:02:39.722990   Капчи нет. Тестим дальше

2023-12-27 18:02:39.723037   Prev. Role: NoAuth

2023-12-27 18:02:39.723047   Current role: NoAuth

2023-12-27 18:02:39.723056   Prev language: es

2023-12-27 18:02:39.723064   => Current language: es

2023-12-27 18:02:39.723071   Prev country: de

2023-12-27 18:02:39.723079   => Current country: de

2023-12-27 18:02:39.723087   => THE END PRECONDITIONS

2023-12-27 18:02:39.723141   1. Arrange_v0
2023-12-27 18:02:39.726526   BUTTON_CREATE_YOUR_ACCOUNT is located on the page? =>

2023-12-27 18:02:39.734422   2. Act_v0
2023-12-27 18:02:39.957916   => BUTTON_CREATE_YOUR_ACCOUNT is clicked

2023-12-27 18:02:39.958109   3. Assert_v0
2023-12-27 18:02:39.958185   Start step Check that [Sign up] form is opened
2023-12-27 18:02:40.207790   'Sign up' form opened
2023-12-27 18:02:40.207852   Assert SIGNUP_HEADER =>
2023-12-27 18:02:40.225238   Assert SIGNUP_REF_LOGIN =>
2023-12-27 18:02:40.243109   Assert SIGNUP_PRIVACY_POLICY_ALL_2 =>
2023-12-27 18:02:40.258343   => SIGNUP_PRIVACY_POLICY_ALL
2023-12-27 18:02:40.258373   => 'Signup' form is checked
2023-12-27 18:02:40.258536   Start step Close [Sign up] form =>
2023-12-27 18:02:40.358582   => 'Signup' form closed
