{'width': 1280, 'height': 720}

2023-12-27 17:27:23.890611   worker_id = master

2023-12-27 17:27:23.890624   0. Allure grouping v4


2023-12-27 17:27:23.890765   START PRECONDITIONS =>


2023-12-27 17:27:23.890779   {'width': 1280, 'height': 720}

2023-12-27 17:27:23.892017   Set windows position at (320, 180) =>

2023-12-27 17:27:23.996374   Set resolution 1280 * 720 =>

2023-12-27 17:27:24.098435   => Resolution seted {'width': 1280, 'height': 720}

2023-12-27 17:27:28.108131   Капчи нет. Тестим дальше

2023-12-27 17:27:28.108176   Prev. Role: NoAuth

2023-12-27 17:27:28.108186   Current role: NoAuth

2023-12-27 17:27:28.108194   Prev language: es

2023-12-27 17:27:28.108201   => Current language: es

2023-12-27 17:27:28.108209   Prev country: de

2023-12-27 17:27:28.108216   => Current country: de

2023-12-27 17:27:28.108224   => THE END PRECONDITIONS

2023-12-27 17:27:28.108278   1. Arrange_v0
2023-12-27 17:27:28.113676   BUTTON_SELL_IN_CONTENT_BLOCK is located on the page? =>
2023-12-27 17:27:28.121551   => BUTTON_SELL_IN_CONTENT_BLOCK is located on the page!
2023-12-27 17:27:28.121700   Start Checking that form [Sign up] popped up on the page =>
2023-12-27 17:27:28.134284   'Sign up' form opened
2023-12-27 17:27:28.134403   Start step Close [Sign up] form =>
2023-12-27 17:27:28.212197   => 'Signup' form closed

2023-12-27 17:27:28.212450   2. Act_v0
2023-12-27 17:27:28.224456   BUTTON_SELL_IN_CONTENT_BLOCK is present? =>
2023-12-27 17:27:28.224498   => BUTTON_SELL_IN_CONTENT_BLOCK is present on the page!
2023-12-27 17:27:28.224507   BUTTON_SELL_IN_CONTENT_BLOCK scroll =>
2023-12-27 17:27:28.324748   => BUTTON_SELL_IN_CONTENT_BLOCK clicked!

2023-12-27 17:27:28.325029   3. Assert_Login_v0
2023-12-27 17:27:32.861641   'Login' form not opened
2023-12-27 17:27:32.865331   'Login' page not opened
2023-12-27 17:27:37.393233   'Login' form on trading platform not opened
2023-12-27 17:27:37.393426   Start step Check that [Sign up] form is opened
2023-12-27 17:27:37.407000   'Sign up' form opened
2023-12-27 17:27:37.407028   Assert SIGNUP_HEADER =>
2023-12-27 17:27:37.420471   Assert SIGNUP_REF_LOGIN =>
2023-12-27 17:27:37.434081   Assert SIGNUP_PRIVACY_POLICY_ALL_2 =>
2023-12-27 17:27:37.447469   => SIGNUP_PRIVACY_POLICY_ALL
2023-12-27 17:27:37.447495   => 'Signup' form is checked
