{'width': 1280, 'height': 720}

2023-12-27 16:09:30.932203   worker_id = master

2023-12-27 16:09:30.932221   0. Allure grouping v4


2023-12-27 16:09:30.932416   START PRECONDITIONS =>


2023-12-27 16:09:30.932436   {'width': 1280, 'height': 720}

2023-12-27 16:09:30.933891   Set windows position at (320, 180) =>

2023-12-27 16:09:31.036013   Set resolution 1280 * 720 =>

2023-12-27 16:09:31.138139   => Resolution seted {'width': 1280, 'height': 720}

2023-12-27 16:09:35.184471   Капчи нет. Тестим дальше

2023-12-27 16:09:35.184516   Prev. Role: NoReg

2023-12-27 16:09:35.184526   Current role: NoReg

2023-12-27 16:09:35.184534   Prev language: es

2023-12-27 16:09:35.184542   => Current language: es

2023-12-27 16:09:35.184550   Prev country: de

2023-12-27 16:09:35.184558   => Current country: de

2023-12-27 16:09:35.184565   => THE END PRECONDITIONS

2023-12-27 16:09:35.184627   1. Arrange_v0
2023-12-27 16:09:35.657283   Load page https://capital.com/es/que-puedes-operar-con-un-CFD
2023-12-27 16:09:35.711187   BUTTON_START_TRADING scroll =>
2023-12-27 16:09:35.818560   BUTTON_START_TRADING is visible? =>
2023-12-27 16:09:35.905992   => BUTTON_START_TRADING is visible on the page!

2023-12-27 16:09:35.906246   2. Act_v0
2023-12-27 16:09:35.906271   Start Click button [Start Trading] =>
2023-12-27 16:09:35.920456   BUTTON_START_TRADING is clickable? =>
2023-12-27 16:09:35.952262   BUTTON_START_TRADING click =>
2023-12-27 16:09:36.014358   => BUTTON_START_TRADING clicked

2023-12-27 16:09:36.014598   3. Assert_v0
2023-12-27 16:09:36.014687   Start step Check that [Sign up] form is opened
2023-12-27 16:09:36.228623   'Sign up' form opened
2023-12-27 16:09:36.228668   Assert SIGNUP_HEADER =>
2023-12-27 16:09:36.255062   Assert SIGNUP_REF_LOGIN =>
2023-12-27 16:09:36.267570   Assert SIGNUP_PRIVACY_POLICY_ALL_2 =>
2023-12-27 16:09:36.282294   => SIGNUP_PRIVACY_POLICY_ALL
2023-12-27 16:09:36.282326   => 'Signup' form is checked
2023-12-27 16:09:36.282499   Start step Close [Sign up] form =>
2023-12-27 16:09:36.346779   => 'Signup' form closed
