{'width': 1280, 'height': 800}

2024-03-29 15:26:23.787306   worker_id = master

2024-03-29 15:26:23.787333   0. Allure grouping v4


2024-03-29 15:26:23.787731   START NEW PRECONDITIONS =>

2024-03-29 15:26:23.787755   Current page URL = https://capital.com/en-gb
2024-03-29 15:26:23.819252   self.link = https://capital.com/en-gb
2024-03-29 15:26:23.819274   link = https://capital.com/en-gb
2024-03-29 15:26:25.053559   => Loaded page https://capital.com/en-gb

2024-03-29 15:26:25.057811   {'width': 1280, 'height': 800}

2024-03-29 15:26:25.059155   Set windows position at (0, 0) =>

2024-03-29 15:26:25.168450   Set resolution 1280 * 800 =>

2024-03-29 15:26:25.281161   => Resolution seted {'width': 1280, 'height': 800}

2024-03-29 15:26:26.367665   Капчи нет. Идем дальше

2024-03-29 15:26:26.367760   Prev. Role: Auth

2024-03-29 15:26:26.367774   Current role: Auth

2024-03-29 15:26:26.367783   => Current language: ?

2024-03-29 15:26:27.386876   Капчи нет. Идем дальше
2024-03-29 15:26:27.386971   => Current country: gb

2024-03-29 15:26:27.386985   => THE END PRECONDITIONS

2024-03-29 15:26:27.387167   1. Arrange_v0
2024-03-29 15:26:27.387185   current_page = https://capital.com/en-gb
2024-03-29 15:26:27.389910   link = https://capital.com/en-gb
2024-03-29 15:26:27.392316   BUTTON_CREATE_YOUR_ACCOUNT is located on the page? =>

2024-03-29 15:26:27.399971   2. Act_v0: Define of locator

2024-03-29 15:26:27.400001   2. Act_v0: Go to web element

2024-03-29 15:26:28.448694   2. Act_v0: Click web element
2024-03-29 15:26:28.676828   => BUTTON_CREATE_YOUR_ACCOUNT is clicked

2024-03-29 15:26:28.677170   3. Assert_v4
2024-03-29 15:26:28.677350   Checking that the trading platform page has opened (v4) =>
2024-03-29 15:26:28.685545   Checking way # 1 => 

2024-03-29 15:26:28.685705   1. Checking that the Trading platform page has valid title =>
2024-03-29 15:26:28.689325   => The title of current page is 'Trading Platform | Capital.com'

2024-03-29 15:26:28.689514   2. Checking that the Trading platform LOGO is present on the page =>
2024-03-29 15:26:30.254578   => Trading platform 'capital*com' logo is present on the current page

2024-03-29 15:26:30.254659   tpd = False
2024-03-29 15:26:30.254808   3.2. Checking that the Trading platform opened in LIVE mode =>
2024-03-29 15:26:30.265457   => The page with https://capital.com/trading/platform/ url was opened in lIVE mode
2024-03-29 15:26:30.461204   => Driver.backed
