{'width': 1280, 'height': 800}

2024-05-18 23:18:39.368211   worker_id = master

2024-05-18 23:18:39.368211   0. Allure grouping v4

2024-05-18 23:18:39.368211   START PRECONDITIONS =>

2024-05-18 23:18:39.368211   => URL after prev. preconditions - https://capital.com/
2024-05-18 23:18:39.368211   => flag_of_bug - False
2024-05-18 23:18:39.368211   => Current URL - https://capital.com/

2024-05-18 23:18:39.376524   => Windows size: {'width': 1280, 'height': 800}
2024-05-18 23:18:39.380534   Set windows position at (0, 0) =>
2024-05-18 23:18:39.383219   Set resolution 1280 * 800 =>
2024-05-18 23:18:39.386222   => Windows size is set to {'width': 1280, 'height': 800}

2024-05-18 23:18:40.436102   Капчи нет. Идем дальше

2024-05-18 23:18:40.733615   Работа с куками =>

2024-05-18 23:18:40.733615   => не требуется

2024-05-18 23:18:40.733615   Prev. country - 'de'
2024-05-18 23:18:40.733615   Cur. country - 'de'
2024-05-18 23:18:40.733615   => Country set to 'de'

2024-05-18 23:18:40.733615   Prev. language - 'en'
2024-05-18 23:18:40.733615   Cur. language - 'en'
2024-05-18 23:18:40.733615   => Language is set to 'en'

2024-05-18 23:18:40.733615   Prev. role - 'NoReg'
2024-05-18 23:18:40.733615   Cur. role - 'NoReg'
2024-05-18 23:18:40.733615   => The 'NoReg' role is set

2024-05-18 23:18:40.737619   => Current URL - https://capital.com/

2024-05-18 23:18:40.737619   => THE END PRECONDITIONS

2024-05-18 23:18:40.738624   1. Arrange_v0
2024-05-18 23:18:40.738624   current_page = https://capital.com/
2024-05-18 23:18:40.741618   link = https://capital.com/
2024-05-18 23:18:40.748008   IS 'Main page banner' block present on this page? =>
2024-05-18 23:18:40.755011   => 'Main page banner' block present on this page!

2024-05-18 23:18:40.765424   IS 'Main page banner' block visible on this page? =>
2024-05-18 23:18:40.781584   => 'Main page banner' block is visible on this page!

2024-05-18 23:18:40.781584   IS 'Get involved. Become a trader.' tab present on this page? =>
2024-05-18 23:18:40.789574   => 'Get involved. Become a trader.' tab present on this page!

2024-05-18 23:18:40.801495   IS 'Get involved. Become a trader.' tab visible on this page? =>
2024-05-18 23:18:40.820712   => 'Get involved. Become a trader.' tab is visible on this page!

2024-05-18 23:18:40.820712   IS 'Get involved. Become a trader.' tab clickable on this page? =>
2024-05-18 23:18:40.844960   => 'Get involved. Become a trader.' tab is clickable on this page!

2024-05-18 23:18:40.844960   Start 'Get involved. Become a trader.' tab click.
2024-05-18 23:18:40.881722   'Get involved. Become a trader.' tab is clicked.


2024-05-18 23:18:40.882723   2. Act_v0
2024-05-18 23:18:40.882723   IS '[Trade now]' button present on this page? =>
2024-05-18 23:18:40.888723   => '[Trade now]' button present on this page!

2024-05-18 23:18:40.901026   IS '[Trade now]' button visible on this page? =>
2024-05-18 23:18:40.915909   => '[Trade now]' button is visible on this page!

2024-05-18 23:18:40.915909   IS '[Trade now]' button clickable on this page? =>
2024-05-18 23:18:40.935368   => '[Trade now]' button is clickable on this page!

2024-05-18 23:18:41.000370   => '[Trade now]' button clicked!

2024-05-18 23:18:41.000370   3. Assert_Signup_v0
2024-05-18 23:18:41.001369   Start step Check that [Sign up] form is opened
2024-05-18 23:18:41.019824   'Sign up' form opened
2024-05-18 23:18:41.019824   Assert SIGNUP_HEADER =>
2024-05-18 23:18:41.033168   Assert SIGNUP_REF_LOGIN =>
2024-05-18 23:18:41.046626   Assert SIGNUP_PRIVACY_POLICY_ALL_2 =>
2024-05-18 23:18:41.069708   => SIGNUP_PRIVACY_POLICY_ALL
2024-05-18 23:18:41.069708   => 'Signup' form is checked
2024-05-18 23:18:41.069708   Start step Close [Sign up] form =>
2024-05-18 23:18:41.151015   => 'Signup' form closed
2024-05-18 23:18:41.429137   => Focus moved to 'capital*com' logo
