{'width': 1280, 'height': 800}

2024-05-18 23:22:29.055946   worker_id = master

2024-05-18 23:22:29.055946   0. Allure grouping v4

2024-05-18 23:22:29.055946   START PRECONDITIONS =>

2024-05-18 23:22:29.055946   => URL after prev. preconditions - https://capital.com/
2024-05-18 23:22:29.055946   => flag_of_bug - True
2024-05-18 23:22:29.055946   => Current URL - https://capital.com/

2024-05-18 23:22:29.062947   => Windows size: {'width': 1280, 'height': 800}
2024-05-18 23:22:29.064948   Set windows position at (0, 0) =>
2024-05-18 23:22:29.067080   Set resolution 1280 * 800 =>
2024-05-18 23:22:29.070074   => Windows size is set to {'width': 1280, 'height': 800}

2024-05-18 23:22:30.076030   Капчи нет. Идем дальше

2024-05-18 23:22:30.076030   Работа с куками =>

2024-05-18 23:22:30.076030   => не требуется

2024-05-18 23:22:30.076030   Prev. country - 'de'
2024-05-18 23:22:30.076030   Cur. country - 'de'
2024-05-18 23:22:30.076030   => Country set to 'de'

2024-05-18 23:22:30.076030   Prev. language - 'en'
2024-05-18 23:22:30.076030   Cur. language - 'en'
2024-05-18 23:22:30.076030   => Language is set to 'en'

2024-05-18 23:22:30.076030   Prev. role - 'NoAuth'
2024-05-18 23:22:30.076030   Cur. role - 'NoAuth'
2024-05-18 23:22:30.076030   => The 'NoAuth' role is set

2024-05-18 23:22:30.080026   => Current URL - https://capital.com/

2024-05-18 23:22:30.080026   => THE END PRECONDITIONS

2024-05-18 23:22:30.080026   1. Arrange_v0
2024-05-18 23:22:30.080026   current_page = https://capital.com/
2024-05-18 23:22:30.085199   link = https://capital.com/
2024-05-18 23:22:30.089189   IS 'Main page banner' block present on this page? =>
2024-05-18 23:22:30.098195   => 'Main page banner' block present on this page!

2024-05-18 23:22:30.110195   IS 'Main page banner' block visible on this page? =>
2024-05-18 23:22:30.127428   => 'Main page banner' block is visible on this page!

2024-05-18 23:22:30.127428   IS 'Get involved. Become a trader.' tab present on this page? =>
2024-05-18 23:22:30.141189   => 'Get involved. Become a trader.' tab present on this page!

2024-05-18 23:22:30.153901   IS 'Get involved. Become a trader.' tab visible on this page? =>
2024-05-18 23:22:30.164896   => 'Get involved. Become a trader.' tab is visible on this page!

2024-05-18 23:22:30.164896   IS 'Get involved. Become a trader.' tab clickable on this page? =>
2024-05-18 23:22:30.191050   => 'Get involved. Become a trader.' tab is clickable on this page!

2024-05-18 23:22:30.191050   Start 'Get involved. Become a trader.' tab click.
2024-05-18 23:22:31.277507   'Get involved. Become a trader.' tab not clicked
2024-05-18 23:22:31.277507   'Signup' or 'Login' form is automatically opened
2024-05-18 23:22:31.277507   Start step Close [Sign up] form =>
2024-05-18 23:22:31.366663   => 'Signup' form closed
2024-05-18 23:22:31.634737   => Focus moved to 'capital*com' logo

2024-05-18 23:22:31.685756   2. Act_v0
2024-05-18 23:22:31.685756   IS '[Trade now]' button present on this page? =>
2024-05-18 23:22:31.710440   => '[Trade now]' button present on this page!

2024-05-18 23:22:31.723581   IS '[Trade now]' button visible on this page? =>
2024-05-18 23:22:31.737716   => '[Trade now]' button is visible on this page!

2024-05-18 23:22:31.737716   IS '[Trade now]' button clickable on this page? =>
2024-05-18 23:22:31.756885   => '[Trade now]' button is clickable on this page!

2024-05-18 23:22:31.839504   => '[Trade now]' button clicked!

2024-05-18 23:22:31.839504   3. Assert_Signup_v0
2024-05-18 23:22:31.839504   Start step Check that [Sign up] form is opened
2024-05-18 23:22:31.854607   'Sign up' form opened
2024-05-18 23:22:31.854607   Assert SIGNUP_HEADER =>
2024-05-18 23:22:31.865597   Assert SIGNUP_REF_LOGIN =>
2024-05-18 23:22:31.880802   Assert SIGNUP_PRIVACY_POLICY_ALL_2 =>
2024-05-18 23:22:31.902826   => SIGNUP_PRIVACY_POLICY_ALL
2024-05-18 23:22:31.902826   => 'Signup' form is checked
2024-05-18 23:22:31.903834   Start step Close [Sign up] form =>
2024-05-18 23:22:31.985832   => 'Signup' form closed
2024-05-18 23:22:32.283353   => Focus moved to 'capital*com' logo
