{'width': 1920, 'height': 1080}

2025-03-03 00:41:40.651403   worker_id = master

2025-03-03 00:41:40.651418   0. Allure grouping for US_55


2025-03-03 00:41:40.651667   START PRECONDITIONS =>

2025-03-03 00:41:40.651683   => URL after prev. preconditions - https://capital.com/en-gb
2025-03-03 00:41:40.651693   => flag_of_bug - False
2025-03-03 00:41:40.651705   => Current URL - https://capital.com/en-gb/ways-to-trade/spread-betting
2025-03-03 00:41:40.657457   Current page URL = https://capital.com/en-gb/ways-to-trade/spread-betting
2025-03-03 00:41:40.659999   self.link = https://capital.com/en-gb
2025-03-03 00:41:40.660009   driver.get(https://capital.com/en-gb) =>
2025-03-03 00:41:42.985476   => Loaded page https://capital.com/en-gb

2025-03-03 00:41:42.993535   => Windows size: {'width': 1920, 'height': 1080}

2025-03-03 00:41:42.995714   Set windows position at (0, 0) =>

2025-03-03 00:41:42.997645   Set resolution 1920 * 1080 =>

2025-03-03 00:41:42.999314   => Resolution set {'width': 1920, 'height': 1080}

2025-03-03 00:41:43.000615   Работа с куками =>
2025-03-03 00:41:43.000626   Prev. role - 'Auth'
2025-03-03 00:41:43.000633   Current testing role - 'NoAuth'

2025-03-03 00:41:43.000638   All cookies must be delete =>
2025-03-03 00:41:43.108228   => All cookies are deleted
2025-03-03 00:41:43.108278   Current page URL = https://capital.com/en-gb
2025-03-03 00:41:43.112503   self.link = https://capital.com/en-gb
2025-03-03 00:41:43.112519   driver.get(https://capital.com/en-gb) =>
2025-03-03 00:41:45.434141   => Loaded page https://capital.com/en-gb

2025-03-03 00:41:45.441644   Step 'Click button [Accept all cookies]'
2025-03-03 00:41:45.441653   Is Visible Button [Accept all cookies]? =>
2025-03-03 00:41:46.739325   => Button [Accept all cookies] is visible
2025-03-03 00:41:47.239444   Is clickable Button [Accept all cookies] =>
2025-03-03 00:41:47.255030   => Button [Accept all cookies] is clickable
2025-03-03 00:41:47.255055   Click Button [Accept all cookies] =>
2025-03-03 00:41:47.543408   => Button [Accept all cookies] is clicked
2025-03-03 00:41:47.543452   => Accepted All Cookies

2025-03-03 00:41:48.043553   Prev. role - 'Auth'
2025-03-03 00:41:48.043608   Cur. role - 'NoAuth'

2025-03-03 00:41:48.043826   Start Authorization
2025-03-03 00:41:48.153340   => 'Login' form is opened
2025-03-03 00:41:48.412322   => "login" and "password" are inputted
2025-03-03 00:41:48.412364   Click [Continue] button on [Login] form =>
2025-03-03 00:41:48.497657   => [Continue] button on [Login] form is clicked
2025-03-03 00:41:48.497718   Set timeout = 30
2025-03-03 00:41:49.615404   => Page with 'Trading Platform | Capital.com' title opened

2025-03-03 00:41:49.615487   2. Checking that the LOGO is present on the page =>
2025-03-03 00:41:50.797373   => 'capital*com' logo is present on the current page

2025-03-03 00:41:50.797582   Start Deauthorization
2025-03-03 00:41:50.797658   Start Logout from account info menu in top bar =>
2025-03-03 00:41:50.797668   Set timeout = 15
2025-03-03 00:41:50.797676   Is visible account info icon? =>
2025-03-03 00:41:51.237438   => Account info icon is visible on this page
2025-03-03 00:41:51.237474   Account info icon is click =>
2025-03-03 00:41:51.306004   => Account info icon is clicked
2025-03-03 00:41:51.306050   Is visible logout button in account info menu? =>
2025-03-03 00:41:51.324046   => Logout button from account info menu is visible
2025-03-03 00:41:51.324083   Logout button is click =>
2025-03-03 00:41:51.381500   => Logout button from Account info menu is clicked
2025-03-03 00:41:51.381581   => Logout is OK

2025-03-03 00:41:51.381606   => The 'NoAuth' role is set

2025-03-03 00:41:51.381614   Prev. language: en
2025-03-03 00:41:51.381619   Cur. language - 'en'

2025-03-03 00:41:51.381625   Prev. country: ua
2025-03-03 00:41:51.381630   Cur. country: gb

2025-03-03 00:41:51.381761   Set "en" language and "gb" country =>
2025-03-03 00:41:51.381776   Current page URL = https://capital.com/trading/platform/
2025-03-03 00:41:51.387855   self.link = https://capital.com/en-gb
2025-03-03 00:41:51.387881   driver.get(https://capital.com/en-gb) =>
2025-03-03 00:41:53.944586   => Loaded page https://capital.com/en-gb
2025-03-03 00:41:53.954044   => Language is set to 'en'
2025-03-03 00:41:53.954059   => Country is set to 'gb'
2025-03-03 00:41:53.954065   => Current URL - https://capital.com/en-gb

2025-03-03 00:41:53.959386   => Current URL - https://capital.com/en-gb

2025-03-03 00:41:53.959404   => END PRECONDITIONS

2025-03-03 00:41:53.959576   START Open "Trading" menu, "Spread betting" submenu =>

2025-03-03 00:41:53.959588   1. Cur URL = https://capital.com/en-gb

2025-03-03 00:41:53.962141   2. Link = https://capital.com/en-gb
2025-03-03 00:41:53.962153   current_page = https://capital.com/en-gb
2025-03-03 00:41:53.964737   link = https://capital.com/en-gb
2025-03-03 00:41:54.474688   => 'Trading' menu is present
2025-03-03 00:41:54.489808   => 'Trading' menu is visible
2025-03-03 00:41:56.221203   => Focus moved to 'Trading' menu
2025-03-03 00:41:56.237318   => 'Spread betting' submenu is visible
2025-03-03 00:41:57.030973   => 'Spread betting' sub-menu clicked
2025-03-03 00:42:02.319521   => Focus moved to 'capital*com' logo
2025-03-03 00:42:02.319562   3. Cur URL = https://capital.com/en-gb/ways-to-trade/spread-betting

2025-03-03 00:42:02.325729   Click the trading instrument link =>
