{'width': 1280, 'height': 800}

2024-05-19 00:47:24.150400   worker_id = master

2024-05-19 00:47:24.150400   0. Allure grouping v4

2024-05-19 00:47:24.150400   START PRECONDITIONS =>

2024-05-19 00:47:24.150400   => URL after prev. preconditions - https://capital.com/
2024-05-19 00:47:24.150400   => flag_of_bug - False
2024-05-19 00:47:24.150400   => Current URL - https://capital.com/trade-canopygrowth
2024-05-19 00:47:24.160564   Current page URL = https://capital.com/trade-canopygrowth
2024-05-19 00:47:24.164818   self.link = https://capital.com/
2024-05-19 00:47:24.164818   driver.get(https://capital.com/) =>
2024-05-19 00:47:25.903657   => Loaded page https://capital.com/

2024-05-19 00:47:25.909968   => Windows size: {'width': 1280, 'height': 800}
2024-05-19 00:47:25.911976   Set windows position at (0, 0) =>
2024-05-19 00:47:25.914900   Set resolution 1280 * 800 =>
2024-05-19 00:47:25.917901   => Windows size is set to {'width': 1280, 'height': 800}

2024-05-19 00:47:26.939148   Капчи нет. Идем дальше

2024-05-19 00:47:26.939148   Работа с куками =>

2024-05-19 00:47:26.939148   => не требуется

2024-05-19 00:47:26.939148   Prev. country - 'ae'
2024-05-19 00:47:26.939148   Cur. country - 'ae'
2024-05-19 00:47:26.939148   => Country set to 'ae'

2024-05-19 00:47:26.939148   Prev. language - 'en'
2024-05-19 00:47:26.939148   Cur. language - 'en'
2024-05-19 00:47:26.939148   => Language is set to 'en'

2024-05-19 00:47:26.939148   Prev. role - 'NoReg'
2024-05-19 00:47:26.939148   Cur. role - 'NoReg'
2024-05-19 00:47:26.939148   => The 'NoReg' role is set

2024-05-19 00:47:26.939148   => Current URL - https://capital.com/

2024-05-19 00:47:26.939148   => THE END PRECONDITIONS

2024-05-19 00:47:26.939148   1. Arrange_v0
2024-05-19 00:47:26.939148   current_page = https://capital.com/
2024-05-19 00:47:26.939148   link = https://capital.com/trade-canopygrowth
2024-05-19 00:47:26.939148   Current page URL = https://capital.com/
2024-05-19 00:47:26.939148   self.link = https://capital.com/trade-canopygrowth
2024-05-19 00:47:26.939148   driver.get(https://capital.com/trade-canopygrowth) =>
2024-05-19 00:47:28.636307   => Loaded page https://capital.com/trade-canopygrowth
2024-05-19 00:47:28.644592   BUTTON_BUY_IN_CONTENT_BLOCK is located on the page? =>
2024-05-19 00:47:28.653592   => BUTTON_BUY_IN_CONTENT_BLOCK is located on the page!
2024-05-19 00:47:28.653592   Start Checking that form [Sign up] popped up on the page =>
2024-05-19 00:47:30.204549   '[Sign up]' form was not popped up

2024-05-19 00:47:30.204549   2. Act_v0
2024-05-19 00:47:30.215075   BUTTON_BUY_IN_CONTENT_BLOCK is present? =>
2024-05-19 00:47:30.215075   => BUTTON_BUY_IN_CONTENT_BLOCK is present on the page
2024-05-19 00:47:30.215075   BUTTON_BUY_IN_CONTENT_BLOCK scroll =>
2024-05-19 00:47:30.228892   => BUTTON_BUY_IN_CONTENT_BLOCK scrolled
2024-05-19 00:47:30.243670   BUTTON_BUY_IN_CONTENT_BLOCK is clickable? =>
2024-05-19 00:47:30.255729   BUTTON_BUY_IN_CONTENT_BLOCK CLICK =>
2024-05-19 00:47:30.267746   => BUTTON_BUY_IN_CONTENT_BLOCK clicked!

2024-05-19 00:47:30.267746   3. Assert_Signup_v0
2024-05-19 00:47:30.267746   Start step Check that [Sign up] form is opened
2024-05-19 00:47:30.450114   'Sign up' form opened
2024-05-19 00:47:30.450114   Assert SIGNUP_HEADER =>
2024-05-19 00:47:30.464317   Assert SIGNUP_REF_LOGIN =>
2024-05-19 00:47:30.478657   Assert SIGNUP_PRIVACY_POLICY_ALL_2 =>
2024-05-19 00:47:30.518681   => SIGNUP_PRIVACY_POLICY_ALL
2024-05-19 00:47:30.518681   => 'Signup' form is checked
2024-05-19 00:47:30.518681   Start step Close [Sign up] form =>
2024-05-19 00:47:30.584408   => 'Signup' form closed
2024-05-19 00:47:30.858960   => Focus moved to 'capital*com' logo
