
2023-12-12 05:51:14.041208   Работает obj <us_11-02-05_cryptocurrency_trading_test.TestCryptocurrencyTrading object at 0x7f8500a6d790> с именем TC_11.02.05_06
{'width': 1280, 'height': 720}

2023-12-12 05:51:14.042761   browser = chrome

2023-12-12 05:51:14.042776   worker_id = master

2023-12-12 05:51:14.042784   Start TC_11.02.05_06

2023-12-12 05:51:14.042792   <us_11-02-05_cryptocurrency_trading_test.TestCryptocurrencyTrading object at 0x7f8500a6d790>.None

2023-12-12 05:51:14.042802   0. Arrange


2023-12-12 05:51:14.042948   START PRECONDITIONS =>


2023-12-12 05:51:14.042962   {'width': 1280, 'height': 720}

2023-12-12 05:51:14.044671   Set windows position at (320, 180) =>

2023-12-12 05:51:14.147100   Set resolution 1280 * 720 =>

2023-12-12 05:51:14.249828   => Resolution seted {'width': 1280, 'height': 720}

2023-12-12 05:51:18.280573   Капчи нет. Тестим дальше

2023-12-12 05:51:18.280622   Prev. Role: Auth

2023-12-12 05:51:18.280632   Current role: Auth

2023-12-12 05:51:18.280641   Prev language: es

2023-12-12 05:51:18.280649   => Current language: es

2023-12-12 05:51:18.280657   Prev country: de

2023-12-12 05:51:18.280665   => Current country: de

2023-12-12 05:51:18.280673   => THE END PRECONDITIONS

2023-12-12 05:51:18.280734   1. Arrange_v0
2023-12-12 05:51:19.654415   Load page https://capital.com/es/opera-bitcoin-gold
2023-12-12 05:51:19.654472   Is present BUTTON_START_TRADING_IN_ARTICLE? =>
2023-12-12 05:51:19.734004   => BUTTON_START_TRADING_IN_ARTICLE is present
2023-12-12 05:51:19.734051   Is visible BUTTON_START_TRADING_IN_ARTICLE? =>

2023-12-12 05:51:20.087076   2. Act_v0
2023-12-12 05:51:20.087117   Start Click button BUTTON_START_TRADING_IN_ARTICLE =>
2023-12-12 05:51:20.112295   BUTTON_START_TRADING_IN_ARTICLE_#1 scroll =>
2023-12-12 05:51:20.117130   Is BUTTON_START_TRADING_IN_ARTICLE_#1 clickable? =>
2023-12-12 05:51:20.141421   => BUTTON_START_TRADING_IN_ARTICLE_#1 is clickable
2023-12-12 05:51:20.141474   BUTTON_START_TRADING_IN_ARTICLE_#1 click =>
2023-12-12 05:51:20.486699   => BUTTON_START_TRADING_IN_ARTICLE_#1 clicked!

2023-12-12 05:51:20.486971   3. Assert_v4
2023-12-12 05:51:20.487091   Checking that the trading platform page has opened (v4) =>
2023-12-12 05:51:21.057438   => Current page title: Trading Platform | Capital.com
2023-12-12 05:51:21.057613   Checking that the Trading platform LOGO is present on the page =>
2023-12-12 05:51:21.567309   Checking that the Trading platform opened in LIVE mode =>
