{'width': 1280, 'height': 720}

2023-12-12 05:37:28.510124   worker_id = master

2023-12-12 05:37:28.510137   0. Allure grouping


2023-12-12 05:37:28.510274   START PRECONDITIONS =>


2023-12-12 05:37:28.510288   {'width': 1280, 'height': 720}

2023-12-12 05:37:28.511640   Set windows position at (320, 180) =>

2023-12-12 05:37:28.616692   Set resolution 1280 * 720 =>

2023-12-12 05:37:28.719335   => Resolution seted {'width': 1280, 'height': 720}

2023-12-12 05:37:32.764064   Капчи нет. Тестим дальше

2023-12-12 05:37:32.764110   Prev. Role: Reg/NoAuth

2023-12-12 05:37:32.764119   Current role: Reg/NoAuth

2023-12-12 05:37:32.764127   Prev language: es

2023-12-12 05:37:32.764135   => Current language: es

2023-12-12 05:37:32.764143   Prev country: de

2023-12-12 05:37:32.764151   => Current country: de

2023-12-12 05:37:32.764158   => THE END PRECONDITIONS

2023-12-12 05:37:32.764215   1. Arrange_v0
2023-12-12 05:37:32.767306   BUTTON_SELL_IN_CONTENT_BLOCK is located on the page? =>
2023-12-12 05:37:32.775556   => BUTTON_SELL_IN_CONTENT_BLOCK is located on the page!
2023-12-12 05:37:32.775718   Start Checking that form [Sign up] popped up on the page =>
2023-12-12 05:37:32.787407   'Sign up' form opened
2023-12-12 05:37:32.787552   Start step Close [Sign up] form =>
2023-12-12 05:37:32.857464   => 'Signup' form closed

2023-12-12 05:37:32.857727   2. Act_v0
2023-12-12 05:37:32.865943   BUTTON_SELL_IN_CONTENT_BLOCK is present? =>
2023-12-12 05:37:32.865974   => BUTTON_SELL_IN_CONTENT_BLOCK is present on the page!
2023-12-12 05:37:32.865989   BUTTON_SELL_IN_CONTENT_BLOCK scroll =>
2023-12-12 05:37:32.976832   => BUTTON_SELL_IN_CONTENT_BLOCK clicked!

2023-12-12 05:37:32.977125   3. Assert_Login_v0
2023-12-12 05:37:37.537896   'Login' form not opened
2023-12-12 05:37:37.542047   'Login' page not opened
2023-12-12 05:37:46.593560   'Login' form on trading platform not opened
2023-12-12 05:37:46.593808   Start step Check that [Sign up] form is opened
2023-12-12 05:37:46.607367   'Sign up' form opened
2023-12-12 05:37:46.607403   Assert SIGNUP_HEADER =>
2023-12-12 05:37:46.619359   Assert SIGNUP_REF_LOGIN =>
2023-12-12 05:37:46.631149   Assert SIGNUP_PRIVACY_POLICY_ALL_2 =>
2023-12-12 05:37:46.643287   => SIGNUP_PRIVACY_POLICY_ALL
2023-12-12 05:37:46.643327   => 'Signup' form is checked
