{'width': 1280, 'height': 800}

2024-04-10 00:29:52.784433   worker_id = master

2024-04-10 00:29:52.784447   0. Allure grouping v4

2024-04-10 00:29:52.784627   START PRECONDITIONS =>

2024-04-10 00:29:52.784643   => URL after prev. preconditions - https://capital.com/el
2024-04-10 00:29:52.784652   => flag_of_bug - False
2024-04-10 00:29:52.784663   => Current URL - https://capital.com/el/gbp-aud-isotimia
2024-04-10 00:29:52.789643   Current page URL = https://capital.com/el/gbp-aud-isotimia
2024-04-10 00:29:52.794681   self.link = https://capital.com/el
2024-04-10 00:29:52.794695   driver.get(https://capital.com/el) =>
2024-04-10 00:29:54.836781   => Loaded page https://capital.com/el

2024-04-10 00:29:54.841128   => Windows size - {'width': 1280, 'height': 800}
2024-04-10 00:29:54.844688   Set windows position at (0, 0) =>
2024-04-10 00:29:54.946854   Set resolution 1280 * 800 =>
2024-04-10 00:29:55.049275   => Windows size is set to {'width': 1280, 'height': 800}

2024-04-10 00:29:56.075525   Капчи нет. Идем дальше

2024-04-10 00:29:56.075614   Работа с куками =>

2024-04-10 00:29:56.075628   => не требуется

2024-04-10 00:29:56.075638   Prev. country - 'au'
2024-04-10 00:29:56.075647   Cur. country - 'au'
2024-04-10 00:29:56.075656   => Country set to 'au'

2024-04-10 00:29:56.075665   Prev. language - 'el'
2024-04-10 00:29:56.075674   Cur. language - 'el'
2024-04-10 00:29:56.075682   => Language is set to 'el'

2024-04-10 00:29:56.075691   Prev. role - 'NoAuth'
2024-04-10 00:29:56.075700   Cur. role - 'NoAuth'
2024-04-10 00:29:56.075708   => The 'NoAuth' role is set

2024-04-10 00:29:56.078369   => Current URL - https://capital.com/el

2024-04-10 00:29:56.078390   => THE END PRECONDITIONS

2024-04-10 00:29:56.078572   1. Arrange_v0
2024-04-10 00:29:56.078589   current_page = https://capital.com/el
2024-04-10 00:29:56.081064   link = https://capital.com/el/australian-dollar-us-dollar-isotimia
2024-04-10 00:29:56.083482   Current page URL = https://capital.com/el
2024-04-10 00:29:56.085905   self.link = https://capital.com/el/australian-dollar-us-dollar-isotimia
2024-04-10 00:29:56.085918   driver.get(https://capital.com/el/australian-dollar-us-dollar-isotimia) =>
2024-04-10 00:29:57.771582   => Loaded page https://capital.com/el/australian-dollar-us-dollar-isotimia
2024-04-10 00:29:57.778646   BUTTON_ADD_TO_FAVOURITE is located on the page? =>
2024-04-10 00:29:57.787274   => BUTTON_ADD_TO_FAVOURITE is located on the page!
2024-04-10 00:29:57.787489   Start Checking that form [Sign up] popped up on the page =>
2024-04-10 00:29:59.329817   '[Sign up]' form was not popped up

2024-04-10 00:29:59.330017   2. Act_v0
2024-04-10 00:29:59.335725   BUTTON_ADD_TO_FAVOURITE is present? =>
2024-04-10 00:29:59.335751   => BUTTON_ADD_TO_FAVOURITE is present on the page
2024-04-10 00:29:59.335761   BUTTON_ADD_TO_FAVOURITE scroll =>
2024-04-10 00:29:59.339070   => BUTTON_ADD_TO_FAVOURITE scrolled
2024-04-10 00:29:59.358335   BUTTON_ADD_TO_FAVOURITE is clickable? =>
2024-04-10 00:29:59.369525   BUTTON_ADD_TO_FAVOURITE CLICK =>
2024-04-10 00:29:59.407206   => BUTTON_ADD_TO_FAVOURITE clicked!
Trade instrument from element click is Australian Dollar / US Dollar
Trade instrument from Full test is Australian Dollar / US Dollar
Test element is <pages.Elements.AssertClass.AssertClass object at 0x7f8d431a5f40>

2024-04-10 00:29:59.407488   3. Assert_Login_v0
2024-04-10 00:29:59.407579   Check that 'Login' form is opened
2024-04-10 00:29:59.591738   'Login' form opened
2024-04-10 00:29:59.591801   Assert LOGIN_REF_SIGNUP =>
2024-04-10 00:29:59.605591   Assert LOGIN_CHECKBOX =>
2024-04-10 00:29:59.617489   Assert LOGIN_PASS_FORGOT =>
2024-04-10 00:29:59.628411   => 'Login' form is checked
2024-04-10 00:29:59.648089   Click 'Close' button on 'Login' form =>
2024-04-10 00:29:59.993318   => Focus moved to 'capital*com' logo
2024-04-10 00:29:59.993362   => 'Login' form closed
