


Current sort - Most traded
{'width': 1280, 'height': 800}

2024-04-10 00:59:25.518917   worker_id = master

2024-04-10 00:59:25.518930   0. Allure grouping v4

2024-04-10 00:59:25.519104   START PRECONDITIONS =>

2024-04-10 00:59:25.519119   => URL after prev. preconditions - https://capital.com/el
2024-04-10 00:59:25.519129   => flag_of_bug - True
2024-04-10 00:59:25.519139   => Current URL - https://capital.com/el/zontanes-times-emporevmaton
2024-04-10 00:59:25.524963   Current page URL = https://capital.com/el/zontanes-times-emporevmaton
2024-04-10 00:59:25.527438   self.link = https://capital.com/el
2024-04-10 00:59:25.527479   driver.get(https://capital.com/el) =>
2024-04-10 00:59:27.322096   => Loaded page https://capital.com/el

2024-04-10 00:59:27.326411   => Windows size - {'width': 1280, 'height': 800}
2024-04-10 00:59:27.327750   Set windows position at (0, 0) =>
2024-04-10 00:59:27.430226   Set resolution 1280 * 800 =>
2024-04-10 00:59:27.532753   => Windows size is set to {'width': 1280, 'height': 800}

2024-04-10 00:59:28.567487   Капчи нет. Идем дальше

2024-04-10 00:59:28.567577   Работа с куками =>

2024-04-10 00:59:28.567591   => не требуется

2024-04-10 00:59:28.567600   Prev. country - 'au'
2024-04-10 00:59:28.567609   Cur. country - 'au'
2024-04-10 00:59:28.567618   => Country set to 'au'

2024-04-10 00:59:28.567627   Prev. language - 'el'
2024-04-10 00:59:28.567636   Cur. language - 'el'
2024-04-10 00:59:28.567644   => Language is set to 'el'

2024-04-10 00:59:28.567653   Prev. role - 'NoAuth'
2024-04-10 00:59:28.567662   Cur. role - 'NoAuth'
2024-04-10 00:59:28.567670   => The 'NoAuth' role is set

2024-04-10 00:59:28.570393   => Current URL - https://capital.com/el

2024-04-10 00:59:28.570414   => THE END PRECONDITIONS

2024-04-10 00:59:28.570625   START Open "Markets" menu, "Commodities" submenu =>

2024-04-10 00:59:28.570647   1. Cur URL = https://capital.com/el

2024-04-10 00:59:28.573467   2. Link = https://capital.com/el
2024-04-10 00:59:28.573483   current_page = https://capital.com/el
2024-04-10 00:59:28.576682   link = https://capital.com/el
2024-04-10 00:59:29.085533   => 'Markets' menu is present
2024-04-10 00:59:29.098976   => 'Markets' menu is visible
2024-04-10 00:59:30.372578   => Focus moved to 'Markets' menu
2024-04-10 00:59:30.378392   => 'Markets > Commodities' submenu is present
2024-04-10 00:59:32.205371   => Focus moved to 'capital*com' logo

2024-04-10 00:59:32.205414   3. Cur URL = https://capital.com/el/zontanes-times-emporevmaton

2024-04-10 00:59:32.210891   1. Arrange for TABLE_TRADING_INSTRUMENTS and 'Most traded' cur_sort
2024-04-10 00:59:32.210912   current_page = https://capital.com/el/zontanes-times-emporevmaton
2024-04-10 00:59:32.213399   link = https://capital.com/el/zontanes-times-emporevmaton
2024-04-10 00:59:32.215835   TABLE_TRADING_INSTRUMENTS present on this page? =>
2024-04-10 00:59:32.223925   => TABLE_TRADING_INSTRUMENTS is present on the page!
2024-04-10 00:59:32.223948   IS FIELD_DROPDOWN_SORT present in the Live prices table? =>
2024-04-10 00:59:32.230967   =>  FIELD_DROPDOWN_SORT is present in the table!
2024-04-10 00:59:32.230989   Start scroll and click FIELD_DROPDOWN_SORT =>
2024-04-10 00:59:32.322792   Is item_sort_list visible on the FIELD_DROPDOWN_SORT ? =>
2024-04-10 00:59:32.346940   => item_sort_list is visible on the FIELD_DROPDOWN_SORT!
2024-04-10 00:59:32.346980   Is cur_sort "Most traded" present in item_sort_list? =>
2024-04-10 00:59:32.356106   => cur_sort "Most traded" is present in item_sort_list!
2024-04-10 00:59:32.356135   Start click cur_sort "Most traded" =>
2024-04-10 00:59:32.996585   => End Click cur_sort "Most traded"

2024-04-10 00:59:32.996632   Buttons [Sell] is visible and sum buttons no zero? =>
2024-04-10 00:59:33.022745   => Buttons [Sell] is visible and sum buttons no zero!

2024-04-10 00:59:33.022795   Start find 1 random buttons [Sell] on cur_sort "Most traded"=>
2024-04-10 00:59:33.031256   => End find 1 random buttons [Sell] on the cur_sort "Most traded"

2024-04-10 00:59:33.031292   List of random items = [7]
2024-04-10 00:59:33.031535   2. Act for trading instrument and "Most traded" cur_sort
2024-04-10 00:59:33.049204   Start click button [Sell] =>
2024-04-10 00:59:33.059659   =>   BUTTON_SELL on item with ID = '7092687517865156' is present
2024-04-10 00:59:33.059690   BUTTON_SELL on item with ID = '7092687517865156' scroll into view =>
2024-04-10 00:59:33.062898   => BUTTON_SELL on item with ID = '7092687517865156' scrolled into view
2024-04-10 00:59:33.062919   Check that BUTTON_SELL with item 'US Coffee Arabica Spot' clickable =>
2024-04-10 00:59:33.174852   => BUTTON_SELL is clickable
2024-04-10 00:59:33.945079   =>   BUTTON_SELL on item 'US Coffee Arabica Spot' clicked

2024-04-10 00:59:33.945329   3. Assert_Login_v0
2024-04-10 00:59:33.945451   Check that 'Login' form is opened
2024-04-10 00:59:34.130134   'Login' form opened
2024-04-10 00:59:34.130173   Assert LOGIN_REF_SIGNUP =>
2024-04-10 00:59:34.144126   Assert LOGIN_CHECKBOX =>
2024-04-10 00:59:34.157175   Assert LOGIN_PASS_FORGOT =>
2024-04-10 00:59:34.169396   => 'Login' form is checked
2024-04-10 00:59:34.192961   Click 'Close' button on 'Login' form =>
2024-04-10 00:59:34.521924   => Focus moved to 'capital*com' logo
2024-04-10 00:59:34.521969   => 'Login' form closed
