


Current sort - Top fallers
{'width': 1280, 'height': 800}

2024-05-16 08:29:32.097646   worker_id = master

2024-05-16 08:29:32.097661   0. Allure grouping v4

2024-05-16 08:29:32.097919   START PRECONDITIONS =>

2024-05-16 08:29:32.097944   => URL after prev. preconditions - https://capital.com/hu
2024-05-16 08:29:32.097959   => flag_of_bug - False
2024-05-16 08:29:32.097975   => Current URL - https://capital.com/hu/elo-valutaarfolyamok
2024-05-16 08:29:32.106083   Current page URL = https://capital.com/hu/elo-valutaarfolyamok
2024-05-16 08:29:32.108443   self.link = https://capital.com/hu
2024-05-16 08:29:32.108456   driver.get(https://capital.com/hu) =>
2024-05-16 08:29:35.398909   => Loaded page https://capital.com/hu

2024-05-16 08:29:35.403954   => Windows size - {'width': 1280, 'height': 800}
2024-05-16 08:29:35.405445   Set windows position at (0, 0) =>
2024-05-16 08:29:35.407110   Set resolution 1280 * 800 =>
2024-05-16 08:29:35.408727   => Windows size is set to {'width': 1280, 'height': 800}

2024-05-16 08:29:36.461500   Капчи нет. Идем дальше

2024-05-16 08:29:36.461593   Работа с куками =>

2024-05-16 08:29:36.461608   => не требуется

2024-05-16 08:29:36.461618   Prev. country - 'au'
2024-05-16 08:29:36.461627   Cur. country - 'au'
2024-05-16 08:29:36.461636   => Country set to 'au'

2024-05-16 08:29:36.461645   Prev. language - 'hu'
2024-05-16 08:29:36.461653   Cur. language - 'hu'
2024-05-16 08:29:36.461662   => Language is set to 'hu'

2024-05-16 08:29:36.461671   Prev. role - 'NoReg'
2024-05-16 08:29:36.461680   Cur. role - 'NoReg'
2024-05-16 08:29:36.461696   => The 'NoReg' role is set

2024-05-16 08:29:36.464845   => Current URL - https://capital.com/hu

2024-05-16 08:29:36.464876   => THE END PRECONDITIONS

2024-05-16 08:29:36.465131   START Open "Markets" menu, "Forex" submenu =>

2024-05-16 08:29:36.465154   1. Cur URL = https://capital.com/hu

2024-05-16 08:29:36.469754   2. Link = https://capital.com/hu
2024-05-16 08:29:36.469775   current_page = https://capital.com/hu
2024-05-16 08:29:36.472726   link = https://capital.com/hu
2024-05-16 08:29:36.982358   => 'Markets' menu is present
2024-05-16 08:29:36.994984   => 'Markets' menu is visible
2024-05-16 08:29:38.274853   => Focus moved to 'Markets' menu


2024-05-16 08:29:39.653769   => 'Forex' sub-menu clicked
2024-05-16 08:29:39.928444   => Focus moved to 'capital*com' logo

2024-05-16 08:29:39.928489   3. Cur URL = https://capital.com/hu/elo-valutaarfolyamok

2024-05-16 08:29:39.935918   1. Arrange for TABLE_TRADING_INSTRUMENTS and 'Top fallers' cur_sort
2024-05-16 08:29:39.935945   current_page = https://capital.com/hu/elo-valutaarfolyamok
2024-05-16 08:29:39.938432   link = https://capital.com/hu/elo-valutaarfolyamok
2024-05-16 08:29:39.940808   TABLE_TRADING_INSTRUMENTS present on this page? =>
2024-05-16 08:29:39.946329   => Trading Instrument table is present on the page!
2024-05-16 08:29:39.946352   IS FIELD_DROPDOWN_SORT present in the Live TI prices table? =>
2024-05-16 08:29:39.951243   =>  FIELD_DROPDOWN_SORT is present in the Live TI price table!
2024-05-16 08:29:39.951266   Start scroll and click FIELD_DROPDOWN_SORT =>
2024-05-16 08:29:40.062638   Is item_sort_list visible on the FIELD_DROPDOWN_SORT ? =>
2024-05-16 08:29:40.105664   => items_sort_list is visible on the FIELD_DROPDOWN_SORT!
2024-05-16 08:29:40.105706   Is cur_sort "Top fallers" present in items_sort_list? =>
2024-05-16 08:29:40.113947   => cur_sort "Top fallers" is present in item_sort_list!
2024-05-16 08:29:40.113981   Start click cur_sort item - "Top fallers"=>
2024-05-16 08:29:40.824880   => End Click cur_sort "Top fallers"

2024-05-16 08:29:40.824926   Buttons [Sell] is visible and sum buttons no zero? =>
2024-05-16 08:29:40.835351   => Buttons [Sell] is visible and sum buttons no zero!

2024-05-16 08:29:40.835397   Start find 1 random buttons [Sell] on cur_sort "Top fallers"=>
2024-05-16 08:29:40.842107   => End find 1 random buttons [Sell] on the cur_sort "Top fallers"

2024-05-16 08:29:40.842138   List of random items = [2]
2024-05-16 08:29:40.842346   2. Act for trading instrument and "Top fallers" cur_sort
2024-05-16 08:29:40.854867   Start click button [Sell] =>
2024-05-16 08:29:40.880614   =>   BUTTON_SELL on item with ID = '374675767075865' is present
2024-05-16 08:29:40.880650   BUTTON_SELL on item with ID = '374675767075865' scroll into view =>
2024-05-16 08:29:40.884564   => BUTTON_SELL on item with ID = '374675767075865' scrolled into view
2024-05-16 08:29:40.884593   Check that BUTTON_SELL with item 'USD/JPY' clickable =>
2024-05-16 08:29:40.984934   => BUTTON_SELL is clickable
2024-05-16 08:29:41.260400   =>   BUTTON_SELL on item 'USD/JPY' clicked

2024-05-16 08:29:41.260708   3. Assert_v0
2024-05-16 08:29:41.260831   Start step Check that [Sign up] form is opened
2024-05-16 08:29:41.526907   'Sign up' form opened
2024-05-16 08:29:41.526948   Assert SIGNUP_HEADER =>
2024-05-16 08:29:41.540232   Assert SIGNUP_REF_LOGIN =>
2024-05-16 08:29:41.552161   Assert SIGNUP_PRIVACY_POLICY_ALL_2 =>
2024-05-16 08:29:41.562865   => SIGNUP_PRIVACY_POLICY_ALL
2024-05-16 08:29:41.562902   => 'Signup' form is checked
2024-05-16 08:29:41.563079   Start step Close [Sign up] form =>
2024-05-16 08:29:41.623226   => 'Signup' form closed
2024-05-16 08:29:41.917673   => Focus moved to 'capital*com' logo
