{'width': 1280, 'height': 800}

2024-05-16 08:35:32.141293   worker_id = master

2024-05-16 08:35:32.141307   0. Allure grouping v4

2024-05-16 08:35:32.141509   START PRECONDITIONS =>

2024-05-16 08:35:32.141527   => URL after prev. preconditions - https://capital.com/hu
2024-05-16 08:35:32.141537   => flag_of_bug - False
2024-05-16 08:35:32.141548   => Current URL - https://capital.com/hu/usd-jpy-arfolyam
2024-05-16 08:35:32.146463   Current page URL = https://capital.com/hu/usd-jpy-arfolyam
2024-05-16 08:35:32.148811   self.link = https://capital.com/hu
2024-05-16 08:35:32.148825   driver.get(https://capital.com/hu) =>
2024-05-16 08:35:34.726987   => Loaded page https://capital.com/hu

2024-05-16 08:35:34.731286   => Windows size - {'width': 1280, 'height': 800}
2024-05-16 08:35:34.732617   Set windows position at (0, 0) =>
2024-05-16 08:35:34.735851   Set resolution 1280 * 800 =>
2024-05-16 08:35:34.737468   => Windows size is set to {'width': 1280, 'height': 800}

2024-05-16 08:35:35.781508   Капчи нет. Идем дальше

2024-05-16 08:35:35.781603   Работа с куками =>

2024-05-16 08:35:35.781617   => не требуется

2024-05-16 08:35:35.781627   Prev. country - 'au'
2024-05-16 08:35:35.781637   Cur. country - 'au'
2024-05-16 08:35:35.781646   => Country set to 'au'

2024-05-16 08:35:35.781655   Prev. language - 'hu'
2024-05-16 08:35:35.781664   Cur. language - 'hu'
2024-05-16 08:35:35.781673   => Language is set to 'hu'

2024-05-16 08:35:35.781682   Prev. role - 'NoAuth'
2024-05-16 08:35:35.781691   Cur. role - 'NoAuth'
2024-05-16 08:35:35.781699   => The 'NoAuth' role is set

2024-05-16 08:35:35.786615   => Current URL - https://capital.com/hu

2024-05-16 08:35:35.786642   => THE END PRECONDITIONS

2024-05-16 08:35:35.786844 1.Arrange_v0
2024-05-16 08:35:35.786863   current_page = https://capital.com/hu
2024-05-16 08:35:35.789392   link = https://capital.com/hu/usd-jpy-arfolyam
2024-05-16 08:35:35.791913   Current page URL = https://capital.com/hu
2024-05-16 08:35:35.794364   self.link = https://capital.com/hu/usd-jpy-arfolyam
2024-05-16 08:35:35.794378   driver.get(https://capital.com/hu/usd-jpy-arfolyam) =>
2024-05-16 08:35:37.445932   => Loaded page https://capital.com/hu/usd-jpy-arfolyam
2024-05-16 08:35:37.450413 BUTTON_NOTIFICATION is located on the page? =>
2024-05-16 08:35:37.460369   Is BUTTON_NOTIFICATION present on the page? =>
2024-05-16 08:35:37.460399 => BUTTON_NOTIFICATION is present on the page
2024-05-16 08:35:37.460410   [Notification] button scroll =>
2024-05-16 08:35:37.463927   Start Checking that form [Sign up] popped up on the page =>
2024-05-16 08:35:39.007647   '[Sign up]' form was not popped up

2024-05-16 08:35:39.007844   2. Act_v0
2024-05-16 08:35:39.007861   Start Click 'Notification' button =>
2024-05-16 08:35:39.035612 BUTTON_NOTIFICATION is clickable =>
2024-05-16 08:35:39.070471 => BUTTON_NOTIFICATION clicked
Trade instrument from Full test is Kereskedés US Dollar / Japanese Yen CFD
Test element is <pages.Elements.AssertClass.AssertClass object at 0x7f54018badb0>

2024-05-16 08:35:39.070725   3. Assert_Login_v0
2024-05-16 08:35:39.070807   Check that 'Login' form is opened
2024-05-16 08:35:39.264705   'Login' form opened
2024-05-16 08:35:39.264747   Assert LOGIN_REF_SIGNUP =>
2024-05-16 08:35:39.276152   Assert LOGIN_CHECKBOX =>
2024-05-16 08:35:39.287836   Assert LOGIN_PASS_FORGOT =>
2024-05-16 08:35:39.297225   => 'Login' form is checked
2024-05-16 08:35:39.314804   Click 'Close' button on 'Login' form =>
2024-05-16 08:35:39.653151   => Focus moved to 'capital*com' logo
2024-05-16 08:35:39.653195   => 'Login' form closed
