{'width': 1280, 'height': 800}

2024-04-19 18:28:23.141331   worker_id = master

2024-04-19 18:28:23.141345   0. Allure grouping v4

2024-04-19 18:28:23.141530   START PRECONDITIONS =>

2024-04-19 18:28:23.141545   => URL after prev. preconditions - https://capital.com/
2024-04-19 18:28:23.141555   => flag_of_bug - False
2024-04-19 18:28:23.141566   => Current URL - https://capital.com/trade-bitcoingold
2024-04-19 18:28:23.146941   Current page URL = https://capital.com/trade-bitcoingold
2024-04-19 18:28:23.149584   self.link = https://capital.com/
2024-04-19 18:28:23.149597   driver.get(https://capital.com/) =>
2024-04-19 18:28:26.357985   => Loaded page https://capital.com/

2024-04-19 18:28:26.362808   => Windows size - {'width': 1280, 'height': 800}
2024-04-19 18:28:26.364333   Set windows position at (0, 0) =>
2024-04-19 18:28:26.469105   Set resolution 1280 * 800 =>
2024-04-19 18:28:26.571674   => Windows size is set to {'width': 1280, 'height': 800}

2024-04-19 18:28:27.622358   Капчи нет. Идем дальше

2024-04-19 18:28:27.622448   Работа с куками =>

2024-04-19 18:28:27.622461   => не требуется

2024-04-19 18:28:27.622471   Prev. country - 'au'
2024-04-19 18:28:27.622481   Cur. country - 'au'
2024-04-19 18:28:27.622490   => Country set to 'au'

2024-04-19 18:28:27.622499   Prev. language - 'en'
2024-04-19 18:28:27.622508   Cur. language - 'en'
2024-04-19 18:28:27.622517   => Language is set to 'en'

2024-04-19 18:28:27.622526   Prev. role - 'NoReg'
2024-04-19 18:28:27.622535   Cur. role - 'NoReg'
2024-04-19 18:28:27.622544   => The 'NoReg' role is set

2024-04-19 18:28:27.625568   => Current URL - https://capital.com/

2024-04-19 18:28:27.625594   => THE END PRECONDITIONS

2024-04-19 18:28:27.625783   1. Arrange_v4
2024-04-19 18:28:27.625802   current_page = https://capital.com/
2024-04-19 18:28:27.628530   link = https://capital.com/trade-bitcoingold
2024-04-19 18:28:27.631056   Current page URL = https://capital.com/
2024-04-19 18:28:27.637504   self.link = https://capital.com/trade-bitcoingold
2024-04-19 18:28:27.637523   driver.get(https://capital.com/trade-bitcoingold) =>
2024-04-19 18:28:29.410026   => Loaded page https://capital.com/trade-bitcoingold
2024-04-19 18:28:29.414867   MOST_TRADED is present? =>
2024-04-19 18:28:29.423849   => MOST_TRADED widget is present on this page
2024-04-19 18:28:29.423924   => Found 5 elements in block MOST_TRADED
2024-04-19 18:28:29.423945   Most traded widget is scroll =>
2024-04-19 18:28:29.427582   => Most traded widget is scrolled into screen center

2024-04-19 18:28:29.427619   Random indexes = [3]

2024-04-19 18:28:29.427634   Testing Most traded 1 random element with 3 index

2024-04-19 18:28:29.427784   2. Act_v4
2024-04-19 18:28:29.427876   Start Checking that form [Sign up] popped up on the page =>
2024-04-19 18:28:30.965623   '[Sign up]' form was not popped up
2024-04-19 18:28:30.979166   instrument_title = 'Ripple to US Dollar'
2024-04-19 18:28:30.984631   Selected Trade button on Most traded widget is scroll =>
2024-04-19 18:28:30.988863   Selected Trade button click for 'Ripple to US Dollar' trading instrument =>
2024-04-19 18:28:32.043174   => Selected Trade button clicked!

2024-04-19 18:28:32.043408   3. Assert_v0
2024-04-19 18:28:32.043498   Start step Check that [Sign up] form is opened
2024-04-19 18:28:32.245136   'Sign up' form opened
2024-04-19 18:28:32.245180   Assert SIGNUP_HEADER =>
2024-04-19 18:28:32.259366   Assert SIGNUP_REF_LOGIN =>
2024-04-19 18:28:32.306195   Assert SIGNUP_PRIVACY_POLICY_ALL_2 =>
2024-04-19 18:28:32.318896   => SIGNUP_PRIVACY_POLICY_ALL
2024-04-19 18:28:32.318938   => 'Signup' form is checked
2024-04-19 18:28:32.319117   Start step Close [Sign up] form =>
2024-04-19 18:28:32.391936   => 'Signup' form closed
2024-04-19 18:28:32.666610   => Focus moved to 'capital*com' logo
