{'width': 1920, 'height': 1080}

2024-10-24 23:19:14.688018   worker_id = master

2024-10-24 23:19:14.688032   0. Allure grouping for US_55


2024-10-24 23:19:14.688246   START PRECONDITIONS =>

2024-10-24 23:19:14.688264   => URL after prev. preconditions - https://capital.com/en-gb
2024-10-24 23:19:14.688274   => flag_of_bug - True
2024-10-24 23:19:14.688285   => Current URL - https://capital.com/en-gb/ways-to-trade/spread-betting
2024-10-24 23:19:14.693790   Current page URL = https://capital.com/en-gb/ways-to-trade/spread-betting
2024-10-24 23:19:14.696439   self.link = https://capital.com/en-gb
2024-10-24 23:19:14.696453   driver.get(https://capital.com/en-gb) =>
2024-10-24 23:19:15.988377   => Loaded page https://capital.com/en-gb

2024-10-24 23:19:15.992724   => Windows size: {'width': 1920, 'height': 1080}

2024-10-24 23:19:15.994119   Set windows position at (0, 0) =>

2024-10-24 23:19:15.996407   Set resolution 1920 * 1080 =>

2024-10-24 23:19:15.998051   => Resolution set {'width': 1920, 'height': 1080}

2024-10-24 23:19:15.999358   Работа с куками =>
2024-10-24 23:19:15.999372   Prev. role - 'Auth'
2024-10-24 23:19:15.999381   Current testing role - 'NoAuth'

2024-10-24 23:19:15.999390   All cookies must be delete =>
2024-10-24 23:19:16.098552   => All cookies are deleted
2024-10-24 23:19:16.098600   Current page URL = https://capital.com/en-gb
2024-10-24 23:19:16.105169   self.link = https://capital.com/en-gb
2024-10-24 23:19:16.105183   driver.get(https://capital.com/en-gb) =>
2024-10-24 23:19:17.374293   => Loaded page https://capital.com/en-gb

2024-10-24 23:19:17.378838   Step 'Click button [Accept all cookies]'
2024-10-24 23:19:17.378860   Is Visible Button [Accept all cookies]? =>
2024-10-24 23:19:18.593275   => Button [Accept all cookies] is visible
2024-10-24 23:19:19.093411   Is clickable Button [Accept all cookies] =>
2024-10-24 23:19:19.109994   => Button [Accept all cookies] is clickable
2024-10-24 23:19:19.110024   Click Button [Accept all cookies] =>
2024-10-24 23:19:19.302690   => Button [Accept all cookies] is clicked
2024-10-24 23:19:19.302737   => Accepted All Cookies

2024-10-24 23:19:19.802842   Prev. role - 'Auth'
2024-10-24 23:19:19.802908   Cur. role - 'NoAuth'

2024-10-24 23:19:19.803182   Start Authorization
2024-10-24 23:19:19.896910   => 'Login' form is opened
2024-10-24 23:19:20.081451   => "login" and "password" are inputted
2024-10-24 23:19:20.081501   Click [Continue] button on [Login] form =>
2024-10-24 23:19:20.144887   => [Continue] button on [Login] form is clicked
2024-10-24 23:19:20.144921   Set timeout = 30
2024-10-24 23:19:21.206299   => Page with 'Trading Platform | Capital.com' title opened

2024-10-24 23:19:21.206369   2. Checking that the LOGO is present on the page =>
2024-10-24 23:19:22.079140   => 'capital*com' logo is present on the current page

2024-10-24 23:19:22.079395   Start Deauthorization
2024-10-24 23:19:22.079480   Start Logout from account info menu in top bar =>
2024-10-24 23:19:22.079495   Set timeout = 15
2024-10-24 23:19:22.079507   Is visible account info icon? =>
2024-10-24 23:19:22.247038   => Account info icon is visible on this page
2024-10-24 23:19:22.247088   Account info icon is click =>
2024-10-24 23:19:22.701869   => Account info icon is clicked
2024-10-24 23:19:22.701924   Is visible logout button in account info menu? =>
2024-10-24 23:19:22.717695   => Logout button from account info menu is visible
2024-10-24 23:19:22.717731   Logout button is click =>
2024-10-24 23:19:22.754808   => Logout button from Account info menu is clicked
2024-10-24 23:19:22.754915   => Logout is OK

2024-10-24 23:19:22.754961   => The 'NoAuth' role is set

2024-10-24 23:19:22.754973   Prev. language: it
2024-10-24 23:19:22.754983   Cur. language - 'en'

2024-10-24 23:19:22.754992   Prev. country: ua
2024-10-24 23:19:22.755030   Cur. country: gb

2024-10-24 23:19:22.755182   Set "en" language and "gb" country =>
2024-10-24 23:19:22.755199   Current page URL = https://capital.com/trading/platform/
2024-10-24 23:19:22.758784   self.link = https://capital.com/en-gb
2024-10-24 23:19:22.758807   driver.get(https://capital.com/en-gb) =>
2024-10-24 23:19:24.989901   => Loaded page https://capital.com/
2024-10-24 23:19:24.995874   => Language is set to 'en'
2024-10-24 23:19:24.995891   => Country is set to 'gb'
2024-10-24 23:19:24.995900   => Current URL - https://capital.com/

2024-10-24 23:19:25.001101   => Current URL - https://capital.com/

2024-10-24 23:19:25.001123   => END PRECONDITIONS

2024-10-24 23:19:25.001302   START Open "Trading" menu, "Spread betting" submenu =>

2024-10-24 23:19:25.001319   1. Cur URL = https://capital.com/

2024-10-24 23:19:25.003913   2. Link = https://capital.com/
2024-10-24 23:19:25.003928   current_page = https://capital.com/
2024-10-24 23:19:25.006456   link = https://capital.com/
2024-10-24 23:19:30.521036   => 'Trading' menu not present in DOM
