


Current market - Forex



Current sort - Top risers
{'width': 1280, 'height': 800}

2024-04-19 14:57:56.170188   worker_id = master

2024-04-19 14:57:56.170203   0. Allure grouping v4

2024-04-19 14:57:56.170391   START PRECONDITIONS =>

2024-04-19 14:57:56.170406   => URL after prev. preconditions - https://capital.com/
2024-04-19 14:57:56.170416   => flag_of_bug - True
2024-04-19 14:57:56.170427   => Current URL - https://capital.com/eur-usd-rate
2024-04-19 14:57:56.176166   Current page URL = https://capital.com/eur-usd-rate
2024-04-19 14:57:56.178851   self.link = https://capital.com/
2024-04-19 14:57:56.178864   driver.get(https://capital.com/) =>
2024-04-19 14:57:58.084451   => Loaded page https://capital.com/

2024-04-19 14:57:58.092713   => Windows size - {'width': 1280, 'height': 800}
2024-04-19 14:57:58.094146   Set windows position at (0, 0) =>
2024-04-19 14:57:58.196497   Set resolution 1280 * 800 =>
2024-04-19 14:57:58.299093   => Windows size is set to {'width': 1280, 'height': 800}

2024-04-19 14:57:59.351237   Капчи нет. Идем дальше

2024-04-19 14:57:59.351331   Работа с куками =>

2024-04-19 14:57:59.351345   => не требуется

2024-04-19 14:57:59.351355   Prev. country - 'au'
2024-04-19 14:57:59.351364   Cur. country - 'au'
2024-04-19 14:57:59.351373   => Country set to 'au'

2024-04-19 14:57:59.351382   Prev. language - 'en'
2024-04-19 14:57:59.351392   Cur. language - 'en'
2024-04-19 14:57:59.351401   => Language is set to 'en'

2024-04-19 14:57:59.351409   Prev. role - 'Auth'
2024-04-19 14:57:59.351418   Cur. role - 'Auth'
2024-04-19 14:57:59.351427   => The 'Auth' role is set

2024-04-19 14:57:59.356899   => Current URL - https://capital.com/

2024-04-19 14:57:59.356934   => THE END PRECONDITIONS

2024-04-19 14:57:59.357146   START Open "Markets" menu, "All Markets" submenu =>

2024-04-19 14:57:59.357163   1. Cur URL = https://capital.com/

2024-04-19 14:57:59.360236   2. Link = https://capital.com/
2024-04-19 14:57:59.360253   current_page = https://capital.com/
2024-04-19 14:57:59.362797   link = https://capital.com/
2024-04-19 14:57:59.874124   => 'Markets' menu is present
2024-04-19 14:57:59.896634   => 'Markets' menu is visible
2024-04-19 14:58:01.173244   => Focus moved to 'Markets' menu
2024-04-19 14:58:01.179355   => 'Markets > All Markets' submenu is present
2024-04-19 14:58:03.009774   => Focus moved to 'capital*com' logo

2024-04-19 14:58:03.009821   3. Cur URL = https://capital.com/derivative-financial-instruments

2024-04-19 14:58:03.015239   1. Arrange for TABLE_TRADING_INSTRUMENTS and 'Top risers' cur_sort
2024-04-19 14:58:03.015261   current_page = https://capital.com/derivative-financial-instruments
2024-04-19 14:58:03.017721   link = https://capital.com/derivative-financial-instruments
2024-04-19 14:58:03.020377   TABLE_TRADING_INSTRUMENTS present on this page? =>
2024-04-19 14:58:03.026745   => TABLE_TRADING_INSTRUMENTS is present on the page!
2024-04-19 14:58:03.026774   IS MARKETS_LIST present on this page? =>
2024-04-19 14:58:03.033237   => MARKETS_LIST is present on the page!
2024-04-19 14:58:03.033265   Start scroll and click cur_market 'Forex' =>
2024-04-19 14:58:03.071022   => End Click cur_market "Forex"
2024-04-19 14:58:03.071072   IS FIELD_DROPDOWN_SORT present in the Live prices table? =>
2024-04-19 14:58:03.088962   =>  FIELD_DROPDOWN_SORT is present in the table!
2024-04-19 14:58:03.089013   Start scroll and click FIELD_DROPDOWN_SORT =>
2024-04-19 14:58:03.159425   Is item_sort_list visible on the FIELD_DROPDOWN_SORT ? =>
2024-04-19 14:58:03.175447   => item_sort_list is visible on the FIELD_DROPDOWN_SORT!
2024-04-19 14:58:03.175489   Is cur_sort "Top risers" present in item_sort_list? =>
2024-04-19 14:58:03.184014   => cur_sort "Top risers" is present in item_sort_list!
2024-04-19 14:58:03.184053   Start click cur_sort "Top risers" =>
2024-04-19 14:58:03.231987   => End Click cur_sort "Top risers"

2024-04-19 14:58:03.232029   Buttons [Buy] is visible and sum buttons no zero? =>
2024-04-19 14:58:03.240287   => Buttons [Buy] is visible and sum buttons no zero!

2024-04-19 14:58:03.240334   Start find 1 random buttons [Buy] on cur_sort "Top risers"=>
2024-04-19 14:58:03.245890   => End find 1 random buttons [Buy] on the cur_sort "Top risers"

2024-04-19 14:58:03.245920   List of random items = [2]
2024-04-19 14:58:03.246103   2. Act for trading instrument, "Top risers" cur_sort and "Forex" cur_market
2024-04-19 14:58:03.257656   Start click button [Buy] =>
2024-04-19 14:58:03.266906   =>   BUTTON_BUY on item with ID = 'None' is present
2024-04-19 14:58:03.266939   BUTTON_BUY on item with ID = 'None' scroll into view =>
2024-04-19 14:58:03.272913   => BUTTON_BUY on item with ID = 'None' scrolled into view
2024-04-19 14:58:03.272956   Check that BUTTON_BUY with item 'AUD/USD' clickable =>
2024-04-19 14:58:03.289998   => BUTTON_BUY is clickable
2024-04-19 14:58:04.059236   =>   BUTTON_BUY on item 'AUD/USD' clicked

2024-04-19 14:58:04.059500   3. Assert_v4

2024-04-19 14:58:04.059524   
2024-04-19 14:58:04.059623   Checking that the trading platform page has opened (v4) =>
2024-04-19 14:58:14.099033   Checking way # 2 =>

2024-04-19 14:58:14.099209   1. Checking that the Trading platform (or TradingView site) page has valid title =>
2024-04-19 14:58:14.101975   => The title of current page is 'EUR/JPY Chart | Euro / Japanese Yen Rate'
