{'width': 1280, 'height': 800}

2024-04-19 19:41:14.361500   worker_id = master

2024-04-19 19:41:14.361529   0. Allure grouping v4

2024-04-19 19:41:14.361898   START PRECONDITIONS =>

2024-04-19 19:41:14.361918   => URL after prev. preconditions - https://capital.com/
2024-04-19 19:41:14.361928   => flag_of_bug - False
2024-04-19 19:41:14.361947   => Current URL - https://capital.com/hindsight-bias
2024-04-19 19:41:14.381419   Current page URL = https://capital.com/hindsight-bias
2024-04-19 19:41:14.384565   self.link = https://capital.com/
2024-04-19 19:41:14.384579   driver.get(https://capital.com/) =>
2024-04-19 19:41:16.150054   => Loaded page https://capital.com/

2024-04-19 19:41:16.157345   => Windows size - {'width': 1280, 'height': 800}
2024-04-19 19:41:16.162321   Set windows position at (0, 0) =>
2024-04-19 19:41:16.264846   Set resolution 1280 * 800 =>
2024-04-19 19:41:16.367345   => Windows size is set to {'width': 1280, 'height': 800}

2024-04-19 19:41:17.385053   Капчи нет. Идем дальше

2024-04-19 19:41:17.385150   Работа с куками =>

2024-04-19 19:41:17.385164   => не требуется

2024-04-19 19:41:17.385174   Prev. country - 'au'
2024-04-19 19:41:17.385183   Cur. country - 'au'
2024-04-19 19:41:17.385192   => Country set to 'au'

2024-04-19 19:41:17.385201   Prev. language - 'en'
2024-04-19 19:41:17.385210   Cur. language - 'en'
2024-04-19 19:41:17.385219   => Language is set to 'en'

2024-04-19 19:41:17.385228   Prev. role - 'NoReg'
2024-04-19 19:41:17.385236   Cur. role - 'NoReg'
2024-04-19 19:41:17.385245   => The 'NoReg' role is set

2024-04-19 19:41:17.388602   => Current URL - https://capital.com/

2024-04-19 19:41:17.388624   => THE END PRECONDITIONS

2024-04-19 19:41:17.388810   1. Arrange_v0
2024-04-19 19:41:17.388827   current_page = https://capital.com/
2024-04-19 19:41:17.394818   link = https://capital.com/hindsight-bias
2024-04-19 19:41:17.397913   Current page URL = https://capital.com/
2024-04-19 19:41:17.400935   self.link = https://capital.com/hindsight-bias
2024-04-19 19:41:17.400948   driver.get(https://capital.com/hindsight-bias) =>
2024-04-19 19:41:19.908863   => Loaded page https://capital.com/hindsight-bias
2024-04-19 19:41:19.913890   BUTTON_CREATE_YOUR_ACCOUNT is located on the page? =>

2024-04-19 19:41:19.922672   2. Act_v0: Define of locator

2024-04-19 19:41:19.922703   2. Act_v0: Go to web element

2024-04-19 19:41:20.995449   2. Act_v0: Click web element
2024-04-19 19:41:21.028724   => BUTTON_CREATE_YOUR_ACCOUNT is clicked

2024-04-19 19:41:21.029017   3. Assert_v0
2024-04-19 19:41:21.029148   Start step Check that [Sign up] form is opened
2024-04-19 19:41:21.243101   'Sign up' form opened
2024-04-19 19:41:21.243151   Assert SIGNUP_HEADER =>
2024-04-19 19:41:21.260312   Assert SIGNUP_REF_LOGIN =>
2024-04-19 19:41:21.277176   Assert SIGNUP_PRIVACY_POLICY_ALL_2 =>
2024-04-19 19:41:21.292850   => SIGNUP_PRIVACY_POLICY_ALL
2024-04-19 19:41:21.292892   => 'Signup' form is checked
2024-04-19 19:41:21.293117   Start step Close [Sign up] form =>
2024-04-19 19:41:21.400917   => 'Signup' form closed
2024-04-19 19:41:21.674571   => Focus moved to 'capital*com' logo

2024-04-19 19:41:21.828183   *** end fixture Browser = teardown ***

