{'width': 1280, 'height': 800}

2024-04-19 19:04:55.501273   worker_id = master

2024-04-19 19:04:55.501286   0. Allure grouping v4

2024-04-19 19:04:55.501468   START PRECONDITIONS =>

2024-04-19 19:04:55.501484   => URL after prev. preconditions - https://capital.com/
2024-04-19 19:04:55.501493   => flag_of_bug - True
2024-04-19 19:04:55.501504   => Current URL - https://capital.com/parabolic-sar
2024-04-19 19:04:55.506457   Current page URL = https://capital.com/parabolic-sar
2024-04-19 19:04:55.508854   self.link = https://capital.com/
2024-04-19 19:04:55.508867   driver.get(https://capital.com/) =>
2024-04-19 19:04:57.870030   => Loaded page https://capital.com/

2024-04-19 19:04:57.874711   => Windows size - {'width': 1280, 'height': 800}
2024-04-19 19:04:57.876081   Set windows position at (0, 0) =>
2024-04-19 19:04:57.980142   Set resolution 1280 * 800 =>
2024-04-19 19:04:58.082601   => Windows size is set to {'width': 1280, 'height': 800}

2024-04-19 19:04:59.132538   Капчи нет. Идем дальше

2024-04-19 19:04:59.132634   Работа с куками =>

2024-04-19 19:04:59.132650   => не требуется

2024-04-19 19:04:59.132660   Prev. country - 'au'
2024-04-19 19:04:59.132669   Cur. country - 'au'
2024-04-19 19:04:59.132678   => Country set to 'au'

2024-04-19 19:04:59.132687   Prev. language - 'en'
2024-04-19 19:04:59.132696   Cur. language - 'en'
2024-04-19 19:04:59.132705   => Language is set to 'en'

2024-04-19 19:04:59.132714   Prev. role - 'Auth'
2024-04-19 19:04:59.132722   Cur. role - 'Auth'
2024-04-19 19:04:59.132731   => The 'Auth' role is set

2024-04-19 19:04:59.135850   => Current URL - https://capital.com/

2024-04-19 19:04:59.135875   => THE END PRECONDITIONS

2024-04-19 19:04:59.135964   1. Arrange
2024-04-19 19:04:59.135979   current_page = https://capital.com/
2024-04-19 19:04:59.138632   link = https://capital.com/parabolic-sar
2024-04-19 19:04:59.141276   Current page URL = https://capital.com/
2024-04-19 19:04:59.143774   self.link = https://capital.com/parabolic-sar
2024-04-19 19:04:59.143793   driver.get(https://capital.com/parabolic-sar) =>
2024-04-19 19:05:01.196956   => Loaded page https://capital.com/parabolic-sar
2024-04-19 19:05:01.201786   Is visible BUTTON_GET_IT_ON_GOOGLE_PLAY? =>
2024-04-19 19:05:02.746557   => BUTTON_GET_IT_ON_GOOGLE_PLAY is not visible on the page!
