{'width': 1280, 'height': 800}

2024-04-19 19:19:40.665217   worker_id = master

2024-04-19 19:19:40.665231   0. Allure grouping v4

2024-04-19 19:19:40.665414   START PRECONDITIONS =>

2024-04-19 19:19:40.665430   => URL after prev. preconditions - https://capital.com/
2024-04-19 19:19:40.665439   => flag_of_bug - False
2024-04-19 19:19:40.665450   => Current URL - https://capital.com/position-trading
2024-04-19 19:19:40.670364   Current page URL = https://capital.com/position-trading
2024-04-19 19:19:40.672780   self.link = https://capital.com/
2024-04-19 19:19:40.672794   driver.get(https://capital.com/) =>
2024-04-19 19:19:42.548503   => Loaded page https://capital.com/

2024-04-19 19:19:42.553107   => Windows size - {'width': 1280, 'height': 800}
2024-04-19 19:19:42.554497   Set windows position at (0, 0) =>
2024-04-19 19:19:42.656724   Set resolution 1280 * 800 =>
2024-04-19 19:19:42.762127   => Windows size is set to {'width': 1280, 'height': 800}

2024-04-19 19:19:43.807516   Капчи нет. Идем дальше

2024-04-19 19:19:43.807607   Работа с куками =>

2024-04-19 19:19:43.807621   => не требуется

2024-04-19 19:19:43.807631   Prev. country - 'au'
2024-04-19 19:19:43.807640   Cur. country - 'au'
2024-04-19 19:19:43.807649   => Country set to 'au'

2024-04-19 19:19:43.807658   Prev. language - 'en'
2024-04-19 19:19:43.807667   Cur. language - 'en'
2024-04-19 19:19:43.807676   => Language is set to 'en'

2024-04-19 19:19:43.807685   Prev. role - 'Auth'
2024-04-19 19:19:43.807693   Cur. role - 'Auth'
2024-04-19 19:19:43.807702   => The 'Auth' role is set

2024-04-19 19:19:43.813185   => Current URL - https://capital.com/

2024-04-19 19:19:43.813208   => THE END PRECONDITIONS

2024-04-19 19:19:43.813272   1. Arrange
2024-04-19 19:19:43.813298   current_page = https://capital.com/
2024-04-19 19:19:43.816011   link = https://capital.com/position-trading
2024-04-19 19:19:43.818706   Current page URL = https://capital.com/
2024-04-19 19:19:43.821546   self.link = https://capital.com/position-trading
2024-04-19 19:19:43.821559   driver.get(https://capital.com/position-trading) =>
2024-04-19 19:19:45.815787   => Loaded page https://capital.com/position-trading
2024-04-19 19:19:45.820136   Is visible BUTTON_GET_IT_ON_GOOGLE_PLAY? =>
2024-04-19 19:19:45.834605   => BUTTON_GET_IT_ON_GOOGLE_PLAY is visible on the page!

2024-04-19 19:19:45.834766   2. Act
2024-04-19 19:19:45.842253   1 checking element(s) with current CSS locator is(are) present(s) on this page
2024-04-19 19:19:45.931096   => BUTTON_GET_IT_ON_GOOGLE_PLAY IS CLICKED

2024-04-19 19:19:45.931340   3. Assert_v0
2024-04-19 19:19:45.931434   Checking that the Google Play page has opened

Bug: Bid:11.03.04.00_05-en.au.Auth

2024-04-19 19:19:47.016986   Проверка бага в таблице ретеста  =>

2024-04-19 19:19:47.718309   4. Fixing one row check results into Google Sheet Bugs Report =>
1 cells updated.
2024-04-19 19:19:48.066354   => 4. One row check results into Google Sheet Bugs Report fixed

2024-04-19 19:19:49.892001   4. Fixing one row check results into Google Sheet Bugs Report =>
1 cells updated.
2024-04-19 19:19:50.097769   => 4. One row check results into Google Sheet Bugs Report fixed

2024-04-19 19:19:50.099650   Баг Bid:11.03.04.00_05-en.au.Auth-03 обнаружен ранее и уже находится в 'Bugs Report Auto detect'
