{'width': 1280, 'height': 720}

2024-01-25 06:31:30.448358   worker_id = master

2024-01-25 06:31:30.448373   0. Allure grouping v4


2024-01-25 06:31:30.448535   START PRECONDITIONS =>


2024-01-25 06:31:30.448549   {'width': 1280, 'height': 720}

2024-01-25 06:31:30.450271   Set windows position at (0, 0) =>

2024-01-25 06:31:30.556758   Set resolution 1280 * 720 =>

2024-01-25 06:31:30.659323   => Resolution seted {'width': 1280, 'height': 720}

2024-01-25 06:31:35.662564   Капчи нет. Тестим дальше

2024-01-25 06:31:35.662649   Prev. Role: Auth

2024-01-25 06:31:35.662662   Current role: Auth

2024-01-25 06:31:35.662671   Prev language: ro

2024-01-25 06:31:35.662680   => Current language: ro

2024-01-25 06:31:35.662687   Prev country: ae

2024-01-25 06:31:35.662695   => Current country: ae

2024-01-25 06:31:35.662703   => THE END PRECONDITIONS
2024-01-25 06:31:36.168819   => Education menu is present
2024-01-25 06:31:36.184141   => Education menu is visible
2024-01-25 06:31:37.447939   => Education menu focus moved
2024-01-25 06:31:38.879167
2024-01-25 06:31:38.879212   Trading courses include 22 child items for random select
2024-01-25 06:31:38.882559   k = 5 - https://capital.com/ro/piata-de-actiuni
2024-01-25 06:31:38.885246   k = 10 - https://capital.com/ro/ce-este-piata-derivatelor
2024-01-25 06:31:38.887907   k = 21 - https://capital.com/ro/intrebari-despre-riscul-de-tranzactionare
2024-01-25 06:31:38.888014   The file of hrefs contains the following URLs:
2024-01-25 06:31:38.888030   https://capital.com/ro/piata-de-actiuni
2024-01-25 06:31:38.888040   https://capital.com/ro/ce-este-piata-derivatelor
2024-01-25 06:31:38.888048   https://capital.com/ro/intrebari-despre-riscul-de-tranzactionare
2024-01-25 06:31:38.888082   Test data include 3 item(s)
2024-01-25 06:31:38.888093   The test coverage = 13.636363636363635 %
