{'width': 1280, 'height': 800}

2024-05-08 05:59:22.535311   worker_id = master

2024-05-08 05:59:22.535325   0. Allure grouping v4

2024-05-08 05:59:22.535503   START PRECONDITIONS =>

2024-05-08 05:59:22.535519   => URL after prev. preconditions - https://capital.com/fr
2024-05-08 05:59:22.535528   => flag_of_bug - False
2024-05-08 05:59:22.535538   => Current URL - https://capital.com/fr/apple-inc-prix-d-une-action
2024-05-08 05:59:22.540447   Current page URL = https://capital.com/fr/apple-inc-prix-d-une-action
2024-05-08 05:59:22.542874   self.link = https://capital.com/fr
2024-05-08 05:59:22.542888   driver.get(https://capital.com/fr) =>
2024-05-08 05:59:24.293616   => Loaded page https://capital.com/fr

2024-05-08 05:59:24.299769   => Windows size - {'width': 1280, 'height': 800}
2024-05-08 05:59:24.301081   Set windows position at (0, 0) =>
2024-05-08 05:59:24.302672   Set resolution 1280 * 800 =>
2024-05-08 05:59:24.304229   => Windows size is set to {'width': 1280, 'height': 800}

2024-05-08 05:59:25.339399   Капчи нет. Идем дальше

2024-05-08 05:59:25.339483   Работа с куками =>

2024-05-08 05:59:25.339497   => не требуется

2024-05-08 05:59:25.339506   Prev. country - 'ae'
2024-05-08 05:59:25.339516   Cur. country - 'ae'
2024-05-08 05:59:25.339525   => Country set to 'ae'

2024-05-08 05:59:25.339534   Prev. language - 'fr'
2024-05-08 05:59:25.339542   Cur. language - 'fr'
2024-05-08 05:59:25.339551   => Language is set to 'fr'

2024-05-08 05:59:25.339559   Prev. role - 'NoAuth'
2024-05-08 05:59:25.339568   Cur. role - 'NoAuth'
2024-05-08 05:59:25.339576   => The 'NoAuth' role is set

2024-05-08 05:59:25.342299   => Current URL - https://capital.com/fr

2024-05-08 05:59:25.342320   => THE END PRECONDITIONS

2024-05-08 05:59:25.342532 1.Arrange_v0
2024-05-08 05:59:25.342549   current_page = https://capital.com/fr
2024-05-08 05:59:25.346849   link = https://capital.com/fr/apple-inc-prix-d-une-action
2024-05-08 05:59:25.349301   Current page URL = https://capital.com/fr
2024-05-08 05:59:25.351723   self.link = https://capital.com/fr/apple-inc-prix-d-une-action
2024-05-08 05:59:25.351736   driver.get(https://capital.com/fr/apple-inc-prix-d-une-action) =>
2024-05-08 05:59:27.133296   => Loaded page https://capital.com/fr/apple-inc-prix-d-une-action
2024-05-08 05:59:27.137725 BUTTON_NOTIFICATION is located on the page? =>
2024-05-08 05:59:27.147940   Is BUTTON_NOTIFICATION present on the page? =>
2024-05-08 05:59:27.147971 => BUTTON_NOTIFICATION is present on the page
2024-05-08 05:59:27.147986   [Notification] button scroll =>
2024-05-08 05:59:27.151336   Start Checking that form [Sign up] popped up on the page =>
2024-05-08 05:59:28.686049   '[Sign up]' form was not popped up

2024-05-08 05:59:28.686236   2. Act_v0
2024-05-08 05:59:28.686252   Start Click 'Notification' button =>
2024-05-08 05:59:28.713601 BUTTON_NOTIFICATION is clickable =>
2024-05-08 05:59:28.747960 => BUTTON_NOTIFICATION clicked
Trade instrument from Full test is Trader Apple Inc - AAPL CFD
Test element is <pages.Elements.AssertClass.AssertClass object at 0x7fe6f55dcf20>

2024-05-08 05:59:28.748248   3. Assert_Login_v0
2024-05-08 05:59:28.748347   Check that 'Login' form is opened
2024-05-08 05:59:29.008341   'Login' form opened
2024-05-08 05:59:29.008389   Assert LOGIN_REF_SIGNUP =>
2024-05-08 05:59:29.020242   Assert LOGIN_CHECKBOX =>
2024-05-08 05:59:29.030856   Assert LOGIN_PASS_FORGOT =>
2024-05-08 05:59:29.040725   => 'Login' form is checked
2024-05-08 05:59:29.059327   Click 'Close' button on 'Login' form =>
2024-05-08 05:59:29.381621   => Focus moved to 'capital*com' logo
2024-05-08 05:59:29.381663   => 'Login' form closed
