{'width': 1280, 'height': 800}

2024-05-08 05:27:55.362755   worker_id = master

2024-05-08 05:27:55.362771   0. Allure grouping v4

2024-05-08 05:27:55.362990   START PRECONDITIONS =>

2024-05-08 05:27:55.363006   => URL after prev. preconditions - https://capital.com/fr
2024-05-08 05:27:55.363015   => flag_of_bug - False
2024-05-08 05:27:55.363026   => Current URL - https://capital.com/fr

2024-05-08 05:27:55.368315   => Windows size - {'width': 1280, 'height': 800}
2024-05-08 05:27:55.369589   Set windows position at (0, 0) =>
2024-05-08 05:27:55.398138   Set resolution 1280 * 800 =>
2024-05-08 05:27:55.399999   => Windows size is set to {'width': 1280, 'height': 800}

2024-05-08 05:27:56.447196   Капчи нет. Идем дальше

2024-05-08 05:27:56.447291   Работа с куками =>

2024-05-08 05:27:56.447306   => не требуется

2024-05-08 05:27:56.447316   Prev. country - 'ae'
2024-05-08 05:27:56.447325   Cur. country - 'ae'
2024-05-08 05:27:56.447334   => Country set to 'ae'

2024-05-08 05:27:56.447343   Prev. language - 'fr'
2024-05-08 05:27:56.447351   Cur. language - 'fr'
2024-05-08 05:27:56.447360   => Language is set to 'fr'

2024-05-08 05:27:56.447368   Prev. role - 'NoReg'
2024-05-08 05:27:56.447377   Cur. role - 'NoReg'
2024-05-08 05:27:56.447386   => The 'NoReg' role is set

2024-05-08 05:27:56.450156   => Current URL - https://capital.com/fr

2024-05-08 05:27:56.450177   => THE END PRECONDITIONS

2024-05-08 05:27:56.450396   1. Arrange_v0
2024-05-08 05:27:56.450417   current_page = https://capital.com/fr
2024-05-08 05:27:56.452987   link = https://capital.com/fr
2024-05-08 05:27:56.456767   IS 'Trading experience' block present on this page? =>
2024-05-08 05:27:56.465347   => 'Trading experience' block present on this page!

2024-05-08 05:27:56.475244   IS 'Trading experience' block present on this page? =>
2024-05-08 05:27:56.504824   => 'Trading experience' block is visible on this page!

2024-05-08 05:27:56.504872   IS [Start Trading] button present on this page? =>
2024-05-08 05:27:56.515216   => [Start Trading] button present on this page!

2024-05-08 05:27:56.527826   IS [Start Trading] button present on this page? =>
2024-05-08 05:27:56.549082   => [Start Trading] button is visible on this page!

2024-05-08 05:27:56.549117   [Start Trading] button scroll =>

2024-05-08 05:27:56.552624   2. Act_v0
2024-05-08 05:27:56.552646   [Start Trading] button is clickable? =>
2024-05-08 05:27:56.579930   => [Start Trading] button is clickable!

2024-05-08 05:27:56.617724   => [Start Trading] button clicked!

2024-05-08 05:27:56.617961   3. Assert_v0
2024-05-08 05:27:56.618050   Start step Check that [Sign up] form is opened
2024-05-08 05:27:56.877065   'Sign up' form opened
2024-05-08 05:27:56.877116   Assert SIGNUP_HEADER =>
2024-05-08 05:27:56.890105   Assert SIGNUP_REF_LOGIN =>
2024-05-08 05:27:56.900180   Assert SIGNUP_PRIVACY_POLICY_ALL_2 =>
2024-05-08 05:27:56.911340   => SIGNUP_PRIVACY_POLICY_ALL
2024-05-08 05:27:56.911373   => 'Signup' form is checked
2024-05-08 05:27:56.911541   Start step Close [Sign up] form =>
2024-05-08 05:27:56.969012   => 'Signup' form closed
2024-05-08 05:27:57.257101   => Focus moved to 'capital*com' logo
