{'width': 1280, 'height': 800}

2024-05-08 05:39:43.948340   worker_id = master

2024-05-08 05:39:43.948361   0. Allure grouping v4

2024-05-08 05:39:43.948653   START PRECONDITIONS =>

2024-05-08 05:39:43.948676   => URL after prev. preconditions - https://capital.com/fr
2024-05-08 05:39:43.948691   => flag_of_bug - False
2024-05-08 05:39:43.948708   => Current URL - https://capital.com/fr/instruments-financiers-derives
2024-05-08 05:39:43.954992   Current page URL = https://capital.com/fr/instruments-financiers-derives
2024-05-08 05:39:43.957548   self.link = https://capital.com/fr
2024-05-08 05:39:43.957562   driver.get(https://capital.com/fr) =>
2024-05-08 05:39:45.657117   => Loaded page https://capital.com/fr

2024-05-08 05:39:45.663918   => Windows size - {'width': 1280, 'height': 800}
2024-05-08 05:39:45.665223   Set windows position at (0, 0) =>
2024-05-08 05:39:45.666828   Set resolution 1280 * 800 =>
2024-05-08 05:39:45.668378   => Windows size is set to {'width': 1280, 'height': 800}

2024-05-08 05:39:46.703665   Капчи нет. Идем дальше

2024-05-08 05:39:46.703755   Работа с куками =>

2024-05-08 05:39:46.703769   => не требуется

2024-05-08 05:39:46.703780   Prev. country - 'ae'
2024-05-08 05:39:46.703789   Cur. country - 'ae'
2024-05-08 05:39:46.703798   => Country set to 'ae'

2024-05-08 05:39:46.703807   Prev. language - 'fr'
2024-05-08 05:39:46.703816   Cur. language - 'fr'
2024-05-08 05:39:46.703825   => Language is set to 'fr'

2024-05-08 05:39:46.703834   Prev. role - 'NoReg'
2024-05-08 05:39:46.703843   Cur. role - 'NoReg'
2024-05-08 05:39:46.703851   => The 'NoReg' role is set

2024-05-08 05:39:46.706518   => Current URL - https://capital.com/fr

2024-05-08 05:39:46.706540   => THE END PRECONDITIONS

2024-05-08 05:39:46.706717   START Open "Markets" menu, "All Markets" submenu =>

2024-05-08 05:39:46.706732   1. Cur URL = https://capital.com/fr

2024-05-08 05:39:46.710571   2. Link = https://capital.com/fr
2024-05-08 05:39:46.710587   current_page = https://capital.com/fr
2024-05-08 05:39:46.712990   link = https://capital.com/fr
2024-05-08 05:39:47.221624   => 'Markets' menu is present
2024-05-08 05:39:47.235813   => 'Markets' menu is visible
2024-05-08 05:39:48.510538   => Focus moved to 'Markets' menu
2024-05-08 05:39:48.517197   => 'Markets > All Markets' submenu is present
2024-05-08 05:39:50.168304   => Focus moved to 'capital*com' logo

2024-05-08 05:39:50.168345   3. Cur URL = https://capital.com/fr/instruments-financiers-derives

2024-05-08 05:39:50.173606   1. Arrange_v0
2024-05-08 05:39:50.173627   current_page = https://capital.com/fr/instruments-financiers-derives
2024-05-08 05:39:50.176097   link = https://capital.com/fr/instruments-financiers-derives
2024-05-08 05:39:50.178456   BUTTON_CREATE_YOUR_ACCOUNT is located on the page? =>

2024-05-08 05:39:50.186585   2. Act_v0: Define of locator

2024-05-08 05:39:50.186606   2. Act_v0: Go to web element

2024-05-08 05:39:51.235893   2. Act_v0: Click web element
2024-05-08 05:39:51.261666   => BUTTON_CREATE_YOUR_ACCOUNT is clicked

2024-05-08 05:39:51.261879   3. Assert_v0
2024-05-08 05:39:51.261968   Start step Check that [Sign up] form is opened
2024-05-08 05:39:51.563534   'Sign up' form opened
2024-05-08 05:39:51.563584   Assert SIGNUP_HEADER =>
2024-05-08 05:39:51.573943   Assert SIGNUP_REF_LOGIN =>
2024-05-08 05:39:51.584826   Assert SIGNUP_PRIVACY_POLICY_ALL_2 =>
2024-05-08 05:39:51.596046   => SIGNUP_PRIVACY_POLICY_ALL
2024-05-08 05:39:51.596085   => 'Signup' form is checked
2024-05-08 05:39:51.596311   Start step Close [Sign up] form =>
2024-05-08 05:39:51.651522   => 'Signup' form closed
2024-05-08 05:39:51.930736   => Focus moved to 'capital*com' logo
