


Current market - Cryptocurrencies



Current sort - Top risers
{'width': 1280, 'height': 800}

2024-05-08 05:29:50.596506   worker_id = master

2024-05-08 05:29:50.596519   0. Allure grouping v4

2024-05-08 05:29:50.596702   START PRECONDITIONS =>

2024-05-08 05:29:50.596717   => URL after prev. preconditions - https://capital.com/fr
2024-05-08 05:29:50.596727   => flag_of_bug - True
2024-05-08 05:29:50.596737   => Current URL - https://capital.com/fr/us-tech-100-index
2024-05-08 05:29:50.602115   Current page URL = https://capital.com/fr/us-tech-100-index
2024-05-08 05:29:50.604681   self.link = https://capital.com/fr
2024-05-08 05:29:50.604694   driver.get(https://capital.com/fr) =>
2024-05-08 05:29:53.176413   => Loaded page https://capital.com/fr

2024-05-08 05:29:53.183266   => Windows size - {'width': 1280, 'height': 800}
2024-05-08 05:29:53.185237   Set windows position at (0, 0) =>
2024-05-08 05:29:53.186939   Set resolution 1280 * 800 =>
2024-05-08 05:29:53.188528   => Windows size is set to {'width': 1280, 'height': 800}

2024-05-08 05:29:54.225667   Капчи нет. Идем дальше

2024-05-08 05:29:54.225755   Работа с куками =>

2024-05-08 05:29:54.225769   => не требуется

2024-05-08 05:29:54.225779   Prev. country - 'ae'
2024-05-08 05:29:54.225789   Cur. country - 'ae'
2024-05-08 05:29:54.225798   => Country set to 'ae'

2024-05-08 05:29:54.225807   Prev. language - 'fr'
2024-05-08 05:29:54.225815   Cur. language - 'fr'
2024-05-08 05:29:54.225824   => Language is set to 'fr'

2024-05-08 05:29:54.225833   Prev. role - 'Auth'
2024-05-08 05:29:54.225841   Cur. role - 'Auth'
2024-05-08 05:29:54.225850   => The 'Auth' role is set

2024-05-08 05:29:54.228511   => Current URL - https://capital.com/fr

2024-05-08 05:29:54.228533   => THE END PRECONDITIONS

2024-05-08 05:29:54.228713   START Open "Markets" menu, "All Markets" submenu =>

2024-05-08 05:29:54.228729   1. Cur URL = https://capital.com/fr

2024-05-08 05:29:54.231151   2. Link = https://capital.com/fr
2024-05-08 05:29:54.231166   current_page = https://capital.com/fr
2024-05-08 05:29:54.233688   link = https://capital.com/fr
2024-05-08 05:29:54.742430   => 'Markets' menu is present
2024-05-08 05:29:54.756194   => 'Markets' menu is visible
2024-05-08 05:29:56.034038   => Focus moved to 'Markets' menu
2024-05-08 05:29:56.040157   => 'Markets > All Markets' submenu is present
2024-05-08 05:29:57.931549   => Focus moved to 'capital*com' logo

2024-05-08 05:29:57.931586   3. Cur URL = https://capital.com/fr/instruments-financiers-derives

2024-05-08 05:29:57.939427   1. Arrange for TABLE_TRADING_INSTRUMENTS and 'Top risers' cur_sort
2024-05-08 05:29:57.939454   current_page = https://capital.com/fr/instruments-financiers-derives
2024-05-08 05:29:57.941929   link = https://capital.com/fr/instruments-financiers-derives
2024-05-08 05:29:57.944348   TABLE_TRADING_INSTRUMENTS present on this page? =>
2024-05-08 05:29:57.949559   => TABLE_TRADING_INSTRUMENTS is present on the page!
2024-05-08 05:29:57.949580   IS MARKETS_LIST present on this page? =>
2024-05-08 05:29:57.954206   Start scroll to markets list =>
2024-05-08 05:29:57.958494   => MARKETS_LIST is present on the page!
2024-05-08 05:29:57.958527   Start scroll and click cur_market 'Cryptocurrencies' =>
2024-05-08 05:29:58.009562   => End Click cur_market "Cryptocurrencies"
2024-05-08 05:29:58.009613   IS FIELD_DROPDOWN_SORT present in the Live prices table? =>
2024-05-08 05:29:58.037430   =>  FIELD_DROPDOWN_SORT is present in the table!
2024-05-08 05:29:58.037484   Start scroll and click FIELD_DROPDOWN_SORT =>
2024-05-08 05:29:58.075611   Is item_sort_list visible on the FIELD_DROPDOWN_SORT ? =>
2024-05-08 05:29:58.093238   => item_sort_list is visible on the FIELD_DROPDOWN_SORT!
2024-05-08 05:29:58.093269   Is cur_sort "Top risers" present in item_sort_list? =>
2024-05-08 05:29:58.102107   => cur_sort "Top risers" is present in item_sort_list!
2024-05-08 05:29:58.102142   Start click cur_sort "Top risers" =>
2024-05-08 05:29:58.131544   => End Click cur_sort "Top risers"

2024-05-08 05:29:58.131583   Buttons [Sell] is visible and sum buttons no zero? =>
2024-05-08 05:29:58.261589   => Buttons [Sell] is visible and sum buttons no zero!

2024-05-08 05:29:58.261641   Start find 1 random buttons [Sell] on cur_sort=>
2024-05-08 05:29:58.269130   => End find 1 random buttons [Sell] on the cur_sort "Top risers"

2024-05-08 05:29:58.269166   List of random items = [3]
2024-05-08 05:29:58.269351   2. Act for trading instrument, cur_market Cryptocurrencies and "Top risers" cur_sort
2024-05-08 05:29:58.287091   Start click button [Sell] =>
2024-05-08 05:29:58.295511   Check that BUTTON_SELL with item 'BTC/USD' clickable =>
2024-05-08 05:29:58.314654   => BUTTON_SELL is clickable
2024-05-08 05:29:59.174756   =>   BUTTON_SELL on item 'BTC/USD' clicked

2024-05-08 05:29:59.175128   3. Assert_v4

2024-05-08 05:29:59.175161   
2024-05-08 05:29:59.175332   Checking that the trading platform page has opened (v4) =>
2024-05-08 05:29:59.181533   Checking way # 1 => 

2024-05-08 05:29:59.181656   1. Checking that the Trading platform (or TradingView site) page has valid title =>
2024-05-08 05:29:59.184655   => The title of current page is 'Trading Platform | Capital.com'

2024-05-08 05:29:59.184738   2. Checking that the LOGO is present on the page =>
2024-05-08 05:30:00.855644   => 'capital*com' logo is present on the current page

2024-05-08 05:30:00.855698   tpd = False

2024-05-08 05:30:00.855718   4. Check that opened page with https://capital.com/trading/platform/ url
with selected corresponding trading instrument 'BTC/USD' =>

2024-05-08 05:30:00.863231   trade_instrument = 'BTC/USD'

2024-05-08 05:30:00.863243   4.1. Check that Trading Platform is opened in Chart mode
2024-05-08 05:30:01.905304   => Bug # 14. Trading platform opened, but not Chart mode
Bid: Bid:01.01.00_001-fr.ae.Auth

2024-05-08 05:30:01.905348   Проверка бага в таблице ретеста  =>

2024-05-08 05:30:02.411851   4. Fixing one row check results into Google Sheet Bugs Report =>
1 cells updated.
2024-05-08 05:30:02.762291   => 4. One row check results into Google Sheet Bugs Report fixed

2024-05-08 05:30:04.452466   4. Fixing one row check results into Google Sheet Bugs Report =>
1 cells updated.
2024-05-08 05:30:04.847592   => 4. One row check results into Google Sheet Bugs Report fixed

2024-05-08 05:30:04.849484   Баг Bid:01.01.00_001-fr.ae.Auth-14 обнаружен ранее и уже находится в 'Bugs Report Auto detect'
