{'width': 1280, 'height': 800}

2024-05-08 05:59:14.918730   worker_id = master

2024-05-08 05:59:14.918744   0. Allure grouping v4

2024-05-08 05:59:14.918922   START PRECONDITIONS =>

2024-05-08 05:59:14.918937   => URL after prev. preconditions - https://capital.com/fr
2024-05-08 05:59:14.918947   => flag_of_bug - False
2024-05-08 05:59:14.918957   => Current URL - https://capital.com/fr/apple-inc-prix-d-une-action
2024-05-08 05:59:14.924073   Current page URL = https://capital.com/fr/apple-inc-prix-d-une-action
2024-05-08 05:59:14.926672   self.link = https://capital.com/fr
2024-05-08 05:59:14.926685   driver.get(https://capital.com/fr) =>
2024-05-08 05:59:16.681014   => Loaded page https://capital.com/fr

2024-05-08 05:59:16.685344   => Windows size - {'width': 1280, 'height': 800}
2024-05-08 05:59:16.686682   Set windows position at (0, 0) =>
2024-05-08 05:59:16.688323   Set resolution 1280 * 800 =>
2024-05-08 05:59:16.689899   => Windows size is set to {'width': 1280, 'height': 800}

2024-05-08 05:59:17.726670   Капчи нет. Идем дальше

2024-05-08 05:59:17.726760   Работа с куками =>

2024-05-08 05:59:17.726774   => не требуется

2024-05-08 05:59:17.726783   Prev. country - 'ae'
2024-05-08 05:59:17.726792   Cur. country - 'ae'
2024-05-08 05:59:17.726801   => Country set to 'ae'

2024-05-08 05:59:17.726810   Prev. language - 'fr'
2024-05-08 05:59:17.726819   Cur. language - 'fr'
2024-05-08 05:59:17.726828   => Language is set to 'fr'

2024-05-08 05:59:17.726836   Prev. role - 'NoAuth'
2024-05-08 05:59:17.726845   Cur. role - 'NoAuth'
2024-05-08 05:59:17.726854   => The 'NoAuth' role is set

2024-05-08 05:59:17.731296   => Current URL - https://capital.com/fr

2024-05-08 05:59:17.731318   => THE END PRECONDITIONS

2024-05-08 05:59:17.731362   1. Arrange_v0
2024-05-08 05:59:17.731377   current_page = https://capital.com/fr
2024-05-08 05:59:17.734023   link = https://capital.com/fr/apple-inc-prix-d-une-action
2024-05-08 05:59:17.736402   Current page URL = https://capital.com/fr
2024-05-08 05:59:17.738770   self.link = https://capital.com/fr/apple-inc-prix-d-une-action
2024-05-08 05:59:17.738783   driver.get(https://capital.com/fr/apple-inc-prix-d-une-action) =>
2024-05-08 05:59:20.268686   => Loaded page https://capital.com/fr/apple-inc-prix-d-une-action
2024-05-08 05:59:20.272968   BUTTON_SELL is located on the page? =>
2024-05-08 05:59:20.283263   => BUTTON_SELL is located on the page!
2024-05-08 05:59:20.283434   Start Checking that form [Sign up] popped up on the page =>
2024-05-08 05:59:21.818994   '[Sign up]' form was not popped up

2024-05-08 05:59:21.819178   2. Act_v0
2024-05-08 05:59:21.824469   BUTTON_SELL is present? =>
2024-05-08 05:59:21.824492   => BUTTON_SELL is present on the page
2024-05-08 05:59:21.824501   BUTTON_SELL scroll =>
2024-05-08 05:59:21.829739   => BUTTON_SELL scrolled
2024-05-08 05:59:21.851605   BUTTON_SELL is clickable? =>
2024-05-08 05:59:21.860980   BUTTON_SELL CLICK =>
2024-05-08 05:59:21.892715   => BUTTON_SELL clicked!

2024-05-08 05:59:21.892930   3. Assert_Login_v0
2024-05-08 05:59:21.893014   Check that 'Login' form is opened
2024-05-08 05:59:22.150534   'Login' form opened
2024-05-08 05:59:22.150570   Assert LOGIN_REF_SIGNUP =>
2024-05-08 05:59:22.160893   Assert LOGIN_CHECKBOX =>
2024-05-08 05:59:22.172272   Assert LOGIN_PASS_FORGOT =>
2024-05-08 05:59:22.183509   => 'Login' form is checked
2024-05-08 05:59:22.202710   Click 'Close' button on 'Login' form =>
2024-05-08 05:59:22.530121   => Focus moved to 'capital*com' logo
2024-05-08 05:59:22.530163   => 'Login' form closed
