{'width': 1280, 'height': 800}

2024-03-27 16:37:15.483185   worker_id = master

2024-03-27 16:37:15.483202   0. Allure grouping v4


2024-03-27 16:37:15.483395   START PRECONDITIONS =>


2024-03-27 16:37:15.483410   => flag_of_bug - False

2024-03-27 16:37:15.483422   => Windows size - {'width': 1280, 'height': 800}
2024-03-27 16:37:15.484715   Set windows position at (0, 0) =>
2024-03-27 16:37:15.586824   Set resolution 1280 * 800 =>
2024-03-27 16:37:15.689038   => Windows size is set to {'width': 1280, 'height': 800}

2024-03-27 16:37:16.709816   Капчи нет. Идем дальше

2024-03-27 16:37:16.709904   Работа с куками

2024-03-27 16:37:16.709917   => Prev. country - 'de'
2024-03-27 16:37:16.709927   => Country set to 'de'

2024-03-27 16:37:16.709936   => Prev. language - 'ar'
2024-03-27 16:37:16.709945   => Language is set to 'ar'

2024-03-27 16:37:16.709954   => Prev. role - 'NoReg'
2024-03-27 16:37:16.709962   => The 'NoReg' role is set

2024-03-27 16:37:16.712835   => THE END PRECONDITIONS

2024-03-27 16:37:16.712888   1. Arrange_v0
2024-03-27 16:37:16.712902   current_page = https://capital.com/ar/soybean-oil-spot-sl-t
2024-03-27 16:37:16.715384   link = https://capital.com/ar/soybean-oil-spot-sl-t
2024-03-27 16:37:16.717841   BUTTON_BUY is located on the page? =>
2024-03-27 16:37:16.725427   => BUTTON_BUY is located on the page!
2024-03-27 16:37:16.725573   Start Checking that form [Sign up] popped up on the page =>
2024-03-27 16:37:18.253418   '[Sign up]' form was not popped up

2024-03-27 16:37:18.253604   2. Act_v0
2024-03-27 16:37:18.259073   BUTTON_BUY is present? =>
2024-03-27 16:37:18.259094   => BUTTON_BUY is present on the page
2024-03-27 16:37:18.259104   BUTTON_BUY scroll =>
2024-03-27 16:37:18.262510   => BUTTON_BUY scrolled
2024-03-27 16:37:18.267439   BUTTON_BUY is clickable? =>
2024-03-27 16:37:23.340381   => BUTTON_BUY is not clickable more then 5 sec.
