


Current test role - NoReg
{'width': 1280, 'height': 720}

2023-12-26 04:37:57.290568   worker_id = master

2023-12-26 04:37:57.290582   0. Allure grouping v4


2023-12-26 04:37:57.290726   START PRECONDITIONS =>


2023-12-26 04:37:57.290765   {'width': 1280, 'height': 720}

2023-12-26 04:37:57.291998   Set windows position at (320, 180) =>

2023-12-26 04:37:57.394228   Set resolution 1280 * 720 =>

2023-12-26 04:37:57.496365   => Resolution seted {'width': 1280, 'height': 720}

2023-12-26 04:38:01.551270   Капчи нет. Тестим дальше

2023-12-26 04:38:01.551315   Prev. Role: NoAuth

2023-12-26 04:38:01.551324   Run preconditions: set "NoReg" Role =>
2023-12-26 04:38:02.041701   Load page https://capital.com

2023-12-26 04:38:02.348139   => All cookies are deleted
2023-12-26 04:38:02.851319   Load page https://capital.com

2023-12-26 04:38:02.851524   Click button [Accept all cookies]
2023-12-26 04:38:02.851544   Is Visible BUTTON_ACCEPT_ALL_COOKIE? =>
2023-12-26 04:38:06.813359   Find BUTTON_ACCEPT_ALL_COOKIE =>
2023-12-26 04:38:06.821880   => BUTTON_ACCEPT_ALL_COOKIE presented
2023-12-26 04:38:06.821908   Is clickable BUTTON_ACCEPT_ALL_COOKIE? =>
2023-12-26 04:38:06.834251   Click BUTTON_ACCEPT_ALL_COOKIE =>
2023-12-26 04:38:07.874155   => BUTTON_ACCEPT_ALL_COOKIE is clicked
2023-12-26 04:38:07.874195   => Accepted All Cookies

2023-12-26 04:38:08.874486   Current role: NoReg

2023-12-26 04:38:08.874547   Prev language: ?

2023-12-26 04:38:08.874563   Run preconditions: set "de" language =>


2023-12-26 04:38:08.887829   => Language and Country menu is present


2023-12-26 04:38:08.904475   => Language and Country menu is visible


2023-12-26 04:38:10.680657   => Focus is moved on Language and Country menu 

2023-12-26 04:38:12.136018   => Current language: de

2023-12-26 04:38:12.136063   Prev country: ?

2023-12-26 04:38:12.136072   Run preconditions: set "de" country =>


2023-12-26 04:38:12.141752   => Language and Country menu is present


2023-12-26 04:38:12.159338   => Language and Country menu is visible


2023-12-26 04:38:13.930414   => Focus is moved on Language and Country menu 

2023-12-26 04:38:17.086408   => Current country: de

2023-12-26 04:38:17.086452   => THE END PRECONDITIONS

2023-12-26 04:38:17.086494   1. Arrange_v0
2023-12-26 04:38:18.015928   Load page https://capital.com/de/trade-gold
2023-12-26 04:38:18.211478   BUTTON_START_TRADING scroll =>
2023-12-26 04:38:18.271575   BUTTON_START_TRADING is visible? =>
2023-12-26 04:38:18.350227   => BUTTON_START_TRADING is visible on the page!

2023-12-26 04:38:18.350396   2. Act_v0
2023-12-26 04:38:18.350410   Start Click button [Start Trading] =>
2023-12-26 04:38:18.355595   BUTTON_START_TRADING is clickable? =>
2023-12-26 04:38:18.369564   BUTTON_START_TRADING click =>
2023-12-26 04:38:18.434700   => BUTTON_START_TRADING clicked

2023-12-26 04:38:18.435350   3. Assert_v0
2023-12-26 04:38:18.435451   Start step Check that [Sign up] form is opened
2023-12-26 04:38:18.618147   'Sign up' form opened
2023-12-26 04:38:18.618188   Assert SIGNUP_HEADER =>
2023-12-26 04:38:18.636641   Assert SIGNUP_REF_LOGIN =>
2023-12-26 04:38:18.659411   Assert SIGNUP_PRIVACY_POLICY_ALL_2 =>
2023-12-26 04:38:18.720194   => SIGNUP_PRIVACY_POLICY_ALL
2023-12-26 04:38:18.720233   => 'Signup' form is checked
2023-12-26 04:38:18.720389   Start step Close [Sign up] form =>
2023-12-26 04:38:18.805171   => 'Signup' form closed
