{'width': 1280, 'height': 720}

2023-12-26 03:36:19.119069   worker_id = master

2023-12-26 03:36:19.119083   0. Allure grouping v4


2023-12-26 03:36:19.119231   START PRECONDITIONS =>


2023-12-26 03:36:19.119245   {'width': 1280, 'height': 720}

2023-12-26 03:36:19.120488   Set windows position at (320, 180) =>

2023-12-26 03:36:19.222554   Set resolution 1280 * 720 =>

2023-12-26 03:36:19.324687   => Resolution seted {'width': 1280, 'height': 720}

2023-12-26 03:36:23.330619   Капчи нет. Тестим дальше

2023-12-26 03:36:23.330665   Prev. Role: NoAuth

2023-12-26 03:36:23.330675   Current role: NoAuth

2023-12-26 03:36:23.330684   Prev language: de

2023-12-26 03:36:23.330692   => Current language: de

2023-12-26 03:36:23.330699   Prev country: de

2023-12-26 03:36:23.330707   => Current country: de

2023-12-26 03:36:23.330715   => THE END PRECONDITIONS

2023-12-26 03:36:23.330800   1. Arrange_v0
2023-12-26 03:36:23.333767   BUTTON_CREATE_YOUR_ACCOUNT is located on the page? =>

2023-12-26 03:36:23.341464   2. Act_v0
2023-12-26 03:36:23.439835   => BUTTON_CREATE_YOUR_ACCOUNT is clicked

2023-12-26 03:36:23.440113   3. Assert_v0
2023-12-26 03:36:23.440221   Start step Check that [Sign up] form is opened
2023-12-26 03:36:23.457961   'Sign up' form opened
2023-12-26 03:36:23.457999   Assert SIGNUP_HEADER =>
2023-12-26 03:36:23.474240   Assert SIGNUP_REF_LOGIN =>
2023-12-26 03:36:23.489623   Assert SIGNUP_PRIVACY_POLICY_ALL_2 =>
2023-12-26 03:36:23.527500   => SIGNUP_PRIVACY_POLICY_ALL
2023-12-26 03:36:23.527551   => 'Signup' form is checked
2023-12-26 03:36:23.527754   Start step Close [Sign up] form =>
2023-12-26 03:36:23.587668   => 'Signup' form closed
