


Current test role - NoReg
{'width': 1280, 'height': 720}

2023-12-26 05:03:29.339971   worker_id = master

2023-12-26 05:03:29.339993   0. Allure grouping v4


2023-12-26 05:03:29.340231   START PRECONDITIONS =>


2023-12-26 05:03:29.340251   {'width': 1280, 'height': 720}

2023-12-26 05:03:29.345682   Set windows position at (320, 180) =>

2023-12-26 05:03:29.448125   Set resolution 1280 * 720 =>

2023-12-26 05:03:29.550577   => Resolution seted {'width': 1280, 'height': 720}

2023-12-26 05:03:33.569877   Капчи нет. Тестим дальше

2023-12-26 05:03:33.569920   Prev. Role: NoAuth

2023-12-26 05:03:33.569931   Run preconditions: set "NoReg" Role =>
2023-12-26 05:03:33.995101   Load page https://capital.com

2023-12-26 05:03:34.311924   => All cookies are deleted
2023-12-26 05:03:34.670049   Load page https://capital.com

2023-12-26 05:03:34.670292   Click button [Accept all cookies]
2023-12-26 05:03:34.670317   Is Visible BUTTON_ACCEPT_ALL_COOKIE? =>
2023-12-26 05:03:38.686606   Find BUTTON_ACCEPT_ALL_COOKIE =>
2023-12-26 05:03:38.697866   => BUTTON_ACCEPT_ALL_COOKIE presented
2023-12-26 05:03:38.697903   Is clickable BUTTON_ACCEPT_ALL_COOKIE? =>
2023-12-26 05:03:38.734315   Click BUTTON_ACCEPT_ALL_COOKIE =>
2023-12-26 05:03:39.778451   => BUTTON_ACCEPT_ALL_COOKIE is clicked
2023-12-26 05:03:39.778492   => Accepted All Cookies

2023-12-26 05:03:40.778673   Current role: NoReg

2023-12-26 05:03:40.778720   Prev language: ?

2023-12-26 05:03:40.778730   Run preconditions: set "de" language =>


2023-12-26 05:03:40.787979   => Language and Country menu is present


2023-12-26 05:03:40.801664   => Language and Country menu is visible


2023-12-26 05:03:42.569501   => Focus is moved on Language and Country menu 

2023-12-26 05:03:44.106093   => Current language: de

2023-12-26 05:03:44.106136   Prev country: ?

2023-12-26 05:03:44.106145   Run preconditions: set "de" country =>


2023-12-26 05:03:44.112262   => Language and Country menu is present


2023-12-26 05:03:44.164676   => Language and Country menu is visible


2023-12-26 05:03:45.935840   => Focus is moved on Language and Country menu 

2023-12-26 05:03:49.105478   => Current country: de

2023-12-26 05:03:49.105526   => THE END PRECONDITIONS
2023-12-26 05:03:49.145187   => Education menu is present
2023-12-26 05:03:49.196722   => Education menu is visible
2023-12-26 05:03:50.966312   => Education menu focus moved

2023-12-26 05:03:52.486478   1. Arrange_v0
2023-12-26 05:03:52.560387   BUTTON_START_TRADING scroll =>
2023-12-26 05:03:52.564077   BUTTON_START_TRADING is visible? =>
2023-12-26 05:03:52.579814   => BUTTON_START_TRADING is visible on the page!

2023-12-26 05:03:52.579957   2. Act_v0
2023-12-26 05:03:52.579971   Start Click button [Start Trading] =>
2023-12-26 05:03:52.586630   BUTTON_START_TRADING is clickable? =>
2023-12-26 05:03:52.596915   BUTTON_START_TRADING click =>
2023-12-26 05:03:52.642699   => BUTTON_START_TRADING clicked

2023-12-26 05:03:52.642983   3. Assert_v0
2023-12-26 05:03:52.643084   Start step Check that [Sign up] form is opened
2023-12-26 05:03:52.811454   'Sign up' form opened
2023-12-26 05:03:52.811491   Assert SIGNUP_HEADER =>
2023-12-26 05:03:52.828178   Assert SIGNUP_REF_LOGIN =>
2023-12-26 05:03:52.843610   Assert SIGNUP_PRIVACY_POLICY_ALL_2 =>
2023-12-26 05:03:52.887724   => SIGNUP_PRIVACY_POLICY_ALL
2023-12-26 05:03:52.887774   => 'Signup' form is checked
2023-12-26 05:03:52.887971   Start step Close [Sign up] form =>
2023-12-26 05:03:52.958612   => 'Signup' form closed
