{'width': 1280, 'height': 800}

2024-03-27 14:34:19.691331   worker_id = master

2024-03-27 14:34:19.691348   0. Allure grouping v4


2024-03-27 14:34:19.691553   START PRECONDITIONS =>


2024-03-27 14:34:19.691568   => flag_of_bug - True
2024-03-27 14:34:19.691581   Current page URL = https://capital.com/trading/platform/
2024-03-27 14:34:19.694395   self.link = https://capital.com
2024-03-27 14:34:19.694409   link = https://capital.com
2024-03-27 14:34:21.538937   => Loaded page https://capital.com/

2024-03-27 14:34:21.546034   => Windows size - {'width': 1280, 'height': 800}
2024-03-27 14:34:21.547353   Set windows position at (0, 0) =>
2024-03-27 14:34:21.649373   Set resolution 1280 * 800 =>
2024-03-27 14:34:21.751614   => Windows size is set to {'width': 1280, 'height': 800}

2024-03-27 14:34:22.785969   Капчи нет. Идем дальше

2024-03-27 14:34:22.786065   Работа с куками

2024-03-27 14:34:22.786079   => Prev. country - 'au'
2024-03-27 14:34:22.786089   => Country set to 'au'

2024-03-27 14:34:22.786098   => Prev. language - 'ar'
2024-03-27 14:34:22.786108   Set 'ar' language =>
2024-03-27 14:34:22.795752   => Language and Country menu is present
2024-03-27 14:34:22.809376   => Language and Country menu is visible
2024-03-27 14:34:24.076324   => Focus is moved on Language and Country menu 
2024-03-27 14:34:24.082659   Move focus on ar item and click =>
2024-03-27 14:34:25.720800   => Focus moved on ar item and clicked
2024-03-27 14:34:25.720847   => Cur url = https://capital.com/ar
2024-03-27 14:34:25.765259   => Language is set to 'ar'

2024-03-27 14:34:25.765287   => Prev. role - 'Auth'
2024-03-27 14:34:25.765297   => The 'Auth' role is set

2024-03-27 14:34:25.769628   => THE END PRECONDITIONS

2024-03-27 14:34:25.769837   1. Arrange_v0
2024-03-27 14:34:25.769855   current_page = https://capital.com/ar
2024-03-27 14:34:25.772254   link = https://capital.com/ar
2024-03-27 14:34:25.776700   IS 'Trading calculator' widget present on this page? =>
2024-03-27 14:34:25.784507   => 'Trading calculator' widget present on this page!

2024-03-27 14:34:25.784531   IS 'Trading calculator' widget present on this page? =>
2024-03-27 14:34:25.799989   => 'Trading calculator' widget is visible on this page!

2024-03-27 14:34:25.800015   IS [Start Trading] button present on this page? =>
2024-03-27 14:34:25.809350   => [Start Trading] button present on this page!

2024-03-27 14:34:25.809373   IS [Start Trading] button present on this page? =>
2024-03-27 14:34:25.822456   => [Start Trading] button is visible on this page!

2024-03-27 14:34:25.822484   [Start Trading] button scroll =>

2024-03-27 14:34:25.828016   2. Act_v0
2024-03-27 14:34:25.828037   [Start Trading] button is clickable? =>
2024-03-27 14:34:25.907151   => [Start Trading] button is clickable!

2024-03-27 14:34:26.144807   => [Start Trading] button clicked!

2024-03-27 14:34:26.145191   3. Assert_v4
2024-03-27 14:34:26.145386   Checking that the trading platform page has opened (v4) =>
2024-03-27 14:34:26.152754   Checking way # 1 => 

2024-03-27 14:34:26.152909   Checking that the Trading platform page has valid title =>
2024-03-27 14:34:26.156535   => The title of current page is 'Trading Platform | Capital.com'

2024-03-27 14:34:26.156713   Checking that the Trading platform LOGO is present on the page =>
2024-03-27 14:34:27.717112   => Trading platform 'capital*com' logo is present on the current page

2024-03-27 14:34:27.717206   tpd = False
2024-03-27 14:34:27.717378   Checking that the Trading platform opened in LIVE mode =>
2024-03-27 14:34:27.728335   => The page with https://capital.com/trading/platform/ url was opened in lIVE mode
2024-03-27 14:34:28.783293   => Driver.backed
