{'width': 1280, 'height': 720}

2023-12-26 05:15:48.807729   worker_id = master

2023-12-26 05:15:48.807747   0. Allure grouping v4


2023-12-26 05:15:48.807888   START PRECONDITIONS =>


2023-12-26 05:15:48.807902   {'width': 1280, 'height': 720}

2023-12-26 05:15:48.809127   Set windows position at (320, 180) =>

2023-12-26 05:15:48.911468   Set resolution 1280 * 720 =>

2023-12-26 05:15:49.014153   => Resolution seted {'width': 1280, 'height': 720}

2023-12-26 05:15:53.062627   Капчи нет. Тестим дальше

2023-12-26 05:15:53.062672   Prev. Role: NoAuth

2023-12-26 05:15:53.062682   Current role: NoAuth

2023-12-26 05:15:53.062690   Prev language: de

2023-12-26 05:15:53.062698   => Current language: de

2023-12-26 05:15:53.062705   Prev country: de

2023-12-26 05:15:53.062713   => Current country: de

2023-12-26 05:15:53.062721   => THE END PRECONDITIONS

2023-12-26 05:15:53.062804   1. Arrange_v0
2023-12-26 05:15:53.461471   Load page https://capital.com/de/akkumulation-distribution
2023-12-26 05:15:53.634813   BUTTON_START_TRADING scroll =>
2023-12-26 05:15:53.667623   BUTTON_START_TRADING is visible? =>
2023-12-26 05:15:53.727279   => BUTTON_START_TRADING is visible on the page!

2023-12-26 05:15:53.727429   2. Act_v0
2023-12-26 05:15:53.727443   Start Click button [Start Trading] =>
2023-12-26 05:15:53.732393   BUTTON_START_TRADING is clickable? =>
2023-12-26 05:15:53.743387   BUTTON_START_TRADING click =>
2023-12-26 05:15:53.785265   => BUTTON_START_TRADING clicked

2023-12-26 05:15:53.785522   3. Assert_Login_v0
2023-12-26 05:15:58.340129   'Login' form not opened
2023-12-26 05:15:58.343825   'Login' page not opened
2023-12-26 05:16:02.851670   'Login' form on trading platform not opened
2023-12-26 05:16:02.851855   Start step Check that [Sign up] form is opened
2023-12-26 05:16:02.864167   'Sign up' form opened
2023-12-26 05:16:02.864189   Assert SIGNUP_HEADER =>
2023-12-26 05:16:02.874829   Assert SIGNUP_REF_LOGIN =>
2023-12-26 05:16:02.885354   Assert SIGNUP_PRIVACY_POLICY_ALL_2 =>
2023-12-26 05:16:02.896164   => SIGNUP_PRIVACY_POLICY_ALL
2023-12-26 05:16:02.896187   => 'Signup' form is checked
