{'width': 1280, 'height': 800}

2024-04-25 21:21:28.018204   worker_id = master

2024-04-25 21:21:28.018218   0. Allure grouping v4

2024-04-25 21:21:28.018403   START PRECONDITIONS =>

2024-04-25 21:21:28.018418   => URL after prev. preconditions - https://capital.com/pl
2024-04-25 21:21:28.018427   => flag_of_bug - False
2024-04-25 21:21:28.018438   => Current URL - https://capital.com/pl/jak-jandlowac-cfd
2024-04-25 21:21:28.023944   Current page URL = https://capital.com/pl/jak-jandlowac-cfd
2024-04-25 21:21:28.026387   self.link = https://capital.com/pl
2024-04-25 21:21:28.026400   driver.get(https://capital.com/pl) =>
2024-04-25 21:21:29.797379   => Loaded page https://capital.com/pl

2024-04-25 21:21:29.801819   => Windows size - {'width': 1280, 'height': 800}
2024-04-25 21:21:29.803156   Set windows position at (0, 0) =>
2024-04-25 21:21:29.804767   Set resolution 1280 * 800 =>
2024-04-25 21:21:29.806311   => Windows size is set to {'width': 1280, 'height': 800}

2024-04-25 21:21:30.835544   Капчи нет. Идем дальше

2024-04-25 21:21:30.835631   Работа с куками =>

2024-04-25 21:21:30.835645   => не требуется

2024-04-25 21:21:30.835654   Prev. country - 'au'
2024-04-25 21:21:30.835663   Cur. country - 'au'
2024-04-25 21:21:30.835672   => Country set to 'au'

2024-04-25 21:21:30.835681   Prev. language - 'pl'
2024-04-25 21:21:30.835690   Cur. language - 'pl'
2024-04-25 21:21:30.835698   => Language is set to 'pl'

2024-04-25 21:21:30.835707   Prev. role - 'NoAuth'
2024-04-25 21:21:30.835715   Cur. role - 'NoAuth'
2024-04-25 21:21:30.835724   => The 'NoAuth' role is set

2024-04-25 21:21:30.838335   => Current URL - https://capital.com/pl

2024-04-25 21:21:30.838356   => THE END PRECONDITIONS

2024-04-25 21:21:30.838540   1. Arrange_v0
2024-04-25 21:21:30.838558   current_page = https://capital.com/pl
2024-04-25 21:21:30.840946   link = https://capital.com/pl/jak-jandlowac-cfd
2024-04-25 21:21:30.843257   Current page URL = https://capital.com/pl
2024-04-25 21:21:30.845665   self.link = https://capital.com/pl/jak-jandlowac-cfd
2024-04-25 21:21:30.845678   driver.get(https://capital.com/pl/jak-jandlowac-cfd) =>
2024-04-25 21:21:32.588078   => Loaded page https://capital.com/pl/jak-jandlowac-cfd
2024-04-25 21:21:32.592419   BUTTON_CREATE_YOUR_ACCOUNT is located on the page? =>

2024-04-25 21:21:32.600538   2. Act_v0: Define of locator

2024-04-25 21:21:32.600570   2. Act_v0: Go to web element

2024-04-25 21:21:33.662746   2. Act_v0: Click web element
2024-04-25 21:21:33.686670   => BUTTON_CREATE_YOUR_ACCOUNT is clicked

2024-04-25 21:21:33.686880   3. Assert_v0
2024-04-25 21:21:33.686968   Start step Check that [Sign up] form is opened
2024-04-25 21:21:33.849226   'Sign up' form opened
2024-04-25 21:21:33.849275   Assert SIGNUP_HEADER =>
2024-04-25 21:21:33.859961   Assert SIGNUP_REF_LOGIN =>
2024-04-25 21:21:33.870766   Assert SIGNUP_PRIVACY_POLICY_ALL_2 =>
2024-04-25 21:21:33.881463   => SIGNUP_PRIVACY_POLICY_ALL
2024-04-25 21:21:33.881494   => 'Signup' form is checked
2024-04-25 21:21:33.881665   Start step Close [Sign up] form =>
2024-04-25 21:21:33.966651   => 'Signup' form closed
2024-04-25 21:21:34.245075   => Focus moved to 'capital*com' logo
