{'width': 1280, 'height': 800}

2024-04-25 21:40:10.760302   worker_id = master

2024-04-25 21:40:10.760316   0. Allure grouping v4

2024-04-25 21:40:10.760495   START PRECONDITIONS =>

2024-04-25 21:40:10.760510   => URL after prev. preconditions - https://capital.com/pl
2024-04-25 21:40:10.760520   => flag_of_bug - True
2024-04-25 21:40:10.760530   => Current URL - https://capital.com/trading/platform/
2024-04-25 21:40:10.765968   Current page URL = https://capital.com/trading/platform/
2024-04-25 21:40:10.768527   self.link = https://capital.com/pl
2024-04-25 21:40:10.768540   driver.get(https://capital.com/pl) =>
2024-04-25 21:40:12.814777   => Loaded page https://capital.com/pl

2024-04-25 21:40:12.821334   => Windows size - {'width': 1280, 'height': 800}
2024-04-25 21:40:12.822697   Set windows position at (0, 0) =>
2024-04-25 21:40:12.824373   Set resolution 1280 * 800 =>
2024-04-25 21:40:12.826005   => Windows size is set to {'width': 1280, 'height': 800}

2024-04-25 21:40:13.856844   Капчи нет. Идем дальше

2024-04-25 21:40:13.856926   Работа с куками =>

2024-04-25 21:40:13.856939   => не требуется

2024-04-25 21:40:13.856949   Prev. country - 'au'
2024-04-25 21:40:13.856958   Cur. country - 'au'
2024-04-25 21:40:13.856967   => Country set to 'au'

2024-04-25 21:40:13.856976   Prev. language - 'pl'
2024-04-25 21:40:13.856985   Cur. language - 'pl'
2024-04-25 21:40:13.856993   => Language is set to 'pl'

2024-04-25 21:40:13.857002   Prev. role - 'Auth'
2024-04-25 21:40:13.857010   Cur. role - 'Auth'
2024-04-25 21:40:13.857019   => The 'Auth' role is set

2024-04-25 21:40:13.859804   => Current URL - https://capital.com/pl

2024-04-25 21:40:13.859825   => THE END PRECONDITIONS

2024-04-25 21:40:13.859868   1. Arrange
2024-04-25 21:40:13.859882   current_page = https://capital.com/pl
2024-04-25 21:40:13.862282   link = https://capital.com/pl/handlowac-amazon

2024-04-25 21:40:13.864722   Open page: https://capital.com/pl/handlowac-amazon
2024-04-25 21:40:13.864744   Current page URL = https://capital.com/pl
2024-04-25 21:40:13.867175   self.link = https://capital.com/pl/handlowac-amazon
2024-04-25 21:40:13.867188   driver.get(https://capital.com/pl/handlowac-amazon) =>
2024-04-25 21:40:15.848493   => Loaded page https://capital.com/pl/handlowac-amazon
2024-04-25 21:40:15.856650   BUTTON_ON_VER_BANNER is present? =>
2024-04-25 21:40:15.864845   => BUTTON_ON_VER_BANNER is present on the page!
2024-04-25 21:40:15.864870   BUTTON_ON_VER_BANNER scroll =>
2024-04-25 21:40:15.872078   BUTTON_ON_VER_BANNER is visible? =>
2024-04-25 21:40:15.904841   => BUTTON_ON_VER_BANNER is visible on the page!
2024-04-25 21:40:15.905035   Start Checking that form [Sign up] popped up on the page =>
2024-04-25 21:40:17.453451   '[Sign up]' form was not popped up

2024-04-25 21:40:17.453648   2. Act

2024-04-25 21:40:17.475254   => Button on Vertical banner clickable

2024-04-25 21:40:17.479867   data_id = 293
2024-04-25 21:40:23.749703   => BUTTON_ON_VER_BANNER clicked!
2024-04-25 21:40:23.749828   For Vertical banner [type-id=293] Trading platform should be open in Live Mode =>

2024-04-25 21:40:23.750049   3. Assert_v4

2024-04-25 21:40:23.750075   
2024-04-25 21:40:23.750231   Checking that the trading platform page has opened (v4) =>
2024-04-25 21:40:23.765611   Checking way # 1 => 

2024-04-25 21:40:23.765784   1. Checking that the Trading platform (or TradingView site) page has valid title =>
2024-04-25 21:40:23.771861   => The title of current page is 'Trading Platform | Capital.com'

2024-04-25 21:40:23.771957   2. Checking that the LOGO is present on the page =>
2024-04-25 21:40:25.362282   => 'capital*com' logo is present on the current page

2024-04-25 21:40:25.362316   tpd = False
2024-04-25 21:40:26.635441   => Driver.backed
