Current test role - NoReg




Current market - All



Current sort - Most volatile
{'width': 1280, 'height': 800}

2024-04-25 20:01:38.410519   worker_id = master

2024-04-25 20:01:38.410538   0. Allure grouping v4

2024-04-25 20:01:38.410796   START PRECONDITIONS =>

2024-04-25 20:01:38.410812   => URL after prev. preconditions - https://capital.com/pl
2024-04-25 20:01:38.410822   => flag_of_bug - False
2024-04-25 20:01:38.410833   => Current URL - https://capital.com/pl/aktualne-ceny-waluty
2024-04-25 20:01:38.416081   Current page URL = https://capital.com/pl/aktualne-ceny-waluty
2024-04-25 20:01:38.418438   self.link = https://capital.com/pl
2024-04-25 20:01:38.418456   driver.get(https://capital.com/pl) =>
2024-04-25 20:01:40.117537   => Loaded page https://capital.com/pl

2024-04-25 20:01:40.123874   => Windows size - {'width': 1280, 'height': 800}
2024-04-25 20:01:40.125274   Set windows position at (0, 0) =>
2024-04-25 20:01:40.126906   Set resolution 1280 * 800 =>
2024-04-25 20:01:40.128577   => Windows size is set to {'width': 1280, 'height': 800}

2024-04-25 20:01:41.175292   Капчи нет. Идем дальше

2024-04-25 20:01:41.175423   Работа с куками =>
2024-04-25 20:01:41.175442   Prev. role - 'NoAuth'
2024-04-25 20:01:41.175452   Current testing role - 'NoReg'

2024-04-25 20:01:41.175461   All cookies must be delete =>
2024-04-25 20:01:41.254808   => All cookies are deleted
2024-04-25 20:01:41.254848   Current page URL = https://capital.com/pl
2024-04-25 20:01:41.257722   self.link = https://capital.com/
2024-04-25 20:01:41.257737   driver.get(https://capital.com/) =>
2024-04-25 20:01:42.724408   => Loaded page https://capital.com/

2024-04-25 20:01:42.733322   Step 'Click button [Accept all cookies]'
2024-04-25 20:01:42.733334   Is Visible Button [Accept all cookies]? =>
2024-04-25 20:01:42.746799   => Button [Accept all cookies] is visible
2024-04-25 20:01:43.246918   Is clickable Button [Accept all cookies] =>
2024-04-25 20:01:43.265193   => Button [Accept all cookies] is clickable
2024-04-25 20:01:43.265231   Click Button [Accept all cookies] =>
2024-04-25 20:01:43.418449   => Button [Accept all cookies] is clicked
2024-04-25 20:01:43.418498   => Accepted All Cookies

2024-04-25 20:01:43.918609   Prev. country - '?'
2024-04-25 20:01:43.918676   Cur. country - 'au'
2024-04-25 20:01:43.918689   Set 'au' country =>
2024-04-25 20:01:43.932318   => Language and Country menu is present
2024-04-25 20:01:43.945359   => Language and Country menu is visible
2024-04-25 20:01:45.224489   => Focus is moved on Language and Country menu 
2024-04-25 20:01:47.881686   => Cur url = https://capital.com/?country=au
2024-04-25 20:01:47.911318   => Country set to 'au'

2024-04-25 20:01:47.911346   Prev. language - '?'
2024-04-25 20:01:47.911356   Cur. language - 'pl'
2024-04-25 20:01:47.911392   Set 'pl' language =>
2024-04-25 20:01:47.922463   => Language and Country menu is present
2024-04-25 20:01:47.932481   => Language and Country menu is visible
2024-04-25 20:01:49.233169   => Focus is moved on Language and Country menu 
2024-04-25 20:01:49.244472   Move focus on pl item and click =>
2024-04-25 20:01:50.717703   => Focus moved on pl item and clicked
2024-04-25 20:01:50.717753   => Cur url = https://capital.com/pl
2024-04-25 20:01:50.761034   => Language is set to 'pl'

2024-04-25 20:01:50.761061   Prev. role - 'NoAuth'
2024-04-25 20:01:50.761071   Cur. role - 'NoReg'
2024-04-25 20:01:50.761080   => The 'NoReg' role is set

2024-04-25 20:01:50.763469   => Current URL - https://capital.com/pl

2024-04-25 20:01:50.763491   => THE END PRECONDITIONS

2024-04-25 20:01:50.763670   START Open "Markets" menu, "All Markets" submenu =>

2024-04-25 20:01:50.763685   1. Cur URL = https://capital.com/pl

2024-04-25 20:01:50.766065   2. Link = https://capital.com/pl
2024-04-25 20:01:50.766080   current_page = https://capital.com/pl
2024-04-25 20:01:50.771140   link = https://capital.com/pl
2024-04-25 20:01:51.283169   => 'Markets' menu is present
2024-04-25 20:01:51.300946   => 'Markets' menu is visible
2024-04-25 20:01:52.571040   => Focus moved to 'Markets' menu
2024-04-25 20:01:52.579950   => 'Markets > All Markets' submenu is present
2024-04-25 20:01:54.369547   => Focus moved to 'capital*com' logo

2024-04-25 20:01:54.369593   3. Cur URL = https://capital.com/pl/pochodne-instrumenty-finansowe

2024-04-25 20:01:54.375524   1. Arrange for TABLE_TRADING_INSTRUMENTS and 'Most volatile' cur_sort
2024-04-25 20:01:54.375548   current_page = https://capital.com/pl/pochodne-instrumenty-finansowe
2024-04-25 20:01:54.378177   link = https://capital.com/pl/pochodne-instrumenty-finansowe
2024-04-25 20:01:54.380854   TABLE_TRADING_INSTRUMENTS present on this page? =>
2024-04-25 20:01:54.391101   => TABLE_TRADING_INSTRUMENTS is present on the page!
2024-04-25 20:01:54.391127   IS MARKETS_LIST present on this page? =>
2024-04-25 20:01:54.399333   Start scroll to markets list =>
2024-04-25 20:01:54.402688   => MARKETS_LIST is present on the page!
2024-04-25 20:01:54.402711   Start scroll and click cur_market 'All' =>
2024-04-25 20:01:54.452706   => End Click cur_market "All"
2024-04-25 20:01:54.452757   IS FIELD_DROPDOWN_SORT present in the Live prices table? =>
2024-04-25 20:01:54.470739   =>  FIELD_DROPDOWN_SORT is present in the table!
2024-04-25 20:01:54.470791   Start scroll and click FIELD_DROPDOWN_SORT =>
2024-04-25 20:01:54.514324   Is item_sort_list visible on the FIELD_DROPDOWN_SORT ? =>
2024-04-25 20:01:54.532089   => item_sort_list is visible on the FIELD_DROPDOWN_SORT!
2024-04-25 20:01:54.532123   Is cur_sort "Most volatile" present in item_sort_list? =>
2024-04-25 20:01:54.540667   => cur_sort "Most volatile" is present in item_sort_list!
2024-04-25 20:01:54.540700   Start click cur_sort "Most volatile" =>
2024-04-25 20:01:54.578471   => End Click cur_sort "Most volatile"

2024-04-25 20:01:54.578523   Buttons [Sell] is visible and sum buttons no zero? =>
2024-04-25 20:01:54.592976   => Buttons [Sell] is visible and sum buttons no zero!

2024-04-25 20:01:54.593025   Start find 1 random buttons [Sell] on cur_sort=>
2024-04-25 20:01:54.598448   => End find 1 random buttons [Sell] on the cur_sort "Most volatile"

2024-04-25 20:01:54.598475   List of random items = [6]
2024-04-25 20:01:54.598652   2. Act for trading instrument, "Most volatile" cur_sort and "All" cur_market
2024-04-25 20:01:54.615189   Start click button [Sell] =>
2024-04-25 20:01:54.620437   =>   BUTTON_SELL  is present
2024-04-25 20:01:54.620461   BUTTON_SELL o scroll into view =>
2024-04-25 20:01:54.624016   => BUTTON_SELL scrolled into view
2024-04-25 20:01:54.624038   Check that BUTTON_SELL with item 'J225' clickable =>
2024-04-25 20:01:54.641610   => BUTTON_SELL is clickable
2024-04-25 20:01:55.407888   =>   BUTTON_SELL on item 'J225' clicked

2024-04-25 20:01:55.408127   3. Assert_v0
2024-04-25 20:01:55.408217   Start step Check that [Sign up] form is opened
2024-04-25 20:01:55.727220   'Sign up' form opened
2024-04-25 20:01:55.727272   Assert SIGNUP_HEADER =>
2024-04-25 20:01:55.744583   Assert SIGNUP_REF_LOGIN =>
2024-04-25 20:01:55.760048   Assert SIGNUP_PRIVACY_POLICY_ALL_2 =>
2024-04-25 20:01:55.799350   => SIGNUP_PRIVACY_POLICY_ALL
2024-04-25 20:01:55.799424   => 'Signup' form is checked
2024-04-25 20:01:55.799663   Start step Close [Sign up] form =>
2024-04-25 20:01:55.891134   => 'Signup' form closed
2024-04-25 20:01:56.169700   => Focus moved to 'capital*com' logo
