


Current sorting - Top risers
{'width': 1280, 'height': 800}

2024-05-11 05:35:39.288442   worker_id = master

2024-05-11 05:35:39.288457   0. Allure grouping v4

2024-05-11 05:35:39.288652   START PRECONDITIONS =>

2024-05-11 05:35:39.288668   => URL after prev. preconditions - https://capital.com/pl
2024-05-11 05:35:39.288678   => flag_of_bug - True
2024-05-11 05:35:39.288688   => Current URL - https://capital.com/pl/glownych-indeksow-swiatowych?t=most
2024-05-11 05:35:39.294075   Current page URL = https://capital.com/pl/glownych-indeksow-swiatowych?t=most
2024-05-11 05:35:39.296588   self.link = https://capital.com/pl
2024-05-11 05:35:39.296601   driver.get(https://capital.com/pl) =>
2024-05-11 05:35:41.093741   => Loaded page https://capital.com/pl

2024-05-11 05:35:41.098016   => Windows size - {'width': 1280, 'height': 800}
2024-05-11 05:35:41.099374   Set windows position at (0, 0) =>
2024-05-11 05:35:41.101000   Set resolution 1280 * 800 =>
2024-05-11 05:35:41.102580   => Windows size is set to {'width': 1280, 'height': 800}

2024-05-11 05:35:42.132242   Капчи нет. Идем дальше

2024-05-11 05:35:42.132325   Работа с куками =>

2024-05-11 05:35:42.132338   => не требуется

2024-05-11 05:35:42.132348   Prev. country - 'ae'
2024-05-11 05:35:42.132357   Cur. country - 'ae'
2024-05-11 05:35:42.132366   => Country set to 'ae'

2024-05-11 05:35:42.132375   Prev. language - 'pl'
2024-05-11 05:35:42.132384   Cur. language - 'pl'
2024-05-11 05:35:42.132392   => Language is set to 'pl'

2024-05-11 05:35:42.132401   Prev. role - 'NoReg'
2024-05-11 05:35:42.132409   Cur. role - 'NoReg'
2024-05-11 05:35:42.132418   => The 'NoReg' role is set

2024-05-11 05:35:42.135011   => Current URL - https://capital.com/pl

2024-05-11 05:35:42.135031   => THE END PRECONDITIONS

2024-05-11 05:35:42.135201   START Open "Markets" menu, "Indices" submenu =>

2024-05-11 05:35:42.135216   1. Cur URL = https://capital.com/pl

2024-05-11 05:35:42.137622   2. Link = https://capital.com/pl
2024-05-11 05:35:42.137637   current_page = https://capital.com/pl
2024-05-11 05:35:42.140069   link = https://capital.com/pl
2024-05-11 05:35:42.650676   => 'Markets' menu is present
2024-05-11 05:35:42.666785   => 'Markets' menu is visible
2024-05-11 05:35:43.947719   => Focus moved to 'Markets' menu


2024-05-11 05:35:45.352637   => 'Indices' submenu clicked
2024-05-11 05:35:45.643716   => Focus moved to 'capital*com' logo

2024-05-11 05:35:45.643757   3. Cur URL = https://capital.com/pl/glownych-indeksow-swiatowych

2024-05-11 05:35:45.649235   1. Arrange for Trading instrument table and "Top risers" cur_sort
2024-05-11 05:35:45.649257   current_page = https://capital.com/pl/glownych-indeksow-swiatowych
2024-05-11 05:35:45.651730   link = https://capital.com/pl/glownych-indeksow-swiatowych
2024-05-11 05:35:45.654173   IS TABLE_TRADING_INSTRUMENTS  present on the  page? =>
2024-05-11 05:35:45.659338   => TABLE_TRADING_INSTRUMENTS is present on the page!
2024-05-11 05:35:45.659359   IS FIELD_DROPDOWN_SORT present in the table? =>
2024-05-11 05:35:45.664154   =>  FIELD_DROPDOWN_SORT is present in the table!
2024-05-11 05:35:45.664176   Start scroll and click FIELD_DROPDOWN_SORT =>
2024-05-11 05:35:45.763571   Is item_sort_list visible on the FIELD_DROPDOWN_SORT ? =>
2024-05-11 05:35:45.791670   => item_sort_list is visible on the FIELD_DROPDOWN_SORT!
2024-05-11 05:35:45.791718   Is cur_sort "Top risers" present in item_sort_list? =>
2024-05-11 05:35:45.836633   => cur_sort "Top risers" is present in item_sort_list!
2024-05-11 05:35:45.836675   Start click cur_sort "Top risers" =>
2024-05-11 05:35:46.528511   => End Click cur_sort "Top risers"

2024-05-11 05:35:46.528558   Buttons [Buy] is visible and quantity buttons not zero? =>
2024-05-11 05:35:46.552717   => Buttons [Buy] is visible and quantity buttons not zero!

2024-05-11 05:35:46.552752   Start find two random buttons [Buy] on cur_sort "Top risers"=>
2024-05-11 05:35:46.559071   => End find 1 random buttons [Buy] on the cur_sort "Top risers"


2024-05-11 05:35:46.559103   Item_list = [11]
2024-05-11 05:35:46.559265   Start Checking that form [Sign up] popped up on the page =>
2024-05-11 05:35:48.101720   '[Sign up]' form was not popped up
2024-05-11 05:35:48.101912   2. Act for trading instrument and "Top risers" cur_sort
2024-05-11 05:35:48.119565   Start click button [Buy] =>
2024-05-11 05:35:48.129796   =>   BUTTON_BUY on item with ID = 21680337780298948
2024-05-11 05:35:48.129818   BUTTON_BUY on item with ID = '21680337780298948' scroll into view =>
2024-05-11 05:35:48.135965   => BUTTON_SELL on item with ID = '21680337780298948' scrolled into view
2024-05-11 05:35:48.135996   Check that BUTTON_BUY with item US500 clickable =>
2024-05-11 05:35:48.291732   => BUTTON_BUY is clickable
2024-05-11 05:35:49.072471   =>   BUTTON_BUY with item US500 clicked

2024-05-11 05:35:49.072704   3. Assert_v0
2024-05-11 05:35:49.072793   Start step Check that [Sign up] form is opened
2024-05-11 05:35:49.249392   'Sign up' form opened
2024-05-11 05:35:49.249439   Assert SIGNUP_HEADER =>
2024-05-11 05:35:49.263057   Assert SIGNUP_REF_LOGIN =>
2024-05-11 05:35:49.275407   Assert SIGNUP_PRIVACY_POLICY_ALL_2 =>
2024-05-11 05:35:49.288539   => SIGNUP_PRIVACY_POLICY_ALL
2024-05-11 05:35:49.288566   => 'Signup' form is checked
2024-05-11 05:35:49.288727   Start step Close [Sign up] form =>
2024-05-11 05:35:49.373102   => 'Signup' form closed
2024-05-11 05:35:49.643521   => Focus moved to 'capital*com' logo
