{'width': 1280, 'height': 800}

2024-05-11 06:29:51.288923   worker_id = master

2024-05-11 06:29:51.288938   0. Allure grouping v4

2024-05-11 06:29:51.289146   START PRECONDITIONS =>

2024-05-11 06:29:51.289162   => URL after prev. preconditions - https://capital.com/pl
2024-05-11 06:29:51.289173   => flag_of_bug - False
2024-05-11 06:29:51.289183   => Current URL - https://capital.com/pl/trade-commodities
2024-05-11 06:29:51.294358   Current page URL = https://capital.com/pl/trade-commodities
2024-05-11 06:29:51.298059   self.link = https://capital.com/pl
2024-05-11 06:29:51.298072   driver.get(https://capital.com/pl) =>
2024-05-11 06:29:53.373449   => Loaded page https://capital.com/pl

2024-05-11 06:29:53.377814   => Windows size - {'width': 1280, 'height': 800}
2024-05-11 06:29:53.380928   Set windows position at (0, 0) =>
2024-05-11 06:29:53.382635   Set resolution 1280 * 800 =>
2024-05-11 06:29:53.384324   => Windows size is set to {'width': 1280, 'height': 800}

2024-05-11 06:29:54.412679   Капчи нет. Идем дальше

2024-05-11 06:29:54.412765   Работа с куками =>

2024-05-11 06:29:54.412780   => не требуется

2024-05-11 06:29:54.412790   Prev. country - 'ae'
2024-05-11 06:29:54.412800   Cur. country - 'ae'
2024-05-11 06:29:54.412809   => Country set to 'ae'

2024-05-11 06:29:54.412818   Prev. language - 'pl'
2024-05-11 06:29:54.412827   Cur. language - 'pl'
2024-05-11 06:29:54.412836   => Language is set to 'pl'

2024-05-11 06:29:54.412845   Prev. role - 'Auth'
2024-05-11 06:29:54.412854   Cur. role - 'Auth'
2024-05-11 06:29:54.412863   => The 'Auth' role is set

2024-05-11 06:29:54.415533   => Current URL - https://capital.com/pl

2024-05-11 06:29:54.415555   => THE END PRECONDITIONS

2024-05-11 06:29:54.415772   1. Cur URL = https://capital.com/pl

2024-05-11 06:29:54.418305   2. Link = https://capital.com/pl
2024-05-11 06:29:54.418322   current_page = https://capital.com/pl
2024-05-11 06:29:54.420795   link = https://capital.com/pl
2024-05-11 06:29:54.930243   => Education menu is present in DOM
2024-05-11 06:29:54.935057   => Education menu is visible
2024-05-11 06:29:56.214072   => Focus moved to Education menu
2024-05-11 06:29:58.463752   => Focus moved to 'capital*com' logo

2024-05-11 06:29:58.463831   3. Cur URL = https://capital.com/pl/trade-commodities

2024-05-11 06:29:58.469513   1. Arrange_v0
2024-05-11 06:29:58.469537   current_page = https://capital.com/pl/trade-commodities
2024-05-11 06:29:58.471916   link = https://capital.com/pl/trade-commodities
2024-05-11 06:29:58.482828   => BUTTON_TRY_DEMO is present on this page
2024-05-11 06:29:58.482851   BUTTON_TRY_DEMO scroll =>
2024-05-11 06:29:58.486051   BUTTON_TRY_DEMO is visible? =>
2024-05-11 06:29:58.510649   => BUTTON_TRY_DEMO is visible on this page

2024-05-11 06:29:58.510796   2. Act_v0
2024-05-11 06:29:58.518732   BUTTON_TRY_DEMO is clickable? =>
2024-05-11 06:29:58.540205   => BUTTON_TRY_DEMO clicked!

2024-05-11 06:29:58.540422   3. Assert_v4

2024-05-11 06:29:58.540443   
2024-05-11 06:29:58.540547   Checking that the trading platform page has opened (v4) =>
2024-05-11 06:29:59.954096   Checking way # 1 => 

2024-05-11 06:29:59.954276   1. Checking that the Trading platform (or TradingView site) page has valid title =>
2024-05-11 06:29:59.956783   => The title of current page is 'Trading Platform | Capital.com'

2024-05-11 06:29:59.956861   2. Checking that the LOGO is present on the page =>
2024-05-11 06:30:01.504613   => 'capital*com' logo is present on the current page

2024-05-11 06:30:01.504652   tpd = True
2024-05-11 06:30:01.504694   3.1. Checking that the Trading platform opened in DEMO mode =>
2024-05-11 06:30:01.517563   => The page with https://capital.com/trading/platform/?mode=demo url was opened in DEMO mode
2024-05-11 06:30:02.787880   => Driver.backed
