{'width': 1280, 'height': 800}

2024-05-11 05:27:49.301504   worker_id = master

2024-05-11 05:27:49.301518   0. Allure grouping v4

2024-05-11 05:27:49.301703   START PRECONDITIONS =>

2024-05-11 05:27:49.301718   => URL after prev. preconditions - https://capital.com/pl
2024-05-11 05:27:49.301727   => flag_of_bug - False
2024-05-11 05:27:49.301738   => Current URL - https://capital.com/pl/gbp-jpy-kurs
2024-05-11 05:27:49.306932   Current page URL = https://capital.com/pl/gbp-jpy-kurs
2024-05-11 05:27:49.309396   self.link = https://capital.com/pl
2024-05-11 05:27:49.309409   driver.get(https://capital.com/pl) =>
2024-05-11 05:27:50.978946   => Loaded page https://capital.com/pl

2024-05-11 05:27:50.983197   => Windows size - {'width': 1280, 'height': 800}
2024-05-11 05:27:50.984628   Set windows position at (0, 0) =>
2024-05-11 05:27:50.986341   Set resolution 1280 * 800 =>
2024-05-11 05:27:50.987997   => Windows size is set to {'width': 1280, 'height': 800}

2024-05-11 05:27:52.017517   Капчи нет. Идем дальше

2024-05-11 05:27:52.017598   Работа с куками =>

2024-05-11 05:27:52.017611   => не требуется

2024-05-11 05:27:52.017621   Prev. country - 'ae'
2024-05-11 05:27:52.017630   Cur. country - 'ae'
2024-05-11 05:27:52.017640   => Country set to 'ae'

2024-05-11 05:27:52.017648   Prev. language - 'pl'
2024-05-11 05:27:52.017657   Cur. language - 'pl'
2024-05-11 05:27:52.017666   => Language is set to 'pl'

2024-05-11 05:27:52.017674   Prev. role - 'NoReg'
2024-05-11 05:27:52.017683   Cur. role - 'NoReg'
2024-05-11 05:27:52.017691   => The 'NoReg' role is set

2024-05-11 05:27:52.020408   => Current URL - https://capital.com/pl

2024-05-11 05:27:52.020430   => THE END PRECONDITIONS

2024-05-11 05:27:52.020471   1. Arrange_v0
2024-05-11 05:27:52.020485   current_page = https://capital.com/pl
2024-05-11 05:27:52.022931   link = https://capital.com/pl/gbp-jpy-kurs
2024-05-11 05:27:52.025369   Current page URL = https://capital.com/pl
2024-05-11 05:27:52.027754   self.link = https://capital.com/pl/gbp-jpy-kurs
2024-05-11 05:27:52.027768   driver.get(https://capital.com/pl/gbp-jpy-kurs) =>
2024-05-11 05:27:53.669201   => Loaded page https://capital.com/pl/gbp-jpy-kurs
2024-05-11 05:27:53.673403   BUTTON_SELL is located on the page? =>
2024-05-11 05:27:53.683563   => BUTTON_SELL is located on the page!
2024-05-11 05:27:53.683744   Start Checking that form [Sign up] popped up on the page =>
2024-05-11 05:27:55.216901   '[Sign up]' form was not popped up

2024-05-11 05:27:55.217078   2. Act_v0
2024-05-11 05:27:55.222293   BUTTON_SELL is present? =>
2024-05-11 05:27:55.222316   => BUTTON_SELL is present on the page
2024-05-11 05:27:55.222326   BUTTON_SELL scroll =>
2024-05-11 05:27:55.227325   => BUTTON_SELL scrolled
2024-05-11 05:27:55.248766   BUTTON_SELL is clickable? =>
2024-05-11 05:27:55.258114   BUTTON_SELL CLICK =>
2024-05-11 05:27:55.288577   => BUTTON_SELL clicked!

2024-05-11 05:27:55.288835   3. Assert_v0
2024-05-11 05:27:55.288964   Start step Check that [Sign up] form is opened
2024-05-11 05:27:55.476677   'Sign up' form opened
2024-05-11 05:27:55.476709   Assert SIGNUP_HEADER =>
2024-05-11 05:27:55.489174   Assert SIGNUP_REF_LOGIN =>
2024-05-11 05:27:55.499944   Assert SIGNUP_PRIVACY_POLICY_ALL_2 =>
2024-05-11 05:27:55.509843   => SIGNUP_PRIVACY_POLICY_ALL
2024-05-11 05:27:55.509868   => 'Signup' form is checked
2024-05-11 05:27:55.510031   Start step Close [Sign up] form =>
2024-05-11 05:27:55.599713   => 'Signup' form closed
2024-05-11 05:27:55.879011   => Focus moved to 'capital*com' logo
