{'width': 1280, 'height': 800}

2024-04-27 08:18:38.877620   worker_id = master

2024-04-27 08:18:38.877639   0. Allure grouping v4

2024-04-27 08:18:38.877885   START PRECONDITIONS =>

2024-04-27 08:18:38.877901   => URL after prev. preconditions - https://capital.com/ar
2024-04-27 08:18:38.877911   => flag_of_bug - False
2024-04-27 08:18:38.877923   => Current URL - https://capital.com/ar/brent-crude-oil-spot-commodity
2024-04-27 08:18:38.883177   Current page URL = https://capital.com/ar/brent-crude-oil-spot-commodity
2024-04-27 08:18:38.885564   self.link = https://capital.com/ar
2024-04-27 08:18:38.885578   driver.get(https://capital.com/ar) =>
2024-04-27 08:18:40.584669   => Loaded page https://capital.com/ar

2024-04-27 08:18:40.591280   => Windows size - {'width': 1280, 'height': 800}
2024-04-27 08:18:40.592585   Set windows position at (0, 0) =>
2024-04-27 08:18:40.594180   Set resolution 1280 * 800 =>
2024-04-27 08:18:40.595781   => Windows size is set to {'width': 1280, 'height': 800}

2024-04-27 08:18:41.620188   Капчи нет. Идем дальше

2024-04-27 08:18:41.620273   Работа с куками =>

2024-04-27 08:18:41.620286   => не требуется

2024-04-27 08:18:41.620296   Prev. country - 'ae'
2024-04-27 08:18:41.620306   Cur. country - 'ae'
2024-04-27 08:18:41.620315   => Country set to 'ae'

2024-04-27 08:18:41.620323   Prev. language - 'ar'
2024-04-27 08:18:41.620336   Cur. language - 'ar'
2024-04-27 08:18:41.620345   => Language is set to 'ar'

2024-04-27 08:18:41.620354   Prev. role - 'NoAuth'
2024-04-27 08:18:41.620362   Cur. role - 'NoAuth'
2024-04-27 08:18:41.620371   => The 'NoAuth' role is set

2024-04-27 08:18:41.623015   => Current URL - https://capital.com/ar

2024-04-27 08:18:41.623037   => THE END PRECONDITIONS

2024-04-27 08:18:41.623216   1. Arrange_v2
2024-04-27 08:18:41.623233   current_page = https://capital.com/ar
2024-04-27 08:18:41.625600   link = https://capital.com/ar/brent-crude-oil-spot-commodity
2024-04-27 08:18:41.627991   Current page URL = https://capital.com/ar
2024-04-27 08:18:41.630391   self.link = https://capital.com/ar/brent-crude-oil-spot-commodity
2024-04-27 08:18:41.630404   driver.get(https://capital.com/ar/brent-crude-oil-spot-commodity) =>
2024-04-27 08:18:43.335471   => Loaded page https://capital.com/ar/brent-crude-oil-spot-commodity
2024-04-27 08:18:43.342569   Is LONG_POSITION_OVERNIGHT_FEE present on the page? =>
2024-04-27 08:18:43.350776   => LONG_POSITION_OVERNIGHT_FEE is present on the page
2024-04-27 08:18:43.350804   LONG_POSITION_OVERNIGHT_FEE scroll =>
2024-04-27 08:18:43.355979   => LONG_POSITION_OVERNIGHT_FEE scrolled

2024-04-27 08:18:43.356139   2. Act_v2
2024-04-27 08:18:43.356154   LONG_POSITION_OVERNIGHT_FEE open =>
2024-04-27 08:18:44.121184   Is LONG_POSITION_OVERNIGHT_FEE open?  =>
2024-04-27 08:18:44.134152   => LONG_POSITION_OVERNIGHT_FEE opened
2024-04-27 08:18:44.134191   Move focus to button [Go to platform] and click on=>
2024-04-27 08:18:44.916721   => BUTTON_GO_TO_PLATFORM is clickable
2024-04-27 08:18:45.658963 => BUTTON_GO_TO_PLATFORM clicked

2024-04-27 08:18:45.659233   3. Assert_Login_v0
2024-04-27 08:18:45.659352   Check that 'Login' form is opened
2024-04-27 08:18:51.953636   'Login' form not opened
2024-04-27 08:18:51.953809   Check that new 'Login' form is opened
2024-04-27 08:18:55.055178   => New 'Login' form not opened
2024-04-27 08:18:55.057848   'Login' page not opened
2024-04-27 08:18:58.135115   'Login' form on trading platform not opened
2024-04-27 08:18:58.135301   Start step Check that [Sign up] form is opened
2024-04-27 08:19:01.214347   'Sign up' form not opened
2024-04-27 08:19:01.214540   Start step Check that new [Sign up] form is opened
2024-04-27 08:19:04.305008   => new 'Sign up' form not opened
2024-04-27 08:19:04.305200   Start method Check that [Sign up] page opened =>
2024-04-27 08:19:05.308611   'Sign up' page not opened
2024-04-27 08:19:05.308807   Check that [Sign up] form on trading platform opened =>
2024-04-27 08:19:05.321338   => 'Sign up' form on trading platform page opened
2024-04-27 08:19:05.321385   Assert SIGNUP_HEADER =>
2024-04-27 08:19:05.333765   => SIGNUP_HEADER is OK
2024-04-27 08:19:05.333788   Assert SIGNUP_PRIVACY_POLICY_ALL_1 =>
2024-04-27 08:19:05.345490   => SIGNUP_PRIVACY_POLICY_ALL_1 is OK
2024-04-27 08:19:05.345512   Assert SIGNUP_REF_LOGIN =>
2024-04-27 08:19:05.357104   => SIGNUP_REF_LOGIN is OK
2024-04-27 08:19:05.357127   => 'Signup' form on trading platform page is checked

Bug: Bid:01.01.01_003-ar.ae.NoAuth

2024-04-27 08:19:05.357180   Проверка бага в таблице ретеста  =>

2024-04-27 08:19:05.846023   4. Fixing one row check results into Google Sheet Bugs Report =>
1 cells updated.
2024-04-27 08:19:06.122792   => 4. One row check results into Google Sheet Bugs Report fixed

2024-04-27 08:19:07.513237   4. Fixing one row check results into Google Sheet Bugs Report =>
1 cells updated.
2024-04-27 08:19:07.747844   => 4. One row check results into Google Sheet Bugs Report fixed

2024-04-27 08:19:07.748080   4. Fixing one row check results into Google Sheet Bugs Report =>
1 cells updated.
2024-04-27 08:19:07.996840   => 4. One row check results into Google Sheet Bugs Report fixed

2024-04-27 08:19:07.996910   Баг Bid:01.01.01_003-ar.ae.NoAuth уже существует, но у него изменился тип с  на 07

2024-04-27 08:19:07.997063   4. Fixing one row check results into Google Sheet Bugs Report =>
1 cells updated.
2024-04-27 08:19:08.239404   => 4. One row check results into Google Sheet Bugs Report fixed

2024-04-27 08:19:08.241231   Баг Bid:01.01.01_003-ar.ae.NoAuth-07 обнаружен ранее и уже находится в 'Bugs Report Auto detect'
