{'width': 1280, 'height': 800}

2024-04-27 08:53:05.043038   worker_id = master

2024-04-27 08:53:05.043052   0. Allure grouping v4

2024-04-27 08:53:05.043242   START PRECONDITIONS =>

2024-04-27 08:53:05.043258   => URL after prev. preconditions - https://capital.com/ar
2024-04-27 08:53:05.043267   => flag_of_bug - False
2024-04-27 08:53:05.043278   => Current URL - https://capital.com/ar/british-pound-canadian-dollar-rate
2024-04-27 08:53:05.049654   Current page URL = https://capital.com/ar/british-pound-canadian-dollar-rate
2024-04-27 08:53:05.052097   self.link = https://capital.com/ar
2024-04-27 08:53:05.052111   driver.get(https://capital.com/ar) =>
2024-04-27 08:53:08.606253   => Loaded page https://capital.com/ar

2024-04-27 08:53:08.610349   => Windows size - {'width': 1280, 'height': 800}
2024-04-27 08:53:08.611660   Set windows position at (0, 0) =>
2024-04-27 08:53:08.613214   Set resolution 1280 * 800 =>
2024-04-27 08:53:08.614772   => Windows size is set to {'width': 1280, 'height': 800}

2024-04-27 08:53:09.642137   Капчи нет. Идем дальше

2024-04-27 08:53:09.642219   Работа с куками =>

2024-04-27 08:53:09.642232   => не требуется

2024-04-27 08:53:09.642242   Prev. country - 'ae'
2024-04-27 08:53:09.642251   Cur. country - 'ae'
2024-04-27 08:53:09.642260   => Country set to 'ae'

2024-04-27 08:53:09.642268   Prev. language - 'ar'
2024-04-27 08:53:09.642277   Cur. language - 'ar'
2024-04-27 08:53:09.642285   => Language is set to 'ar'

2024-04-27 08:53:09.642294   Prev. role - 'NoReg'
2024-04-27 08:53:09.642303   Cur. role - 'NoReg'
2024-04-27 08:53:09.642311   => The 'NoReg' role is set

2024-04-27 08:53:09.644828   => Current URL - https://capital.com/ar

2024-04-27 08:53:09.644847   => THE END PRECONDITIONS

2024-04-27 08:53:09.645015   1. Arrange_v2
2024-04-27 08:53:09.645031   current_page = https://capital.com/ar
2024-04-27 08:53:09.647514   link = https://capital.com/ar/british-pound-canadian-dollar-rate
2024-04-27 08:53:09.649932   Current page URL = https://capital.com/ar
2024-04-27 08:53:09.652401   self.link = https://capital.com/ar/british-pound-canadian-dollar-rate
2024-04-27 08:53:09.652415   driver.get(https://capital.com/ar/british-pound-canadian-dollar-rate) =>
2024-04-27 08:53:11.266640   => Loaded page https://capital.com/ar/british-pound-canadian-dollar-rate
2024-04-27 08:53:11.272643 Is SHORT_POSITION_OVERNIGHT_FEE present on the page? =>
2024-04-27 08:53:11.280791   => SHORT_POSITION_OVERNIGHT_FEE is present on the page
2024-04-27 08:53:11.280813   SHORT_POSITION_OVERNIGHT_FEE  scroll =>
2024-04-27 08:53:11.284419   => SHORT_POSITION_OVERNIGHT_FEE  scrolled

2024-04-27 08:53:11.284575   2. Act_v2
2024-04-27 08:53:11.284590   SHORT_POSITION_OVERNIGHT_FEE open =>
2024-04-27 08:53:12.072258   Is SHORT_POSITION_OVERNIGHT_FEE open?  =>
2024-04-27 08:53:12.085223   => TOOLTIP_SHORT_POSITION_FEE is open
2024-04-27 08:53:12.085248   Move focus to button [Go to platform] and click on =>
2024-04-27 08:53:12.866386   => BUTTON_GO_TO_PLATFORM is clickable
2024-04-27 08:53:13.338710 => BUTTON_GO_TO_PLATFORM clicked

2024-04-27 08:53:13.339043   3. Assert_v0
2024-04-27 08:53:13.339172   Start step Check that [Sign up] form is opened
2024-04-27 08:53:16.433411   'Sign up' form not opened
2024-04-27 08:53:16.433605   Start step Check that new [Sign up] form is opened
2024-04-27 08:53:19.515037   => new 'Sign up' form not opened
2024-04-27 08:53:19.515225   Start method Check that [Sign up] page opened =>
2024-04-27 08:53:20.518615   'Sign up' page not opened
2024-04-27 08:53:20.518840   Check that [Sign up] form on trading platform opened =>
2024-04-27 08:53:20.531603   => 'Sign up' form on trading platform page opened
2024-04-27 08:53:20.531625   Assert SIGNUP_HEADER =>
2024-04-27 08:53:20.543286   => SIGNUP_HEADER is OK
2024-04-27 08:53:20.543308   Assert SIGNUP_PRIVACY_POLICY_ALL_1 =>
2024-04-27 08:53:20.555073   => SIGNUP_PRIVACY_POLICY_ALL_1 is OK
2024-04-27 08:53:20.555096   Assert SIGNUP_REF_LOGIN =>
2024-04-27 08:53:20.566666   => SIGNUP_REF_LOGIN is OK
2024-04-27 08:53:20.566730   => 'Signup' form on trading platform page is checked
2024-04-27 08:53:20.566872   Close [Sign up] form with trading platform page =>
2024-04-27 08:53:21.296023   => [Sign up] form with trading platform page is closed
