{'width': 1280, 'height': 800}

2024-04-27 08:17:45.579340   worker_id = master

2024-04-27 08:17:45.579355   0. Allure grouping v4

2024-04-27 08:17:45.579549   START PRECONDITIONS =>

2024-04-27 08:17:45.579564   => URL after prev. preconditions - https://capital.com/ar
2024-04-27 08:17:45.579574   => flag_of_bug - False
2024-04-27 08:17:45.579586   => Current URL - https://capital.com/ar/brent-crude-oil-spot-commodity
2024-04-27 08:17:45.628082   Current page URL = https://capital.com/ar/brent-crude-oil-spot-commodity
2024-04-27 08:17:45.630757   self.link = https://capital.com/ar
2024-04-27 08:17:45.630772   driver.get(https://capital.com/ar) =>
2024-04-27 08:17:47.527277   => Loaded page https://capital.com/ar

2024-04-27 08:17:47.531560   => Windows size - {'width': 1280, 'height': 800}
2024-04-27 08:17:47.532870   Set windows position at (0, 0) =>
2024-04-27 08:17:47.534457   Set resolution 1280 * 800 =>
2024-04-27 08:17:47.536025   => Windows size is set to {'width': 1280, 'height': 800}

2024-04-27 08:17:48.564736   Капчи нет. Идем дальше

2024-04-27 08:17:48.564822   Работа с куками =>

2024-04-27 08:17:48.564836   => не требуется

2024-04-27 08:17:48.564845   Prev. country - 'ae'
2024-04-27 08:17:48.564854   Cur. country - 'ae'
2024-04-27 08:17:48.564863   => Country set to 'ae'

2024-04-27 08:17:48.564872   Prev. language - 'ar'
2024-04-27 08:17:48.564881   Cur. language - 'ar'
2024-04-27 08:17:48.564890   => Language is set to 'ar'

2024-04-27 08:17:48.564898   Prev. role - 'Auth'
2024-04-27 08:17:48.564907   Cur. role - 'Auth'
2024-04-27 08:17:48.564915   => The 'Auth' role is set

2024-04-27 08:17:48.567552   => Current URL - https://capital.com/ar

2024-04-27 08:17:48.567574   => THE END PRECONDITIONS
Trade instrument from Full test is <pages.Elements.AssertClass.AssertClass object at 0x7fa874636c90>

2024-04-27 08:17:48.567861   3. Assert_v4

2024-04-27 08:17:48.567878   
2024-04-27 08:17:48.567971   Checking that the trading platform page has opened (v4) =>
2024-04-27 08:17:58.636754   Checking way # 2 =>

2024-04-27 08:17:58.636920   1. Checking that the Trading platform (or TradingView site) page has valid title =>
2024-04-27 08:17:58.639531   => The title of current page is 'التداول عبر الإنترنت باستخدام تطبيق الاستثمار الذكي | Capital.com'
