{'width': 1280, 'height': 800}

2024-04-27 09:42:11.734359   worker_id = master

2024-04-27 09:42:11.734373   0. Allure grouping v4

2024-04-27 09:42:11.734550   START PRECONDITIONS =>

2024-04-27 09:42:11.734565   => URL after prev. preconditions - https://capital.com/ar
2024-04-27 09:42:11.734575   => flag_of_bug - False
2024-04-27 09:42:11.734585   => Current URL - https://capital.com/ar/trade-forex
2024-04-27 09:42:11.739704   Current page URL = https://capital.com/ar/trade-forex
2024-04-27 09:42:11.742107   self.link = https://capital.com/ar
2024-04-27 09:42:11.742121   driver.get(https://capital.com/ar) =>
2024-04-27 09:42:13.538334   => Loaded page https://capital.com/ar

2024-04-27 09:42:13.542875   => Windows size - {'width': 1280, 'height': 800}
2024-04-27 09:42:13.544184   Set windows position at (0, 0) =>
2024-04-27 09:42:13.545764   Set resolution 1280 * 800 =>
2024-04-27 09:42:13.547386   => Windows size is set to {'width': 1280, 'height': 800}

2024-04-27 09:42:14.575626   Капчи нет. Идем дальше

2024-04-27 09:42:14.575710   Работа с куками =>

2024-04-27 09:42:14.575724   => не требуется

2024-04-27 09:42:14.575733   Prev. country - 'ae'
2024-04-27 09:42:14.575743   Cur. country - 'ae'
2024-04-27 09:42:14.575752   => Country set to 'ae'

2024-04-27 09:42:14.575761   Prev. language - 'ar'
2024-04-27 09:42:14.575769   Cur. language - 'ar'
2024-04-27 09:42:14.575778   => Language is set to 'ar'

2024-04-27 09:42:14.575787   Prev. role - 'NoReg'
2024-04-27 09:42:14.575796   Cur. role - 'NoReg'
2024-04-27 09:42:14.575804   => The 'NoReg' role is set

2024-04-27 09:42:14.578525   => Current URL - https://capital.com/ar

2024-04-27 09:42:14.578546   => THE END PRECONDITIONS

2024-04-27 09:42:14.578746   1. Cur URL = https://capital.com/ar

2024-04-27 09:42:14.581145   2. Link = https://capital.com/ar
2024-04-27 09:42:14.581160   current_page = https://capital.com/ar
2024-04-27 09:42:14.583546   link = https://capital.com/ar
2024-04-27 09:42:15.091290   => Education menu is present in DOM
2024-04-27 09:42:15.095977   => Education menu is visible
2024-04-27 09:42:16.370989   => Focus moved to Education menu
2024-04-27 09:42:18.078310   => Focus moved to Forex trading sub-menu and clicked
2024-04-27 09:42:18.404089   => Focus moved to 'capital*com' logo

2024-04-27 09:42:18.404127   3. Cur URL = https://capital.com/ar/trade-forex

2024-04-27 09:42:18.409297   1. Arrange_v0
2024-04-27 09:42:18.409319   current_page = https://capital.com/ar/trade-forex
2024-04-27 09:42:18.411678   link = https://capital.com/ar/trade-forex
2024-04-27 09:42:18.422960   => BUTTON_TRY_DEMO is present on this page
2024-04-27 09:42:18.422984   BUTTON_TRY_DEMO scroll =>
2024-04-27 09:42:18.426254   BUTTON_TRY_DEMO is visible? =>
2024-04-27 09:42:18.439398   => BUTTON_TRY_DEMO is visible on this page

2024-04-27 09:42:18.439530   2. Act_v0
2024-04-27 09:42:18.444546   BUTTON_TRY_DEMO is clickable? =>
2024-04-27 09:42:18.466263   => BUTTON_TRY_DEMO clicked!

2024-04-27 09:42:18.466467   3. Assert_v0
2024-04-27 09:42:18.466556   Start step Check that [Sign up] form is opened
2024-04-27 09:42:18.693626   'Sign up' form opened
2024-04-27 09:42:18.693665   Assert SIGNUP_HEADER =>
2024-04-27 09:42:18.704728   Assert SIGNUP_REF_LOGIN =>
2024-04-27 09:42:18.714576   Assert SIGNUP_PRIVACY_POLICY_ALL_2 =>
2024-04-27 09:42:18.725992   => SIGNUP_PRIVACY_POLICY_ALL
2024-04-27 09:42:18.726019   => 'Signup' form is checked
2024-04-27 09:42:18.726185   Start step Close [Sign up] form =>
2024-04-27 09:42:18.801290   => 'Signup' form closed
2024-04-27 09:42:19.104288   => Focus moved to 'capital*com' logo
