{'width': 1280, 'height': 720}

2024-02-21 17:56:57.740202   worker_id = master

2024-02-21 17:56:57.740220   0. Allure grouping v4


2024-02-21 17:56:57.740414   START PRECONDITIONS =>


2024-02-21 17:56:57.740431   {'width': 1280, 'height': 720}

2024-02-21 17:56:57.741768   Set windows position at (0, 0) =>

2024-02-21 17:56:57.844157   Set resolution 1280 * 720 =>

2024-02-21 17:56:57.947187   => Resolution seted {'width': 1280, 'height': 720}

2024-02-21 17:56:58.985347   Капчи нет. Идем дальше

2024-02-21 17:56:58.985444   Prev. Role: NoReg

2024-02-21 17:56:58.985458   Current role: NoReg

2024-02-21 17:57:00.019825   Капчи нет. Идем дальше

2024-02-21 17:57:00.019915   Prev language: zh

2024-02-21 17:57:00.019928   => Current language: zh

2024-02-21 17:57:01.075324   Капчи нет. Идем дальше

2024-02-21 17:57:01.075415   Prev country: ae
2024-02-21 17:57:01.075428   => Current country: ae

2024-02-21 17:57:01.075438   => THE END PRECONDITIONS

2024-02-21 17:57:01.075470   1. Cur URL = https://capital.com/zh/trade-cryptocurrency

2024-02-21 17:57:01.078451   2. Link = https://capital.com/zh
2024-02-21 17:57:01.081187   Current page URL = https://capital.com/zh/trade-cryptocurrency
2024-02-21 17:57:01.922678   => Loaded page https://capital.com/zh
2024-02-21 17:57:02.432823   => Education menu is present
2024-02-21 17:57:02.454269   element = <selenium.webdriver.remote.webelement.WebElement (session="1fd2ad4ae193411cc1808c8d49306a8d", element="450C9652A4CEFB074E822E5408208CF0_element_2839")>
2024-02-21 17:57:02.454312   => Education menu is visible
2024-02-21 17:57:03.734954   => Focus moved to Education menu

2024-02-21 17:57:05.559251   1. Arrange_v0
2024-02-21 17:57:05.571561   => BUTTON_TRY_DEMO is present on this page
2024-02-21 17:57:05.571590   BUTTON_TRY_DEMO scroll =>
2024-02-21 17:57:05.574920   BUTTON_TRY_DEMO is visible? =>
2024-02-21 17:57:05.590873   => BUTTON_TRY_DEMO is visible on this page

2024-02-21 17:57:05.591084   2. Act_v0
2024-02-21 17:57:05.597154   BUTTON_TRY_DEMO is clickable? =>
2024-02-21 17:57:05.623138   => BUTTON_TRY_DEMO clicked!

2024-02-21 17:57:05.623367   3. Assert_v0
2024-02-21 17:57:05.623458   Start step Check that [Sign up] form is opened
2024-02-21 17:57:05.800107   'Sign up' form opened
2024-02-21 17:57:05.800155   Assert SIGNUP_HEADER =>
2024-02-21 17:57:05.814528   Assert SIGNUP_REF_LOGIN =>
2024-02-21 17:57:05.832698   Assert SIGNUP_PRIVACY_POLICY_ALL_2 =>
2024-02-21 17:57:05.847899   => SIGNUP_PRIVACY_POLICY_ALL
2024-02-21 17:57:05.847938   => 'Signup' form is checked
2024-02-21 17:57:05.848111   Start step Close [Sign up] form =>
2024-02-21 17:57:05.940927   => 'Signup' form closed
