{'width': 1280, 'height': 800}

2024-04-17 12:36:25.245739   worker_id = master

2024-04-17 12:36:25.245753   0. Allure grouping v4

2024-04-17 12:36:25.245940   START PRECONDITIONS =>

2024-04-17 12:36:25.245957   => URL after prev. preconditions - https://capital.com/it
2024-04-17 12:36:25.245967   => flag_of_bug - True
2024-04-17 12:36:25.245978   => Current URL - https://capital.com/trading/platform/
2024-04-17 12:36:25.251422   Current page URL = https://capital.com/trading/platform/
2024-04-17 12:36:25.254047   self.link = https://capital.com/it
2024-04-17 12:36:25.254061   driver.get(https://capital.com/it) =>
2024-04-17 12:36:27.764748   => Loaded page https://capital.com/it

2024-04-17 12:36:27.769969   => Windows size - {'width': 1280, 'height': 800}
2024-04-17 12:36:27.771277   Set windows position at (0, 0) =>
2024-04-17 12:36:27.873232   Set resolution 1280 * 800 =>
2024-04-17 12:36:27.975418   => Windows size is set to {'width': 1280, 'height': 800}

2024-04-17 12:36:29.014806   Капчи нет. Идем дальше

2024-04-17 12:36:29.014899   Работа с куками =>

2024-04-17 12:36:29.014913   => не требуется

2024-04-17 12:36:29.014923   Prev. country - 'de'
2024-04-17 12:36:29.014932   Cur. country - 'de'
2024-04-17 12:36:29.014941   => Country set to 'de'

2024-04-17 12:36:29.014950   Prev. language - 'it'
2024-04-17 12:36:29.014959   Cur. language - 'it'
2024-04-17 12:36:29.014968   => Language is set to 'it'

2024-04-17 12:36:29.014976   Prev. role - 'Auth'
2024-04-17 12:36:29.014985   Cur. role - 'Auth'
2024-04-17 12:36:29.014994   => The 'Auth' role is set

2024-04-17 12:36:29.017775   => Current URL - https://capital.com/it

2024-04-17 12:36:29.017802   => THE END PRECONDITIONS

2024-04-17 12:36:29.017864   1. Arrange_v0
2024-04-17 12:36:29.017890   current_page = https://capital.com/it
2024-04-17 12:36:29.021699   link = https://capital.com/it/trade-ripple
2024-04-17 12:36:29.024161   Current page URL = https://capital.com/it
2024-04-17 12:36:29.026537   self.link = https://capital.com/it/trade-ripple
2024-04-17 12:36:29.026550   driver.get(https://capital.com/it/trade-ripple) =>
2024-04-17 12:36:30.947102   => Loaded page https://capital.com/it/trade-ripple
2024-04-17 12:36:30.954394   BUTTON_BUY_IN_CONTENT_BLOCK is located on the page? =>
2024-04-17 12:36:30.962362   => BUTTON_BUY_IN_CONTENT_BLOCK is located on the page!
2024-04-17 12:36:30.962530   Start Checking that form [Sign up] popped up on the page =>
2024-04-17 12:36:32.508652   '[Sign up]' form was not popped up

2024-04-17 12:36:32.508848   2. Act_v0
2024-04-17 12:36:32.514068   BUTTON_BUY_IN_CONTENT_BLOCK is present? =>
2024-04-17 12:36:32.514092   => BUTTON_BUY_IN_CONTENT_BLOCK is present on the page
2024-04-17 12:36:32.514102   BUTTON_BUY_IN_CONTENT_BLOCK scroll =>
2024-04-17 12:36:32.517678   => BUTTON_BUY_IN_CONTENT_BLOCK scrolled
2024-04-17 12:36:32.564613   BUTTON_BUY_IN_CONTENT_BLOCK is clickable? =>
2024-04-17 12:36:32.579722   BUTTON_BUY_IN_CONTENT_BLOCK CLICK =>
2024-04-17 12:36:32.812424   => BUTTON_BUY_IN_CONTENT_BLOCK clicked!

2024-04-17 12:36:32.812759   3. Assert_v4

2024-04-17 12:36:32.812787   
2024-04-17 12:36:32.812946   Checking that the trading platform page has opened (v4) =>
2024-04-17 12:36:33.325817   Checking way # 1 => 

2024-04-17 12:36:33.325999   1. Checking that the Trading platform (or TradingView site) page has valid title =>
2024-04-17 12:36:33.329071   => The title of current page is 'Trading Platform | Capital.com'

2024-04-17 12:36:33.329171   2. Checking that the LOGO is present on the page =>
2024-04-17 12:36:34.210748   => 'capital*com' logo is present on the current page

2024-04-17 12:36:34.210784   tpd = False

2024-04-17 12:36:34.210796   4. Check that opened page with https://capital.com/trading/platform/ url
with selected corresponding trading instrument '27342779713672388' =>

2024-04-17 12:36:34.213702   trade_instrument = '27342779713672388'

2024-04-17 12:36:34.213714   4.1. Check that Trading Platform is opened in Chart mode
2024-04-17 12:36:35.229634   => Bug # 14. Trading platform opened, but not Chart mode
Bid: Bid:11.02.05.01_05-it.de.Auth

2024-04-17 12:36:35.229692   Проверка бага в таблице ретеста  =>

2024-04-17 12:36:35.647297   4. Fixing one row check results into Google Sheet Bugs Report =>
1 cells updated.
2024-04-17 12:36:35.861152   => 4. One row check results into Google Sheet Bugs Report fixed

2024-04-17 12:36:37.114681   4. Fixing one row check results into Google Sheet Bugs Report =>
1 cells updated.
2024-04-17 12:36:37.344996   => 4. One row check results into Google Sheet Bugs Report fixed

2024-04-17 12:36:37.346427   Баг Bid:11.02.05.01_05-it.de.Auth-14 обнаружен ранее и уже находится в 'Bugs Report Auto detect'
