{'width': 1280, 'height': 800}

2024-04-17 11:52:13.645690   worker_id = master

2024-04-17 11:52:13.645704   0. Allure grouping v4

2024-04-17 11:52:13.645884   START PRECONDITIONS =>

2024-04-17 11:52:13.645899   => URL after prev. preconditions - https://capital.com/it
2024-04-17 11:52:13.645908   => flag_of_bug - False
2024-04-17 11:52:13.645919   => Current URL - https://capital.com/it/trade-twitter
2024-04-17 11:52:13.651328   Current page URL = https://capital.com/it/trade-twitter
2024-04-17 11:52:13.653963   self.link = https://capital.com/it
2024-04-17 11:52:13.653977   driver.get(https://capital.com/it) =>
2024-04-17 11:52:15.641273   => Loaded page https://capital.com/it

2024-04-17 11:52:15.646964   => Windows size - {'width': 1280, 'height': 800}
2024-04-17 11:52:15.648316   Set windows position at (0, 0) =>
2024-04-17 11:52:15.750639   Set resolution 1280 * 800 =>
2024-04-17 11:52:15.853100   => Windows size is set to {'width': 1280, 'height': 800}

2024-04-17 11:52:16.902878   Капчи нет. Идем дальше

2024-04-17 11:52:16.902990   Работа с куками =>

2024-04-17 11:52:16.903013   => не требуется

2024-04-17 11:52:16.903028   Prev. country - 'de'
2024-04-17 11:52:16.903044   Cur. country - 'de'
2024-04-17 11:52:16.903057   => Country set to 'de'

2024-04-17 11:52:16.903069   Prev. language - 'it'
2024-04-17 11:52:16.903082   Cur. language - 'it'
2024-04-17 11:52:16.903096   => Language is set to 'it'

2024-04-17 11:52:16.903112   Prev. role - 'NoReg'
2024-04-17 11:52:16.903126   Cur. role - 'NoReg'
2024-04-17 11:52:16.903141   => The 'NoReg' role is set

2024-04-17 11:52:16.906672   => Current URL - https://capital.com/it

2024-04-17 11:52:16.906694   => THE END PRECONDITIONS

2024-04-17 11:52:16.906923   1. Arrange_v3
2024-04-17 11:52:16.906943   current_page = https://capital.com/it
2024-04-17 11:52:16.909518   link = https://capital.com/it/trade-twitter
2024-04-17 11:52:16.912015   Current page URL = https://capital.com/it
2024-04-17 11:52:16.914465   self.link = https://capital.com/it/trade-twitter
2024-04-17 11:52:16.914479   driver.get(https://capital.com/it/trade-twitter) =>
2024-04-17 11:52:18.776327   => Loaded page https://capital.com/it/trade-twitter
2024-04-17 11:52:18.783319   Is visible BUTTON_START_TRADING_IN_ARTICLE? =>
2024-04-17 11:52:18.783335   => BUTTON_START_TRADING_IN_ARTICLE =>

2024-04-17 11:52:18.791676   2. Act_v3
2024-04-17 11:52:18.791700   Start Click button BUTTON_START_TRADING_IN_ARTICLE =>
2024-04-17 11:52:18.869067   => BUTTON_START_TRADING_IN_ARTICLE is clicked

2024-04-17 11:52:18.869288   3. Assert_v0
2024-04-17 11:52:18.869377   Start step Check that [Sign up] form is opened
2024-04-17 11:52:19.118623   'Sign up' form opened
2024-04-17 11:52:19.118671   Assert SIGNUP_HEADER =>
2024-04-17 11:52:19.134750   Assert SIGNUP_REF_LOGIN =>
2024-04-17 11:52:19.149608   Assert SIGNUP_PRIVACY_POLICY_ALL_2 =>
2024-04-17 11:52:19.163811   => SIGNUP_PRIVACY_POLICY_ALL
2024-04-17 11:52:19.163846   => 'Signup' form is checked
2024-04-17 11:52:19.164013   Start step Close [Sign up] form =>
2024-04-17 11:52:19.265832   => 'Signup' form closed
2024-04-17 11:52:19.541995   => Focus moved to 'capital*com' logo
