{'width': 1280, 'height': 800}

2024-04-17 10:47:16.859235   worker_id = master

2024-04-17 10:47:16.859262   0. Allure grouping v4

2024-04-17 10:47:16.859762   START PRECONDITIONS =>

2024-04-17 10:47:16.859787   => URL after prev. preconditions - https://capital.com/it
2024-04-17 10:47:16.859801   => flag_of_bug - False
2024-04-17 10:47:16.859817   => Current URL - https://capital.com/it/indici-in-tempo-reale
2024-04-17 10:47:16.865881   Current page URL = https://capital.com/it/indici-in-tempo-reale
2024-04-17 10:47:16.869586   self.link = https://capital.com/it
2024-04-17 10:47:16.869600   driver.get(https://capital.com/it) =>
2024-04-17 10:47:18.715344   => Loaded page https://capital.com/it

2024-04-17 10:47:18.719663   => Windows size - {'width': 1280, 'height': 800}
2024-04-17 10:47:18.721011   Set windows position at (0, 0) =>
2024-04-17 10:47:18.823113   Set resolution 1280 * 800 =>
2024-04-17 10:47:18.925281   => Windows size is set to {'width': 1280, 'height': 800}

2024-04-17 10:47:19.963094   Капчи нет. Идем дальше

2024-04-17 10:47:19.963186   Работа с куками =>

2024-04-17 10:47:19.963201   => не требуется

2024-04-17 10:47:19.963210   Prev. country - 'de'
2024-04-17 10:47:19.963220   Cur. country - 'de'
2024-04-17 10:47:19.963229   => Country set to 'de'

2024-04-17 10:47:19.963237   Prev. language - 'it'
2024-04-17 10:47:19.963246   Cur. language - 'it'
2024-04-17 10:47:19.963255   => Language is set to 'it'

2024-04-17 10:47:19.963263   Prev. role - 'NoAuth'
2024-04-17 10:47:19.963272   Cur. role - 'NoAuth'
2024-04-17 10:47:19.963281   => The 'NoAuth' role is set

2024-04-17 10:47:19.966845   => Current URL - https://capital.com/it

2024-04-17 10:47:19.966868   => THE END PRECONDITIONS

2024-04-17 10:47:19.967049   START Open "Markets" menu, "Indices" submenu =>

2024-04-17 10:47:19.967064   1. Cur URL = https://capital.com/it

2024-04-17 10:47:19.969585   2. Link = https://capital.com/it
2024-04-17 10:47:19.969601   current_page = https://capital.com/it
2024-04-17 10:47:19.972006   link = https://capital.com/it
2024-04-17 10:47:20.485094   => 'Markets' menu is present
2024-04-17 10:47:20.500759   => 'Markets' menu is visible
2024-04-17 10:47:21.766521   => Focus moved to 'Markets' menu


2024-04-17 10:47:23.303456   => 'Indices' submenu clicked
2024-04-17 10:47:23.597542   => Focus moved to 'capital*com' logo

2024-04-17 10:47:23.597583   3. Cur URL = https://capital.com/it/indici-in-tempo-reale

2024-04-17 10:47:23.603035   1. Arrange_v0
2024-04-17 10:47:23.603057   current_page = https://capital.com/it/indici-in-tempo-reale
2024-04-17 10:47:23.605555   link = https://capital.com/it/indici-in-tempo-reale
2024-04-17 10:47:23.607999   BUTTON_CREATE_YOUR_ACCOUNT is located on the page? =>

2024-04-17 10:47:23.616354   2. Act_v0: Define of locator

2024-04-17 10:47:23.616377   2. Act_v0: Go to web element

2024-04-17 10:47:24.671434   2. Act_v0: Click web element
2024-04-17 10:47:24.697764   => BUTTON_CREATE_YOUR_ACCOUNT is clicked

2024-04-17 10:47:24.697975   3. Assert_v0
2024-04-17 10:47:24.698064   Start step Check that [Sign up] form is opened
2024-04-17 10:47:24.860862   'Sign up' form opened
2024-04-17 10:47:24.860910   Assert SIGNUP_HEADER =>
2024-04-17 10:47:24.875874   Assert SIGNUP_REF_LOGIN =>
2024-04-17 10:47:24.889978   Assert SIGNUP_PRIVACY_POLICY_ALL_2 =>
2024-04-17 10:47:24.904530   => SIGNUP_PRIVACY_POLICY_ALL
2024-04-17 10:47:24.904565   => 'Signup' form is checked
2024-04-17 10:47:24.904730   Start step Close [Sign up] form =>
2024-04-17 10:47:24.991383   => 'Signup' form closed
2024-04-17 10:47:25.264302   => Focus moved to 'capital*com' logo
