{'width': 1920, 'height': 1080}

2024-10-16 05:47:23.486060   worker_id = master

2024-10-16 05:47:23.486074   0. Allure grouping for US_55


2024-10-16 05:47:23.486264   START PRECONDITIONS =>

2024-10-16 05:47:23.486279   => URL after prev. preconditions - https://capital.com/en-gb
2024-10-16 05:47:23.486288   => flag_of_bug - True
2024-10-16 05:47:23.486299   => Current URL - https://capital.com/en-mena/markets/cryptocurrencies
2024-10-16 05:47:23.491680   Current page URL = https://capital.com/en-mena/markets/cryptocurrencies
2024-10-16 05:47:23.494098   self.link = https://capital.com/en-gb
2024-10-16 05:47:23.494111   driver.get(https://capital.com/en-gb) =>
2024-10-16 05:47:24.830937   => Loaded page https://capital.com/en-gb

2024-10-16 05:47:24.835282   => Windows size: {'width': 1920, 'height': 1080}

2024-10-16 05:47:24.836662   Set windows position at (0, 0) =>

2024-10-16 05:47:24.838340   Set resolution 1920 * 1080 =>

2024-10-16 05:47:24.839968   => Resolution set {'width': 1920, 'height': 1080}

2024-10-16 05:47:24.841295   Работа с куками =>
2024-10-16 05:47:24.841309   Prev. role - 'NoReg'
2024-10-16 05:47:24.841319   Current testing role - 'Auth'

2024-10-16 05:47:24.841328   All cookies must be delete =>
2024-10-16 05:47:24.943499   => All cookies are deleted
2024-10-16 05:47:24.943542   Current page URL = https://capital.com/en-gb
2024-10-16 05:47:24.951084   self.link = https://capital.com/en-gb
2024-10-16 05:47:24.951100   driver.get(https://capital.com/en-gb) =>
2024-10-16 05:47:26.225773   => Loaded page https://capital.com/en-gb

2024-10-16 05:47:26.230204   Step 'Click button [Accept all cookies]'
2024-10-16 05:47:26.230216   Is Visible Button [Accept all cookies]? =>
2024-10-16 05:47:27.466764   => Button [Accept all cookies] is visible
2024-10-16 05:47:27.966914   Is clickable Button [Accept all cookies] =>
2024-10-16 05:47:27.982708   => Button [Accept all cookies] is clickable
2024-10-16 05:47:27.982736   Click Button [Accept all cookies] =>
2024-10-16 05:47:28.184131   => Button [Accept all cookies] is clicked
2024-10-16 05:47:28.184180   => Accepted All Cookies

2024-10-16 05:47:28.684284   Prev. role - 'NoReg'
2024-10-16 05:47:28.684338   Cur. role - 'Auth'

2024-10-16 05:47:28.684559   Start Authorization
2024-10-16 05:47:28.771208   => 'Login' form is opened
2024-10-16 05:47:28.983830   => "login" and "password" are inputted
2024-10-16 05:47:28.983871   Click [Continue] button on [Login] form =>
2024-10-16 05:47:29.043803   => [Continue] button on [Login] form is clicked
2024-10-16 05:47:29.043844   Set timeout = 30
2024-10-16 05:47:29.909504   => Page with 'Trading Platform | Capital.com' title opened

2024-10-16 05:47:29.909598   2. Checking that the LOGO is present on the page =>
2024-10-16 05:47:31.118643   => 'capital*com' logo is present on the current page

2024-10-16 05:47:31.426316   => The 'Auth' role is set

2024-10-16 05:47:31.426373   Prev. language: nl
2024-10-16 05:47:31.426390   Cur. language - 'en'

2024-10-16 05:47:31.426405   Prev. country: ua
2024-10-16 05:47:31.426421   Cur. country: ae

2024-10-16 05:47:31.426629   Set "en" language and "ae" country =>
2024-10-16 05:47:31.426656   Current page URL = https://capital.com/en-gb
2024-10-16 05:47:31.459167   self.link = https://capital.com/en-ae
2024-10-16 05:47:31.459192   driver.get(https://capital.com/en-ae) =>
2024-10-16 05:47:32.810500   => Loaded page https://capital.com/en-ae
2024-10-16 05:47:32.814704   => Language is set to 'en'
2024-10-16 05:47:32.814720   => Country is set to 'ae'
2024-10-16 05:47:32.814729   => Current URL - https://capital.com/en-ae

2024-10-16 05:47:32.819698   => Current URL - https://capital.com/en-ae

2024-10-16 05:47:32.819720   => END PRECONDITIONS

2024-10-16 05:47:32.819902   START Open "Markets" menu, "Shares" submenu =>

2024-10-16 05:47:32.819918   1. Cur URL = https://capital.com/en-ae

2024-10-16 05:47:32.822332   2. Link = https://capital.com/en-ae
2024-10-16 05:47:32.822347   current_page = https://capital.com/en-ae
2024-10-16 05:47:32.828222   link = https://capital.com/en-ae
2024-10-16 05:47:33.340124   => 'Markets' menu is present
2024-10-16 05:47:33.360427   => 'Markets' menu is visible
2024-10-16 05:47:34.844166   => Focus moved to 'Markets' menu
2024-10-16 05:47:34.865214   => 'Shares' submenu is visible
2024-10-16 05:47:35.653066   => 'Shares' sub-menu clicked
2024-10-16 05:47:40.974908   => Focus moved to 'capital*com' logo
2024-10-16 05:47:40.974954   3. Cur URL = https://capital.com/en-ae/markets/shares

2024-10-16 05:47:40.980316   Click the [stock exchange] link in the "What is shares trading?" block =>
2024-10-16 05:47:42.043838   => Done, the "Stock Market Trading Hours" page is opened

2024-10-16 05:47:42.043890   Click random trading instrument link =>
2024-10-16 05:47:42.785388   => Done, the link is clicked
2024-10-16 05:47:42.785439   Current URL: "https://capital.com/en-ae/markets/commodities"

2024-10-16 05:47:42.796127   Check if the corresponding page of the link is opened =>
