{'width': 1280, 'height': 720}

2024-02-26 01:28:38.469105   worker_id = master

2024-02-26 01:28:38.469126   0. Allure grouping v4


2024-02-26 01:28:38.469390   START PRECONDITIONS =>


2024-02-26 01:28:38.469410   {'width': 1280, 'height': 720}

2024-02-26 01:28:38.474288   Set windows position at (0, 0) =>

2024-02-26 01:28:38.578488   Set resolution 1280 * 720 =>

2024-02-26 01:28:38.684413   => Resolution seted {'width': 1280, 'height': 720}

2024-02-26 01:28:39.699857   Капчи нет. Идем дальше

2024-02-26 01:28:39.699944   Prev. Role: NoReg

2024-02-26 01:28:39.699956   Current role: NoReg

2024-02-26 01:28:40.739746   Капчи нет. Идем дальше

2024-02-26 01:28:40.739837   Prev language: it

2024-02-26 01:28:40.739850   => Current language: it

2024-02-26 01:28:41.768166   Капчи нет. Идем дальше

2024-02-26 01:28:41.768274   Prev country: au
2024-02-26 01:28:41.768293   => Current country: au

2024-02-26 01:28:41.768307   => THE END PRECONDITIONS

2024-02-26 01:28:41.768354   1. Arrange_v0

2024-02-26 01:28:41.801232   2. Act_v0
2024-02-26 01:28:41.801268   BUTTON_GET_STARTED_ON_STICKY_BAR is present? =>
2024-02-26 01:28:41.819680   => BUTTON_GET_STARTED_ON_STICKY_BAR is present on the page!
2024-02-26 01:28:41.819723   BUTTON_GET_STARTED_ON_STICKY_BAR scroll =>
2024-02-26 01:28:42.335228   => BUTTON_GET_STARTED_ON_STICKY_BAR clicked!

2024-02-26 01:28:42.335463   3. Assert_v0
2024-02-26 01:28:42.335550   Start step Check that [Sign up] form is opened
2024-02-26 01:28:42.464656   'Sign up' form opened
2024-02-26 01:28:42.464696   Assert SIGNUP_HEADER =>
2024-02-26 01:28:42.526197   Assert SIGNUP_REF_LOGIN =>
2024-02-26 01:28:42.575315   Assert SIGNUP_PRIVACY_POLICY_ALL_2 =>
2024-02-26 01:28:42.613268   => SIGNUP_PRIVACY_POLICY_ALL
2024-02-26 01:28:42.613306   => 'Signup' form is checked
2024-02-26 01:28:42.613493   Start step Close [Sign up] form =>
2024-02-26 01:28:42.847702   => 'Signup' form closed
