{'width': 1280, 'height': 720}

2024-02-26 02:17:47.744680   worker_id = master

2024-02-26 02:17:47.744698   0. Allure grouping v4


2024-02-26 02:17:47.744887   START PRECONDITIONS =>


2024-02-26 02:17:47.744903   {'width': 1280, 'height': 720}

2024-02-26 02:17:47.746165   Set windows position at (0, 0) =>

2024-02-26 02:17:47.848417   Set resolution 1280 * 720 =>

2024-02-26 02:17:47.950908   => Resolution seted {'width': 1280, 'height': 720}

2024-02-26 02:17:48.980453   Капчи нет. Идем дальше

2024-02-26 02:17:48.980550   Prev. Role: NoReg

2024-02-26 02:17:48.980563   Current role: NoReg

2024-02-26 02:17:50.005869   Капчи нет. Идем дальше

2024-02-26 02:17:50.005954   Prev language: it

2024-02-26 02:17:50.005968   => Current language: it

2024-02-26 02:17:51.042297   Капчи нет. Идем дальше

2024-02-26 02:17:51.043006   Prev country: au
2024-02-26 02:17:51.043028   => Current country: au

2024-02-26 02:17:51.043045   => THE END PRECONDITIONS

2024-02-26 02:17:51.043309   1. Arrange_v4
2024-02-26 02:17:51.046179   MOST_TRADED is present? =>
2024-02-26 02:17:51.054100   => MOST_TRADED widget is present on this page
2024-02-26 02:17:51.054123   => Found 5 elements in block MOST_TRADED
2024-02-26 02:17:51.054133   Most traded widget is scroll =>
2024-02-26 02:17:51.061503   => Most traded widget is scrolled into screen center

2024-02-26 02:17:51.061550   Random indexes = [4]

2024-02-26 02:17:51.061565   Testing Most traded 1 random element with 4 index

2024-02-26 02:17:51.061710   2. Act_v4
2024-02-26 02:17:51.061801   Start Checking that form [Sign up] popped up on the page =>
2024-02-26 02:17:52.611135   '[Sign up]' form was not popped up
2024-02-26 02:17:52.633093   Selected Trade button on Most traded widget is scroll =>
2024-02-26 02:17:52.636427   Selected Trade button click for 'Australian Dollar / US Dollar' trading instrument =>
2024-02-26 02:17:53.713309   => Selected Trade button clicked!

2024-02-26 02:17:53.713611   3. Assert_v0
2024-02-26 02:17:53.713733   Start step Check that [Sign up] form is opened
2024-02-26 02:17:53.729756   'Sign up' form opened
2024-02-26 02:17:53.729795   Assert SIGNUP_HEADER =>
2024-02-26 02:17:53.741984   Assert SIGNUP_REF_LOGIN =>
2024-02-26 02:17:53.753380   Assert SIGNUP_PRIVACY_POLICY_ALL_2 =>
2024-02-26 02:17:53.766054   => SIGNUP_PRIVACY_POLICY_ALL
2024-02-26 02:17:53.766086   => 'Signup' form is checked
2024-02-26 02:17:53.766251   Start step Close [Sign up] form =>
2024-02-26 02:17:53.841999   => 'Signup' form closed
