{'width': 1280, 'height': 800}

2024-04-16 07:18:53.614756   worker_id = master

2024-04-16 07:18:53.614770   0. Allure grouping v4

2024-04-16 07:18:53.614976   START PRECONDITIONS =>

2024-04-16 07:18:53.614996   => URL after prev. preconditions - https://capital.com/es
2024-04-16 07:18:53.615006   => flag_of_bug - False
2024-04-16 07:18:53.615016   => Current URL - https://capital.com/es/eur-chf-tipo
2024-04-16 07:18:53.620221   Current page URL = https://capital.com/es/eur-chf-tipo
2024-04-16 07:18:53.622636   self.link = https://capital.com/es
2024-04-16 07:18:53.622650   driver.get(https://capital.com/es) =>
2024-04-16 07:18:55.314851   => Loaded page https://capital.com/es

2024-04-16 07:18:55.319408   => Windows size - {'width': 1280, 'height': 800}
2024-04-16 07:18:55.320880   Set windows position at (0, 0) =>
2024-04-16 07:18:55.423194   Set resolution 1280 * 800 =>
2024-04-16 07:18:55.527751   => Windows size is set to {'width': 1280, 'height': 800}

2024-04-16 07:18:56.568578   Капчи нет. Идем дальше

2024-04-16 07:18:56.568674   Работа с куками =>

2024-04-16 07:18:56.568689   => не требуется

2024-04-16 07:18:56.568699   Prev. country - 'de'
2024-04-16 07:18:56.568709   Cur. country - 'de'
2024-04-16 07:18:56.568718   => Country set to 'de'

2024-04-16 07:18:56.568727   Prev. language - 'es'
2024-04-16 07:18:56.568736   Cur. language - 'es'
2024-04-16 07:18:56.568744   => Language is set to 'es'

2024-04-16 07:18:56.568753   Prev. role - 'NoReg'
2024-04-16 07:18:56.568762   Cur. role - 'NoReg'
2024-04-16 07:18:56.568770   => The 'NoReg' role is set

2024-04-16 07:18:56.571712   => Current URL - https://capital.com/es

2024-04-16 07:18:56.571736   => THE END PRECONDITIONS

2024-04-16 07:18:56.571941   1. Arrange_v0
2024-04-16 07:18:56.571959   current_page = https://capital.com/es
2024-04-16 07:18:56.574664   link = https://capital.com/es/eur-chf-tipo
2024-04-16 07:18:56.578682   Current page URL = https://capital.com/es
2024-04-16 07:18:56.581270   self.link = https://capital.com/es/eur-chf-tipo
2024-04-16 07:18:56.581284   driver.get(https://capital.com/es/eur-chf-tipo) =>
2024-04-16 07:18:58.197818   => Loaded page https://capital.com/es/eur-chf-tipo
2024-04-16 07:18:58.212544   Is button BUTTON_VIEW_DETAILED_CHART present on the page? =>
2024-04-16 07:18:58.212582   => BUTTON_VIEW_DETAILED_CHART is present on the page
2024-04-16 07:18:58.212592   BUTTON_VIEW_DETAILED_CHART scroll =>
2024-04-16 07:18:58.215978   => BUTTON_VIEW_DETAILED_CHART scrolled
2024-04-16 07:18:58.216156   Start Checking that form [Sign up] popped up on the page =>
2024-04-16 07:18:59.772304   '[Sign up]' form was not popped up

2024-04-16 07:18:59.772496   2. Act_v0
2024-04-16 07:18:59.772514   Start Click button [View Detailed Chart] =>
2024-04-16 07:18:59.788593   BUTTON_VIEW_DETAILED_CHART is clickable =>
2024-04-16 07:18:59.822416 => BUTTON_VIEW_DETAILED_CHART clicked

2024-04-16 07:18:59.822655   3. Assert_v0
2024-04-16 07:18:59.822749   Start step Check that [Sign up] form is opened
2024-04-16 07:18:59.996859   'Sign up' form opened
2024-04-16 07:18:59.996914   Assert SIGNUP_HEADER =>
2024-04-16 07:19:00.010295   Assert SIGNUP_REF_LOGIN =>
2024-04-16 07:19:00.022223   Assert SIGNUP_PRIVACY_POLICY_ALL_2 =>
2024-04-16 07:19:00.053837   => SIGNUP_PRIVACY_POLICY_ALL
2024-04-16 07:19:00.053884   => 'Signup' form is checked
2024-04-16 07:19:00.054067   Start step Close [Sign up] form =>
2024-04-16 07:19:00.167422   => 'Signup' form closed
2024-04-16 07:19:00.442797   => Focus moved to 'capital*com' logo
