{'width': 1280, 'height': 800}

2024-04-16 09:37:33.546918   worker_id = master

2024-04-16 09:37:33.546938   0. Allure grouping v4

2024-04-16 09:37:33.547239   START PRECONDITIONS =>

2024-04-16 09:37:33.547256   => URL after prev. preconditions - https://capital.com/es
2024-04-16 09:37:33.547267   => flag_of_bug - False
2024-04-16 09:37:33.547278   => Current URL - https://capital.com/es/trade-etfs
2024-04-16 09:37:33.552200   Current page URL = https://capital.com/es/trade-etfs
2024-04-16 09:37:33.554489   self.link = https://capital.com/es
2024-04-16 09:37:33.554503   driver.get(https://capital.com/es) =>
2024-04-16 09:37:35.486224   => Loaded page https://capital.com/es

2024-04-16 09:37:35.490383   => Windows size - {'width': 1280, 'height': 800}
2024-04-16 09:37:35.491748   Set windows position at (0, 0) =>
2024-04-16 09:37:35.595484   Set resolution 1280 * 800 =>
2024-04-16 09:37:35.697935   => Windows size is set to {'width': 1280, 'height': 800}

2024-04-16 09:37:36.746779   Капчи нет. Идем дальше

2024-04-16 09:37:36.746869   Работа с куками =>

2024-04-16 09:37:36.746883   => не требуется

2024-04-16 09:37:36.746893   Prev. country - 'de'
2024-04-16 09:37:36.746902   Cur. country - 'de'
2024-04-16 09:37:36.746911   => Country set to 'de'

2024-04-16 09:37:36.746920   Prev. language - 'es'
2024-04-16 09:37:36.746929   Cur. language - 'es'
2024-04-16 09:37:36.746938   => Language is set to 'es'

2024-04-16 09:37:36.746978   Prev. role - 'Auth'
2024-04-16 09:37:36.746995   Cur. role - 'Auth'
2024-04-16 09:37:36.747005   => The 'Auth' role is set

2024-04-16 09:37:36.749658   => Current URL - https://capital.com/es

2024-04-16 09:37:36.749678   => THE END PRECONDITIONS
2024-04-16 09:37:37.267040   => Education menu is present in DOM
2024-04-16 09:37:37.272549   => Education menu is visible
2024-04-16 09:37:38.546247   => Focus moved to Education menu

2024-04-16 09:37:40.113386   1. Arrange_v0
2024-04-16 09:37:40.113427   current_page = https://capital.com/es/trade-etfs
2024-04-16 09:37:40.116665   link = https://capital.com/es/trade-etfs
2024-04-16 09:37:40.148608   => BUTTON_TRY_DEMO is present on this page
2024-04-16 09:37:40.148649   BUTTON_TRY_DEMO scroll =>
2024-04-16 09:37:40.152031   BUTTON_TRY_DEMO is visible? =>
2024-04-16 09:37:40.181534   => BUTTON_TRY_DEMO is visible on this page

2024-04-16 09:37:40.181710   2. Act_v0
2024-04-16 09:37:40.187020   BUTTON_TRY_DEMO is clickable? =>
2024-04-16 09:37:40.212807   => BUTTON_TRY_DEMO clicked!

2024-04-16 09:37:40.213058   3. Assert_v4

2024-04-16 09:37:40.213078   
2024-04-16 09:37:40.213180   Checking that the trading platform page has opened (v4) =>
2024-04-16 09:37:41.225524   Checking way # 1 => 

2024-04-16 09:37:41.225744   1. Checking that the Trading platform (or TradingView site) page has valid title =>
2024-04-16 09:37:41.236710   => The title of current page is 'Trading Platform | Capital.com'

2024-04-16 09:37:41.236839   2. Checking that the LOGO is present on the page =>
2024-04-16 09:37:41.757644   => 'capital*com' logo is present on the current page

2024-04-16 09:37:41.757689   tpd = True
2024-04-16 09:37:41.757753   3.1. Checking that the Trading platform opened in DEMO mode =>
2024-04-16 09:37:42.588043   => The page with https://capital.com/trading/platform/?mode=demo url was opened in DEMO mode
2024-04-16 09:37:43.457613   => Driver.backed
