


Current sort - Most traded
{'width': 1280, 'height': 800}

2024-04-16 06:28:41.209810   worker_id = master

2024-04-16 06:28:41.209824   0. Allure grouping v4

2024-04-16 06:28:41.210010   START PRECONDITIONS =>

2024-04-16 06:28:41.210025   => URL after prev. preconditions - https://capital.com/es
2024-04-16 06:28:41.210035   => flag_of_bug - True
2024-04-16 06:28:41.210045   => Current URL - https://capital.com/es/en-vivo-acciones-precios?t=volatile
2024-04-16 06:28:41.215685   Current page URL = https://capital.com/es/en-vivo-acciones-precios?t=volatile
2024-04-16 06:28:41.218318   self.link = https://capital.com/es
2024-04-16 06:28:41.218332   driver.get(https://capital.com/es) =>
2024-04-16 06:28:42.940897   => Loaded page https://capital.com/es

2024-04-16 06:28:42.947628   => Windows size - {'width': 1280, 'height': 800}
2024-04-16 06:28:42.949059   Set windows position at (0, 0) =>
2024-04-16 06:28:43.051399   Set resolution 1280 * 800 =>
2024-04-16 06:28:43.153865   => Windows size is set to {'width': 1280, 'height': 800}

2024-04-16 06:28:44.194830   Капчи нет. Идем дальше

2024-04-16 06:28:44.194919   Работа с куками =>

2024-04-16 06:28:44.194932   => не требуется

2024-04-16 06:28:44.194942   Prev. country - 'de'
2024-04-16 06:28:44.194981   Cur. country - 'de'
2024-04-16 06:28:44.194992   => Country set to 'de'

2024-04-16 06:28:44.195001   Prev. language - 'es'
2024-04-16 06:28:44.195010   Cur. language - 'es'
2024-04-16 06:28:44.195019   => Language is set to 'es'

2024-04-16 06:28:44.195027   Prev. role - 'NoReg'
2024-04-16 06:28:44.195036   Cur. role - 'NoReg'
2024-04-16 06:28:44.195044   => The 'NoReg' role is set

2024-04-16 06:28:44.197752   => Current URL - https://capital.com/es

2024-04-16 06:28:44.197772   => THE END PRECONDITIONS

2024-04-16 06:28:44.197951   START Open "Markets" menu, "Shares" submenu =>
2024-04-16 06:28:44.197966   1. Cur URL = https://capital.com/es
2024-04-16 06:28:44.200499   2. Link = https://capital.com/es
2024-04-16 06:28:44.200514   current_page = https://capital.com/es
2024-04-16 06:28:44.202994   link = https://capital.com/es
2024-04-16 06:28:44.714571   => 'Markets' menu is present
2024-04-16 06:28:44.731208   => 'Markets' menu is visible
2024-04-16 06:28:45.997664   => Focus moved to 'Markets' menu
2024-04-16 06:28:47.460560   => Focus moved to 'Shares' submenu and clicked
2024-04-16 06:28:47.746516   => Focus moved to 'capital*com' logo
2024-04-16 06:28:47.746560   3. Cur URL = https://capital.com/es/en-vivo-acciones-precios

2024-04-16 06:28:47.751988   1. Arrange for Trading instrument table and "Most traded" cur_sort
2024-04-16 06:28:47.752010   current_page = https://capital.com/es/en-vivo-acciones-precios
2024-04-16 06:28:47.754481   link = https://capital.com/es/en-vivo-acciones-precios
2024-04-16 06:28:47.756937   IS TABLE_TRADING_INSTRUMENTS  present on the  page? =>
2024-04-16 06:28:47.764707   => TABLE_TRADING_INSTRUMENTS is present on the page!
2024-04-16 06:28:47.764729   IS FIELD_DROPDOWN_SORT present in the table? =>
2024-04-16 06:28:47.771765   =>  FIELD_DROPDOWN_SORT is present in the table!
2024-04-16 06:28:47.771791   Start scroll and click FIELD_DROPDOWN_SORT =>
2024-04-16 06:28:47.865048   Is item_sort_list visible on the FIELD_DROPDOWN_SORT ? =>
2024-04-16 06:28:47.918256   => item_sort_list is visible on the FIELD_DROPDOWN_SORT!
2024-04-16 06:28:47.918298   Is cur_sort "Most traded" present in item_sort_list? =>
2024-04-16 06:28:47.926154   => cur_sort "Most traded" is present in item_sort_list!
2024-04-16 06:28:47.926183   Start click cur_sort "Most traded" =>
2024-04-16 06:28:48.612518   => End Click cur_sort "Most traded"

2024-04-16 06:28:48.612571   Buttons [Buy] is visible and quantity buttons not zero? =>
2024-04-16 06:28:48.639094   => Buttons [Buy] is visible and quantity buttons not zero!

2024-04-16 06:28:48.639141   Start find two random buttons [Buy] on cur_sort "Most traded"=>
2024-04-16 06:28:48.645905   => End find 1 random buttons [Buy] on the cur_sort "Most traded"


2024-04-16 06:28:48.645934   Item_list = [13]
2024-04-16 06:28:48.646115   Start Checking that form [Sign up] popped up on the page =>
2024-04-16 06:28:50.195499   '[Sign up]' form was not popped up
2024-04-16 06:28:50.195709   2. Act for trading instrument and "Most traded" cur_sort
2024-04-16 06:28:50.213870   Start click button [Buy] =>
2024-04-16 06:28:50.224450   =>   BUTTON_BUY on item with ID = 1657857463492
2024-04-16 06:28:50.224483   BUTTON_BUY on item with ID = '1657857463492' scroll into view =>
2024-04-16 06:28:50.231414   => BUTTON_SELL on item with ID = '1657857463492' scrolled into view
2024-04-16 06:28:50.231596   Check that BUTTON_BUY with item META clickable =>
2024-04-16 06:28:50.360617   => BUTTON_BUY is clickable
2024-04-16 06:28:51.140365   =>   BUTTON_BUY with item META clicked

2024-04-16 06:28:51.140610   3. Assert_v0
2024-04-16 06:28:51.140699   Start step Check that [Sign up] form is opened
2024-04-16 06:28:54.205352   'Sign up' form not opened
2024-04-16 06:28:54.205550   Start step Check that new [Sign up] form is opened
2024-04-16 06:28:57.281146   => new 'Sign up' form not opened
2024-04-16 06:28:57.281343   Start method Check that [Sign up] page opened =>
2024-04-16 06:28:58.285155   'Sign up' page not opened
2024-04-16 06:28:58.285361   Check that [Sign up] form on trading platform opened =>
2024-04-16 06:29:01.380909   'Sign up' form on trading platform page not opened

Bug: 

2024-04-16 06:29:01.381001   Проверка бага в таблице ретеста  =>

2024-04-16 06:29:01.383946  Для бага: Bid-04 необходимо использовать проверку на ретест!!!
