{'width': 1920, 'height': 1080}

2024-10-13 03:30:34.568436   worker_id = master

2024-10-13 03:30:34.568456   0. Allure grouping for US_55


2024-10-13 03:30:34.568736   START PRECONDITIONS =>

2024-10-13 03:30:34.568760   => URL after prev. preconditions - https://capital.com/en-gb
2024-10-13 03:30:34.568773   => flag_of_bug - True
2024-10-13 03:30:34.568789   => Current URL - https://capital.com/ar-ae/learn#tradingbeginners
2024-10-13 03:30:34.576607   Current page URL = https://capital.com/ar-ae/learn#tradingbeginners
2024-10-13 03:30:34.579903   self.link = https://capital.com/en-gb
2024-10-13 03:30:34.579921   driver.get(https://capital.com/en-gb) =>
2024-10-13 03:30:35.851128   => Loaded page https://capital.com/en-gb

2024-10-13 03:30:35.885638   => Windows size: {'width': 1920, 'height': 1080}

2024-10-13 03:30:35.887064   Set windows position at (0, 0) =>

2024-10-13 03:30:35.888755   Set resolution 1920 * 1080 =>

2024-10-13 03:30:35.890457   => Resolution set {'width': 1920, 'height': 1080}

2024-10-13 03:30:35.891803   Работа с куками =>
2024-10-13 03:30:35.891826   Prev. role - 'NoReg'
2024-10-13 03:30:35.891842   Current testing role - 'Auth'

2024-10-13 03:30:35.891857   All cookies must be delete =>
2024-10-13 03:30:35.983844   => All cookies are deleted
2024-10-13 03:30:35.983878   Current page URL = https://capital.com/en-gb
2024-10-13 03:30:35.986464   self.link = https://capital.com/en-gb
2024-10-13 03:30:35.986477   driver.get(https://capital.com/en-gb) =>
2024-10-13 03:30:37.253830   => Loaded page https://capital.com/en-gb

2024-10-13 03:30:37.258195   Step 'Click button [Accept all cookies]'
2024-10-13 03:30:37.258207   Is Visible Button [Accept all cookies]? =>
2024-10-13 03:30:38.481124   => Button [Accept all cookies] is visible
2024-10-13 03:30:38.981275   Is clickable Button [Accept all cookies] =>
2024-10-13 03:30:38.997291   => Button [Accept all cookies] is clickable
2024-10-13 03:30:38.997320   Click Button [Accept all cookies] =>
2024-10-13 03:30:39.197771   => Button [Accept all cookies] is clicked
2024-10-13 03:30:39.197814   => Accepted All Cookies

2024-10-13 03:30:39.697914   Prev. role - 'NoReg'
2024-10-13 03:30:39.697971   Cur. role - 'Auth'

2024-10-13 03:30:39.698181   Start Authorization
2024-10-13 03:30:39.808174   => 'Login' form is opened
2024-10-13 03:30:40.028641   => "login" and "password" are inputted
2024-10-13 03:30:40.028683   Click [Continue] button on [Login] form =>
2024-10-13 03:30:40.094464   => [Continue] button on [Login] form is clicked
2024-10-13 03:30:40.094521   Set timeout = 30
2024-10-13 03:30:41.164666   => Page with 'Trading Platform | Capital.com' title opened

2024-10-13 03:30:41.164749   2. Checking that the LOGO is present on the page =>
2024-10-13 03:30:42.119585   => 'capital*com' logo is present on the current page

2024-10-13 03:30:42.447354   => The 'Auth' role is set

2024-10-13 03:30:42.447413   Prev. language: en
2024-10-13 03:30:42.447430   Cur. language - 'ar'

2024-10-13 03:30:42.447446   Prev. country: ua
2024-10-13 03:30:42.447462   Cur. country: ae

2024-10-13 03:30:42.447688   Set "ar" language and "ae" country =>
2024-10-13 03:30:42.447717   Current page URL = https://capital.com/en-gb
2024-10-13 03:30:42.498837   self.link = https://capital.com/ar-ae
2024-10-13 03:30:42.498860   driver.get(https://capital.com/ar-ae) =>
2024-10-13 03:30:43.772107   => Loaded page https://capital.com/ar-ae
2024-10-13 03:30:43.829845   => Language is set to 'ar'
2024-10-13 03:30:43.829866   => Country is set to 'ae'
2024-10-13 03:30:43.829876   => Current URL - https://capital.com/ar-ae

2024-10-13 03:30:43.839961   => Current URL - https://capital.com/ar-ae

2024-10-13 03:30:43.839984   => END PRECONDITIONS

2024-10-13 03:30:43.840175   START Open "About us" menu, "Why Capital.com?" submenu =>

2024-10-13 03:30:43.840192   1. Cur URL = https://capital.com/ar-ae

2024-10-13 03:30:43.846395   2. Link = https://capital.com/ar-ae
2024-10-13 03:30:43.846411   current_page = https://capital.com/ar-ae
2024-10-13 03:30:43.848868   link = https://capital.com/ar-ae
2024-10-13 03:30:44.357666   => 'About us' menu is present
2024-10-13 03:30:44.373083   => 'About us' menu is visible
2024-10-13 03:30:46.014935   => Focus moved to 'About us' menu
2024-10-13 03:30:46.031971   => 'Why Capital.com?' submenu is visible
2024-10-13 03:30:46.846082   => 'Why Capital.com?' sub-menu clicked
2024-10-13 03:30:52.159964   => Focus moved to 'capital*com' logo
2024-10-13 03:30:52.160004   3. Cur URL = https://capital.com/ar-ae/why-capital

2024-10-13 03:30:52.165577   Click the Learn to trade link =>
2024-10-13 03:30:52.255582   => Done, the corresponding page is opened
2024-10-13 03:30:52.255634   Current URL: "https://capital.com/ar-ae/why-capital"

2024-10-13 03:30:52.312344   Check if scroll to the block Experienced traders is successful => 
2024-10-13 03:30:57.928289   => The block is not into viewport
