


Current sort - Most volatile
{'width': 1280, 'height': 800}

2024-04-16 06:29:42.873716   worker_id = master

2024-04-16 06:29:42.873731   0. Allure grouping v4

2024-04-16 06:29:42.873941   START PRECONDITIONS =>

2024-04-16 06:29:42.873958   => URL after prev. preconditions - https://capital.com/es
2024-04-16 06:29:42.873968   => flag_of_bug - True
2024-04-16 06:29:42.873978   => Current URL - https://capital.com/es/en-vivo-acciones-precios?t=fallers
2024-04-16 06:29:42.880313   Current page URL = https://capital.com/es/en-vivo-acciones-precios?t=fallers
2024-04-16 06:29:42.883200   self.link = https://capital.com/es
2024-04-16 06:29:42.883219   driver.get(https://capital.com/es) =>
2024-04-16 06:29:44.661755   => Loaded page https://capital.com/es

2024-04-16 06:29:44.666346   => Windows size - {'width': 1280, 'height': 800}
2024-04-16 06:29:44.667776   Set windows position at (0, 0) =>
2024-04-16 06:29:44.770198   Set resolution 1280 * 800 =>
2024-04-16 06:29:44.873302   => Windows size is set to {'width': 1280, 'height': 800}

2024-04-16 06:29:45.909623   Капчи нет. Идем дальше

2024-04-16 06:29:45.909715   Работа с куками =>

2024-04-16 06:29:45.909731   => не требуется

2024-04-16 06:29:45.909741   Prev. country - 'de'
2024-04-16 06:29:45.909750   Cur. country - 'de'
2024-04-16 06:29:45.909778   => Country set to 'de'

2024-04-16 06:29:45.909796   Prev. language - 'es'
2024-04-16 06:29:45.909812   Cur. language - 'es'
2024-04-16 06:29:45.909821   => Language is set to 'es'

2024-04-16 06:29:45.909830   Prev. role - 'NoReg'
2024-04-16 06:29:45.909839   Cur. role - 'NoReg'
2024-04-16 06:29:45.909847   => The 'NoReg' role is set

2024-04-16 06:29:45.914722   => Current URL - https://capital.com/es

2024-04-16 06:29:45.914760   => THE END PRECONDITIONS

2024-04-16 06:29:45.915015   START Open "Markets" menu, "Shares" submenu =>
2024-04-16 06:29:45.915038   1. Cur URL = https://capital.com/es
2024-04-16 06:29:45.917883   2. Link = https://capital.com/es
2024-04-16 06:29:45.917898   current_page = https://capital.com/es
2024-04-16 06:29:45.929695   link = https://capital.com/es
2024-04-16 06:29:46.439581   => 'Markets' menu is present
2024-04-16 06:29:46.465159   => 'Markets' menu is visible
2024-04-16 06:29:47.744321   => Focus moved to 'Markets' menu
2024-04-16 06:29:49.241081   => Focus moved to 'Shares' submenu and clicked
2024-04-16 06:29:49.527385   => Focus moved to 'capital*com' logo
2024-04-16 06:29:49.527432   3. Cur URL = https://capital.com/es/en-vivo-acciones-precios

2024-04-16 06:29:49.533108   1. Arrange for Trading instrument table and "Most volatile" cur_sort
2024-04-16 06:29:49.533132   current_page = https://capital.com/es/en-vivo-acciones-precios
2024-04-16 06:29:49.535842   link = https://capital.com/es/en-vivo-acciones-precios
2024-04-16 06:29:49.538425   IS TABLE_TRADING_INSTRUMENTS  present on the  page? =>
2024-04-16 06:29:49.544003   => TABLE_TRADING_INSTRUMENTS is present on the page!
2024-04-16 06:29:49.544029   IS FIELD_DROPDOWN_SORT present in the table? =>
2024-04-16 06:29:49.548727   =>  FIELD_DROPDOWN_SORT is present in the table!
2024-04-16 06:29:49.548752   Start scroll and click FIELD_DROPDOWN_SORT =>
2024-04-16 06:29:49.645764   Is item_sort_list visible on the FIELD_DROPDOWN_SORT ? =>
2024-04-16 06:29:49.688201   => item_sort_list is visible on the FIELD_DROPDOWN_SORT!
2024-04-16 06:29:49.688241   Is cur_sort "Most volatile" present in item_sort_list? =>
2024-04-16 06:29:49.697468   => cur_sort "Most volatile" is present in item_sort_list!
2024-04-16 06:29:49.697507   Start click cur_sort "Most volatile" =>
2024-04-16 06:29:50.440946   => End Click cur_sort "Most volatile"

2024-04-16 06:29:50.440995   Buttons [Buy] is visible and quantity buttons not zero? =>
2024-04-16 06:29:50.463502   => Buttons [Buy] is visible and quantity buttons not zero!

2024-04-16 06:29:50.463554   Start find two random buttons [Buy] on cur_sort "Most volatile"=>
2024-04-16 06:29:50.471172   => End find 1 random buttons [Buy] on the cur_sort "Most volatile"


2024-04-16 06:29:50.471214   Item_list = [8]
2024-04-16 06:29:50.471445   Start Checking that form [Sign up] popped up on the page =>
2024-04-16 06:29:52.023498   '[Sign up]' form was not popped up
2024-04-16 06:29:52.023717   2. Act for trading instrument and "Most volatile" cur_sort
2024-04-16 06:29:52.036157   Start click button [Buy] =>
2024-04-16 06:29:52.046660   =>   BUTTON_BUY on item with ID = 249949916763460
2024-04-16 06:29:52.046694   BUTTON_BUY on item with ID = '249949916763460' scroll into view =>
2024-04-16 06:29:52.054089   => BUTTON_SELL on item with ID = '249949916763460' scrolled into view
2024-04-16 06:29:52.054138   Check that BUTTON_BUY with item NMTau clickable =>
2024-04-16 06:29:52.183722   => BUTTON_BUY is clickable
2024-04-16 06:29:52.961842   =>   BUTTON_BUY with item NMTau clicked

2024-04-16 06:29:52.962091   3. Assert_v0
2024-04-16 06:29:52.962181   Start step Check that [Sign up] form is opened
2024-04-16 06:29:56.031007   'Sign up' form not opened
2024-04-16 06:29:56.031267   Start step Check that new [Sign up] form is opened
2024-04-16 06:29:59.093265   => new 'Sign up' form not opened
2024-04-16 06:29:59.093464   Start method Check that [Sign up] page opened =>
2024-04-16 06:30:00.097087   'Sign up' page not opened
2024-04-16 06:30:00.097291   Check that [Sign up] form on trading platform opened =>
2024-04-16 06:30:03.189770   'Sign up' form on trading platform page not opened

Bug: 

2024-04-16 06:30:03.189871   Проверка бага в таблице ретеста  =>

2024-04-16 06:30:03.192783  Для бага: Bid-04 необходимо использовать проверку на ретест!!!
