{'width': 1280, 'height': 800}

2024-04-16 08:30:40.535190   worker_id = master

2024-04-16 08:30:40.535204   0. Allure grouping v4

2024-04-16 08:30:40.535445   START PRECONDITIONS =>

2024-04-16 08:30:40.535470   => URL after prev. preconditions - https://capital.com/es
2024-04-16 08:30:40.535487   => flag_of_bug - False
2024-04-16 08:30:40.535498   => Current URL - https://capital.com/es/trade-commodities
2024-04-16 08:30:40.540910   Current page URL = https://capital.com/es/trade-commodities
2024-04-16 08:30:40.543576   self.link = https://capital.com/es
2024-04-16 08:30:40.543590   driver.get(https://capital.com/es) =>
2024-04-16 08:30:42.453447   => Loaded page https://capital.com/es

2024-04-16 08:30:42.458045   => Windows size - {'width': 1280, 'height': 800}
2024-04-16 08:30:42.459499   Set windows position at (0, 0) =>
2024-04-16 08:30:42.561832   Set resolution 1280 * 800 =>
2024-04-16 08:30:42.664322   => Windows size is set to {'width': 1280, 'height': 800}

2024-04-16 08:30:43.706847   Капчи нет. Идем дальше

2024-04-16 08:30:43.706979   Работа с куками =>

2024-04-16 08:30:43.706999   => не требуется

2024-04-16 08:30:43.707009   Prev. country - 'de'
2024-04-16 08:30:43.707019   Cur. country - 'de'
2024-04-16 08:30:43.707028   => Country set to 'de'

2024-04-16 08:30:43.707037   Prev. language - 'es'
2024-04-16 08:30:43.707045   Cur. language - 'es'
2024-04-16 08:30:43.707054   => Language is set to 'es'

2024-04-16 08:30:43.707063   Prev. role - 'NoReg'
2024-04-16 08:30:43.707071   Cur. role - 'NoReg'
2024-04-16 08:30:43.707080   => The 'NoReg' role is set

2024-04-16 08:30:43.709934   => Current URL - https://capital.com/es

2024-04-16 08:30:43.709956   => THE END PRECONDITIONS

2024-04-16 08:30:43.710154   1. Cur URL = https://capital.com/es

2024-04-16 08:30:43.712821   2. Link = https://capital.com/es
2024-04-16 08:30:43.712837   current_page = https://capital.com/es
2024-04-16 08:30:43.715364   link = https://capital.com/es
2024-04-16 08:30:44.224448   => Education menu is present in DOM
2024-04-16 08:30:44.229501   => Education menu is visible
2024-04-16 08:30:45.504727   => Focus moved to Education menu
2024-04-16 08:30:47.770508   => Focus moved to 'capital*com' logo

2024-04-16 08:30:47.770555   3. Cur URL = https://capital.com/es/trade-commodities

2024-04-16 08:30:47.776375   1. Arrange_v4
2024-04-16 08:30:47.776398   current_page = https://capital.com/es/trade-commodities
2024-04-16 08:30:47.779183   link = https://capital.com/es/trade-commodities
2024-04-16 08:30:47.781882   MOST_TRADED is present? =>
2024-04-16 08:30:47.791433   => MOST_TRADED widget is present on this page
2024-04-16 08:30:47.791458   => Found 5 elements in block MOST_TRADED
2024-04-16 08:30:47.791468   Most traded widget is scroll =>
2024-04-16 08:30:47.794826   => Most traded widget is scrolled into screen center

2024-04-16 08:30:47.794862   Random indexes = [2]

2024-04-16 08:30:47.794876   Testing Most traded 1 random element with 2 index

2024-04-16 08:30:47.795038   2. Act_v4
2024-04-16 08:30:47.795134   Start Checking that form [Sign up] popped up on the page =>
2024-04-16 08:30:49.354659   '[Sign up]' form was not popped up
2024-04-16 08:30:49.367948   instrument_title = 'US Natural Gas Spot'
2024-04-16 08:30:49.373117   Selected Trade button on Most traded widget is scroll =>
2024-04-16 08:30:49.377203   Selected Trade button click for 'US Natural Gas Spot' trading instrument =>
2024-04-16 08:30:50.419712   => Selected Trade button clicked!

2024-04-16 08:30:50.419984   3. Assert_v0
2024-04-16 08:30:50.420112   Start step Check that [Sign up] form is opened
2024-04-16 08:30:50.615599   'Sign up' form opened
2024-04-16 08:30:50.615647   Assert SIGNUP_HEADER =>
2024-04-16 08:30:50.627782   Assert SIGNUP_REF_LOGIN =>
2024-04-16 08:30:50.638663   Assert SIGNUP_PRIVACY_POLICY_ALL_2 =>
2024-04-16 08:30:50.648925   => SIGNUP_PRIVACY_POLICY_ALL
2024-04-16 08:30:50.648952   => 'Signup' form is checked
2024-04-16 08:30:50.649115   Start step Close [Sign up] form =>
2024-04-16 08:30:50.732775   => 'Signup' form closed
2024-04-16 08:30:51.003686   => Focus moved to 'capital*com' logo
