


Current sort - Top risers
{'width': 1280, 'height': 800}

2024-04-16 07:26:38.405844   worker_id = master

2024-04-16 07:26:38.405865   0. Allure grouping v4

2024-04-16 07:26:38.406138   START PRECONDITIONS =>

2024-04-16 07:26:38.406160   => URL after prev. preconditions - https://capital.com/es
2024-04-16 07:26:38.406174   => flag_of_bug - False
2024-04-16 07:26:38.406191   => Current URL - https://capital.com/es/en-vivo-mercancia-precios
2024-04-16 07:26:38.428733   Current page URL = https://capital.com/es/en-vivo-mercancia-precios
2024-04-16 07:26:38.431238   self.link = https://capital.com/es
2024-04-16 07:26:38.431253   driver.get(https://capital.com/es) =>
2024-04-16 07:26:41.536943   => Loaded page https://capital.com/es

2024-04-16 07:26:41.544685   => Windows size - {'width': 1280, 'height': 800}
2024-04-16 07:26:41.546081   Set windows position at (0, 0) =>
2024-04-16 07:26:41.648418   Set resolution 1280 * 800 =>
2024-04-16 07:26:41.750984   => Windows size is set to {'width': 1280, 'height': 800}

2024-04-16 07:26:42.800732   Капчи нет. Идем дальше

2024-04-16 07:26:42.800825   Работа с куками =>

2024-04-16 07:26:42.800839   => не требуется

2024-04-16 07:26:42.800849   Prev. country - 'de'
2024-04-16 07:26:42.800858   Cur. country - 'de'
2024-04-16 07:26:42.800867   => Country set to 'de'

2024-04-16 07:26:42.800876   Prev. language - 'es'
2024-04-16 07:26:42.800884   Cur. language - 'es'
2024-04-16 07:26:42.800893   => Language is set to 'es'

2024-04-16 07:26:42.800902   Prev. role - 'NoAuth'
2024-04-16 07:26:42.800910   Cur. role - 'NoAuth'
2024-04-16 07:26:42.800919   => The 'NoAuth' role is set

2024-04-16 07:26:42.804069   => Current URL - https://capital.com/es

2024-04-16 07:26:42.804094   => THE END PRECONDITIONS

2024-04-16 07:26:42.804286   START Open "Markets" menu, "Commodities" submenu =>

2024-04-16 07:26:42.804302   1. Cur URL = https://capital.com/es

2024-04-16 07:26:42.810497   2. Link = https://capital.com/es
2024-04-16 07:26:42.810515   current_page = https://capital.com/es
2024-04-16 07:26:42.813550   link = https://capital.com/es
2024-04-16 07:26:43.322790   => 'Markets' menu is present
2024-04-16 07:26:43.337829   => 'Markets' menu is visible
2024-04-16 07:26:44.608375   => Focus moved to 'Markets' menu
2024-04-16 07:26:44.614699   => 'Markets > Commodities' submenu is present
2024-04-16 07:26:46.323979   => Focus moved to 'capital*com' logo

2024-04-16 07:26:46.324028   3. Cur URL = https://capital.com/es/en-vivo-mercancia-precios

2024-04-16 07:26:46.329919   1. Arrange for Trading instrument table and "Top risers" cur_sort
2024-04-16 07:26:46.329942   current_page = https://capital.com/es/en-vivo-mercancia-precios
2024-04-16 07:26:46.332513   link = https://capital.com/es/en-vivo-mercancia-precios
2024-04-16 07:26:46.335037   IS TABLE_TRADING_INSTRUMENTS  present on the  page? =>
2024-04-16 07:26:46.340384   => TABLE_TRADING_INSTRUMENTS is present on the page!
2024-04-16 07:26:46.340409   IS FIELD_DROPDOWN_SORT present in the table? =>
2024-04-16 07:26:46.345240   =>  FIELD_DROPDOWN_SORT is present in the table!
2024-04-16 07:26:46.345265   Start scroll and click FIELD_DROPDOWN_SORT =>
2024-04-16 07:26:46.445156   Is item_sort_list visible on the FIELD_DROPDOWN_SORT ? =>
2024-04-16 07:26:46.472672   => item_sort_list is visible on the FIELD_DROPDOWN_SORT!
2024-04-16 07:26:46.472723   Is cur_sort "Top risers" present in item_sort_list? =>
2024-04-16 07:26:46.519728   => cur_sort "Top risers" is present in item_sort_list!
2024-04-16 07:26:46.519770   Start click cur_sort "Top risers" =>
2024-04-16 07:26:47.204957   => End Click cur_sort "Top risers"

2024-04-16 07:26:47.205006   Buttons [Buy] is visible and quantity buttons not zero? =>
2024-04-16 07:26:47.231443   => Buttons [Buy] is visible and quantity buttons not zero!

2024-04-16 07:26:47.231487   Start find two random buttons [Buy] on cur_sort "Top risers"=>
2024-04-16 07:26:47.238103   => End find 1 random buttons [Buy] on the cur_sort "Top risers"


2024-04-16 07:26:47.238144   Item_list = [11]
2024-04-16 07:26:47.238318   Start Checking that form [Sign up] popped up on the page =>
2024-04-16 07:26:48.793078   '[Sign up]' form was not popped up
2024-04-16 07:26:48.793296   2. Act for trading instrument and "Top risers" cur_sort
2024-04-16 07:26:48.806805   Start click button [Buy] =>
2024-04-16 07:26:48.817707   =>   BUTTON_BUY on item with ID = 427748677997764
2024-04-16 07:26:48.817746   BUTTON_BUY on item with ID = '427748677997764' scroll into view =>
2024-04-16 07:26:48.821162   => BUTTON_SELL on item with ID = '427748677997764' scrolled into view
2024-04-16 07:26:48.821190   Check that BUTTON_BUY with item Oil - Crude clickable =>
2024-04-16 07:26:48.963488   => BUTTON_BUY is clickable
2024-04-16 07:26:49.734315   =>   BUTTON_BUY with item Oil - Crude clicked

2024-04-16 07:26:49.734563   3. Assert_Login_v0
2024-04-16 07:26:49.734647   Check that 'Login' form is opened
2024-04-16 07:26:49.912853   'Login' form opened
2024-04-16 07:26:49.912902   Assert LOGIN_REF_SIGNUP =>
2024-04-16 07:26:49.924544   Assert LOGIN_CHECKBOX =>
2024-04-16 07:26:49.937120   Assert LOGIN_PASS_FORGOT =>
2024-04-16 07:26:49.948595   => 'Login' form is checked
2024-04-16 07:26:49.968190   Click 'Close' button on 'Login' form =>
2024-04-16 07:26:50.307497   => Focus moved to 'capital*com' logo
2024-04-16 07:26:50.307552   => 'Login' form closed
