{'width': 1280, 'height': 720}

2024-01-22 07:24:40.268984   worker_id = master

2024-01-22 07:24:40.268998   0. Allure grouping v4


2024-01-22 07:24:40.269161   START PRECONDITIONS =>


2024-01-22 07:24:40.269183   {'width': 1280, 'height': 720}

2024-01-22 07:24:40.270362   Set windows position at (0, 0) =>

2024-01-22 07:24:40.373315   Set resolution 1280 * 720 =>

2024-01-22 07:24:40.475579   => Resolution seted {'width': 1280, 'height': 720}

2024-01-22 07:24:45.482210   Капчи нет. Тестим дальше

2024-01-22 07:24:45.482299   Prev. Role: Auth

2024-01-22 07:24:45.482311   Current role: Auth

2024-01-22 07:24:45.482320   Prev language: es

2024-01-22 07:24:45.482328   => Current language: es

2024-01-22 07:24:45.482336   Prev country: gb

2024-01-22 07:24:45.482344   => Current country: gb

2024-01-22 07:24:45.482352   => THE END PRECONDITIONS

2024-01-22 07:24:45.482382   1. Arrange_v0
2024-01-22 07:24:45.485101   BUTTON_CREATE_YOUR_ACCOUNT is located on the page? =>

2024-01-22 07:24:45.492993   2. Act_v0
2024-01-22 07:24:45.801189   => BUTTON_CREATE_YOUR_ACCOUNT is clicked

2024-01-22 07:24:45.801501   3. Assert_v4
2024-01-22 07:24:45.801636   Checking that the trading platform page has opened (v4) =>
2024-01-22 07:24:46.317273   => Current page title: Trading Platform | Capital.com
2024-01-22 07:24:46.317413   Checking that the Trading platform LOGO is present on the page =>
2024-01-22 07:24:46.789087   Checking that the Trading platform opened in LIVE mode =>
2024-01-22 07:24:46.804268   => The page with https://capital.com/trading/platform url was opened in lIVE mode
2024-01-22 07:24:47.476502   Load page https://capital.com/es/que-puedes-operar-con-un-CFD
