{'width': 1280, 'height': 800}

2024-04-06 22:34:33.578580   worker_id = master

2024-04-06 22:34:33.578593   0. Allure grouping v4

2024-04-06 22:34:33.578775   START PRECONDITIONS =>

2024-04-06 22:34:33.578791   => Current URL - https://capital.com/de/exponentieller-gleitender-durchschnitt

2024-04-06 22:34:33.581607   => URL after prev. preconditions - https://capital.com/de/exponentieller-gleitender-durchschnitt

2024-04-06 22:34:33.581621   => flag_of_bug - False

2024-04-06 22:34:33.581632   => Windows size - {'width': 1280, 'height': 800}
2024-04-06 22:34:33.582976   Set windows position at (0, 0) =>
2024-04-06 22:34:33.685059   Set resolution 1280 * 800 =>
2024-04-06 22:34:33.787102   => Windows size is set to {'width': 1280, 'height': 800}

2024-04-06 22:34:34.813788   Капчи нет. Идем дальше

2024-04-06 22:34:34.813875   Работа с куками

2024-04-06 22:34:34.813889   Prev. country - 'au'
2024-04-06 22:34:34.813899   Cur. country - 'au'
2024-04-06 22:34:34.813908   => Country set to 'au'

2024-04-06 22:34:34.813917   Prev. language - 'de'
2024-04-06 22:34:34.813926   Cur. language - 'de'
2024-04-06 22:34:34.813934   => Language is set to 'de'

2024-04-06 22:34:34.813943   Prev. role - 'NoReg'
2024-04-06 22:34:34.813952   Cur. role - 'NoReg'
2024-04-06 22:34:34.813960   => The 'NoReg' role is set

2024-04-06 22:34:34.816853   => Current URL - https://capital.com/de/exponentieller-gleitender-durchschnitt

2024-04-06 22:34:34.816875   => THE END PRECONDITIONS

2024-04-06 22:34:34.816916   1. Arrange
2024-04-06 22:34:34.816929   current_page = https://capital.com/de/exponentieller-gleitender-durchschnitt
2024-04-06 22:34:34.819555   link = https://capital.com/de/exponentieller-gleitender-durchschnitt
2024-04-06 22:34:34.822312   Is visible BUTTON_DOWNLOAD_APP_STORE? =>
2024-04-06 22:34:34.834853   => BUTTON_DOWNLOAD_APP_STORE is visible on the page!

2024-04-06 22:34:34.834988   2. Act
2024-04-06 22:34:34.842400   1 checking element(s) with current CSS locator is(are) present(s) on this page
2024-04-06 22:34:34.914814   => BUTTON_DOWNLOAD_APP_STORE IS CLICKED

2024-04-06 22:34:34.915037   3. Assert_v0
2024-04-06 22:34:34.915129   Checking that the App Store page has opened

2024-04-06 22:34:35.829573   1. Checking that the Trading platform (or TradingView site) page has valid title =>
2024-04-06 22:34:35.832370   => The title of current page is 'Capital.com: Trading & Finance on the App Store'
2024-04-06 22:34:35.832543   Checking that the App Store app title
2024-04-06 22:34:35.850628   Checking that the App Store specifies provider
2024-04-06 22:34:35.864706   Current page URL = https://apps.apple.com/ie/app/capital-com-trading-finance/id1230088754?mt=8
2024-04-06 22:34:35.867293   self.link = https://capital.com/de/exponentieller-gleitender-durchschnitt
2024-04-06 22:34:35.867307   link = https://capital.com/de/exponentieller-gleitender-durchschnitt
2024-04-06 22:34:38.833685   => Loaded page https://capital.com/de/exponentieller-gleitender-durchschnitt
