{'width': 1280, 'height': 800}

2024-04-06 20:52:20.093594   worker_id = master

2024-04-06 20:52:20.093608   0. Allure grouping v4

2024-04-06 20:52:20.093785   START PRECONDITIONS =>

2024-04-06 20:52:20.093801   => Current URL - https://capital.com/trading/platform/charting/426696411010244?side=buy&ids=22855552501634244,252415228073156,3400518881858756,67517667577209881,14659243072378052,15871553426248900,93810675766468,55001351234585,123763777635654,6003982027805892,253454610158788,23381802018436,15839732013552836,1679716659553719492,10500838556456274,389605073441988,27045129890124996,357105055839112,7093817094264004,426696411010244,427748677997764,15959415572223172,3644116541985988,10384900209333444,21621659937100996,93810675721241,55001351226694,250461017944395,23381802046660,426627691533508,27342779713672388,16150730595456196,27041281599427780,1657857463492,93810675762329,1496662958757060,23381801971780,93810675692038,7091880064013508,5983666832495812,422839530378436,374675767075865,305243519000335556,374675767088654,2604592722433220,374675767046212,7090561509053636,18425409712196,22734159545980100,123763777688772,3315714839748,21182778791108,426090820621508,3818389134988484,20337752478405828,93810675708048,93810675684676,53068615951385,2306899949212868,3663607190724,123763777643545,23381802001433

2024-04-06 20:52:20.096876   => URL after prev. preconditions - https://capital.com/de/platin-preis

2024-04-06 20:52:20.096890   => flag_of_bug - True
2024-04-06 20:52:20.096902   Current page URL = https://capital.com/trading/platform/charting/426696411010244?side=buy&ids=22855552501634244,252415228073156,3400518881858756,67517667577209881,14659243072378052,15871553426248900,93810675766468,55001351234585,123763777635654,6003982027805892,253454610158788,23381802018436,15839732013552836,1679716659553719492,10500838556456274,389605073441988,27045129890124996,357105055839112,7093817094264004,426696411010244,427748677997764,15959415572223172,3644116541985988,10384900209333444,21621659937100996,93810675721241,55001351226694,250461017944395,23381802046660,426627691533508,27342779713672388,16150730595456196,27041281599427780,1657857463492,93810675762329,1496662958757060,23381801971780,93810675692038,7091880064013508,5983666832495812,422839530378436,374675767075865,305243519000335556,374675767088654,2604592722433220,374675767046212,7090561509053636,18425409712196,22734159545980100,123763777688772,3315714839748,21182778791108,426090820621508,3818389134988484,20337752478405828,93810675708048,93810675684676,53068615951385,2306899949212868,3663607190724,123763777643545,23381802001433
2024-04-06 20:52:20.099503   self.link = https://capital.com/de/platin-preis
2024-04-06 20:52:20.099517   link = https://capital.com/de/platin-preis
2024-04-06 20:52:21.940131   => Loaded page https://capital.com/de/platin-preis

2024-04-06 20:52:21.944429   => Windows size - {'width': 1280, 'height': 800}
2024-04-06 20:52:21.945874   Set windows position at (0, 0) =>
2024-04-06 20:52:22.048007   Set resolution 1280 * 800 =>
2024-04-06 20:52:22.150470   => Windows size is set to {'width': 1280, 'height': 800}

2024-04-06 20:52:23.175518   Капчи нет. Идем дальше

2024-04-06 20:52:23.175619   Работа с куками

2024-04-06 20:52:23.175633   Prev. country - 'au'
2024-04-06 20:52:23.175643   Cur. country - 'au'
2024-04-06 20:52:23.175652   => Country set to 'au'

2024-04-06 20:52:23.175661   Prev. language - 'de'
2024-04-06 20:52:23.175670   Cur. language - 'de'
2024-04-06 20:52:23.175679   => Language is set to 'de'

2024-04-06 20:52:23.175688   Prev. role - 'Auth'
2024-04-06 20:52:23.175697   Cur. role - 'Auth'
2024-04-06 20:52:23.175706   => The 'Auth' role is set

2024-04-06 20:52:23.178432   => Current URL - https://capital.com/de/platin-preis

2024-04-06 20:52:23.178454   => THE END PRECONDITIONS

2024-04-06 20:52:23.178635   1. Arrange_v0
2024-04-06 20:52:23.178653   current_page = https://capital.com/de/platin-preis
2024-04-06 20:52:23.181216   link = https://capital.com/de/platin-preis
2024-04-06 20:52:23.183670   IS 'Trading calculator' widget present on this page? =>
2024-04-06 20:52:23.191357   => 'Trading calculator' widget present on this page!

2024-04-06 20:52:23.191379   IS 'Trading calculator' widget present on this page? =>
2024-04-06 20:52:23.203010   => 'Trading calculator' widget is visible on this page!

2024-04-06 20:52:23.203033   IS [Start Trading] button present on this page? =>
2024-04-06 20:52:23.210448   => [Start Trading] button present on this page!

2024-04-06 20:52:23.210470   IS [Start Trading] button present on this page? =>
2024-04-06 20:52:23.221720   => [Start Trading] button is visible on this page!

2024-04-06 20:52:23.221746   [Start Trading] button scroll =>

2024-04-06 20:52:23.229852   2. Act_v0
2024-04-06 20:52:23.229883   [Start Trading] button is clickable? =>
2024-04-06 20:52:23.253150   => [Start Trading] button is clickable!

2024-04-06 20:52:23.489794   => [Start Trading] button clicked!

2024-04-06 20:52:23.490131   3. Assert_v4
2024-04-06 20:52:23.490307   Checking that the trading platform page has opened (v4) =>
2024-04-06 20:52:23.497876   Checking way # 1 => 

2024-04-06 20:52:23.498030   1. Checking that the Trading platform (or TradingView site) page has valid title =>
2024-04-06 20:52:23.501874   => The title of current page is 'Trading Platform | Capital.com'

2024-04-06 20:52:23.501964   2. Checking that the LOGO is present on the page =>
2024-04-06 20:52:25.197027   => 'capital*com' logo is present on the current page

2024-04-06 20:52:25.197061   tpd = False
2024-04-06 20:52:25.977162   => Driver.backed
