{'width': 1280, 'height': 720}

2024-01-10 06:35:45.892308   worker_id = master

2024-01-10 06:35:45.892324   0. Allure grouping v4


2024-01-10 06:35:45.892472   START PRECONDITIONS =>


2024-01-10 06:35:45.892487   {'width': 1280, 'height': 720}

2024-01-10 06:35:45.893822   Set windows position at (0, 0) =>

2024-01-10 06:35:45.997984   Set resolution 1280 * 720 =>

2024-01-10 06:35:46.100073   => Resolution seted {'width': 1280, 'height': 720}

2024-01-10 06:35:50.153004   Капчи нет. Тестим дальше

2024-01-10 06:35:50.153049   Prev. Role: NoReg

2024-01-10 06:35:50.153059   Current role: NoReg

2024-01-10 06:35:50.153067   Prev language: pl

2024-01-10 06:35:50.153075   => Current language: pl

2024-01-10 06:35:50.153084   Prev country: au

2024-01-10 06:35:50.153091   => Current country: au

2024-01-10 06:35:50.153099   => THE END PRECONDITIONS

2024-01-10 06:35:50.153151   1. Arrange_v0
2024-01-10 06:35:50.156120   BUTTON_CREATE_YOUR_ACCOUNT is located on the page? =>

2024-01-10 06:35:50.164043   2. Act_v0
2024-01-10 06:35:50.281376   => BUTTON_CREATE_YOUR_ACCOUNT is clicked

2024-01-10 06:35:50.281647   3. Assert_v0
2024-01-10 06:35:50.281767   Start step Check that [Sign up] form is opened
2024-01-10 06:35:50.299802   'Sign up' form opened
2024-01-10 06:35:50.299849   Assert SIGNUP_HEADER =>
2024-01-10 06:35:50.311206   Assert SIGNUP_REF_LOGIN =>
2024-01-10 06:35:50.323301   Assert SIGNUP_PRIVACY_POLICY_ALL_2 =>
2024-01-10 06:35:50.335654   => SIGNUP_PRIVACY_POLICY_ALL
2024-01-10 06:35:50.335687   => 'Signup' form is checked
2024-01-10 06:35:50.335830   Start step Close [Sign up] form =>
2024-01-10 06:35:50.397440   => 'Signup' form closed
