{'width': 1280, 'height': 720}

2024-01-10 06:44:35.174114   worker_id = master

2024-01-10 06:44:35.174130   0. Allure grouping v4


2024-01-10 06:44:35.174268   START PRECONDITIONS =>


2024-01-10 06:44:35.174291   {'width': 1280, 'height': 720}

2024-01-10 06:44:35.175519   Set windows position at (0, 0) =>

2024-01-10 06:44:35.277441   Set resolution 1280 * 720 =>

2024-01-10 06:44:35.379380   => Resolution seted {'width': 1280, 'height': 720}

2024-01-10 06:44:39.423447   Капчи нет. Тестим дальше

2024-01-10 06:44:39.423493   Prev. Role: Auth

2024-01-10 06:44:39.423504   Current role: Auth

2024-01-10 06:44:39.423512   Prev language: pl

2024-01-10 06:44:39.423520   => Current language: pl

2024-01-10 06:44:39.423528   Prev country: au

2024-01-10 06:44:39.423536   => Current country: au

2024-01-10 06:44:39.423543   => THE END PRECONDITIONS

2024-01-10 06:44:39.423598   1. Arrange
2024-01-10 06:44:40.538787   Load page https://capital.com/pl/handlovac-neo
2024-01-10 06:44:40.538840   BUTTON_SELL_IN_CONTENT_BLOCK is visible? =>
2024-01-10 06:44:40.709802   => BUTTON_SELL_IN_CONTENT_BLOCK is visible on the page!

2024-01-10 06:44:40.730172   2. Act
2024-01-10 06:44:40.730201   BUTTON_SELL_IN_CONTENT_BLOCK is present? =>
2024-01-10 06:44:40.730213   => BUTTON_SELL_IN_CONTENT_BLOCK is present on the page
2024-01-10 06:44:40.730221   BUTTON_SELL_IN_CONTENT_BLOCK scroll =>
2024-01-10 06:44:40.768112   => BUTTON_SELL_IN_CONTENT_BLOCK scrolled
2024-01-10 06:44:40.768160   BUTTON_SELL_IN_CONTENT_BLOCK is clickable? =>
2024-01-10 06:44:40.877565   BUTTON_SELL_IN_CONTENT_BLOCK CLICK =>
2024-01-10 06:44:41.347769   => BUTTON_SELL_IN_CONTENT_BLOCK clicked!

2024-01-10 06:44:41.367623   3. Assert_v4
2024-01-10 06:44:41.367774   Checking that the trading platform page has opened (v4) =>
2024-01-10 06:44:41.913133   => Current page title: Trading Platform | Capital.com
2024-01-10 06:44:41.913268   Checking that the Trading platform LOGO is present on the page =>
2024-01-10 06:44:42.850662   Checking that the Trading platform opened in LIVE mode =>

Bug: 

2024-01-10 06:45:14.564152   Проверка бага в таблице ретеста  =>

2024-01-10 06:45:14.566689  Для бага: Bid-12 необходимо использовать проверку на ретест!!!
