{'width': 1280, 'height': 800}

2024-04-06 22:21:43.448301   worker_id = master

2024-04-06 22:21:43.448316   0. Allure grouping v4

2024-04-06 22:21:43.448504   START PRECONDITIONS =>

2024-04-06 22:21:43.448520   => Current URL - https://capital.com/trading/signup

2024-04-06 22:21:43.451682   => URL after prev. preconditions - https://capital.com/de/indizeshandel

2024-04-06 22:21:43.451696   => flag_of_bug - True
2024-04-06 22:21:43.451709   Current page URL = https://capital.com/trading/signup
2024-04-06 22:21:43.454421   self.link = https://capital.com/de/indizeshandel
2024-04-06 22:21:43.454434   link = https://capital.com/de/indizeshandel
2024-04-06 22:21:45.912187   => Loaded page https://capital.com/de/indizeshandel

2024-04-06 22:21:45.917259   => Windows size - {'width': 1280, 'height': 800}
2024-04-06 22:21:45.918778   Set windows position at (0, 0) =>
2024-04-06 22:21:46.022103   Set resolution 1280 * 800 =>
2024-04-06 22:21:46.124701   => Windows size is set to {'width': 1280, 'height': 800}

2024-04-06 22:21:47.159169   Капчи нет. Идем дальше

2024-04-06 22:21:47.159262   Работа с куками

2024-04-06 22:21:47.159277   Prev. country - 'au'
2024-04-06 22:21:47.159287   Cur. country - 'au'
2024-04-06 22:21:47.159296   => Country set to 'au'

2024-04-06 22:21:47.159305   Prev. language - 'de'
2024-04-06 22:21:47.159314   Cur. language - 'de'
2024-04-06 22:21:47.159323   => Language is set to 'de'

2024-04-06 22:21:47.159332   Prev. role - 'NoAuth'
2024-04-06 22:21:47.159341   Cur. role - 'NoAuth'
2024-04-06 22:21:47.159350   => The 'NoAuth' role is set

2024-04-06 22:21:47.162202   => Current URL - https://capital.com/de/indizeshandel

2024-04-06 22:21:47.162224   => THE END PRECONDITIONS

2024-04-06 22:21:47.162408   1. Cur URL = https://capital.com/de/indizeshandel

2024-04-06 22:21:47.165040   2. Link = https://capital.com/de/indizeshandel
2024-04-06 22:21:47.165056   current_page = https://capital.com/de/indizeshandel
2024-04-06 22:21:47.167701   link = https://capital.com/de/indizeshandel
2024-04-06 22:21:47.679506   => Education menu is present in DOM
2024-04-06 22:21:47.684931   => Education menu is visible
2024-04-06 22:21:48.953659   => Focus moved to Education menu
2024-04-06 22:21:50.003231   => Focus moved to 'capital*com' logo

2024-04-06 22:21:50.003280   3. Cur URL = https://capital.com/de/indizeshandel

2024-04-06 22:21:50.009240   1. Arrange
2024-04-06 22:21:50.009265   current_page = https://capital.com/de/indizeshandel
2024-04-06 22:21:50.011956   link = https://capital.com/de/indizeshandel
2024-04-06 22:21:50.014667   BUTTON_ON_HOR_BANNER is present? =>
2024-04-06 22:21:50.022857   => BUTTON_ON_HOR_BANNER is present on this page
2024-04-06 22:21:50.022883   BUTTON_ON_HOR_BANNER scroll =>
2024-04-06 22:21:50.026909   BUTTON_ON_HOR_BANNER is visible? =>
2024-04-06 22:21:50.184208   => BUTTON_ON_HOR_BANNER is visible on the page!
2024-04-06 22:21:50.184474   Start Checking that form [Sign up] popped up on the page =>
2024-04-06 22:21:51.717267   '[Sign up]' form was not popped up

2024-04-06 22:21:51.717458   2. Act

2024-04-06 22:21:51.743141   => Button on Horizontal banner is clickable

2024-04-06 22:21:51.747433   data_id = 167
2024-04-06 22:21:52.694991   => BUTTON_ON_HOR_BANNER clicked!

2024-04-06 22:21:52.695319   3. Assert_Login_v0
2024-04-06 22:21:52.695471   Check that 'Login' form is opened
2024-04-06 22:22:02.866884   'Login' form not opened
2024-04-06 22:22:02.867079   Check that new 'Login' form is opened
2024-04-06 22:22:05.944391   => New 'Login' form not opened
2024-04-06 22:22:05.947811   'Login' page not opened
2024-04-06 22:22:09.024398   'Login' form on trading platform not opened
2024-04-06 22:22:09.024631   Start step Check that [Sign up] form is opened
2024-04-06 22:22:12.107351   'Sign up' form not opened
2024-04-06 22:22:12.107547   Start step Check that new [Sign up] form is opened
2024-04-06 22:22:15.127979   => new 'Sign up' form not opened
2024-04-06 22:22:15.128185   Start method Check that [Sign up] page opened =>
2024-04-06 22:22:16.134022   'Sign up' page opened
2024-04-06 22:22:16.134080   Assert SIGNUP_SIGNUP_FRAME =>
2024-04-06 22:22:16.142817   Assert SIGNUP_REF_LOGIN =>
2024-04-06 22:22:16.159658   Assert SIGNUP_PRIVACY_POLICY_ALL_1 =>
2024-04-06 22:22:17.711136   Assert SIGNUP_PRIVACY_POLICY_ALL_2 =>
2024-04-06 22:22:17.722650   => SIGNUP_PRIVACY_POLICY_ALL
2024-04-06 22:22:17.722675   => 'Signup' page is checked

Bug: Bid:11.02.06.00_12-de.au.NoAuth

2024-04-06 22:22:18.722909   Проверка бага в таблице ретеста  =>

 gs = GoogleSheet() - создаем объект gs # 1: <tests.ReTestsAuto.GoogleSheets.googlesheets.GoogleSheet object at 0x7f3c41fd7b60>

2024-04-06 22:22:19.170808   4. Fixing one row check results into Google Sheet Bugs Report =>
1 cells updated.
2024-04-06 22:22:19.341964   => 4. One row check results into Google Sheet Bugs Report fixed

2024-04-06 22:22:20.468909   4. Fixing one row check results into Google Sheet Bugs Report =>
1 cells updated.
2024-04-06 22:22:20.639607   => 4. One row check results into Google Sheet Bugs Report fixed

2024-04-06 22:22:20.641141   Баг Bid:11.02.06.00_12-de.au.NoAuth-06 обнаружен ранее и уже находится в 'Bugs Report Auto detect'
