{'width': 1280, 'height': 800}

2024-04-06 22:16:52.558903   worker_id = master

2024-04-06 22:16:52.558921   0. Allure grouping v4

2024-04-06 22:16:52.559175   START PRECONDITIONS =>

2024-04-06 22:16:52.559191   => Current URL - https://capital.com/de/trade-tron

2024-04-06 22:16:52.561777   => URL after prev. preconditions - https://capital.com/de

2024-04-06 22:16:52.561791   => flag_of_bug - False

2024-04-06 22:16:52.561803   => Windows size - {'width': 1280, 'height': 800}
2024-04-06 22:16:52.563038   Set windows position at (0, 0) =>
2024-04-06 22:16:52.670829   Set resolution 1280 * 800 =>
2024-04-06 22:16:52.773294   => Windows size is set to {'width': 1280, 'height': 800}

2024-04-06 22:16:53.816579   Капчи нет. Идем дальше

2024-04-06 22:16:53.816674   Работа с куками

2024-04-06 22:16:53.816687   Prev. country - 'au'
2024-04-06 22:16:53.816697   Cur. country - 'au'
2024-04-06 22:16:53.816706   => Country set to 'au'

2024-04-06 22:16:53.816715   Prev. language - 'de'
2024-04-06 22:16:53.816724   Cur. language - 'de'
2024-04-06 22:16:53.816733   => Language is set to 'de'

2024-04-06 22:16:53.816742   Prev. role - 'Auth'
2024-04-06 22:16:53.816751   Cur. role - 'Auth'
2024-04-06 22:16:53.816760   => The 'Auth' role is set

2024-04-06 22:16:53.819514   => Current URL - https://capital.com/de/trade-tron

2024-04-06 22:16:53.819534   => THE END PRECONDITIONS

2024-04-06 22:16:53.819732   1. Arrange_v0
2024-04-06 22:16:53.819754   current_page = https://capital.com/de/trade-tron
2024-04-06 22:16:53.822254   link = https://capital.com/de/trade-tron
2024-04-06 22:16:53.832597   => BUTTON_TRY_DEMO is present on this page
2024-04-06 22:16:53.832623   BUTTON_TRY_DEMO scroll =>
2024-04-06 22:16:53.836090   BUTTON_TRY_DEMO is visible? =>
2024-04-06 22:16:53.849512   => BUTTON_TRY_DEMO is visible on this page

2024-04-06 22:16:53.849677   2. Act_v0
2024-04-06 22:16:53.854762   BUTTON_TRY_DEMO is clickable? =>
2024-04-06 22:16:53.876446   => BUTTON_TRY_DEMO clicked!

2024-04-06 22:16:53.876696   3. Assert_v4
2024-04-06 22:16:53.876810   Checking that the trading platform page has opened (v4) =>
2024-04-06 22:16:54.402137   Checking way # 1 => 

2024-04-06 22:16:54.402384   1. Checking that the Trading platform (or TradingView site) page has valid title =>
2024-04-06 22:16:54.405357   => The title of current page is 'Trading Platform | Capital.com'

2024-04-06 22:16:54.405434   2. Checking that the LOGO is present on the page =>
2024-04-06 22:16:55.960598   => 'capital*com' logo is present on the current page

2024-04-06 22:16:55.960634   tpd = True
2024-04-06 22:16:55.960676   3.1. Checking that the Trading platform opened in DEMO mode =>
2024-04-06 22:16:56.218878   => The page with https://capital.com/trading/platform/?mode=demo url was opened in DEMO mode
2024-04-06 22:16:57.321142   => Driver.backed
