


Current market - ETFs
{'width': 1280, 'height': 800}

2024-04-06 19:49:24.110908   worker_id = master

2024-04-06 19:49:24.110927   0. Allure grouping v4

2024-04-06 19:49:24.111185   START PRECONDITIONS =>

2024-04-06 19:49:24.111201   => Current URL - https://capital.com/de

2024-04-06 19:49:24.114122   => URL after prev. preconditions - https://capital.com/de

2024-04-06 19:49:24.114136   => flag_of_bug - False

2024-04-06 19:49:24.114149   => Windows size - {'width': 1280, 'height': 800}
2024-04-06 19:49:24.115435   Set windows position at (0, 0) =>
2024-04-06 19:49:24.222910   Set resolution 1280 * 800 =>
2024-04-06 19:49:24.325497   => Windows size is set to {'width': 1280, 'height': 800}

2024-04-06 19:49:25.365960   Капчи нет. Идем дальше

2024-04-06 19:49:25.366055   Работа с куками

2024-04-06 19:49:25.366069   Prev. country - 'au'
2024-04-06 19:49:25.366079   Cur. country - 'au'
2024-04-06 19:49:25.366089   => Country set to 'au'

2024-04-06 19:49:25.366098   Prev. language - 'de'
2024-04-06 19:49:25.366107   Cur. language - 'de'
2024-04-06 19:49:25.366116   => Language is set to 'de'

2024-04-06 19:49:25.366125   Prev. role - 'NoAuth'
2024-04-06 19:49:25.366134   Cur. role - 'NoAuth'
2024-04-06 19:49:25.366143   => The 'NoAuth' role is set

2024-04-06 19:49:25.368836   => Current URL - https://capital.com/de

2024-04-06 19:49:25.368858   => THE END PRECONDITIONS

2024-04-06 19:49:25.368903   1. Arrange for 'Trading instrument' widget: 'ETFs' market
2024-04-06 19:49:25.368918   current_page = https://capital.com/de
2024-04-06 19:49:25.371297   link = https://capital.com/de

2024-04-06 19:49:25.373712   IS 'Trading instrument' widget present on this page? =>
2024-04-06 19:49:25.378551   => 'Trading instrument' widget present on this page!

2024-04-06 19:49:25.389849   IS 'Trading instrument' widget visible on this page? =>
2024-04-06 19:49:25.406013   => 'Trading instrument' widget is visible on this page!

2024-04-06 19:49:25.406046   IS MARKET 'ETFs' present on this page? =>
2024-04-06 19:49:25.413489   => MARKET 'ETFs' present on this page!

2024-04-06 19:49:25.419712   IS MARKET 'ETFs' visible on this page? =>
2024-04-06 19:49:27.467886   => MARKET 'ETFs' is NOT visible right now on page, but need to check in 'Meatballs menu'!
2024-04-06 19:49:27.475470   => 'Meatballs menu' button is present
2024-04-06 19:49:27.484520   => 'Meatballs menu' button is visible
2024-04-06 19:49:28.769069   => Focus is moved on 'Meatballs menu' button
2024-04-06 19:49:28.788359   => MARKET 'ETFs' is visible on this page!

2024-04-06 19:49:28.788394   Start Click Tab 'ETFs' MARKET =>
2024-04-06 19:49:28.788405   Check that Tab 'ETFs' MARKET is clickable =>
2024-04-06 19:49:28.802662   => Tab 'ETFs' MARKET is clickable
2024-04-06 19:49:28.843530   => End Click Tab 'ETFs' MARKET

2024-04-06 19:49:28.843570   Is Instruments present? =>
2024-04-06 19:49:28.851510   => Instruments is present on this page

2024-04-06 19:49:28.851542   Is Instruments visible? =>
2024-04-06 19:49:28.861278   => Instruments is visible on this page

2024-04-06 19:49:28.861306   Start find random buttons [Trade] on the TAB 'ETFs'=>
2024-04-06 19:49:28.861331   => End find '1' random buttons [Trade] from list [1] on the TAB 'ETFs'
2024-04-06 19:49:28.861507   2. Act for 'Trading instrument' widget and 'ETFs' tab 1-item from item list [1]
2024-04-06 19:49:28.861525   Start Click button TAB 'ETFs' in METHOD: element_click =>
2024-04-06 19:49:28.870275   IS MARKET 'ETFs' visible on this page? =>
2024-04-06 19:49:28.880954   Check that MARKET 'ETFs' is visible on this page =>
2024-04-06 19:49:28.892592   => MARKET 'ETFs' is visible on this page!
2024-04-06 19:49:28.892619   Tab 'ETFs' MARKET is scroll =>
2024-04-06 19:49:28.900461   => Tab 'ETFs' MARKET is scrolled
2024-04-06 19:49:28.900491   Check that Tab 'ETFs' MARKET is clickable =>
2024-04-06 19:49:28.910022   => Tab 'ETFs' MARKET is clickable
2024-04-06 19:49:28.930636   => End Click Tab 'ETFs' MARKET

2024-04-06 19:49:28.930659   Start click button [Trade] =>
2024-04-06 19:49:28.975179   => Button [Trade] for 1-item clicked!


2024-04-06 19:49:28.975426   3. Assert_Login_v0
2024-04-06 19:49:28.975512   Check that 'Login' form is opened
2024-04-06 19:49:29.167445   'Login' form opened
2024-04-06 19:49:29.167484   Assert LOGIN_REF_SIGNUP =>
2024-04-06 19:49:29.181246   Assert LOGIN_CHECKBOX =>
2024-04-06 19:49:29.199883   Assert LOGIN_PASS_FORGOT =>
2024-04-06 19:49:29.215956   => 'Login' form is checked
2024-04-06 19:49:29.263769   Click 'Close' button on 'Login' form =>
2024-04-06 19:49:29.602714   => Focus moved to 'capital*com' logo
2024-04-06 19:49:29.602757   => 'Login' form closed
