{'width': 1280, 'height': 800}

2024-04-06 22:31:41.048600   worker_id = master

2024-04-06 22:31:41.048619   0. Allure grouping v4

2024-04-06 22:31:41.048881   START PRECONDITIONS =>

2024-04-06 22:31:41.048903   => Current URL - https://capital.com/trading/platform/

2024-04-06 22:31:41.051836   => URL after prev. preconditions - https://apps.apple.com/ie/app/capital-com-trading-finance/id1230088754?mt=8

2024-04-06 22:31:41.051850   => flag_of_bug - False

2024-04-06 22:31:41.051861   => Windows size - {'width': 1280, 'height': 800}
2024-04-06 22:31:41.053141   Set windows position at (0, 0) =>
2024-04-06 22:31:41.155216   Set resolution 1280 * 800 =>
2024-04-06 22:31:41.257471   => Windows size is set to {'width': 1280, 'height': 800}

2024-04-06 22:31:42.288448   Капчи нет. Идем дальше

2024-04-06 22:31:42.288538   Работа с куками

2024-04-06 22:31:42.288551   Prev. country - 'au'
2024-04-06 22:31:42.288591   Cur. country - 'au'
2024-04-06 22:31:42.288605   => Country set to 'au'

2024-04-06 22:31:42.288614   Prev. language - 'de'
2024-04-06 22:31:42.288623   Cur. language - 'de'
2024-04-06 22:31:42.288632   => Language is set to 'de'

2024-04-06 22:31:42.288641   Prev. role - 'NoAuth'
2024-04-06 22:31:42.288649   Cur. role - 'NoAuth'
2024-04-06 22:31:42.288658   => The 'NoAuth' role is set

2024-04-06 22:31:42.291421   => Current URL - https://capital.com/trading/platform/

2024-04-06 22:31:42.291441   => THE END PRECONDITIONS

2024-04-06 22:31:42.291623   1. Arrange_v0
2024-04-06 22:31:42.291641   current_page = https://capital.com/trading/platform/
2024-04-06 22:31:42.294214   link = https://capital.com/de/exponentieller-gleitender-durchschnitt
2024-04-06 22:31:42.296772   Current page URL = https://capital.com/trading/platform/
2024-04-06 22:31:42.299290   self.link = https://capital.com/de/exponentieller-gleitender-durchschnitt
2024-04-06 22:31:42.299304   link = https://capital.com/de/exponentieller-gleitender-durchschnitt
2024-04-06 22:31:44.035886   => Loaded page https://capital.com/de/exponentieller-gleitender-durchschnitt
2024-04-06 22:31:44.040130   BUTTON_CREATE_YOUR_ACCOUNT is located on the page? =>

2024-04-06 22:31:44.048189   2. Act_v0: Define of locator

2024-04-06 22:31:44.048211   2. Act_v0: Go to web element

2024-04-06 22:31:45.108037   2. Act_v0: Click web element
2024-04-06 22:31:45.133040   => BUTTON_CREATE_YOUR_ACCOUNT is clicked

2024-04-06 22:31:45.133247   3. Assert_v0
2024-04-06 22:31:45.133338   Start step Check that [Sign up] form is opened
2024-04-06 22:31:45.323138   'Sign up' form opened
2024-04-06 22:31:45.323175   Assert SIGNUP_HEADER =>
2024-04-06 22:31:45.337617   Assert SIGNUP_REF_LOGIN =>
2024-04-06 22:31:45.351092   Assert SIGNUP_PRIVACY_POLICY_ALL_2 =>
2024-04-06 22:31:45.363924   => SIGNUP_PRIVACY_POLICY_ALL
2024-04-06 22:31:45.363954   => 'Signup' form is checked
2024-04-06 22:31:45.364121   Start step Close [Sign up] form =>
2024-04-06 22:31:45.439336   => 'Signup' form closed
2024-04-06 22:31:45.712640   => Focus moved to 'capital*com' logo
