{'width': 1280, 'height': 720}

2024-01-10 06:33:46.882798   worker_id = master

2024-01-10 06:33:46.882813   0. Allure grouping v4


2024-01-10 06:33:46.882955   START PRECONDITIONS =>


2024-01-10 06:33:46.882969   {'width': 1280, 'height': 720}

2024-01-10 06:33:46.884184   Set windows position at (0, 0) =>

2024-01-10 06:33:46.986017   Set resolution 1280 * 720 =>

2024-01-10 06:33:47.088029   => Resolution seted {'width': 1280, 'height': 720}

2024-01-10 06:33:51.139823   Капчи нет. Тестим дальше

2024-01-10 06:33:51.139867   Prev. Role: NoReg

2024-01-10 06:33:51.139877   Current role: NoReg

2024-01-10 06:33:51.139885   Prev language: pl

2024-01-10 06:33:51.139893   => Current language: pl

2024-01-10 06:33:51.139901   Prev country: au

2024-01-10 06:33:51.139908   => Current country: au

2024-01-10 06:33:51.139916   => THE END PRECONDITIONS

2024-01-10 06:33:51.139978   1. Arrange_v0

2024-01-10 06:33:51.150689   2. Act_v0
2024-01-10 06:33:51.150711   BUTTON_GET_STARTED_ON_STICKY_BAR is present? =>
2024-01-10 06:33:51.155482   => BUTTON_GET_STARTED_ON_STICKY_BAR is present on the page!
2024-01-10 06:33:51.155503   BUTTON_GET_STARTED_ON_STICKY_BAR scroll =>
2024-01-10 06:33:51.221237   => BUTTON_GET_STARTED_ON_STICKY_BAR clicked!

2024-01-10 06:33:51.221495   3. Assert_v0
2024-01-10 06:33:51.221601   Start step Check that [Sign up] form is opened
2024-01-10 06:33:51.237336   'Sign up' form opened
2024-01-10 06:33:51.237375   Assert SIGNUP_HEADER =>
2024-01-10 06:33:51.249376   Assert SIGNUP_REF_LOGIN =>
2024-01-10 06:33:51.261849   Assert SIGNUP_PRIVACY_POLICY_ALL_2 =>
2024-01-10 06:33:51.276218   => SIGNUP_PRIVACY_POLICY_ALL
2024-01-10 06:33:51.276253   => 'Signup' form is checked
2024-01-10 06:33:51.276409   Start step Close [Sign up] form =>
2024-01-10 06:33:51.325513   => 'Signup' form closed
