{'width': 1280, 'height': 800}

2024-04-06 20:58:14.010126   worker_id = master

2024-04-06 20:58:14.010140   0. Allure grouping v4

2024-04-06 20:58:14.010318   START PRECONDITIONS =>

2024-04-06 20:58:14.010333   => Current URL - https://capital.com/de/platin-preis

2024-04-06 20:58:14.012938   => URL after prev. preconditions - https://capital.com/de/rohstoff-wheat-spot

2024-04-06 20:58:14.012952   => flag_of_bug - False

2024-04-06 20:58:14.012963   => Windows size - {'width': 1280, 'height': 800}
2024-04-06 20:58:14.014221   Set windows position at (0, 0) =>
2024-04-06 20:58:14.116419   Set resolution 1280 * 800 =>
2024-04-06 20:58:14.218814   => Windows size is set to {'width': 1280, 'height': 800}

2024-04-06 20:58:15.249696   Капчи нет. Идем дальше

2024-04-06 20:58:15.249786   Работа с куками

2024-04-06 20:58:15.249800   Prev. country - 'au'
2024-04-06 20:58:15.249810   Cur. country - 'au'
2024-04-06 20:58:15.249819   => Country set to 'au'

2024-04-06 20:58:15.249828   Prev. language - 'de'
2024-04-06 20:58:15.249837   Cur. language - 'de'
2024-04-06 20:58:15.249846   => Language is set to 'de'

2024-04-06 20:58:15.249855   Prev. role - 'NoReg'
2024-04-06 20:58:15.249864   Cur. role - 'NoReg'
2024-04-06 20:58:15.249872   => The 'NoReg' role is set

2024-04-06 20:58:15.252738   => Current URL - https://capital.com/de/platin-preis

2024-04-06 20:58:15.252760   => THE END PRECONDITIONS

2024-04-06 20:58:15.252948   1. Arrange_v0
2024-04-06 20:58:15.252965   current_page = https://capital.com/de/platin-preis
2024-04-06 20:58:15.255551   link = https://capital.com/de/platin-preis
2024-04-06 20:58:15.265863   Is button BUTTON_VIEW_DETAILED_CHART present on the page? =>
2024-04-06 20:58:15.265885   => BUTTON_VIEW_DETAILED_CHART is present on the page
2024-04-06 20:58:15.265895   BUTTON_VIEW_DETAILED_CHART scroll =>
2024-04-06 20:58:15.271001   => BUTTON_VIEW_DETAILED_CHART scrolled
2024-04-06 20:58:15.271188   Start Checking that form [Sign up] popped up on the page =>
2024-04-06 20:58:16.819313   '[Sign up]' form was not popped up

2024-04-06 20:58:16.819497   2. Act_v0
2024-04-06 20:58:16.819512   Start Click button [View Detailed Chart] =>
2024-04-06 20:58:16.835091   BUTTON_VIEW_DETAILED_CHART is clickable =>
2024-04-06 20:58:16.900717 => BUTTON_VIEW_DETAILED_CHART clicked

2024-04-06 20:58:16.901021   3. Assert_v0
2024-04-06 20:58:16.901148   Start step Check that [Sign up] form is opened
2024-04-06 20:58:16.914156   'Sign up' form opened
2024-04-06 20:58:16.914189   Assert SIGNUP_HEADER =>
2024-04-06 20:58:16.924311   Assert SIGNUP_REF_LOGIN =>
2024-04-06 20:58:16.934562   Assert SIGNUP_PRIVACY_POLICY_ALL_2 =>
2024-04-06 20:58:16.945338   => SIGNUP_PRIVACY_POLICY_ALL
2024-04-06 20:58:16.945367   => 'Signup' form is checked
2024-04-06 20:58:16.945530   Start step Close [Sign up] form =>
2024-04-06 20:58:17.026243   => 'Signup' form closed
2024-04-06 20:58:17.304199   => Focus moved to 'capital*com' logo
