{'width': 1280, 'height': 800}

2024-05-17 21:07:44.835526   worker_id = master

2024-05-17 21:07:44.835526   0. Allure grouping v4

2024-05-17 21:07:44.835526   START PRECONDITIONS =>

2024-05-17 21:07:44.835526   => URL after prev. preconditions - https://capital.com/fr
2024-05-17 21:07:44.835526   => flag_of_bug - False
2024-05-17 21:07:44.835526   => Current URL - https://capital.com/fr/eur-aud-taux
2024-05-17 21:07:44.847389   Current page URL = https://capital.com/fr/eur-aud-taux
2024-05-17 21:07:44.850393   self.link = https://capital.com/fr
2024-05-17 21:07:44.850393   driver.get(https://capital.com/fr) =>
2024-05-17 21:07:46.975352   => Loaded page https://capital.com/fr

2024-05-17 21:07:46.982685   => Windows size - {'width': 1280, 'height': 800}
2024-05-17 21:07:46.984692   Set windows position at (0, 0) =>
2024-05-17 21:07:46.987473   Set resolution 1280 * 800 =>
2024-05-17 21:07:46.990032   => Windows size is set to {'width': 1280, 'height': 800}

2024-05-17 21:07:48.007714   Капчи нет. Идем дальше

2024-05-17 21:07:48.007714   Работа с куками =>

2024-05-17 21:07:48.007714   => не требуется

2024-05-17 21:07:48.007714   Prev. country - 'ae'
2024-05-17 21:07:48.007714   Cur. country - 'ae'
2024-05-17 21:07:48.007714   => Country set to 'ae'

2024-05-17 21:07:48.007714   Prev. language - 'fr'
2024-05-17 21:07:48.007714   Cur. language - 'fr'
2024-05-17 21:07:48.007714   => Language is set to 'fr'

2024-05-17 21:07:48.007714   Prev. role - 'NoReg'
2024-05-17 21:07:48.007714   Cur. role - 'NoReg'
2024-05-17 21:07:48.007714   => The 'NoReg' role is set

2024-05-17 21:07:48.007714   => Current URL - https://capital.com/fr

2024-05-17 21:07:48.007714   => THE END PRECONDITIONS

2024-05-17 21:07:48.007714   1. Arrange_v0
2024-05-17 21:07:48.007714   current_page = https://capital.com/fr
2024-05-17 21:07:48.007714   link = https://capital.com/fr/eur-aud-taux
2024-05-17 21:07:48.023192   Current page URL = https://capital.com/fr
2024-05-17 21:07:48.023192   self.link = https://capital.com/fr/eur-aud-taux
2024-05-17 21:07:48.023192   driver.get(https://capital.com/fr/eur-aud-taux) =>
2024-05-17 21:07:49.696724   => Loaded page https://capital.com/fr/eur-aud-taux
2024-05-17 21:07:49.701723   IS 'Trading calculator' widget present on this page? =>
2024-05-17 21:07:49.712472   => 'Trading calculator' widget present on this page!

2024-05-17 21:07:49.712472   IS 'Trading calculator' widget visible on this page? =>
2024-05-17 21:07:49.729292   => 'Trading calculator' widget is visible on this page!

2024-05-17 21:07:49.729292   IS [Start Trading] button present on this page? =>
2024-05-17 21:07:49.737293   => [Start Trading] button present on this page!

2024-05-17 21:07:49.737293   IS [Start Trading] button visible on this page? =>
2024-05-17 21:07:49.752987   => [Start Trading] button is visible on this page!

2024-05-17 21:07:49.752987   [Start Trading] button scroll =>

2024-05-17 21:07:49.757980   2. Act_v0
2024-05-17 21:07:49.757980   [Start Trading] button is clickable? =>
2024-05-17 21:07:49.805384   => [Start Trading] button is clickable!

2024-05-17 21:07:49.851031   => [Start Trading] button clicked!

2024-05-17 21:07:49.851031   3. Assert_v0
2024-05-17 21:07:49.852027   Start step Check that [Sign up] form is opened
2024-05-17 21:07:50.101934   'Sign up' form opened
2024-05-17 21:07:50.101934   Assert SIGNUP_HEADER =>
2024-05-17 21:07:50.116307   Assert SIGNUP_REF_LOGIN =>
2024-05-17 21:07:50.129852   Assert SIGNUP_PRIVACY_POLICY_ALL_2 =>
2024-05-17 21:07:50.148062   => SIGNUP_PRIVACY_POLICY_ALL
2024-05-17 21:07:50.148062   => 'Signup' form is checked
2024-05-17 21:07:50.148062   Start step Close [Sign up] form =>
2024-05-17 21:07:50.208729   => 'Signup' form closed
2024-05-17 21:07:50.513391   => Focus moved to 'capital*com' logo
