{'width': 1280, 'height': 800}

2024-07-19 11:22:37.611928   worker_id = master

2024-07-19 11:22:37.611942   0. Allure grouping for US_55


2024-07-19 11:22:37.612122   START NEW PRECONDITIONS =>

2024-07-19 11:22:37.612137   => URL after prev. preconditions - ?
2024-07-19 11:22:37.612147   => flag_of_bug - False
2024-07-19 11:22:37.612157   => Current URL - https://capital.com/?country=ua
2024-07-19 11:22:37.617171   Current page URL = https://capital.com/?country=ua
2024-07-19 11:22:37.619573   self.link = https://capital.com/en-gb
2024-07-19 11:22:37.619586   driver.get(https://capital.com/en-gb) =>
2024-07-19 11:22:38.942247   => Loaded page https://capital.com/en-gb

2024-07-19 11:22:38.945865   => Windows size: {'width': 1280, 'height': 800}

2024-07-19 11:22:38.947238   Set windows position at (0, 0) =>

2024-07-19 11:22:38.948870   Set resolution 1280 * 800 =>

2024-07-19 11:22:38.950496   => Resolution set {'width': 1280, 'height': 800}

2024-07-19 11:22:39.973296   Капчи нет. Идем дальше

2024-07-19 11:22:39.973379   Работа с куками =>
2024-07-19 11:22:39.973393   Prev. role - '?'
2024-07-19 11:22:39.973403   Current testing role - 'NoReg'

2024-07-19 11:22:39.973412   All cookies must be delete =>
2024-07-19 11:22:40.046799   => All cookies are deleted
2024-07-19 11:22:40.046826   Current page URL = https://capital.com/en-gb
2024-07-19 11:22:40.049294   self.link = https://capital.com/en-gb
2024-07-19 11:22:40.049308   driver.get(https://capital.com/en-gb) =>
2024-07-19 11:22:41.318832   => Loaded page https://capital.com/en-gb

2024-07-19 11:22:41.322324   Step 'Click button [Accept all cookies]'
2024-07-19 11:22:41.322336   Is Visible Button [Accept all cookies]? =>
2024-07-19 11:23:11.904582   => Button [Accept all cookies] is not visible after 30 sec.
2024-07-19 11:23:11.904618   => Cur url = https://capital.com/en-gb
