


Current language - el
{'width': 1280, 'height': 800}

2024-07-19 10:13:43.559853   worker_id = master

2024-07-19 10:13:43.559867   0. Allure grouping for US_55

2024-07-19 10:13:44.254478   START PRECONDITIONS =>

2024-07-19 10:13:44.254522   => URL after prev. preconditions - https://capital.com/el
2024-07-19 10:13:44.254537   => flag_of_bug - False
2024-07-19 10:13:44.254554   => Current URL - https://capital.com/el

2024-07-19 10:13:44.266968   => Windows size: {'width': 1280, 'height': 800}
2024-07-19 10:13:44.268398   Set windows position at (0, 0) =>
2024-07-19 10:13:44.270058   Set resolution 1280 * 800 =>
2024-07-19 10:13:44.271813   => Windows size is set to {'width': 1280, 'height': 800}

2024-07-19 10:13:45.323371   Капчи нет. Идем дальше

2024-07-19 10:13:45.323460   Работа с куками =>

2024-07-19 10:13:45.323474   => не требуется

2024-07-19 10:13:46.348027   Капчи нет. Идем дальше

2024-07-19 10:13:46.348108   Prev. country - 'de'
2024-07-19 10:13:46.348122   Cur. country - 'au'
2024-07-19 10:13:46.348132   Set 'au' country =>
2024-07-19 10:13:46.356024   => Language and Country menu is present
2024-07-19 10:13:46.364969   => Language and Country menu is visible
2024-07-19 10:13:47.631810   => Focus is moved on Language and Country menu 
2024-07-19 10:13:50.187145   => Cur url = https://capital.com/el?country=au
2024-07-19 10:13:50.205195   => Country set to 'au'

2024-07-19 10:13:51.216874   Капчи нет. Идем дальше

2024-07-19 10:13:51.216965   Prev. language - 'el'
2024-07-19 10:13:51.216979   Cur. language - 'el'
2024-07-19 10:13:51.216989   => Language is set to 'el'

2024-07-19 10:13:52.237772   Капчи нет. Идем дальше

2024-07-19 10:13:52.237853   Prev. role - 'NoReg'
2024-07-19 10:13:52.237866   Cur. role - 'NoReg'
2024-07-19 10:13:52.237875   => The 'NoReg' role is set

2024-07-19 10:13:52.240663   => Current URL - https://capital.com/el?country=au

2024-07-19 10:13:52.240684   => THE END PRECONDITIONS

2024-07-19 10:13:52.240942   1. Arrange
2024-07-19 10:13:52.240958   IS [Sign up] button present on this page? =>
2024-07-19 10:13:52.245474   => [Sign up] button present on this page!

2024-07-19 10:13:52.252804   IS [Sign up] button visible on this page? =>
2024-07-19 10:13:52.262233   => [Sign up] button is visible on this page!


2024-07-19 10:13:52.262405   2. Act_v0
2024-07-19 10:13:52.262421   IS [Sign up] clickable on the page? =>
2024-07-19 10:13:52.276614   => [Sign up] is clickable on the page!


2024-07-19 10:13:52.276644   Start Click button [Sign up] =>
2024-07-19 10:13:52.316248   => End Click button [Sign up] 
2024-07-19 10:13:52.316434   Start step Check that [Sign up] form is opened
2024-07-19 10:13:52.515787   'Sign up' form opened
2024-07-19 10:13:52.515834   Assert SIGNUP_HEADER =>
2024-07-19 10:13:52.525955   Assert SIGNUP_REF_LOGIN =>
2024-07-19 10:13:52.538713   Assert SIGNUP_PRIVACY_POLICY_ALL_2 =>
2024-07-19 10:13:52.549257   => SIGNUP_PRIVACY_POLICY_ALL
2024-07-19 10:13:52.549291   => 'Signup' form is checked
2024-07-19 10:13:52.549343   => 'Sign up' form is opened

2024-07-19 10:13:52.549545   3. Assert
2024-07-19 10:13:52.549565   Is 'Please enter a valid Email' message displayed on this page after putting invalid email? =>
2024-07-19 10:13:52.549575   => Start fill out 'Email address' field.
2024-07-19 10:13:52.635034   => 'Email address' is inputted

2024-07-19 10:13:52.734727   => Switch to 'Password' field

get_attribute:  display: block;
2024-07-19 10:13:52.748028   => 'Please enter a valid Email' message is displayed

2024-07-19 10:13:52.748053   Save current screenshot into PNG file
2024-07-19 10:13:52.907139   Is [Continue] button active after putting invalid email? =>
2024-07-19 10:13:52.907167   => Start fill out 'Password' field.
2024-07-19 10:13:52.989723   => 'Password' is inputted

continue_button:  btn btn--md btn--wide s2_btn disabled hasPointer
2024-07-19 10:13:53.006724   => '[Continue] button is not active after putting invalid email

2024-07-19 10:13:53.006759   Save current screenshot into PNG file
