{'width': 1280, 'height': 720}

2024-01-04 08:39:45.267011   worker_id = master

2024-01-04 08:39:45.267026   0. Allure grouping v4


2024-01-04 08:39:45.267170   START PRECONDITIONS =>


2024-01-04 08:39:45.267184   {'width': 1280, 'height': 720}

2024-01-04 08:39:45.268451   Set windows position at (0, 0) =>

2024-01-04 08:39:45.370680   Set resolution 1280 * 720 =>

2024-01-04 08:39:45.473546   => Resolution seted {'width': 1280, 'height': 720}

2024-01-04 08:39:49.497171   Капчи нет. Тестим дальше

2024-01-04 08:39:49.497220   Prev. Role: NoReg

2024-01-04 08:39:49.497229   Current role: NoReg

2024-01-04 08:39:49.497238   Prev language: it

2024-01-04 08:39:49.497246   => Current language: it

2024-01-04 08:39:49.497254   Prev country: ae

2024-01-04 08:39:49.497262   => Current country: ae

2024-01-04 08:39:49.497270   => THE END PRECONDITIONS

2024-01-04 08:39:49.497325   1. Arrange
2024-01-04 08:39:49.500264   BUTTON_BUY_IN_CONTENT_BLOCK is visible? =>
2024-01-04 08:39:49.505431   => BUTTON_BUY_IN_CONTENT_BLOCK is visible on the page!

2024-01-04 08:39:49.519287   2. Act
2024-01-04 08:39:49.519320   BUTTON_BUY_IN_CONTENT_BLOCK is present? =>
2024-01-04 08:39:49.519330   => BUTTON_BUY_IN_CONTENT_BLOCK is present on the page
2024-01-04 08:39:49.519338   BUTTON_BUY_IN_CONTENT_BLOCK scroll =>
2024-01-04 08:39:49.522682   => BUTTON_BUY_IN_CONTENT_BLOCK scrolled
2024-01-04 08:39:49.522708   BUTTON_BUY_IN_CONTENT_BLOCK is clickable? =>
2024-01-04 08:39:49.534810   BUTTON_BUY_IN_CONTENT_BLOCK CLICK =>
2024-01-04 08:39:49.556686   => BUTTON_BUY_IN_CONTENT_BLOCK clicked!

2024-01-04 08:39:49.571374   3. Assert_v0
2024-01-04 08:39:49.571496   Start step Check that [Sign up] form is opened
2024-01-04 08:39:49.587757   'Sign up' form opened
2024-01-04 08:39:49.587792   Assert SIGNUP_HEADER =>
2024-01-04 08:39:49.604793   Assert SIGNUP_REF_LOGIN =>
2024-01-04 08:39:49.645858   Assert SIGNUP_PRIVACY_POLICY_ALL_2 =>
2024-01-04 08:39:49.664648   => SIGNUP_PRIVACY_POLICY_ALL
2024-01-04 08:39:49.664687   => 'Signup' form is checked
2024-01-04 08:39:49.664854   Start step Close [Sign up] form =>
2024-01-04 08:39:49.725735   => 'Signup' form closed
