


Current sort - Most traded
{'width': 1280, 'height': 800}

2024-03-21 12:46:16.095976   worker_id = master

2024-03-21 12:46:16.095993   0. Allure grouping v4


2024-03-21 12:46:16.096191   START PRECONDITIONS =>


2024-03-21 12:46:16.096207   => flag_of_bug - False

2024-03-21 12:46:16.096218   => Windows size - {'width': 1280, 'height': 800}
2024-03-21 12:46:16.098323   Set windows position at (0, 0) =>
2024-03-21 12:46:16.200729   Set resolution 1280 * 800 =>
2024-03-21 12:46:16.303087   => Windows size is set to {'width': 1280, 'height': 800}

2024-03-21 12:46:17.336949   Капчи нет. Идем дальше

2024-03-21 12:46:17.337038   Работа с куками

2024-03-21 12:46:17.337052   => Prev. country - 'au'
2024-03-21 12:46:17.337062   => Country set to 'au'

2024-03-21 12:46:17.337071   => Prev. language - 'ru'
2024-03-21 12:46:17.337080   => Language is set to 'ru'

2024-03-21 12:46:17.337089   => Prev. role - 'NoAuth'
2024-03-21 12:46:17.337097   => The 'NoAuth' role is set

2024-03-21 12:46:17.339871   => THE END PRECONDITIONS
2024-03-21 12:46:17.846427   => 'Markets' menu is present
2024-03-21 12:46:17.862280   element = <selenium.webdriver.remote.webelement.WebElement (session="4c9c49dc35d30bd0ef851f93c160b199", element="f.D3B948C983FA227D4F929C252DD29F3D.d.EE96218722FB139BC5A40AC59E306BB3.e.939")>
2024-03-21 12:46:17.862316   => 'Markets' menu is visible
2024-03-21 12:46:19.133751   => Focus moved to 'Markets' menu
2024-03-21 12:46:19.139839   => 'Markets > Commodities' submenu is present

2024-03-21 12:46:20.410950   1. Arrange for TABLE_TRADING_INSTRUMENTS and 'Most traded' cur_sort
2024-03-21 12:46:20.413600   TABLE_TRADING_INSTRUMENTS and cur_sort present on this page? =>
2024-03-21 12:46:20.421982   => TABLE_TRADING_INSTRUMENTS and cur_sort present on the page!

2024-03-21 12:46:20.422011   Start scroll and click FIELD_DROPDOWN_SORT =>
