{'width': 1280, 'height': 720}

2024-03-06 11:45:32.609244   worker_id = master

2024-03-06 11:45:32.609267   0. Allure grouping v4


2024-03-06 11:45:32.609615   START PRECONDITIONS =>


2024-03-06 11:45:32.609634   {'width': 1280, 'height': 720}

2024-03-06 11:45:32.611920   Set windows position at (0, 0) =>

2024-03-06 11:45:32.714567   Set resolution 1280 * 720 =>

2024-03-06 11:45:32.818549   => Resolution seted {'width': 1280, 'height': 720}

2024-03-06 11:45:33.853302   Капчи нет. Идем дальше

2024-03-06 11:45:33.853394   Prev. role: NoReg

2024-03-06 11:45:33.853406   => Current role: NoReg

2024-03-06 11:45:34.886589   Капчи нет. Идем дальше

2024-03-06 11:45:34.886679   Prev language: cn

2024-03-06 11:45:34.886691   => Current language: cn

2024-03-06 11:45:35.912738   Капчи нет. Идем дальше

2024-03-06 11:45:35.912827   Prev country: au
2024-03-06 11:45:35.912840   => Current country: au

2024-03-06 11:45:35.912849   => THE END PRECONDITIONS

2024-03-06 11:45:35.912884   1. Arrange_v0
2024-03-06 11:45:35.915837   BUTTON_CREATE_YOUR_ACCOUNT is located on the page? =>

2024-03-06 11:45:35.923828   2. Act_v0: Define of locator

2024-03-06 11:45:35.923850   2. Act_v0: Go to web element

2024-03-06 11:45:37.020046   2. Act_v0: Click web element
2024-03-06 11:45:37.047136   => BUTTON_CREATE_YOUR_ACCOUNT is clicked

2024-03-06 11:45:37.047362   3. Assert_v0
2024-03-06 11:45:37.047486   Start step Check that [Sign up] form is opened
2024-03-06 11:45:37.525270   'Sign up' form opened
2024-03-06 11:45:37.525310   Assert SIGNUP_HEADER =>
2024-03-06 11:45:37.539502   Assert SIGNUP_REF_LOGIN =>
2024-03-06 11:45:37.552194   Assert SIGNUP_PRIVACY_POLICY_ALL_2 =>
2024-03-06 11:45:37.564689   => SIGNUP_PRIVACY_POLICY_ALL
2024-03-06 11:45:37.564724   => 'Signup' form is checked
2024-03-06 11:45:37.564884   Start step Close [Sign up] form =>
2024-03-06 11:45:37.647033   => 'Signup' form closed
