{'width': 1280, 'height': 720}

2023-12-22 15:24:34.295258   worker_id = master

2023-12-22 15:24:34.295275   0. Allure grouping v4


2023-12-22 15:24:34.295416   START PRECONDITIONS =>


2023-12-22 15:24:34.295430   {'width': 1280, 'height': 720}

2023-12-22 15:24:34.296635   Set windows position at (320, 180) =>

2023-12-22 15:24:34.398839   Set resolution 1280 * 720 =>

2023-12-22 15:24:34.501257   => Resolution seted {'width': 1280, 'height': 720}

2023-12-22 15:24:38.513519   Капчи нет. Тестим дальше

2023-12-22 15:24:38.513586   Prev. Role: NoReg

2023-12-22 15:24:38.513596   Current role: NoReg

2023-12-22 15:24:38.513604   Prev language: ru

2023-12-22 15:24:38.513612   => Current language: ru

2023-12-22 15:24:38.513620   Prev country: de

2023-12-22 15:24:38.513628   => Current country: de

2023-12-22 15:24:38.513635   => THE END PRECONDITIONS

2023-12-22 15:24:38.513691   1. Arrange
2023-12-22 15:24:38.516528   Is visible BUTTON_SIGNUP_LOGIN? =>
2023-12-22 15:24:38.524258   => BUTTON_SIGNUP_LOGIN is visible on the page!

2023-12-22 15:24:38.524421   2. Act_v0
2023-12-22 15:24:38.524438   Start Click button BUTTON_SIGNUP_LOGIN =>
2023-12-22 15:24:38.536223   BUTTON_SIGNUP_LOGIN#1 scroll =>
2023-12-22 15:24:38.536245   BUTTON_SIGNUP_LOGIN#1 scroll =>
2023-12-22 15:24:38.549980   Is BUTTON_SIGNUP_LOGIN#1 clickable? =>
2023-12-22 15:24:38.604439   => BUTTON_SIGNUP_LOGIN#1 is clickable
2023-12-22 15:24:38.604471   BUTTON_SIGNUP_LOGIN#1 click =>
2023-12-22 15:24:38.636810   => BUTTON_SIGNUP_LOGIN#1 clicked!

2023-12-22 15:24:38.637025   3. Assert_v0
2023-12-22 15:24:38.637128   Start step Check that [Sign up] form is opened
2023-12-22 15:24:38.655453   'Sign up' form opened
2023-12-22 15:24:38.655486   Assert SIGNUP_HEADER =>
2023-12-22 15:24:38.671387   Assert SIGNUP_REF_LOGIN =>
2023-12-22 15:24:38.704587   Assert SIGNUP_PRIVACY_POLICY_ALL_2 =>
2023-12-22 15:24:38.717744   => SIGNUP_PRIVACY_POLICY_ALL
2023-12-22 15:24:38.717786   => 'Signup' form is checked
2023-12-22 15:24:38.717970   Start step Close [Sign up] form =>
2023-12-22 15:24:38.774102   => 'Signup' form closed
