{'width': 1280, 'height': 720}

2023-12-22 14:36:10.203787   worker_id = master

2023-12-22 14:36:10.203803   0. Allure grouping v4


2023-12-22 14:36:10.203969   START PRECONDITIONS =>


2023-12-22 14:36:10.203983   {'width': 1280, 'height': 720}

2023-12-22 14:36:10.205249   Set windows position at (320, 180) =>

2023-12-22 14:36:10.307291   Set resolution 1280 * 720 =>

2023-12-22 14:36:10.409559   => Resolution seted {'width': 1280, 'height': 720}

2023-12-22 14:36:14.427357   Капчи нет. Тестим дальше

2023-12-22 14:36:14.427405   Prev. Role: NoAuth

2023-12-22 14:36:14.427415   Current role: NoAuth

2023-12-22 14:36:14.427424   Prev language: ru

2023-12-22 14:36:14.427432   => Current language: ru

2023-12-22 14:36:14.427440   Prev country: de

2023-12-22 14:36:14.427448   => Current country: de

2023-12-22 14:36:14.427456   => THE END PRECONDITIONS

2023-12-22 14:36:14.427509   1. Arrange_v0

2023-12-22 14:36:14.441430   2. Act_v0
2023-12-22 14:36:14.441453   BUTTON_GET_STARTED_ON_STICKY_BAR is present? =>
2023-12-22 14:36:14.448853   => BUTTON_GET_STARTED_ON_STICKY_BAR is present on the page!
2023-12-22 14:36:14.448877   BUTTON_GET_STARTED_ON_STICKY_BAR scroll =>
2023-12-22 14:36:14.534058   => BUTTON_GET_STARTED_ON_STICKY_BAR clicked!

2023-12-22 14:36:14.534267   3. Assert_Login_v0
2023-12-22 14:36:19.068602   'Login' form not opened
2023-12-22 14:36:19.072121   'Login' page not opened
2023-12-22 14:36:23.593291   'Login' form on trading platform not opened
2023-12-22 14:36:23.593501   Start step Check that [Sign up] form is opened
2023-12-22 14:36:23.608750   'Sign up' form opened
2023-12-22 14:36:23.608773   Assert SIGNUP_HEADER =>
2023-12-22 14:36:23.624813   Assert SIGNUP_REF_LOGIN =>
2023-12-22 14:36:23.640845   Assert SIGNUP_PRIVACY_POLICY_ALL_2 =>
2023-12-22 14:36:23.656975   => SIGNUP_PRIVACY_POLICY_ALL
2023-12-22 14:36:23.657002   => 'Signup' form is checked
