{'width': 1280, 'height': 800}

2024-04-25 09:42:19.312690   worker_id = master

2024-04-25 09:42:19.312704   0. Allure grouping v4

2024-04-25 09:42:19.312900   START PRECONDITIONS =>

2024-04-25 09:42:19.312916   => URL after prev. preconditions - https://capital.com/el
2024-04-25 09:42:19.312925   => flag_of_bug - False
2024-04-25 09:42:19.312936   => Current URL - https://capital.com/el

2024-04-25 09:42:19.317826   => Windows size - {'width': 1280, 'height': 800}
2024-04-25 09:42:19.319055   Set windows position at (0, 0) =>
2024-04-25 09:42:19.320820   Set resolution 1280 * 800 =>
2024-04-25 09:42:19.324383   => Windows size is set to {'width': 1280, 'height': 800}

2024-04-25 09:42:20.365233   Капчи нет. Идем дальше

2024-04-25 09:42:20.365326   Работа с куками =>

2024-04-25 09:42:20.365345   => не требуется

2024-04-25 09:42:20.365354   Prev. country - 'au'
2024-04-25 09:42:20.365364   Cur. country - 'au'
2024-04-25 09:42:20.365373   => Country set to 'au'

2024-04-25 09:42:20.365382   Prev. language - 'el'
2024-04-25 09:42:20.365390   Cur. language - 'el'
2024-04-25 09:42:20.365399   => Language is set to 'el'

2024-04-25 09:42:20.365407   Prev. role - 'NoReg'
2024-04-25 09:42:20.365416   Cur. role - 'NoReg'
2024-04-25 09:42:20.365425   => The 'NoReg' role is set

2024-04-25 09:42:20.368137   => Current URL - https://capital.com/el

2024-04-25 09:42:20.368157   => THE END PRECONDITIONS

2024-04-25 09:42:20.368347   1. Arrange_v0
2024-04-25 09:42:20.368364   current_page = https://capital.com/el
2024-04-25 09:42:20.372764   link = https://capital.com/el
2024-04-25 09:42:20.375205   BUTTON_CREATE_YOUR_ACCOUNT is located on the page? =>

2024-04-25 09:42:20.382958   2. Act_v0: Define of locator

2024-04-25 09:42:20.382980   2. Act_v0: Go to web element

2024-04-25 09:42:21.426022   2. Act_v0: Click web element
2024-04-25 09:42:21.476288   => BUTTON_CREATE_YOUR_ACCOUNT is clicked

2024-04-25 09:42:21.476610   3. Assert_v0
2024-04-25 09:42:21.476780   Start step Check that [Sign up] form is opened
2024-04-25 09:42:21.500338   'Sign up' form opened
2024-04-25 09:42:21.500377   Assert SIGNUP_HEADER =>
2024-04-25 09:42:21.510907   Assert SIGNUP_REF_LOGIN =>
2024-04-25 09:42:21.520716   Assert SIGNUP_PRIVACY_POLICY_ALL_2 =>
2024-04-25 09:42:21.531105   => SIGNUP_PRIVACY_POLICY_ALL
2024-04-25 09:42:21.531136   => 'Signup' form is checked
2024-04-25 09:42:21.531305   Start step Close [Sign up] form =>
2024-04-25 09:42:21.618786   => 'Signup' form closed
2024-04-25 09:42:21.888756   => Focus moved to 'capital*com' logo
