


Current sort - Most volatile
{'width': 1280, 'height': 800}

2024-04-25 10:08:46.636091   worker_id = master

2024-04-25 10:08:46.636104   0. Allure grouping v4

2024-04-25 10:08:46.636278   START PRECONDITIONS =>

2024-04-25 10:08:46.636294   => URL after prev. preconditions - https://capital.com/el
2024-04-25 10:08:46.636303   => flag_of_bug - True
2024-04-25 10:08:46.636314   => Current URL - https://capital.com/el/zontanes-times-metoxon?t=fallers
2024-04-25 10:08:46.641625   Current page URL = https://capital.com/el/zontanes-times-metoxon?t=fallers
2024-04-25 10:08:46.644140   self.link = https://capital.com/el
2024-04-25 10:08:46.644153   driver.get(https://capital.com/el) =>
2024-04-25 10:08:48.650341   => Loaded page https://capital.com/el

2024-04-25 10:08:48.654702   => Windows size - {'width': 1280, 'height': 800}
2024-04-25 10:08:48.656037   Set windows position at (0, 0) =>
2024-04-25 10:08:48.659272   Set resolution 1280 * 800 =>
2024-04-25 10:08:48.660980   => Windows size is set to {'width': 1280, 'height': 800}

2024-04-25 10:08:49.700808   Капчи нет. Идем дальше

2024-04-25 10:08:49.700894   Работа с куками =>

2024-04-25 10:08:49.700908   => не требуется

2024-04-25 10:08:49.700917   Prev. country - 'au'
2024-04-25 10:08:49.700927   Cur. country - 'au'
2024-04-25 10:08:49.700935   => Country set to 'au'

2024-04-25 10:08:49.700944   Prev. language - 'el'
2024-04-25 10:08:49.700953   Cur. language - 'el'
2024-04-25 10:08:49.700962   => Language is set to 'el'

2024-04-25 10:08:49.700970   Prev. role - 'NoReg'
2024-04-25 10:08:49.700979   Cur. role - 'NoReg'
2024-04-25 10:08:49.700987   => The 'NoReg' role is set

2024-04-25 10:08:49.703726   => Current URL - https://capital.com/el

2024-04-25 10:08:49.703747   => THE END PRECONDITIONS

2024-04-25 10:08:49.703916   START Open "Markets" menu, "Shares" submenu =>
2024-04-25 10:08:49.703931   1. Cur URL = https://capital.com/el
2024-04-25 10:08:49.706344   2. Link = https://capital.com/el
2024-04-25 10:08:49.706359   current_page = https://capital.com/el
2024-04-25 10:08:49.710626   link = https://capital.com/el
2024-04-25 10:08:50.221942   => 'Markets' menu is present
2024-04-25 10:08:50.244249   => 'Markets' menu is visible
2024-04-25 10:08:51.511087   => Focus moved to 'Markets' menu
2024-04-25 10:08:53.168286   => Focus moved to 'Shares' submenu and clicked
2024-04-25 10:08:53.460257   => Focus moved to 'capital*com' logo
2024-04-25 10:08:53.460301   3. Cur URL = https://capital.com/el/zontanes-times-metoxon

2024-04-25 10:08:53.465431   1. Arrange for Trading instrument table and "Most volatile" cur_sort
2024-04-25 10:08:53.465454   current_page = https://capital.com/el/zontanes-times-metoxon
2024-04-25 10:08:53.467756   link = https://capital.com/el/zontanes-times-metoxon
2024-04-25 10:08:53.470098   IS TABLE_TRADING_INSTRUMENTS  present on the  page? =>
2024-04-25 10:08:53.477887   => TABLE_TRADING_INSTRUMENTS is present on the page!
2024-04-25 10:08:53.477910   IS FIELD_DROPDOWN_SORT present in the table? =>
2024-04-25 10:08:53.484866   =>  FIELD_DROPDOWN_SORT is present in the table!
2024-04-25 10:08:53.484888   Start scroll and click FIELD_DROPDOWN_SORT =>
2024-04-25 10:08:53.583186   Is item_sort_list visible on the FIELD_DROPDOWN_SORT ? =>
2024-04-25 10:08:53.612756   => item_sort_list is visible on the FIELD_DROPDOWN_SORT!
2024-04-25 10:08:53.612802   Is cur_sort "Most volatile" present in item_sort_list? =>
2024-04-25 10:08:53.640060   => cur_sort "Most volatile" is present in item_sort_list!
2024-04-25 10:08:53.640116   Start click cur_sort "Most volatile" =>
2024-04-25 10:08:54.875417   => End Click cur_sort "Most volatile"

2024-04-25 10:08:54.875463   Buttons [Buy] is visible and quantity buttons not zero? =>
2024-04-25 10:08:54.897829   => Buttons [Buy] is visible and quantity buttons not zero!

2024-04-25 10:08:54.897864   Start find two random buttons [Buy] on cur_sort "Most volatile"=>
2024-04-25 10:08:54.903671   => End find 1 random buttons [Buy] on the cur_sort "Most volatile"


2024-04-25 10:08:54.903697   Item_list = [5]
2024-04-25 10:08:54.903866   Start Checking that form [Sign up] popped up on the page =>
2024-04-25 10:08:56.443347   '[Sign up]' form was not popped up
2024-04-25 10:08:56.443550   2. Act for trading instrument and "Most volatile" cur_sort
2024-04-25 10:08:56.461113   Start click button [Buy] =>
2024-04-25 10:08:56.471642   =>   BUTTON_BUY on item with ID = 249949916763460
2024-04-25 10:08:56.471664   BUTTON_BUY on item with ID = '249949916763460' scroll into view =>
2024-04-25 10:08:56.478440   => BUTTON_SELL on item with ID = '249949916763460' scrolled into view
2024-04-25 10:08:56.478476   Check that BUTTON_BUY with item NMTau clickable =>
2024-04-25 10:08:56.615179   => BUTTON_BUY is clickable
2024-04-25 10:08:59.219028   =>   BUTTON_BUY with item NMTau clicked

2024-04-25 10:08:59.219362   3. Assert_v0
2024-04-25 10:08:59.219500   Start step Check that [Sign up] form is opened
2024-04-25 10:09:02.316379   'Sign up' form not opened
2024-04-25 10:09:02.316564   Start step Check that new [Sign up] form is opened
2024-04-25 10:09:05.391963   => new 'Sign up' form not opened
2024-04-25 10:09:05.392149   Start method Check that [Sign up] page opened =>
2024-04-25 10:09:06.396106   'Sign up' page not opened
2024-04-25 10:09:06.396303   Check that [Sign up] form on trading platform opened =>
2024-04-25 10:09:09.470356   'Sign up' form on trading platform page not opened

Bug: 

2024-04-25 10:09:09.470438   Проверка бага в таблице ретеста  =>

2024-04-25 10:09:09.473192  Для бага: Bid-04 необходимо использовать проверку на ретест!!!
