


Current market - Commodities



Current sort - Most volatile
{'width': 1280, 'height': 800}

2024-04-25 09:47:11.810136   worker_id = master

2024-04-25 09:47:11.810150   0. Allure grouping v4

2024-04-25 09:47:11.810336   START PRECONDITIONS =>

2024-04-25 09:47:11.810351   => URL after prev. preconditions - https://capital.com/el
2024-04-25 09:47:11.810361   => flag_of_bug - True
2024-04-25 09:47:11.810371   => Current URL - https://capital.com/el/paragoga-xrimatopistotika-mesa
2024-04-25 09:47:11.815811   Current page URL = https://capital.com/el/paragoga-xrimatopistotika-mesa
2024-04-25 09:47:11.818285   self.link = https://capital.com/el
2024-04-25 09:47:11.818299   driver.get(https://capital.com/el) =>
2024-04-25 09:47:13.623555   => Loaded page https://capital.com/el

2024-04-25 09:47:13.630321   => Windows size - {'width': 1280, 'height': 800}
2024-04-25 09:47:13.631684   Set windows position at (0, 0) =>
2024-04-25 09:47:13.633313   Set resolution 1280 * 800 =>
2024-04-25 09:47:13.634880   => Windows size is set to {'width': 1280, 'height': 800}

2024-04-25 09:47:14.678854   Капчи нет. Идем дальше

2024-04-25 09:47:14.678947   Работа с куками =>

2024-04-25 09:47:14.678961   => не требуется

2024-04-25 09:47:14.678971   Prev. country - 'au'
2024-04-25 09:47:14.678980   Cur. country - 'au'
2024-04-25 09:47:14.678989   => Country set to 'au'

2024-04-25 09:47:14.678998   Prev. language - 'el'
2024-04-25 09:47:14.679006   Cur. language - 'el'
2024-04-25 09:47:14.679015   => Language is set to 'el'

2024-04-25 09:47:14.679023   Prev. role - 'NoAuth'
2024-04-25 09:47:14.679032   Cur. role - 'NoAuth'
2024-04-25 09:47:14.679040   => The 'NoAuth' role is set

2024-04-25 09:47:14.681692   => Current URL - https://capital.com/el

2024-04-25 09:47:14.681717   => THE END PRECONDITIONS

2024-04-25 09:47:14.681954   START Open "Markets" menu, "All Markets" submenu =>

2024-04-25 09:47:14.681980   1. Cur URL = https://capital.com/el

2024-04-25 09:47:14.684425   2. Link = https://capital.com/el
2024-04-25 09:47:14.684442   current_page = https://capital.com/el
2024-04-25 09:47:14.686859   link = https://capital.com/el
2024-04-25 09:47:15.198788   => 'Markets' menu is present
2024-04-25 09:47:15.218096   => 'Markets' menu is visible
2024-04-25 09:47:16.494279   => Focus moved to 'Markets' menu
2024-04-25 09:47:16.502756   => 'Markets > All Markets' submenu is present
2024-04-25 09:47:18.310088   => Focus moved to 'capital*com' logo

2024-04-25 09:47:18.310131   3. Cur URL = https://capital.com/el/paragoga-xrimatopistotika-mesa

2024-04-25 09:47:18.317123   1. Arrange for TABLE_TRADING_INSTRUMENTS and 'Most volatile' cur_sort
2024-04-25 09:47:18.317147   current_page = https://capital.com/el/paragoga-xrimatopistotika-mesa
2024-04-25 09:47:18.319488   link = https://capital.com/el/paragoga-xrimatopistotika-mesa
2024-04-25 09:47:18.321812   TABLE_TRADING_INSTRUMENTS present on this page? =>
2024-04-25 09:47:18.327988   => TABLE_TRADING_INSTRUMENTS is present on the page!
2024-04-25 09:47:18.328011   IS MARKETS_LIST present on this page? =>
2024-04-25 09:47:18.332817   Start scroll to markets list =>
2024-04-25 09:47:18.336075   => MARKETS_LIST is present on the page!
2024-04-25 09:47:18.336098   Start scroll and click cur_market 'Commodities' =>
2024-04-25 09:47:18.389187   => End Click cur_market "Commodities"
2024-04-25 09:47:18.389236   IS FIELD_DROPDOWN_SORT present in the Live prices table? =>
2024-04-25 09:47:18.420657   =>  FIELD_DROPDOWN_SORT is present in the table!
2024-04-25 09:47:18.420707   Start scroll and click FIELD_DROPDOWN_SORT =>
2024-04-25 09:47:18.452265   Is item_sort_list visible on the FIELD_DROPDOWN_SORT ? =>
2024-04-25 09:47:18.468671   => item_sort_list is visible on the FIELD_DROPDOWN_SORT!
2024-04-25 09:47:18.468699   Is cur_sort "Most volatile" present in item_sort_list? =>
2024-04-25 09:47:18.477955   => cur_sort "Most volatile" is present in item_sort_list!
2024-04-25 09:47:18.477989   Start click cur_sort "Most volatile" =>
2024-04-25 09:47:18.521238   => End Click cur_sort "Most volatile"

2024-04-25 09:47:18.521280   Buttons [Sell] is visible and sum buttons no zero? =>
2024-04-25 09:47:18.530914   => Buttons [Sell] is visible and sum buttons no zero!

2024-04-25 09:47:18.530955   Start find 1 random buttons [Sell] on cur_sort=>
2024-04-25 09:47:18.536361   => End find 1 random buttons [Sell] on the cur_sort "Most volatile"

2024-04-25 09:47:18.536390   List of random items = [2]
2024-04-25 09:47:18.536564   2. Act for trading instrument, "Most volatile" cur_sort and "Commodities" cur_market
2024-04-25 09:47:18.553145   Start click button [Sell] =>
2024-04-25 09:47:18.558034   =>   BUTTON_SELL  is present
2024-04-25 09:47:18.558058   BUTTON_SELL o scroll into view =>
2024-04-25 09:47:18.561794   => BUTTON_SELL scrolled into view
2024-04-25 09:47:18.561818   Check that BUTTON_SELL with item 'Silver' clickable =>
2024-04-25 09:47:18.579055   => BUTTON_SELL is clickable
2024-04-25 09:47:19.346666   =>   BUTTON_SELL on item 'Silver' clicked

2024-04-25 09:47:19.346915   3. Assert_Login_v0
2024-04-25 09:47:19.346998   Check that 'Login' form is opened
2024-04-25 09:47:25.505697   'Login' form not opened
2024-04-25 09:47:25.505886   Check that new 'Login' form is opened
2024-04-25 09:47:28.591045   => New 'Login' form not opened
2024-04-25 09:47:28.595107   'Login' page not opened
2024-04-25 09:47:31.671569   'Login' form on trading platform not opened
2024-04-25 09:47:31.671765   Start step Check that [Sign up] form is opened
2024-04-25 09:47:31.684981   'Sign up' form opened
2024-04-25 09:47:31.685006   Assert SIGNUP_HEADER =>
2024-04-25 09:47:31.696905   Assert SIGNUP_REF_LOGIN =>
2024-04-25 09:47:31.708524   Assert SIGNUP_PRIVACY_POLICY_ALL_2 =>
2024-04-25 09:47:31.720240   => SIGNUP_PRIVACY_POLICY_ALL
2024-04-25 09:47:31.720262   => 'Signup' form is checked

Bug: Bid:01.01.00_001-el.au.NoAuth

2024-04-25 09:47:31.720319   Проверка бага в таблице ретеста  =>

2024-04-25 09:47:31.981789   4. Fixing one row check results into Google Sheet Bugs Report =>
1 cells updated.
2024-04-25 09:47:32.178191   => 4. One row check results into Google Sheet Bugs Report fixed

2024-04-25 09:47:33.744102   4. Fixing one row check results into Google Sheet Bugs Report =>
1 cells updated.
2024-04-25 09:47:33.930005   => 4. One row check results into Google Sheet Bugs Report fixed

2024-04-25 09:47:33.931793   Баг Bid:01.01.00_001-el.au.NoAuth-05 обнаружен ранее и уже находится в 'Bugs Report Auto detect'
