


Current language - ro



Current country - de
{'width': 1920, 'height': 1080}

2025-03-19 22:37:17.706580   worker_id = master

2025-03-19 22:37:17.706590   0. Allure grouping for US_55


2025-03-19 22:37:17.974389   START PRECONDITIONS =>

2025-03-19 22:37:17.974427   => URL after prev. preconditions - https://capital.com/en-gb
2025-03-19 22:37:17.974437   => flag_of_bug - False
2025-03-19 22:37:17.974447   => Current URL - https://capital.com/en-gb

2025-03-19 22:37:18.077574   => Windows size: {'width': 1920, 'height': 1080}

2025-03-19 22:37:18.080689   Set windows position at (0, 0) =>

2025-03-19 22:37:18.084336   Set resolution 1920 * 1080 =>

2025-03-19 22:37:18.087121   => Resolution set {'width': 1920, 'height': 1080}

2025-03-19 22:37:18.090102   Работа с куками =>

2025-03-19 22:37:18.090118   => не требуется

2025-03-19 22:37:18.090128   Prev. role - 'NoReg'
2025-03-19 22:37:18.090137   Cur. role - 'NoReg'

2025-03-19 22:37:18.090146   => The 'NoReg' role is set

2025-03-19 22:37:18.090156   Prev. language: ?
2025-03-19 22:37:18.090164   Cur. language - 'ro'

2025-03-19 22:37:18.090173   Prev. country: ?
2025-03-19 22:37:18.090182   Cur. country: de

2025-03-19 22:37:18.090368   Set "ro" language and "de" country =>
2025-03-19 22:37:18.090385   Current page URL = https://capital.com/en-gb
2025-03-19 22:37:18.099467   self.link = https://capital.com/ro-de
2025-03-19 22:37:18.099479   driver.get(https://capital.com/ro-de) =>
2025-03-19 22:37:20.841109   => Loaded page https://capital.com/ro-de
2025-03-19 22:37:20.847665   => Language is set to 'ro'
2025-03-19 22:37:20.847680   => Country is set to 'de'
2025-03-19 22:37:20.847688   => Current URL - https://capital.com/ro-de

2025-03-19 22:37:20.852566   => Current URL - https://capital.com/ro-de

2025-03-19 22:37:20.852586   => END PRECONDITIONS

2025-03-19 22:37:20.852855   1. Arrange
2025-03-19 22:37:20.852872   IS [Sign up] button present on this page? =>
2025-03-19 22:37:20.858453   => [Sign up] button present on this page!

2025-03-19 22:37:20.866232   IS [Sign up] button visible on this page? =>
2025-03-19 22:37:20.876040   => [Sign up] button is visible on this page!


2025-03-19 22:37:20.876251   2. Act_v0
2025-03-19 22:37:20.876268   IS [Sign up] clickable on the page? =>
2025-03-19 22:37:20.889397   => [Sign up] is clickable on the page!


2025-03-19 22:37:20.889418   Start Click button [Sign up] =>
2025-03-19 22:37:20.943966   => End Click button [Sign up] 
2025-03-19 22:37:20.944136   Start step Check that [Sign up] form is opened
2025-03-19 22:37:21.123102   'Sign up' form opened
2025-03-19 22:37:21.123153   Assert SIGNUP_HEADER =>
2025-03-19 22:37:21.135176   Assert SIGNUP_REF_LOGIN =>
2025-03-19 22:37:21.146679   Assert SIGNUP_PRIVACY_POLICY_ALL_2 =>
2025-03-19 22:37:21.160484   => SIGNUP_PRIVACY_POLICY_ALL
2025-03-19 22:37:21.160522   => 'Signup' form is checked
2025-03-19 22:37:21.160575   => 'Sign up' form is opened

2025-03-19 22:37:21.160734   3. Assert
2025-03-19 22:37:21.160775   Is 'Please enter a valid Email' message displayed on this page after putting invalid email? =>
2025-03-19 22:37:21.160790   => Start fill out 'Email address' field.
2025-03-19 22:37:21.266469   => 'Email address' is inputted

2025-03-19 22:37:21.385441   => Switch to 'Password' field

get_attribute:  
