{'width': 1280, 'height': 720}

2024-03-10 12:21:54.662553   worker_id = master

2024-03-10 12:21:54.662567   0. Allure grouping v4


2024-03-10 12:21:54.662759   START PRECONDITIONS =>


2024-03-10 12:21:54.662775   => Windows size - {'width': 1280, 'height': 720}
2024-03-10 12:21:54.664059   Set windows position at (0, 0) =>
2024-03-10 12:21:54.766207   Set resolution 1280 * 720 =>
2024-03-10 12:21:54.868439   => Windows size is set to {'width': 1280, 'height': 720}

2024-03-10 12:21:55.898480   Капчи нет. Идем дальше

2024-03-10 12:21:55.898561   Работа с куками

2024-03-10 12:21:55.898574   => Prev. country - 'ae'
2024-03-10 12:21:55.898584   => Country set to 'ae'

2024-03-10 12:21:55.898593   => Prev. language - 'ru'
2024-03-10 12:21:55.898602   => Language is set to 'ru'

2024-03-10 12:21:55.898610   => Prev. role - 'Auth'
2024-03-10 12:21:55.898619   => The 'Auth' role is set

2024-03-10 12:21:55.901657   => THE END PRECONDITIONS

2024-03-10 12:21:55.901712   1. Arrange
2024-03-10 12:21:55.904424   BUTTON_ON_VER_BANNER is present? =>
2024-03-10 12:21:55.912782   => BUTTON_ON_VER_BANNER is present on the page!
2024-03-10 12:21:55.912808   BUTTON_ON_VER_BANNER scroll =>
2024-03-10 12:21:55.920836   BUTTON_ON_VER_BANNER is visible? =>
2024-03-10 12:21:55.949377   => BUTTON_ON_VER_BANNER is visible on the page!
2024-03-10 12:21:55.949567   Start Checking that form [Sign up] popped up on the page =>
2024-03-10 12:21:57.489361   '[Sign up]' form was not popped up

2024-03-10 12:21:57.489539   2. Act

2024-03-10 12:21:57.507867   => Button on Vertical banner clickable

2024-03-10 12:21:57.512628   data_id = 391
2024-03-10 12:21:58.019783   => BUTTON_ON_VER_BANNER clicked!
2024-03-10 12:21:58.019891   For Vertical banner [type-id=391] Trading platform should be open in Live Mode =>

2024-03-10 12:21:58.020141   3. Assert_v4
2024-03-10 12:21:58.020303   Checking that the trading platform page has opened (v4) =>
2024-03-10 12:21:58.532730   => Current page title: Trading Platform | Capital.com
2024-03-10 12:21:58.532859   Checking that the Trading platform LOGO is present on the page =>
2024-03-10 12:21:59.230433   Checking that the Trading platform opened in LIVE mode =>
2024-03-10 12:21:59.248924   => The page with https://capital.com/trading/platform/ url was opened in lIVE mode
2024-03-10 12:22:00.789311   => Driver.backed
