
2023-12-16 08:34:36.611852   Работает obj <US_11-02-02-01_Shares_trading_test.TestSharesTradingItems object at 0x7fec0658bbd0> с именем TC_11.02.02.01_07
{'width': 1280, 'height': 720}

2023-12-16 08:34:36.613421   worker_id = master

2023-12-16 08:34:36.613434   0. Allure grouping


2023-12-16 08:34:36.613586   START PRECONDITIONS =>


2023-12-16 08:34:36.613600   {'width': 1280, 'height': 720}

2023-12-16 08:34:36.614878   Set windows position at (320, 180) =>

2023-12-16 08:34:36.753098   Set resolution 1280 * 720 =>

2023-12-16 08:34:36.880916   => Resolution seted {'width': 1280, 'height': 720}

2023-12-16 08:34:40.932396   Капчи нет. Тестим дальше

2023-12-16 08:34:40.932437   Prev. Role: Auth

2023-12-16 08:34:40.932447   Current role: Auth

2023-12-16 08:34:40.932455   Prev language: fr

2023-12-16 08:34:40.932463   => Current language: fr

2023-12-16 08:34:40.932471   Prev country: ae

2023-12-16 08:34:40.932479   => Current country: ae

2023-12-16 08:34:40.932487   => THE END PRECONDITIONS

2023-12-16 08:34:40.932540   1. Arrange_v0
2023-12-16 08:34:42.122041   Load page https://capital.com/fr/trading-aurora-cannabis

2023-12-16 08:34:42.320743   2. Act_v0
2023-12-16 08:34:42.320780   BUTTON_GET_STARTED_ON_STICKY_BAR is present? =>
2023-12-16 08:34:42.386923   => BUTTON_GET_STARTED_ON_STICKY_BAR is present on the page!
2023-12-16 08:34:42.386962   BUTTON_GET_STARTED_ON_STICKY_BAR scroll =>
2023-12-16 08:34:42.754165   => BUTTON_GET_STARTED_ON_STICKY_BAR clicked!

2023-12-16 08:34:42.754443   3. Assert_v4
2023-12-16 08:34:42.754567   Checking that the trading platform page has opened (v4) =>
2023-12-16 08:34:43.309745   => Current page title: Trading Platform | Capital.com
2023-12-16 08:34:43.309882   Checking that the Trading platform LOGO is present on the page =>
2023-12-16 08:34:44.381057   Checking that the Trading platform opened in LIVE mode =>
2023-12-16 08:34:44.392469   => The page with https://capital.com/trading/platform url was opened in lIVE mode
2023-12-16 08:34:45.088702   Load page https://capital.com/fr/trading-aurora-cannabis
