{'width': 1280, 'height': 720}

2024-03-10 11:59:16.821371   worker_id = master

2024-03-10 11:59:16.821387   0. Allure grouping v4


2024-03-10 11:59:16.821573   START PRECONDITIONS =>


2024-03-10 11:59:16.821589   => Windows size - {'width': 1280, 'height': 720}
2024-03-10 11:59:16.822819   Set windows position at (0, 0) =>
2024-03-10 11:59:16.924659   Set resolution 1280 * 720 =>
2024-03-10 11:59:17.026855   => Windows size is set to {'width': 1280, 'height': 720}

2024-03-10 11:59:18.050306   Капчи нет. Идем дальше

2024-03-10 11:59:18.050381   Работа с куками

2024-03-10 11:59:18.050393   => Prev. country - 'ae'
2024-03-10 11:59:18.050402   => Country set to 'ae'

2024-03-10 11:59:18.050410   => Prev. language - 'ru'
2024-03-10 11:59:18.050418   => Language is set to 'ru'

2024-03-10 11:59:18.050426   => Prev. role - 'NoAuth'
2024-03-10 11:59:18.050434   => The 'NoAuth' role is set

2024-03-10 11:59:18.053207   => THE END PRECONDITIONS

2024-03-10 11:59:18.053261   1. Arrange_v0
2024-03-10 11:59:18.055784   BUTTON_BUY_IN_CONTENT_BLOCK is located on the page? =>
2024-03-10 11:59:18.063622   => BUTTON_BUY_IN_CONTENT_BLOCK is located on the page!
2024-03-10 11:59:18.063773   Start Checking that form [Sign up] popped up on the page =>
2024-03-10 11:59:18.074149   'Sign up' form opened
2024-03-10 11:59:18.074253   Start step Close [Sign up] form =>
2024-03-10 11:59:18.137168   => 'Signup' form closed

2024-03-10 11:59:18.416563   2. Act_v0
2024-03-10 11:59:18.422229   BUTTON_BUY_IN_CONTENT_BLOCK is present? =>
2024-03-10 11:59:18.422253   => BUTTON_BUY_IN_CONTENT_BLOCK is present on the page
2024-03-10 11:59:18.422263   BUTTON_BUY_IN_CONTENT_BLOCK scroll =>
2024-03-10 11:59:18.425827   => BUTTON_BUY_IN_CONTENT_BLOCK scrolled
2024-03-10 11:59:18.430110   BUTTON_BUY_IN_CONTENT_BLOCK is clickable? =>
2024-03-10 11:59:18.440955   BUTTON_BUY_IN_CONTENT_BLOCK CLICK =>
2024-03-10 11:59:18.465362   => BUTTON_BUY_IN_CONTENT_BLOCK clicked!

2024-03-10 11:59:18.465683   3. Assert_Login_v0
2024-03-10 11:59:18.465804   Check that 'Login' form is opened
2024-03-10 11:59:21.539970   'Login' form not opened
2024-03-10 11:59:21.540146   Check that new 'Login' form is opened
2024-03-10 11:59:24.607158   => New 'Login' form not opened
2024-03-10 11:59:24.609907   'Login' page not opened
2024-03-10 11:59:27.665541   'Login' form on trading platform not opened
2024-03-10 11:59:27.665720   Start step Check that [Sign up] form is opened
2024-03-10 11:59:27.676783   'Sign up' form opened
2024-03-10 11:59:27.676804   Assert SIGNUP_HEADER =>
2024-03-10 11:59:27.687216   Assert SIGNUP_REF_LOGIN =>
2024-03-10 11:59:27.697993   Assert SIGNUP_PRIVACY_POLICY_ALL_2 =>
2024-03-10 11:59:27.708640   => SIGNUP_PRIVACY_POLICY_ALL
2024-03-10 11:59:27.708661   => 'Signup' form is checked

Bug: Bid:11.02.03.01_04-ru.ae.NoAuth

2024-03-10 11:59:27.708712   Проверка бага в таблице ретеста  =>

 gs = GoogleSheet() - создаем объект gs # 1: <tests.ReTestsAuto.GoogleSheets.googlesheets.GoogleSheet object at 0x7ffb3bbb90d0>

2024-03-10 11:59:28.097567   4. Fixing one row check results into Google Sheet Bugs Report =>
1 cells updated.
2024-03-10 11:59:28.324432   => 4. One row check results into Google Sheet Bugs Report fixed

2024-03-10 11:59:29.112396   4. Fixing one row check results into Google Sheet Bugs Report =>
1 cells updated.
2024-03-10 11:59:29.394544   => 4. One row check results into Google Sheet Bugs Report fixed

2024-03-10 11:59:29.394623   Баг Bid:11.02.03.01_04-ru.ae.NoAuth уже существует, но у него изменился тип с  на 05

2024-03-10 11:59:29.394801   4. Fixing one row check results into Google Sheet Bugs Report =>
1 cells updated.
2024-03-10 11:59:29.638455   => 4. One row check results into Google Sheet Bugs Report fixed

2024-03-10 11:59:29.639597   Баг Bid:11.02.03.01_04-ru.ae.NoAuth-05 обнаружен ранее и уже находится в 'Bugs Report Auto detect'
