
2023-12-16 08:45:26.151255   Работает obj <US_11-02-02-01_Shares_trading_test.TestSharesTradingItems object at 0x7fec0676f7d0> с именем TC_11.02.02.01_04
{'width': 1280, 'height': 720}

2023-12-16 08:45:26.152755   worker_id = master

2023-12-16 08:45:26.152768   0. Allure grouping


2023-12-16 08:45:26.152912   START PRECONDITIONS =>


2023-12-16 08:45:26.152926   {'width': 1280, 'height': 720}

2023-12-16 08:45:26.154211   Set windows position at (320, 180) =>

2023-12-16 08:45:26.256183   Set resolution 1280 * 720 =>

2023-12-16 08:45:26.358729   => Resolution seted {'width': 1280, 'height': 720}

2023-12-16 08:45:30.413098   Капчи нет. Тестим дальше

2023-12-16 08:45:30.413143   Prev. Role: Reg/NoAuth

2023-12-16 08:45:30.413153   Current role: Reg/NoAuth

2023-12-16 08:45:30.413161   Prev language: fr

2023-12-16 08:45:30.413169   => Current language: fr

2023-12-16 08:45:30.413177   Prev country: ae

2023-12-16 08:45:30.413185   => Current country: ae

2023-12-16 08:45:30.413193   => THE END PRECONDITIONS

2023-12-16 08:45:30.413245   1. Arrange_v0
2023-12-16 08:45:30.416059   BUTTON_BUY_IN_CONTENT_BLOCK is located on the page? =>
2023-12-16 08:45:30.423841   => BUTTON_BUY_IN_CONTENT_BLOCK is located on the page!
2023-12-16 08:45:30.423977   Start Checking that form [Sign up] popped up on the page =>
2023-12-16 08:45:30.435058   'Sign up' form opened
2023-12-16 08:45:30.435148   Start step Close [Sign up] form =>
2023-12-16 08:45:30.488472   => 'Signup' form closed

2023-12-16 08:45:30.488720   2. Act_v0
2023-12-16 08:45:30.507314   BUTTON_BUY_IN_CONTENT_BLOCK is present? =>
2023-12-16 08:45:30.507345   => BUTTON_BUY_IN_CONTENT_BLOCK is present on the page
2023-12-16 08:45:30.507360   BUTTON_BUY_IN_CONTENT_BLOCK scroll =>
2023-12-16 08:45:30.512477   => BUTTON_BUY_IN_CONTENT_BLOCK scrolled
2023-12-16 08:45:30.521033   BUTTON_BUY_IN_CONTENT_BLOCK is clickable? =>
2023-12-16 08:45:30.531684   BUTTON_BUY_IN_CONTENT_BLOCK CLICK =>
2023-12-16 08:45:30.564154   => BUTTON_BUY_IN_CONTENT_BLOCK clicked!

2023-12-16 08:45:30.564386   3. Assert_Login_v0
2023-12-16 08:45:35.087496   'Login' form not opened
2023-12-16 08:45:35.091069   'Login' page not opened
2023-12-16 08:45:39.645348   'Login' form on trading platform not opened
2023-12-16 08:45:39.645551   Start step Check that [Sign up] form is opened
2023-12-16 08:45:39.657957   'Sign up' form opened
2023-12-16 08:45:39.657978   Assert SIGNUP_HEADER =>
2023-12-16 08:45:39.669089   Assert SIGNUP_REF_LOGIN =>
2023-12-16 08:45:39.680675   Assert SIGNUP_PRIVACY_POLICY_ALL_2 =>
2023-12-16 08:45:39.691556   => SIGNUP_PRIVACY_POLICY_ALL
2023-12-16 08:45:39.691577   => 'Signup' form is checked
