{'width': 1280, 'height': 720}

2024-03-10 12:41:34.386675   worker_id = master

2024-03-10 12:41:34.386691   0. Allure grouping v4


2024-03-10 12:41:34.386889   START PRECONDITIONS =>


2024-03-10 12:41:34.386905   => Windows size - {'width': 1280, 'height': 720}
2024-03-10 12:41:34.388144   Set windows position at (0, 0) =>
2024-03-10 12:41:34.489952   Set resolution 1280 * 720 =>
2024-03-10 12:41:34.592126   => Windows size is set to {'width': 1280, 'height': 720}

2024-03-10 12:41:35.613586   Капчи нет. Идем дальше

2024-03-10 12:41:35.613672   Работа с куками

2024-03-10 12:41:35.613685   => Prev. country - 'ae'
2024-03-10 12:41:35.613695   => Country set to 'ae'

2024-03-10 12:41:35.613704   => Prev. language - 'ru'
2024-03-10 12:41:35.613714   => Language is set to 'ru'

2024-03-10 12:41:35.613722   => Prev. role - 'NoReg'
2024-03-10 12:41:35.613731   => The 'NoReg' role is set

2024-03-10 12:41:35.616317   => THE END PRECONDITIONS

2024-03-10 12:41:35.616371   1. Arrange
2024-03-10 12:41:35.618926   Is visible BUTTON_DOWNLOAD_APP_STORE? =>
2024-03-10 12:41:35.632448   => BUTTON_DOWNLOAD_APP_STORE is visible on the page!

2024-03-10 12:41:35.632580   2. Act
2024-03-10 12:41:35.639965   1 checking element(s) with current CSS locator is(are) present(s) on this page
2024-03-10 12:41:35.709982   => BUTTON_DOWNLOAD_APP_STORE IS CLICKED

2024-03-10 12:41:35.710196   3. Assert_v0
2024-03-10 12:41:35.710283   Checking that the App Store page has opened
2024-03-10 12:41:36.674977   => Current page title: Capital.com: Trading & Finance on the App Store
2024-03-10 12:41:36.675121   Checking that the App Store app title
2024-03-10 12:41:36.692270   Checking that the App Store specifies provider
2024-03-10 12:41:36.704767   Current page URL = https://apps.apple.com/ie/app/capital-com-trading-finance/id1230088754?mt=8
2024-03-10 12:41:37.483543   => Loaded page https://capital.com/ru/eksponencyalnaya-skolzyashchaya-srednaya
