{'width': 1280, 'height': 720}

2023-12-28 21:32:14.397768   worker_id = master

2023-12-28 21:32:14.397786   0. Allure grouping v4


2023-12-28 21:32:14.397935   START PRECONDITIONS =>


2023-12-28 21:32:14.397949   {'width': 1280, 'height': 720}

2023-12-28 21:32:14.399145   Set windows position at (0, 0) =>

2023-12-28 21:32:14.501544   Set resolution 1280 * 720 =>

2023-12-28 21:32:14.604157   => Resolution seted {'width': 1280, 'height': 720}

2023-12-28 21:32:18.623880   Капчи нет. Тестим дальше

2023-12-28 21:32:18.623929   Prev. Role: NoAuth

2023-12-28 21:32:18.623938   Current role: NoAuth

2023-12-28 21:32:18.623946   Prev language: en

2023-12-28 21:32:18.623954   => Current language: en

2023-12-28 21:32:18.623962   Prev country: au

2023-12-28 21:32:18.623970   => Current country: au

2023-12-28 21:32:18.623977   => THE END PRECONDITIONS

2023-12-28 21:32:18.624040   1. Arrange_v4
2023-12-28 21:32:18.627167   MOST_TRADED is visible? =>
2023-12-28 21:32:18.635690   => MOST_TRADED is visible on the page!
2023-12-28 21:32:18.635723   => Found 5 elements in block MOST_TRADED

2023-12-28 21:32:18.635749   Testing Most traded random element #1

2023-12-28 21:32:18.635887   2. Act_v4
2023-12-28 21:32:18.635901   MOST_TRADED delete js-mostTraded class =>
2023-12-28 21:32:18.661719   MOST_TRADED scroll =>
2023-12-28 21:32:18.661908   Start Checking that form [Sign up] popped up on the page =>
2023-12-28 21:32:18.673713   'Sign up' form opened
2023-12-28 21:32:18.673859   Start step Close [Sign up] form =>
2023-12-28 21:32:18.749638   => 'Signup' form closed
2023-12-28 21:32:18.753995   MOST_TRADED click for 'Bitcoin to US Dollar' trading instrument =>
2023-12-28 21:32:18.835532   => MOST_TRADED clicked!

2023-12-28 21:32:18.835767   3. Assert_Login_v0
2023-12-28 21:32:18.851912   'Login' form opened
2023-12-28 21:32:18.851953   Assert LOGIN_REF_SIGNUP =>
2023-12-28 21:32:18.869998   Assert LOGIN_CHECKBOX =>
2023-12-28 21:32:18.906148   Assert LOGIN_PASS_FORGOT =>
2023-12-28 21:32:18.922446   => 'Login' form is checked
2023-12-28 21:32:18.945691   Click 'Close' button on 'Login' form =>
2023-12-28 21:32:18.985419   => 'Login' form closed

2023-12-28 21:32:18.985522   Clear Top Chart list =>
2023-12-28 21:32:20.463083   Load page https://capital.com/trading/platform/charting/

2023-12-28 21:32:28.547757   1. Arrange_v4
2023-12-28 21:32:28.924268   Load page https://capital.com/cfds-vs-futures
2023-12-28 21:32:28.924312   MOST_TRADED is visible? =>
2023-12-28 21:32:28.974908   => MOST_TRADED is visible on the page!
2023-12-28 21:32:28.974952   => Found 5 elements in block MOST_TRADED

2023-12-28 21:32:28.974970   Testing Most traded random element #2

2023-12-28 21:32:28.975204   2. Act_v4
2023-12-28 21:32:28.975227   MOST_TRADED delete js-mostTraded class =>
2023-12-28 21:32:29.210642   MOST_TRADED scroll =>
2023-12-28 21:32:29.210827   Start Checking that form [Sign up] popped up on the page =>
2023-12-28 21:32:33.750508   '[Sign up]' form was not popped up
2023-12-28 21:32:33.755096   MOST_TRADED click for 'Ripple to US Dollar' trading instrument =>
2023-12-28 21:32:33.815489   => MOST_TRADED clicked!

2023-12-28 21:32:33.815713   3. Assert_Login_v0
2023-12-28 21:32:34.017294   'Login' form opened
2023-12-28 21:32:34.017337   Assert LOGIN_REF_SIGNUP =>
2023-12-28 21:32:34.035464   Assert LOGIN_CHECKBOX =>
2023-12-28 21:32:34.050388   Assert LOGIN_PASS_FORGOT =>
2023-12-28 21:32:34.066077   => 'Login' form is checked
2023-12-28 21:32:34.111510   Click 'Close' button on 'Login' form =>
2023-12-28 21:32:34.150137   => 'Login' form closed
