{'width': 1280, 'height': 720}

2023-12-28 23:10:20.735590   worker_id = master

2023-12-28 23:10:20.735605   0. Allure grouping v4


2023-12-28 23:10:20.735754   START PRECONDITIONS =>


2023-12-28 23:10:20.735768   {'width': 1280, 'height': 720}

2023-12-28 23:10:20.737015   Set windows position at (0, 0) =>

2023-12-28 23:10:20.839343   Set resolution 1280 * 720 =>

2023-12-28 23:10:20.941790   => Resolution seted {'width': 1280, 'height': 720}

2023-12-28 23:10:24.996740   Капчи нет. Тестим дальше

2023-12-28 23:10:24.996788   Prev. Role: NoReg

2023-12-28 23:10:24.996798   Current role: NoReg

2023-12-28 23:10:24.996806   Prev language: en

2023-12-28 23:10:24.996814   => Current language: en

2023-12-28 23:10:24.996822   Prev country: au

2023-12-28 23:10:24.996830   => Current country: au

2023-12-28 23:10:24.996838   => THE END PRECONDITIONS

2023-12-28 23:10:24.996894   1. Arrange
2023-12-28 23:10:24.999971   BUTTON_SELL_IN_CONTENT_BLOCK is visible? =>
2023-12-28 23:10:25.008113   => BUTTON_SELL_IN_CONTENT_BLOCK is visible on the page!

2023-12-28 23:10:25.024762   2. Act
2023-12-28 23:10:25.024795   BUTTON_SELL_IN_CONTENT_BLOCK is present? =>
2023-12-28 23:10:25.024805   => BUTTON_SELL_IN_CONTENT_BLOCK is present on the page
2023-12-28 23:10:25.024814   BUTTON_SELL_IN_CONTENT_BLOCK scroll =>
2023-12-28 23:10:25.028224   => BUTTON_SELL_IN_CONTENT_BLOCK scrolled
2023-12-28 23:10:25.028246   BUTTON_SELL_IN_CONTENT_BLOCK is clickable? =>
2023-12-28 23:10:25.053222   BUTTON_SELL_IN_CONTENT_BLOCK CLICK =>
2023-12-28 23:10:25.092628   => BUTTON_SELL_IN_CONTENT_BLOCK clicked!

2023-12-28 23:10:25.096699   3. Assert_v0
2023-12-28 23:10:25.096791   Start step Check that [Sign up] form is opened
2023-12-28 23:10:25.112514   'Sign up' form opened
2023-12-28 23:10:25.112560   Assert SIGNUP_HEADER =>
2023-12-28 23:10:25.125080   Assert SIGNUP_REF_LOGIN =>
2023-12-28 23:10:25.137660   Assert SIGNUP_PRIVACY_POLICY_ALL_2 =>
2023-12-28 23:10:25.151135   => SIGNUP_PRIVACY_POLICY_ALL
2023-12-28 23:10:25.151176   => 'Signup' form is checked
2023-12-28 23:10:25.151326   Start step Close [Sign up] form =>
2023-12-28 23:10:25.229133   => 'Signup' form closed
