{'width': 1280, 'height': 800}

2024-03-24 06:58:07.714205   worker_id = master

2024-03-24 06:58:07.714223   0. Allure grouping v4


2024-03-24 06:58:07.714419   START PRECONDITIONS =>


2024-03-24 06:58:07.714435   => flag_of_bug - False

2024-03-24 06:58:07.714445   => Windows size - {'width': 1280, 'height': 800}
2024-03-24 06:58:07.715722   Set windows position at (0, 0) =>
2024-03-24 06:58:07.817743   Set resolution 1280 * 800 =>
2024-03-24 06:58:07.919909   => Windows size is set to {'width': 1280, 'height': 800}

2024-03-24 06:58:08.963641   Капчи нет. Идем дальше

2024-03-24 06:58:08.963722   Работа с куками

2024-03-24 06:58:08.963735   => Prev. country - 'au'
2024-03-24 06:58:08.963745   => Country set to 'au'

2024-03-24 06:58:08.963754   => Prev. language - 'pl'
2024-03-24 06:58:08.963763   => Language is set to 'pl'

2024-03-24 06:58:08.963772   => Prev. role - 'Auth'
2024-03-24 06:58:08.963781   => The 'Auth' role is set

2024-03-24 06:58:08.966376   => THE END PRECONDITIONS

2024-03-24 06:58:08.966428   1. Arrange_v0
2024-03-24 06:58:08.966442   current_page = https://capital.com/pl/platinum-spottowar
2024-03-24 06:58:08.968904   link = https://capital.com/pl/platinum-spottowar
2024-03-24 06:58:08.971264   BUTTON_BUY is located on the page? =>
2024-03-24 06:58:08.978953   => BUTTON_BUY is located on the page!
2024-03-24 06:58:08.979104   Start Checking that form [Sign up] popped up on the page =>
2024-03-24 06:58:10.511738   '[Sign up]' form was not popped up

2024-03-24 06:58:10.511920   2. Act_v0
2024-03-24 06:58:10.517461   BUTTON_BUY is present? =>
2024-03-24 06:58:10.517483   => BUTTON_BUY is present on the page
2024-03-24 06:58:10.517493   BUTTON_BUY scroll =>
2024-03-24 06:58:10.521450   => BUTTON_BUY scrolled
2024-03-24 06:58:10.542943   BUTTON_BUY is clickable? =>
2024-03-24 06:58:10.556593   BUTTON_BUY CLICK =>
2024-03-24 06:58:10.829343   => BUTTON_BUY clicked!

2024-03-24 06:58:10.829678   3. Assert_v4
2024-03-24 06:58:10.829850   Checking that the trading platform page has opened (v4) =>
2024-03-24 06:58:10.838635   Checking way # 1 => 
2024-03-24 06:58:10.842173   => Current page title: Trading Platform | Capital.com
2024-03-24 06:58:10.842354   Checking that the Trading platform LOGO is present on the page =>
2024-03-24 06:58:12.559611   => Trading platform LOGO is present on the page
2024-03-24 06:58:12.559707   tpd = False
2024-03-24 06:58:12.559861   Checking that the Trading platform opened in LIVE mode =>
2024-03-24 06:58:12.571883   => The page with https://capital.com/trading/platform/charting/426696411010244?side=buy&ids=3644116541985988,22855552501634244,7090488494609604,7096810686469316,23381802001433,23381802018436,93810675721241,93810675766468,123763777688772,249335736521924,16150730595456196,18425409712196,21182778791108,10384900209333444,2604592722433220,123763777606980,93810675684676,15989072321336658,7091871474078916,7092687517865156,357105055839112,27342779713672388,27045129890124996,20337752478405828,422839530378436,374675767046662,426090820621508,23381802046660,53068615951385,5983666832495812,508931114652423506,305243519000335556,426696411010244 url was opened in lIVE mode
2024-03-24 06:58:12.574462   => Check that opened page with https://capital.com/trading/platform/charting/426696411010244?side=buy&ids=3644116541985988,22855552501634244,7090488494609604,7096810686469316,23381802001433,23381802018436,93810675721241,93810675766468,123763777688772,249335736521924,16150730595456196,18425409712196,21182778791108,10384900209333444,2604592722433220,123763777606980,93810675684676,15989072321336658,7091871474078916,7092687517865156,357105055839112,27342779713672388,27045129890124996,20337752478405828,422839530378436,374675767046662,426090820621508,23381802046660,53068615951385,5983666832495812,508931114652423506,305243519000335556,426696411010244 url
with corresponding trading instrument 'apital.com/pl/platinum-spottowar' select
2024-03-24 06:58:12.577004   => Trading Instrument is the 'apital.com/pl/platinum-spottowar'
2024-03-24 06:58:12.577022   => Trading Instrument Name is the 'apital.com/pl/platinum-spottowar'
2024-03-24 06:58:12.585120   => Trading Platform opened in Chart mode
