{'width': 1280, 'height': 800}

2024-03-24 07:09:54.591401   worker_id = master

2024-03-24 07:09:54.591419   0. Allure grouping v4


2024-03-24 07:09:54.591630   START PRECONDITIONS =>


2024-03-24 07:09:54.591646   => flag_of_bug - False

2024-03-24 07:09:54.591657   => Windows size - {'width': 1280, 'height': 800}
2024-03-24 07:09:54.592932   Set windows position at (0, 0) =>
2024-03-24 07:09:54.694952   Set resolution 1280 * 800 =>
2024-03-24 07:09:54.796888   => Windows size is set to {'width': 1280, 'height': 800}

2024-03-24 07:09:55.830452   Капчи нет. Идем дальше

2024-03-24 07:09:55.830549   Работа с куками

2024-03-24 07:09:55.830563   => Prev. country - 'au'
2024-03-24 07:09:55.830572   => Country set to 'au'

2024-03-24 07:09:55.830582   => Prev. language - 'pl'
2024-03-24 07:09:55.830592   => Language is set to 'pl'

2024-03-24 07:09:55.830601   => Prev. role - 'NoReg'
2024-03-24 07:09:55.830610   => The 'NoReg' role is set

2024-03-24 07:09:55.833307   => THE END PRECONDITIONS

2024-03-24 07:09:55.833506   1. Arrange_v4
2024-03-24 07:09:55.833524   current_page = https://capital.com/pl/objasnienie-handlu-CFD
2024-03-24 07:09:55.836041   link = https://capital.com/pl/objasnienie-handlu-CFD
2024-03-24 07:09:55.838510   MOST_TRADED is present? =>
2024-03-24 07:09:55.843712   => MOST_TRADED widget is present on this page
2024-03-24 07:09:55.843734   => Found 5 elements in block MOST_TRADED
2024-03-24 07:09:55.843745   Most traded widget is scroll =>
2024-03-24 07:09:55.849305   => Most traded widget is scrolled into screen center

2024-03-24 07:09:55.849359   Random indexes = [4]

2024-03-24 07:09:55.849385   Testing Most traded 1 random element with 4 index

2024-03-24 07:09:55.849581   2. Act_v4
2024-03-24 07:09:55.849722   Start Checking that form [Sign up] popped up on the page =>
2024-03-24 07:09:57.394777   '[Sign up]' form was not popped up
2024-03-24 07:09:57.410155   Selected Trade button on Most traded widget is scroll =>
2024-03-24 07:09:57.413482   Selected Trade button click for 'Ethereum to US Dollar' trading instrument =>
2024-03-24 07:09:58.494030   => Selected Trade button clicked!

2024-03-24 07:09:58.494358   3. Assert_v0
2024-03-24 07:09:58.494502   Start step Check that [Sign up] form is opened
2024-03-24 07:09:58.511238   'Sign up' form opened
2024-03-24 07:09:58.511284   Assert SIGNUP_HEADER =>
2024-03-24 07:09:58.524171   Assert SIGNUP_REF_LOGIN =>
2024-03-24 07:09:58.536091   Assert SIGNUP_PRIVACY_POLICY_ALL_2 =>
2024-03-24 07:09:58.548467   => SIGNUP_PRIVACY_POLICY_ALL
2024-03-24 07:09:58.548497   => 'Signup' form is checked
2024-03-24 07:09:58.548665   Start step Close [Sign up] form =>
2024-03-24 07:09:58.613069   => 'Signup' form closed
