
2023-12-14 21:18:30.901582   Работает obj <US_11-03-07_What_is_a_margin_test.TestWhatIsMargin object at 0x7f682bb46e90> с именем TC_11.03.07_03
{'width': 1280, 'height': 720}

2023-12-14 21:18:30.943919   browser = chrome

2023-12-14 21:18:30.943950   worker_id = master

2023-12-14 21:18:30.943962   Start TC_11.03.07_03

2023-12-14 21:18:30.943974   <US_11-03-07_What_is_a_margin_test.TestWhatIsMargin object at 0x7f682bb46e90>.None

2023-12-14 21:18:30.943990   0. Arrange


2023-12-14 21:18:30.944306   START PRECONDITIONS =>


2023-12-14 21:18:30.944332   {'width': 1280, 'height': 720}

2023-12-14 21:18:31.070541   Set windows position at (320, 180) =>

2023-12-14 21:18:31.204649   Set resolution 1280 * 720 =>

2023-12-14 21:18:31.308473   => Resolution seted {'width': 1280, 'height': 720}

2023-12-14 21:18:35.348825   Капчи нет. Тестим дальше

2023-12-14 21:18:35.348866   Prev. Role: Auth

2023-12-14 21:18:35.348876   Current role: Auth

2023-12-14 21:18:35.348885   Prev language: en

2023-12-14 21:18:35.348893   => Current language: en

2023-12-14 21:18:35.348901   Prev country: ae

2023-12-14 21:18:35.348909   => Current country: ae

2023-12-14 21:18:35.348916   => THE END PRECONDITIONS

2023-12-14 21:18:35.349115   1. Arrange_v2
2023-12-14 21:18:36.319555   Load page https://capital.com/margin-trading
2023-12-14 21:18:36.472893   => Found 5 elements in block MOST_TRADED

2023-12-14 21:18:36.472970   Testing element #1

2023-12-14 21:18:36.473170   2. Act_v2
2023-12-14 21:18:36.473188   Start Click button MOST_TRADED =>
2023-12-14 21:18:36.473203   MOST_TRADED Deleting a class that expanded items =>
2023-12-14 21:18:36.477612   MOST_TRADED scroll =>
2023-12-14 21:18:36.481595   MOST_TRADED click ver 2 =>

2023-12-14 21:18:37.574362   3. Assert_v3
2023-12-14 21:18:37.574514   Checking that the trading platform page has opened (v3) =>
2023-12-14 21:18:37.587387   => Opened page with https://capital.com/trading/platform/spotlight/2604592722433220?side=buy url. Expected: https://capital.com/trading/platform 
2023-12-14 21:18:37.608586   => Current page title: Trading Platform | Capital.com
2023-12-14 21:18:37.608806   Checking that the Trading platform LOGO is present on the page =>
2023-12-14 21:18:38.666723   Checking that the Trading platform opened in LIVE mode =>
2023-12-14 21:18:39.690611   Load page https://capital.com/margin-trading
2023-12-14 21:18:40.640426   Load page https://capital.com/margin-trading

2023-12-14 21:18:40.764001   Testing element #2

2023-12-14 21:18:40.764193   2. Act_v2
2023-12-14 21:18:40.764208   Start Click button MOST_TRADED =>
2023-12-14 21:18:40.764216   MOST_TRADED Deleting a class that expanded items =>
2023-12-14 21:18:40.828370   MOST_TRADED scroll =>
2023-12-14 21:18:40.833673   MOST_TRADED click ver 2 =>

2023-12-14 21:18:41.124632   3. Assert_v3
2023-12-14 21:18:41.124780   Checking that the trading platform page has opened (v3) =>
2023-12-14 21:18:41.170738   => Opened page with https://capital.com/trading/platform/spotlight/27342779713672388?side=buy url. Expected: https://capital.com/trading/platform 
2023-12-14 21:18:41.180720   => Current page title: Trading Platform | Capital.com
2023-12-14 21:18:41.180928   Checking that the Trading platform LOGO is present on the page =>
2023-12-14 21:18:42.439191   Checking that the Trading platform opened in LIVE mode =>
2023-12-14 21:18:43.357777   Load page https://capital.com/margin-trading
2023-12-14 21:18:44.305974   Load page https://capital.com/margin-trading
