
2023-12-14 21:11:36.047363   Работает obj <US_11-03-04_Position_Trading_test.TestPositionTrading object at 0x7f138b16cb50> с именем TC_11.03.04_07
{'width': 1280, 'height': 720}

2023-12-14 21:11:36.048840   browser = chrome

2023-12-14 21:11:36.048854   worker_id = master

2023-12-14 21:11:36.048862   Start TC_11.03.04_07

2023-12-14 21:11:36.048870   <US_11-03-04_Position_Trading_test.TestPositionTrading object at 0x7f138b16cb50>.None

2023-12-14 21:11:36.048880   0. Arrange


2023-12-14 21:11:36.049023   START PRECONDITIONS =>


2023-12-14 21:11:36.049037   {'width': 1280, 'height': 720}

2023-12-14 21:11:36.050290   Set windows position at (320, 180) =>

2023-12-14 21:11:36.152807   Set resolution 1280 * 720 =>

2023-12-14 21:11:36.255759   => Resolution seted {'width': 1280, 'height': 720}

2023-12-14 21:11:40.294824   Капчи нет. Тестим дальше

2023-12-14 21:11:40.294903   Prev. Role: Reg/NoAuth

2023-12-14 21:11:40.294914   Current role: Reg/NoAuth

2023-12-14 21:11:40.294923   Prev language: en

2023-12-14 21:11:40.294931   => Current language: en

2023-12-14 21:11:40.294939   Prev country: ae

2023-12-14 21:11:40.294946   => Current country: ae

2023-12-14 21:11:40.294954   => THE END PRECONDITIONS

2023-12-14 21:11:40.295015   1. Arrange_v0
2023-12-14 21:11:40.730862   Load page https://capital.com/position-trading
2023-12-14 21:11:40.730917   BUTTON_CREATE_YOUR_ACCOUNT is located on the page? =>

2023-12-14 21:11:40.930880   2. Act_v0
2023-12-14 21:11:41.023773   => BUTTON_CREATE_YOUR_ACCOUNT is clicked

2023-12-14 21:11:41.023980   3. Assert_v0
2023-12-14 21:11:41.024063   Start step Check that [Sign up] form is opened
2023-12-14 21:11:41.214376   'Sign up' form opened
2023-12-14 21:11:41.214414   Assert SIGNUP_HEADER =>
2023-12-14 21:11:41.233623   Assert SIGNUP_REF_LOGIN =>
2023-12-14 21:11:41.250347   Assert SIGNUP_PRIVACY_POLICY_ALL_2 =>
2023-12-14 21:11:41.285835   => SIGNUP_PRIVACY_POLICY_ALL
2023-12-14 21:11:41.285879   => 'Signup' form is checked
2023-12-14 21:11:41.286086   Start step Close [Sign up] form =>
2023-12-14 21:11:41.388420   => 'Signup' form closed

*** end fixture = teardown ***

