


Current language - 
{'width': 1280, 'height': 800}

2024-07-02 19:55:15.549012   worker_id = master

2024-07-02 19:55:15.549026   0. Allure grouping for US_55

2024-07-02 19:55:16.407152   START PRECONDITIONS =>

2024-07-02 19:55:16.407200   => URL after prev. preconditions - https://capital.com/
2024-07-02 19:55:16.407218   => flag_of_bug - False
2024-07-02 19:55:16.407237   => Current URL - https://capital.com/

2024-07-02 19:55:16.435807   => Windows size: {'width': 1280, 'height': 800}
2024-07-02 19:55:16.437172   Set windows position at (0, 0) =>
2024-07-02 19:55:16.438785   Set resolution 1280 * 800 =>
2024-07-02 19:55:16.440388   => Windows size is set to {'width': 1280, 'height': 800}

2024-07-02 19:55:17.482213   Капчи нет. Идем дальше

2024-07-02 19:55:17.482301   Работа с куками =>

2024-07-02 19:55:17.482315   => не требуется

2024-07-02 19:55:18.518044   Капчи нет. Идем дальше

2024-07-02 19:55:18.518136   Prev. country - 'de'
2024-07-02 19:55:18.518150   Cur. country - 'au'
2024-07-02 19:55:18.518160   Set 'au' country =>
2024-07-02 19:55:18.528779   => Language and Country menu is present
2024-07-02 19:55:18.539758   => Language and Country menu is visible
2024-07-02 19:55:19.821306   => Focus is moved on Language and Country menu 
2024-07-02 19:55:22.274458   => Cur url = https://capital.com/?country=au
2024-07-02 19:55:22.306117   => Country set to 'au'

2024-07-02 19:55:23.355500   Капчи нет. Идем дальше

2024-07-02 19:55:23.355592   Prev. language - 'en'
2024-07-02 19:55:23.355606   Cur. language - 'en'
2024-07-02 19:55:23.355615   => Language is set to 'en'

2024-07-02 19:55:24.388315   Капчи нет. Идем дальше

2024-07-02 19:55:24.388406   Prev. role - 'NoReg'
2024-07-02 19:55:24.388420   Cur. role - 'NoReg'
2024-07-02 19:55:24.388430   => The 'NoReg' role is set

2024-07-02 19:55:24.391135   => Current URL - https://capital.com/?country=au

2024-07-02 19:55:24.391156   => THE END PRECONDITIONS

2024-07-02 19:55:24.391458   1. Arrange
2024-07-02 19:55:24.391477   IS [Sign up] button present on this page? =>
2024-07-02 19:55:24.396048   => [Sign up] button present on this page!

2024-07-02 19:55:24.406179   IS [Sign up] button visible on this page? =>
2024-07-02 19:55:24.415197   => [Sign up] button is visible on this page!


2024-07-02 19:55:24.415399   2. Act_v0
2024-07-02 19:55:24.415418   IS [Sign up] clickable on the page? =>
2024-07-02 19:55:24.431359   => [Sign up] is clickable on the page!


2024-07-02 19:55:24.431413   Start Click button [Sign up] =>
2024-07-02 19:55:24.474622   => End Click button [Sign up] 
2024-07-02 19:55:24.474814   Start step Check that [Sign up] form is opened
2024-07-02 19:55:24.643115   'Sign up' form opened
2024-07-02 19:55:24.643167   Assert SIGNUP_HEADER =>
2024-07-02 19:55:24.654446   Assert SIGNUP_REF_LOGIN =>
2024-07-02 19:55:24.663464   Assert SIGNUP_PRIVACY_POLICY_ALL_2 =>
2024-07-02 19:55:24.674267   => SIGNUP_PRIVACY_POLICY_ALL
2024-07-02 19:55:24.674308   => 'Signup' form is checked
2024-07-02 19:55:24.674378   => 'Sign up' form is opened

2024-07-02 19:55:24.674560   3. Assert
2024-07-02 19:55:24.674579   Is 'Please enter a valid Email' message displayed on this page after putting invalid email? =>
2024-07-02 19:55:24.674589   => Start fill out 'Email address' field.
2024-07-02 19:55:24.767771   => 'Email address' is inputted

2024-07-02 19:55:24.863290   => Switch to 'Password' field

get_attribute:  display: block;
2024-07-02 19:55:24.895505   => 'Please enter a valid Email' message is displayed

2024-07-02 19:55:24.895537   Save current screenshot into PNG file
2024-07-02 19:55:25.088457   Is [Continue] button active after putting invalid email? =>
2024-07-02 19:55:25.088487   => Start fill out 'Password' field.
2024-07-02 19:55:25.170843   => 'Password' is inputted

continue_button:  btn btn--md btn--wide s2_btn disabled hasPointer
2024-07-02 19:55:25.187744   => '[Continue] button is not active after putting invalid email

2024-07-02 19:55:25.187781   Save current screenshot into PNG file
