{'width': 1280, 'height': 720}

2023-12-14 18:29:23.016191   worker_id = master

2023-12-14 18:29:23.016206   0. Allure grouping


2023-12-14 18:29:23.016369   START PRECONDITIONS =>


2023-12-14 18:29:23.016383   {'width': 1280, 'height': 720}

2023-12-14 18:29:23.018109   Set windows position at (320, 180) =>

2023-12-14 18:29:23.120668   Set resolution 1280 * 720 =>

2023-12-14 18:29:23.223122   => Resolution seted {'width': 1280, 'height': 720}

2023-12-14 18:29:27.232371   Капчи нет. Тестим дальше

2023-12-14 18:29:27.232417   Prev. Role: NoReg

2023-12-14 18:29:27.232427   Current role: NoReg

2023-12-14 18:29:27.232435   Prev language: en

2023-12-14 18:29:27.232443   => Current language: en

2023-12-14 18:29:27.232451   Prev country: ae

2023-12-14 18:29:27.232459   => Current country: ae

2023-12-14 18:29:27.232467   => THE END PRECONDITIONS

2023-12-14 18:29:27.232526   1. Arrange_v0
2023-12-14 18:29:27.235902   BUTTON_CREATE_YOUR_ACCOUNT is located on the page? =>

2023-12-14 18:29:27.244382   2. Act_v0
2023-12-14 18:29:27.388083   => BUTTON_CREATE_YOUR_ACCOUNT is clicked

2023-12-14 18:29:27.388357   3. Assert_v0
2023-12-14 18:29:27.388453   Start step Check that [Sign up] form is opened
2023-12-14 18:29:27.432267   'Sign up' form opened
2023-12-14 18:29:27.432319   Assert SIGNUP_HEADER =>
2023-12-14 18:29:27.447763   Assert SIGNUP_REF_LOGIN =>
2023-12-14 18:29:27.464981   Assert SIGNUP_PRIVACY_POLICY_ALL_2 =>
2023-12-14 18:29:27.477460   => SIGNUP_PRIVACY_POLICY_ALL
2023-12-14 18:29:27.477497   => 'Signup' form is checked
2023-12-14 18:29:27.477683   Start step Close [Sign up] form =>
2023-12-14 18:29:27.560075   => 'Signup' form closed
