{'width': 1280, 'height': 720}

2024-03-09 07:51:31.455743   worker_id = master

2024-03-09 07:51:31.455770   0. Allure grouping v4


2024-03-09 07:51:31.456118   START PRECONDITIONS =>


2024-03-09 07:51:31.456149   => Windows size - {'width': 1280, 'height': 720}
2024-03-09 07:51:31.458055   Set windows position at (0, 0) =>
2024-03-09 07:51:31.560776   Set resolution 1280 * 720 =>
2024-03-09 07:51:31.663376   => Windows size is set to {'width': 1280, 'height': 720}

2024-03-09 07:51:32.700807   Капчи нет. Идем дальше

2024-03-09 07:51:32.700897   Работа с куками

2024-03-09 07:51:32.700911   => Prev. country - 'ae'
2024-03-09 07:51:32.700920   => Country set to 'ae'

2024-03-09 07:51:32.700929   => Prev. language - 'en'
2024-03-09 07:51:32.700938   => Language is set to 'en'

2024-03-09 07:51:32.700947   => Prev. role - 'NoReg'
2024-03-09 07:51:32.700955   => The 'NoReg' role is set

2024-03-09 07:51:32.703874   => THE END PRECONDITIONS

2024-03-09 07:51:32.703926   1. Arrange_v0
2024-03-09 07:51:32.714605   BUTTON_SELL_IN_CONTENT_BLOCK is present? =>
2024-03-09 07:51:32.714628   => BUTTON_SELL_IN_CONTENT_BLOCK is present on the page!
2024-03-09 07:51:32.714638   BUTTON_SELL_IN_CONTENT_BLOCK scroll =>
2024-03-09 07:51:32.719228   => 'Sell' button in Content block scrolled
2024-03-09 07:51:32.719444   Start Checking that form [Sign up] popped up on the page =>
2024-03-09 07:51:34.265978   '[Sign up]' form was not popped up

2024-03-09 07:51:34.266168   2. Act_v0
2024-03-09 07:51:34.314977   => BUTTON_SELL_IN_CONTENT_BLOCK clicked!
2024-03-09 07:51:34.315050   => return trade_instrument = 374675767075865

2024-03-09 07:51:34.315326   3. Assert_v0
2024-03-09 07:51:34.315465   Start step Check that [Sign up] form is opened
2024-03-09 07:51:34.328402   'Sign up' form opened
2024-03-09 07:51:34.328438   Assert SIGNUP_HEADER =>
2024-03-09 07:51:34.341839   Assert SIGNUP_REF_LOGIN =>
2024-03-09 07:51:34.354146   Assert SIGNUP_PRIVACY_POLICY_ALL_2 =>
2024-03-09 07:51:34.366809   => SIGNUP_PRIVACY_POLICY_ALL
2024-03-09 07:51:34.366858   => 'Signup' form is checked
2024-03-09 07:51:34.367065   Start step Close [Sign up] form =>
2024-03-09 07:51:34.440057   => 'Signup' form closed
