{'width': 1280, 'height': 800}

2024-04-12 20:57:07.947146   worker_id = master

2024-04-12 20:57:07.947160   0. Allure grouping v4

2024-04-12 20:57:07.947344   START PRECONDITIONS =>

2024-04-12 20:57:07.947359   => URL after prev. preconditions - https://capital.com/ro
2024-04-12 20:57:07.947369   => flag_of_bug - False
2024-04-12 20:57:07.947379   => Current URL - https://capital.com/ro/eur-chf-rata
2024-04-12 20:57:07.952489   Current page URL = https://capital.com/ro/eur-chf-rata
2024-04-12 20:57:07.955010   self.link = https://capital.com/ro
2024-04-12 20:57:07.955024   driver.get(https://capital.com/ro) =>
2024-04-12 20:57:10.149355   => Loaded page https://capital.com/ro

2024-04-12 20:57:10.153582   => Windows size - {'width': 1280, 'height': 800}
2024-04-12 20:57:10.154892   Set windows position at (0, 0) =>
2024-04-12 20:57:10.257340   Set resolution 1280 * 800 =>
2024-04-12 20:57:10.361801   => Windows size is set to {'width': 1280, 'height': 800}

2024-04-12 20:57:11.412720   Капчи нет. Идем дальше

2024-04-12 20:57:11.412814   Работа с куками =>

2024-04-12 20:57:11.412829   => не требуется

2024-04-12 20:57:11.412839   Prev. country - 'au'
2024-04-12 20:57:11.412848   Cur. country - 'au'
2024-04-12 20:57:11.412858   => Country set to 'au'

2024-04-12 20:57:11.412867   Prev. language - 'ro'
2024-04-12 20:57:11.412876   Cur. language - 'ro'
2024-04-12 20:57:11.412884   => Language is set to 'ro'

2024-04-12 20:57:11.412893   Prev. role - 'NoReg'
2024-04-12 20:57:11.412902   Cur. role - 'NoReg'
2024-04-12 20:57:11.412910   => The 'NoReg' role is set

2024-04-12 20:57:11.415633   => Current URL - https://capital.com/ro

2024-04-12 20:57:11.415654   => THE END PRECONDITIONS

2024-04-12 20:57:11.415849   1. Arrange_v0
2024-04-12 20:57:11.415867   current_page = https://capital.com/ro
2024-04-12 20:57:11.418440   link = https://capital.com/ro/eur-gbp-rata
2024-04-12 20:57:11.421025   Current page URL = https://capital.com/ro
2024-04-12 20:57:11.423445   self.link = https://capital.com/ro/eur-gbp-rata
2024-04-12 20:57:11.423459   driver.get(https://capital.com/ro/eur-gbp-rata) =>
2024-04-12 20:57:13.114688   => Loaded page https://capital.com/ro/eur-gbp-rata
2024-04-12 20:57:13.118016   BUTTON_ADD_TO_FAVOURITE is located on the page? =>
2024-04-12 20:57:13.128900   => BUTTON_ADD_TO_FAVOURITE is located on the page!
2024-04-12 20:57:13.129092   Start Checking that form [Sign up] popped up on the page =>
2024-04-12 20:57:14.666133   '[Sign up]' form was not popped up

2024-04-12 20:57:14.666332   2. Act_v0
2024-04-12 20:57:14.671733   BUTTON_ADD_TO_FAVOURITE is present? =>
2024-04-12 20:57:14.671762   => BUTTON_ADD_TO_FAVOURITE is present on the page
2024-04-12 20:57:14.671774   BUTTON_ADD_TO_FAVOURITE scroll =>
2024-04-12 20:57:14.677523   => BUTTON_ADD_TO_FAVOURITE scrolled
2024-04-12 20:57:14.697042   BUTTON_ADD_TO_FAVOURITE is clickable? =>
2024-04-12 20:57:14.710169   BUTTON_ADD_TO_FAVOURITE CLICK =>
2024-04-12 20:57:14.749177   => BUTTON_ADD_TO_FAVOURITE clicked!
Trade instrument from element click is Euro / British Pound
Trade instrument from Full test is Euro / British Pound
Test element is <pages.Elements.AssertClass.AssertClass object at 0x7ff38ef60a40>

2024-04-12 20:57:14.749520   3. Assert_v0
2024-04-12 20:57:14.749642   Start step Check that [Sign up] form is opened
2024-04-12 20:57:14.993162   'Sign up' form opened
2024-04-12 20:57:14.993211   Assert SIGNUP_HEADER =>
2024-04-12 20:57:15.004307   Assert SIGNUP_REF_LOGIN =>
2024-04-12 20:57:15.016682   Assert SIGNUP_PRIVACY_POLICY_ALL_2 =>
2024-04-12 20:57:15.027127   => SIGNUP_PRIVACY_POLICY_ALL
2024-04-12 20:57:15.027170   => 'Signup' form is checked
2024-04-12 20:57:15.027372   Start step Close [Sign up] form =>
2024-04-12 20:57:15.083557   => 'Signup' form closed
2024-04-12 20:57:15.381803   => Focus moved to 'capital*com' logo
