


Current country - ['', 'ae']
{'width': 1920, 'height': 1080}

2024-10-04 23:39:14.604329   worker_id = master

2024-10-04 23:39:14.604340   0. Allure grouping for US_55


2024-10-04 23:39:14.604535   START PRECONDITIONS =>

2024-10-04 23:39:14.604547   => URL after prev. preconditions - https://capital.com/en-gb
2024-10-04 23:39:14.604553   => flag_of_bug - True
2024-10-04 23:39:14.604562   => Current URL - https://capital.com/en-ae
2024-10-04 23:39:14.610060   Current page URL = https://capital.com/en-ae
2024-10-04 23:39:14.612657   self.link = https://capital.com/en-gb
2024-10-04 23:39:14.612668   driver.get(https://capital.com/en-gb) =>
2024-10-04 23:39:16.014105   => Loaded page https://capital.com/en-gb

2024-10-04 23:39:16.077610   => Windows size: {'width': 1920, 'height': 1080}

2024-10-04 23:39:16.079106   Set windows position at (0, 0) =>

2024-10-04 23:39:16.080749   Set resolution 1920 * 1080 =>

2024-10-04 23:39:16.082428   => Resolution set {'width': 1920, 'height': 1080}

2024-10-04 23:39:16.083743   Работа с куками =>
2024-10-04 23:39:16.083754   Prev. role - 'Auth'
2024-10-04 23:39:16.083761   Current testing role - 'NoAuth'

2024-10-04 23:39:16.083767   All cookies must be delete =>
2024-10-04 23:39:16.146321   => All cookies are deleted
2024-10-04 23:39:16.146351   Current page URL = https://capital.com/en-gb
2024-10-04 23:39:16.149052   self.link = https://capital.com/en-gb
2024-10-04 23:39:16.149063   driver.get(https://capital.com/en-gb) =>
2024-10-04 23:39:17.521247   => Loaded page https://capital.com/en-gb

2024-10-04 23:39:17.525840   Step 'Click button [Accept all cookies]'
2024-10-04 23:39:17.525853   Is Visible Button [Accept all cookies]? =>
2024-10-04 23:39:18.696411   => Button [Accept all cookies] is visible
2024-10-04 23:39:19.196567   Is clickable Button [Accept all cookies] =>
2024-10-04 23:39:19.213931   => Button [Accept all cookies] is clickable
2024-10-04 23:39:19.213958   Click Button [Accept all cookies] =>
2024-10-04 23:39:19.389058   => Button [Accept all cookies] is clicked
2024-10-04 23:39:19.389099   => Accepted All Cookies

2024-10-04 23:39:19.889225   Prev. role - 'Auth'
2024-10-04 23:39:19.889277   Cur. role - 'NoAuth'

2024-10-04 23:39:19.889509   Start Authorization
2024-10-04 23:39:19.971183   => 'Login' form is opened
2024-10-04 23:39:20.163683   => "login" and "password" are inputted
2024-10-04 23:39:20.163723   Click [Continue] button on [Login] form =>
2024-10-04 23:39:20.227924   => [Continue] button on [Login] form is clicked
2024-10-04 23:39:20.227964   Set timeout = 30
2024-10-04 23:39:21.317246   => Page with 'Trading Platform | Capital.com' title opened

2024-10-04 23:39:21.317321   2. Checking that the LOGO is present on the page =>
2024-10-04 23:39:22.737723   => 'capital*com' logo is present on the current page

2024-10-04 23:39:22.738034   Start Deauthorization
2024-10-04 23:39:22.738121   Start Logout from account info menu in top bar =>
2024-10-04 23:39:22.738131   Set timeout = 15
2024-10-04 23:39:22.738141   Is visible account info icon? =>
2024-10-04 23:39:22.752866   => Account info icon is visible on this page
2024-10-04 23:39:22.752898   Account info icon is click =>
2024-10-04 23:39:22.806771   => Account info icon is clicked
2024-10-04 23:39:22.806831   Is visible logout button in account info menu? =>
2024-10-04 23:39:22.828707   => Logout button from account info menu is visible
2024-10-04 23:39:22.828748   Logout button is click =>
2024-10-04 23:39:23.066764   => Logout button from Account info menu is clicked
2024-10-04 23:39:23.066902   => Logout is OK

2024-10-04 23:39:23.066950   => The 'NoAuth' role is set

2024-10-04 23:39:23.066966   Prev. language: cn
2024-10-04 23:39:23.066978   Cur. language - 'en'

2024-10-04 23:39:23.066989   Prev. country: de
2024-10-04 23:39:23.066999   Cur. country: ae

2024-10-04 23:39:23.067207   Set "en" language and "ae" country =>
2024-10-04 23:39:23.067229   Current page URL = https://capital.com/
2024-10-04 23:39:24.418497   self.link = https://capital.com/en-ae
2024-10-04 23:39:24.418514   driver.get(https://capital.com/en-ae) =>
2024-10-04 23:39:25.801643   => Loaded page https://capital.com/en-ae
2024-10-04 23:39:25.874940   => Language is set to 'en'
2024-10-04 23:39:25.874957   => Country is set to 'ae'
2024-10-04 23:39:25.874964   => Current URL - https://capital.com/en-ae

2024-10-04 23:39:25.880234   => Current URL - https://capital.com/en-ae

2024-10-04 23:39:25.880253   => END PRECONDITIONS

2024-10-04 23:39:25.880421   1. Start Arrange: open dropdown [Regional settings]
2024-10-04 23:39:25.880435   current_page = https://capital.com/en-ae
2024-10-04 23:39:25.882986   link = https://capital.com/en-ae
2024-10-04 23:39:25.885612   Start to check link country to open dropdown [Regional settings] in DOM on the Main page

2024-10-04 23:39:30.940709   => The main page don't have link country to open dropdown [Regional settings] in DOM
