{'width': 1280, 'height': 800}

2024-04-12 21:50:14.650815   worker_id = master

2024-04-12 21:50:14.650828   0. Allure grouping v4

2024-04-12 21:50:14.651009   START PRECONDITIONS =>

2024-04-12 21:50:14.651024   => URL after prev. preconditions - https://capital.com/ro
2024-04-12 21:50:14.651034   => flag_of_bug - False
2024-04-12 21:50:14.651044   => Current URL - https://capital.com/ro/tranzactionati-twitter
2024-04-12 21:50:14.656024   Current page URL = https://capital.com/ro/tranzactionati-twitter
2024-04-12 21:50:14.658553   self.link = https://capital.com/ro
2024-04-12 21:50:14.658567   driver.get(https://capital.com/ro) =>
2024-04-12 21:50:16.610446   => Loaded page https://capital.com/ro

2024-04-12 21:50:16.616900   => Windows size - {'width': 1280, 'height': 800}
2024-04-12 21:50:16.618251   Set windows position at (0, 0) =>
2024-04-12 21:50:16.720263   Set resolution 1280 * 800 =>
2024-04-12 21:50:16.822442   => Windows size is set to {'width': 1280, 'height': 800}

2024-04-12 21:50:17.847603   Капчи нет. Идем дальше

2024-04-12 21:50:17.847694   Работа с куками =>

2024-04-12 21:50:17.847708   => не требуется

2024-04-12 21:50:17.847717   Prev. country - 'au'
2024-04-12 21:50:17.847726   Cur. country - 'au'
2024-04-12 21:50:17.847735   => Country set to 'au'

2024-04-12 21:50:17.847744   Prev. language - 'ro'
2024-04-12 21:50:17.847753   Cur. language - 'ro'
2024-04-12 21:50:17.847761   => Language is set to 'ro'

2024-04-12 21:50:17.847770   Prev. role - 'Auth'
2024-04-12 21:50:17.847779   Cur. role - 'Auth'
2024-04-12 21:50:17.847787   => The 'Auth' role is set

2024-04-12 21:50:17.850445   => Current URL - https://capital.com/ro

2024-04-12 21:50:17.850467   => THE END PRECONDITIONS

2024-04-12 21:50:17.850509   1. Arrange_v0
2024-04-12 21:50:17.850523   current_page = https://capital.com/ro
2024-04-12 21:50:17.852922   link = https://capital.com/ro/tranzactionati-twitter
2024-04-12 21:50:17.855321   Current page URL = https://capital.com/ro
2024-04-12 21:50:17.857727   self.link = https://capital.com/ro/tranzactionati-twitter
2024-04-12 21:50:17.857741   driver.get(https://capital.com/ro/tranzactionati-twitter) =>
2024-04-12 21:50:20.636450   => Loaded page https://capital.com/ro/tranzactionati-twitter
2024-04-12 21:50:20.640805   BUTTON_BUY_IN_CONTENT_BLOCK is located on the page? =>
2024-04-12 21:50:31.335064   => BUTTON_BUY_IN_CONTENT_BLOCK is not located on the page!
