{'width': 1280, 'height': 800}

2024-04-12 20:52:12.944324   worker_id = master

2024-04-12 20:52:12.944338   0. Allure grouping v4

2024-04-12 20:52:12.944517   START PRECONDITIONS =>

2024-04-12 20:52:12.944532   => URL after prev. preconditions - https://capital.com/ro
2024-04-12 20:52:12.944542   => flag_of_bug - False
2024-04-12 20:52:12.944578   => Current URL - https://capital.com/ro/eur-chf-rata
2024-04-12 20:52:12.949497   Current page URL = https://capital.com/ro/eur-chf-rata
2024-04-12 20:52:12.951839   self.link = https://capital.com/ro
2024-04-12 20:52:12.951852   driver.get(https://capital.com/ro) =>
2024-04-12 20:52:14.715296   => Loaded page https://capital.com/ro

2024-04-12 20:52:14.721683   => Windows size - {'width': 1280, 'height': 800}
2024-04-12 20:52:14.723045   Set windows position at (0, 0) =>
2024-04-12 20:52:14.825173   Set resolution 1280 * 800 =>
2024-04-12 20:52:14.927380   => Windows size is set to {'width': 1280, 'height': 800}

2024-04-12 20:52:15.962998   Капчи нет. Идем дальше

2024-04-12 20:52:15.963091   Работа с куками =>

2024-04-12 20:52:15.963105   => не требуется

2024-04-12 20:52:15.963115   Prev. country - 'au'
2024-04-12 20:52:15.963124   Cur. country - 'au'
2024-04-12 20:52:15.963133   => Country set to 'au'

2024-04-12 20:52:15.963142   Prev. language - 'ro'
2024-04-12 20:52:15.963151   Cur. language - 'ro'
2024-04-12 20:52:15.963160   => Language is set to 'ro'

2024-04-12 20:52:15.963169   Prev. role - 'NoAuth'
2024-04-12 20:52:15.963178   Cur. role - 'NoAuth'
2024-04-12 20:52:15.963187   => The 'NoAuth' role is set

2024-04-12 20:52:15.966023   => Current URL - https://capital.com/ro

2024-04-12 20:52:15.966046   => THE END PRECONDITIONS

2024-04-12 20:52:15.966232   1. Arrange_v0
2024-04-12 20:52:15.966251   current_page = https://capital.com/ro
2024-04-12 20:52:15.968756   link = https://capital.com/ro/eur-chf-rata
2024-04-12 20:52:15.971227   Current page URL = https://capital.com/ro
2024-04-12 20:52:15.973802   self.link = https://capital.com/ro/eur-chf-rata
2024-04-12 20:52:15.973817   driver.get(https://capital.com/ro/eur-chf-rata) =>
2024-04-12 20:52:17.659874   => Loaded page https://capital.com/ro/eur-chf-rata
2024-04-12 20:52:17.674298   Is button BUTTON_VIEW_DETAILED_CHART present on the page? =>
2024-04-12 20:52:17.674326   => BUTTON_VIEW_DETAILED_CHART is present on the page
2024-04-12 20:52:17.674336   BUTTON_VIEW_DETAILED_CHART scroll =>
2024-04-12 20:52:17.677740   => BUTTON_VIEW_DETAILED_CHART scrolled
2024-04-12 20:52:17.677961   Start Checking that form [Sign up] popped up on the page =>
2024-04-12 20:52:19.212413   '[Sign up]' form was not popped up

2024-04-12 20:52:19.212623   2. Act_v0
2024-04-12 20:52:19.212642   Start Click button [View Detailed Chart] =>
2024-04-12 20:52:19.239408   BUTTON_VIEW_DETAILED_CHART is clickable =>
2024-04-12 20:52:19.277829 => BUTTON_VIEW_DETAILED_CHART clicked

2024-04-12 20:52:19.278113   3. Assert_Login_v0
2024-04-12 20:52:19.278218   Check that 'Login' form is opened
2024-04-12 20:52:19.529813   'Login' form opened
2024-04-12 20:52:19.529849   Assert LOGIN_REF_SIGNUP =>
2024-04-12 20:52:19.542472   Assert LOGIN_CHECKBOX =>
2024-04-12 20:52:19.551944   Assert LOGIN_PASS_FORGOT =>
2024-04-12 20:52:19.563055   => 'Login' form is checked
2024-04-12 20:52:19.579490   Click 'Close' button on 'Login' form =>
2024-04-12 20:52:19.906195   => Focus moved to 'capital*com' logo
2024-04-12 20:52:19.906239   => 'Login' form closed
