{'width': 1280, 'height': 800}

2024-04-01 15:41:42.095315   worker_id = master

2024-04-01 15:41:42.095330   0. Allure grouping v4

2024-04-01 15:41:42.095425   START PRECONDITIONS =>

2024-04-01 15:41:42.095438   => flag_of_bug - False

2024-04-01 15:41:42.095449   => Windows size - {'width': 1280, 'height': 800}
2024-04-01 15:41:42.096894   Set windows position at (0, 0) =>
2024-04-01 15:41:42.199608   Set resolution 1280 * 800 =>
2024-04-01 15:41:42.305162   => Windows size is set to {'width': 1280, 'height': 800}

2024-04-01 15:41:43.308996   Капчи нет. Идем дальше

2024-04-01 15:41:43.309101   Работа с куками

2024-04-01 15:41:43.309117   Prev. country - 'au'
2024-04-01 15:41:43.309127   Cur. country - 'au'
2024-04-01 15:41:43.309136   => Country set to 'au'

2024-04-01 15:41:43.309145   Prev. language - 'nl'
2024-04-01 15:41:43.309154   Cur. language - 'nl'
2024-04-01 15:41:43.309163   => Language is set to 'nl'

2024-04-01 15:41:43.309172   Prev. role - 'NoReg'
2024-04-01 15:41:43.309180   Cur. role - 'NoReg'
2024-04-01 15:41:43.309189   => The 'NoReg' role is set

2024-04-01 15:41:43.312243   => THE END PRECONDITIONS

2024-04-01 15:41:43.312448   1. Arrange_v0
2024-04-01 15:41:43.312468   current_page = https://capital.com/nl
2024-04-01 15:41:43.315201   link = https://capital.com/nl
2024-04-01 15:41:43.317867   BUTTON_CREATE_YOUR_ACCOUNT is located on the page? =>

2024-04-01 15:41:43.328753   2. Act_v0: Define of locator

2024-04-01 15:41:43.328790   2. Act_v0: Go to web element

2024-04-01 15:41:44.396627   2. Act_v0: Click web element
2024-04-01 15:41:44.462686   => BUTTON_CREATE_YOUR_ACCOUNT is clicked

2024-04-01 15:41:44.462950   3. Assert_v0
2024-04-01 15:41:44.463067   Start step Check that [Sign up] form is opened
2024-04-01 15:41:44.479229   'Sign up' form opened
2024-04-01 15:41:44.479272   Assert SIGNUP_HEADER =>
2024-04-01 15:41:44.491536   Assert SIGNUP_REF_LOGIN =>
2024-04-01 15:41:44.503653   Assert SIGNUP_PRIVACY_POLICY_ALL_2 =>
2024-04-01 15:41:44.517365   => SIGNUP_PRIVACY_POLICY_ALL
2024-04-01 15:41:44.517405   => 'Signup' form is checked
2024-04-01 15:41:44.517586   Start step Close [Sign up] form =>
2024-04-01 15:41:44.600884   => 'Signup' form closed
2024-04-01 15:41:44.887834   => Focus moved to 'capital*com' logo
