Current test role - NoReg

{'width': 1280, 'height': 800}

2024-04-01 15:44:18.403008   worker_id = master

2024-04-01 15:44:18.403024   0. Allure grouping v4

2024-04-01 15:44:18.403117   START PRECONDITIONS =>

2024-04-01 15:44:18.403130   => flag_of_bug - True
2024-04-01 15:44:18.403142   Current page URL = https://capital.com/
2024-04-01 15:44:18.406085   self.link = https://capital.com/
2024-04-01 15:44:18.406099   link = https://capital.com/
2024-04-01 15:44:20.137071   => Loaded page https://capital.com/

2024-04-01 15:44:20.141833   => Windows size - {'width': 1280, 'height': 800}
2024-04-01 15:44:20.143337   Set windows position at (0, 0) =>
2024-04-01 15:44:20.245729   Set resolution 1280 * 800 =>
2024-04-01 15:44:20.350491   => Windows size is set to {'width': 1280, 'height': 800}

2024-04-01 15:44:21.403942   Капчи нет. Идем дальше

2024-04-01 15:44:21.404039   Работа с куками
2024-04-01 15:44:21.404054   Prev. role - 'NoAuth'
2024-04-01 15:44:21.404064   Current testing role - 'NoReg'

2024-04-01 15:44:21.404073   All cookies must be delete =>
2024-04-01 15:44:21.468879   => All cookies are deleted
2024-04-01 15:44:21.468919   Current page URL = https://capital.com/
2024-04-01 15:44:21.471666   self.link = https://capital.com/
2024-04-01 15:44:21.471680   link = https://capital.com/
2024-04-01 15:44:23.206295   => Loaded page https://capital.com/

2024-04-01 15:44:23.210018   Step 'Click button [Accept all cookies]'
2024-04-01 15:44:23.210030   Is Visible Button [Accept all cookies]? =>
2024-04-01 15:44:23.227485   => Button [Accept all cookies] is visible
2024-04-01 15:44:23.727609   Is clickable Button [Accept all cookies] =>
2024-04-01 15:44:23.752871   => Button [Accept all cookies] is clickable
2024-04-01 15:44:23.752914   Click Button [Accept all cookies] =>
2024-04-01 15:44:23.915698   => Button [Accept all cookies] is clicked
2024-04-01 15:44:23.915754   => Accepted All Cookies

2024-04-01 15:44:24.415857   Prev. country - '?'
2024-04-01 15:44:24.415909   Cur. country - 'au'
2024-04-01 15:44:24.415920   Set 'au' country =>
2024-04-01 15:44:24.431409   => Language and Country menu is present
2024-04-01 15:44:24.443983   => Language and Country menu is visible
2024-04-01 15:44:25.716221   => Focus is moved on Language and Country menu 
2024-04-01 15:44:28.292735   => Cur url = https://capital.com/?country=au
2024-04-01 15:44:28.325630   => Country set to 'au'

2024-04-01 15:44:28.325663   Prev. language - '?'
2024-04-01 15:44:28.325673   Cur. language - 'nl'
2024-04-01 15:44:28.325682   Set 'nl' language =>
2024-04-01 15:44:28.338548   => Language and Country menu is present
2024-04-01 15:44:28.351668   => Language and Country menu is visible
2024-04-01 15:44:29.632888   => Focus is moved on Language and Country menu 
2024-04-01 15:44:29.641896   Move focus on nl item and click =>
2024-04-01 15:44:31.177343   => Focus moved on nl item and clicked
2024-04-01 15:44:31.177383   => Cur url = https://capital.com/nl
2024-04-01 15:44:31.208231   => Language is set to 'nl'

2024-04-01 15:44:31.208264   Prev. role - 'NoAuth'
2024-04-01 15:44:31.208274   Cur. role - 'NoReg'
2024-04-01 15:44:31.208284   => The 'NoReg' role is set

2024-04-01 15:44:31.210825   => THE END PRECONDITIONS

2024-04-01 15:44:31.211024   START Open "Markets" menu, "Shares" submenu =>
2024-04-01 15:44:31.211041   1. Cur URL = https://capital.com/nl
2024-04-01 15:44:31.229320   2. Link = https://capital.com/nl
2024-04-01 15:44:31.229354   current_page = https://capital.com/nl
2024-04-01 15:44:31.239635   link = https://capital.com/nl
2024-04-01 15:44:31.750491   => 'Markets' menu is present
2024-04-01 15:44:31.769680   => 'Markets' menu is visible
2024-04-01 15:44:33.048325   => Focus moved to 'Markets' menu
2024-04-01 15:44:35.175076   => Focus moved to 'Shares' submenu and clicked
2024-04-01 15:44:35.462928   => Focus moved to 'capital*com' logo
2024-04-01 15:44:35.462974   3. Cur URL = https://capital.com/nl/live-aandelen-koersen

2024-04-01 15:44:35.468771   1. Arrange_v0
2024-04-01 15:44:35.468803   current_page = https://capital.com/nl/live-aandelen-koersen
2024-04-01 15:44:35.471395   link = https://capital.com/nl/live-aandelen-koersen
2024-04-01 15:44:35.482133   BUTTON_START_TRADING_NOW scroll =>
2024-04-01 15:44:35.487222   BUTTON_START_TRADING_NOW is visible? =>
2024-04-01 15:44:35.514552   => BUTTON_START_TRADING is visible on the page!

2024-04-01 15:44:35.514743   2. Act_v0
2024-04-01 15:44:35.514761   Start Click button [Start Trading Now] =>
2024-04-01 15:44:35.520250   BUTTON_START_TRADING_NOW is clickable? =>
2024-04-01 15:44:35.530111   BUTTON_START_TRADING_NOW click =>
2024-04-01 15:44:35.574220   => BUTTON_START_TRADING_NOW clicked

2024-04-01 15:44:35.574578   3. Assert_v0
2024-04-01 15:44:35.574734   Start step Check that [Sign up] form is opened
2024-04-01 15:44:35.747890   'Sign up' form opened
2024-04-01 15:44:35.747950   Assert SIGNUP_HEADER =>
2024-04-01 15:44:35.765768   Assert SIGNUP_REF_LOGIN =>
2024-04-01 15:44:35.785207   Assert SIGNUP_PRIVACY_POLICY_ALL_2 =>
2024-04-01 15:44:35.803252   => SIGNUP_PRIVACY_POLICY_ALL
2024-04-01 15:44:35.803301   => 'Signup' form is checked
2024-04-01 15:44:35.803530   Start step Close [Sign up] form =>
2024-04-01 15:44:35.903950   => 'Signup' form closed
2024-04-01 15:44:36.181110   => Focus moved to 'capital*com' logo
