{'width': 1280, 'height': 800}

2024-05-08 23:08:54.349085   worker_id = master

2024-05-08 23:08:54.349100   0. Allure grouping v4

2024-05-08 23:08:54.349288   START PRECONDITIONS =>

2024-05-08 23:08:54.349304   => URL after prev. preconditions - https://capital.com/zh
2024-05-08 23:08:54.349313   => flag_of_bug - False
2024-05-08 23:08:54.349324   => Current URL - https://capital.com/zh/us-wall-street-30-index
2024-05-08 23:08:54.354364   Current page URL = https://capital.com/zh/us-wall-street-30-index
2024-05-08 23:08:54.356666   self.link = https://capital.com/zh
2024-05-08 23:08:54.356680   driver.get(https://capital.com/zh) =>
2024-05-08 23:08:56.275561   => Loaded page https://capital.com/zh

2024-05-08 23:08:56.281846   => Windows size - {'width': 1280, 'height': 800}
2024-05-08 23:08:56.283302   Set windows position at (0, 0) =>
2024-05-08 23:08:56.284968   Set resolution 1280 * 800 =>
2024-05-08 23:08:56.286550   => Windows size is set to {'width': 1280, 'height': 800}

2024-05-08 23:08:57.317448   Капчи нет. Идем дальше

2024-05-08 23:08:57.317535   Работа с куками =>

2024-05-08 23:08:57.317549   => не требуется

2024-05-08 23:08:57.317559   Prev. country - 'de'
2024-05-08 23:08:57.317568   Cur. country - 'de'
2024-05-08 23:08:57.317578   => Country set to 'de'

2024-05-08 23:08:57.317587   Prev. language - 'zh'
2024-05-08 23:08:57.317595   Cur. language - 'zh'
2024-05-08 23:08:57.317604   => Language is set to 'zh'

2024-05-08 23:08:57.317613   Prev. role - 'Auth'
2024-05-08 23:08:57.317622   Cur. role - 'Auth'
2024-05-08 23:08:57.317630   => The 'Auth' role is set

2024-05-08 23:08:57.320378   => Current URL - https://capital.com/zh

2024-05-08 23:08:57.320400   => THE END PRECONDITIONS
Trade instrument from Full test is <pages.Elements.AssertClass.AssertClass object at 0x7f57bccf96a0>

2024-05-08 23:08:57.320693   3. Assert_v4

2024-05-08 23:08:57.320709   
2024-05-08 23:08:57.320835   Checking that the trading platform page has opened (v4) =>
2024-05-08 23:09:07.402491   Checking way # 2 =>

2024-05-08 23:09:07.402701   1. Checking that the Trading platform (or TradingView site) page has valid title =>
2024-05-08 23:09:07.405506   => The title of current page is '采用智能交易应用程序进行在线交易 | Capital.com'
