{'width': 1280, 'height': 800}

2024-05-08 23:48:11.435831   worker_id = master

2024-05-08 23:48:11.435846   0. Allure grouping v4

2024-05-08 23:48:11.436037   START PRECONDITIONS =>

2024-05-08 23:48:11.436052   => URL after prev. preconditions - https://capital.com/zh
2024-05-08 23:48:11.436062   => flag_of_bug - False
2024-05-08 23:48:11.436073   => Current URL - https://capital.com/zh/major-world-indices
2024-05-08 23:48:11.441245   Current page URL = https://capital.com/zh/major-world-indices
2024-05-08 23:48:11.443680   self.link = https://capital.com/zh
2024-05-08 23:48:11.443694   driver.get(https://capital.com/zh) =>
2024-05-08 23:48:13.370917   => Loaded page https://capital.com/zh

2024-05-08 23:48:13.375242   => Windows size - {'width': 1280, 'height': 800}
2024-05-08 23:48:13.376665   Set windows position at (0, 0) =>
2024-05-08 23:48:13.378337   Set resolution 1280 * 800 =>
2024-05-08 23:48:13.379922   => Windows size is set to {'width': 1280, 'height': 800}

2024-05-08 23:48:14.419296   Капчи нет. Идем дальше

2024-05-08 23:48:14.419388   Работа с куками =>

2024-05-08 23:48:14.419403   => не требуется

2024-05-08 23:48:14.419413   Prev. country - 'de'
2024-05-08 23:48:14.419423   Cur. country - 'de'
2024-05-08 23:48:14.419432   => Country set to 'de'

2024-05-08 23:48:14.419441   Prev. language - 'zh'
2024-05-08 23:48:14.419449   Cur. language - 'zh'
2024-05-08 23:48:14.419458   => Language is set to 'zh'

2024-05-08 23:48:14.419467   Prev. role - 'Auth'
2024-05-08 23:48:14.419475   Cur. role - 'Auth'
2024-05-08 23:48:14.419484   => The 'Auth' role is set

2024-05-08 23:48:14.422185   => Current URL - https://capital.com/zh

2024-05-08 23:48:14.422210   => THE END PRECONDITIONS

2024-05-08 23:48:14.422400   START Open "Markets" menu, "Forex" submenu =>

2024-05-08 23:48:14.422416   1. Cur URL = https://capital.com/zh

2024-05-08 23:48:14.424996   2. Link = https://capital.com/zh
2024-05-08 23:48:14.425012   current_page = https://capital.com/zh
2024-05-08 23:48:14.427474   link = https://capital.com/zh
2024-05-08 23:48:14.937370   => 'Markets' menu is present
2024-05-08 23:48:14.951719   => 'Markets' menu is visible
2024-05-08 23:48:16.217934   => Focus moved to 'Markets' menu


2024-05-08 23:48:17.794643   => 'Forex' sub-menu clicked
2024-05-08 23:48:18.070396   => Focus moved to 'capital*com' logo

2024-05-08 23:48:18.070437   3. Cur URL = https://capital.com/zh/live-currency-prices
2024-05-08 23:48:18.084678
2024-05-08 23:48:18.084701   Indices trading instrument include 19 child items for random select
2024-05-08 23:48:18.088211   k = 18 - https://capital.com/zh/chf-jpy-feilv
2024-05-08 23:48:18.088311   The file of hrefs contains the following URLs:
2024-05-08 23:48:18.088327   https://capital.com/zh/chf-jpy-feilv
2024-05-08 23:48:18.088364   Test data include 1 item(s)
2024-05-08 23:48:18.088376   The test coverage = 5.263157894736842 %
