Current test role - NoReg

{'width': 1280, 'height': 800}

2024-05-09 00:36:32.380396   worker_id = master

2024-05-09 00:36:32.380410   0. Allure grouping v4

2024-05-09 00:36:32.380592   START PRECONDITIONS =>

2024-05-09 00:36:32.380607   => URL after prev. preconditions - https://capital.com/zh
2024-05-09 00:36:32.380617   => flag_of_bug - True
2024-05-09 00:36:32.380627   => Current URL - https://capital.com/zh/trade-stocks
2024-05-09 00:36:32.386335   Current page URL = https://capital.com/zh/trade-stocks
2024-05-09 00:36:32.388870   self.link = https://capital.com/zh
2024-05-09 00:36:32.388883   driver.get(https://capital.com/zh) =>
2024-05-09 00:36:34.259547   => Loaded page https://capital.com/zh

2024-05-09 00:36:34.264128   => Windows size - {'width': 1280, 'height': 800}
2024-05-09 00:36:34.265607   Set windows position at (0, 0) =>
2024-05-09 00:36:34.269001   Set resolution 1280 * 800 =>
2024-05-09 00:36:34.270719   => Windows size is set to {'width': 1280, 'height': 800}

2024-05-09 00:36:35.298870   Капчи нет. Идем дальше

2024-05-09 00:36:35.298961   Работа с куками =>
2024-05-09 00:36:35.298975   Prev. role - 'NoAuth'
2024-05-09 00:36:35.298984   Current testing role - 'NoReg'

2024-05-09 00:36:35.298994   All cookies must be delete =>
2024-05-09 00:36:35.364338   => All cookies are deleted
2024-05-09 00:36:35.364364   Current page URL = https://capital.com/zh
2024-05-09 00:36:35.367354   self.link = https://capital.com/
2024-05-09 00:36:35.367367   driver.get(https://capital.com/) =>
2024-05-09 00:36:36.899276   => Loaded page https://capital.com/

2024-05-09 00:36:36.904088   Step 'Click button [Accept all cookies]'
2024-05-09 00:36:36.904101   Is Visible Button [Accept all cookies]? =>
2024-05-09 00:36:36.919387   => Button [Accept all cookies] is visible
2024-05-09 00:36:37.419509   Is clickable Button [Accept all cookies] =>
2024-05-09 00:36:37.435311   => Button [Accept all cookies] is clickable
2024-05-09 00:36:37.435340   Click Button [Accept all cookies] =>
2024-05-09 00:36:37.569578   => Button [Accept all cookies] is clicked
2024-05-09 00:36:37.569624   => Accepted All Cookies

2024-05-09 00:36:38.069734   Prev. country - '?'
2024-05-09 00:36:38.069799   Cur. country - 'de'
2024-05-09 00:36:38.069813   Set 'de' country =>
2024-05-09 00:36:38.082508   => Language and Country menu is present
2024-05-09 00:36:38.093997   => Language and Country menu is visible
2024-05-09 00:36:39.372095   => Focus is moved on Language and Country menu 
2024-05-09 00:36:41.894682   => Cur url = https://capital.com/?country=de
2024-05-09 00:36:41.908552   => Country set to 'de'

2024-05-09 00:36:41.908580   Prev. language - '?'
2024-05-09 00:36:41.908590   Cur. language - 'zh'
2024-05-09 00:36:41.908599   Set 'zh' language =>
2024-05-09 00:36:41.920286   => Language and Country menu is present
2024-05-09 00:36:41.947978   => Language and Country menu is visible
2024-05-09 00:36:43.222377   => Focus is moved on Language and Country menu 
2024-05-09 00:36:43.231043   Move focus on zh item and click =>
2024-05-09 00:36:44.761582   => Focus moved on zh item and clicked
2024-05-09 00:36:44.761633   => Cur url = https://capital.com/zh
2024-05-09 00:36:44.771178   => Language is set to 'zh'

2024-05-09 00:36:44.771218   Prev. role - 'NoAuth'
2024-05-09 00:36:44.771235   Cur. role - 'NoReg'
2024-05-09 00:36:44.771250   => The 'NoReg' role is set

2024-05-09 00:36:44.774910   => Current URL - https://capital.com/zh

2024-05-09 00:36:44.774934   => THE END PRECONDITIONS

2024-05-09 00:36:44.775133   1. Cur URL = https://capital.com/zh

2024-05-09 00:36:44.777902   2. Link = https://capital.com/zh
2024-05-09 00:36:44.777920   current_page = https://capital.com/zh
2024-05-09 00:36:44.780499   link = https://capital.com/zh
2024-05-09 00:36:45.294212   => Education menu is present in DOM
2024-05-09 00:36:45.313980   => Education menu is visible
2024-05-09 00:36:46.587535   => Focus moved to Education menu


2024-05-09 00:36:48.555962   => Shares trading sub-menu clicked
2024-05-09 00:36:48.837295   => Focus moved to 'capital*com' logo

2024-05-09 00:36:48.837350   3. Cur URL = https://capital.com/zh/trade-stocks

2024-05-09 00:36:48.843041   1. Arrange_v0
2024-05-09 00:36:48.843066   current_page = https://capital.com/zh/trade-stocks
2024-05-09 00:36:48.845631   link = https://capital.com/zh/trade-stocks
2024-05-09 00:36:48.848139   => current_url == cur_item_link
2024-05-09 00:36:48.857248   BUTTON_START_TRADING scroll =>
2024-05-09 00:36:48.861072   BUTTON_START_TRADING is visible? =>
2024-05-09 00:36:48.875734   => BUTTON_START_TRADING is visible on the page!

2024-05-09 00:36:48.875877   2. Act_v0
2024-05-09 00:36:48.875893   Start Click button [Start Trading] =>
2024-05-09 00:36:48.881149   BUTTON_START_TRADING is clickable? =>
2024-05-09 00:36:48.891739   BUTTON_START_TRADING click =>
2024-05-09 00:36:48.926496   => BUTTON_START_TRADING clicked

2024-05-09 00:36:48.926719   3. Assert_v0
2024-05-09 00:36:48.926812   Start step Check that [Sign up] form is opened
2024-05-09 00:36:49.123254   'Sign up' form opened
2024-05-09 00:36:49.123303   Assert SIGNUP_HEADER =>
2024-05-09 00:36:49.139895   Assert SIGNUP_REF_LOGIN =>
2024-05-09 00:36:49.155654   Assert SIGNUP_PRIVACY_POLICY_ALL_2 =>
2024-05-09 00:36:49.172844   => SIGNUP_PRIVACY_POLICY_ALL
2024-05-09 00:36:49.172877   => 'Signup' form is checked
2024-05-09 00:36:49.173054   Start step Close [Sign up] form =>
2024-05-09 00:36:49.249707   => 'Signup' form closed
2024-05-09 00:36:49.534949   => Focus moved to 'capital*com' logo
