{'width': 1280, 'height': 800}

2024-03-27 22:16:27.380732   worker_id = master

2024-03-27 22:16:27.380750   0. Allure grouping v4


2024-03-27 22:16:27.380949   START PRECONDITIONS =>


2024-03-27 22:16:27.380964   => flag_of_bug - False

2024-03-27 22:16:27.380976   => Windows size - {'width': 1280, 'height': 800}
2024-03-27 22:16:27.382218   Set windows position at (0, 0) =>
2024-03-27 22:16:27.484028   Set resolution 1280 * 800 =>
2024-03-27 22:16:27.586000   => Windows size is set to {'width': 1280, 'height': 800}

2024-03-27 22:16:28.608580   Капчи нет. Идем дальше

2024-03-27 22:16:28.608651   Работа с куками

2024-03-27 22:16:28.608665   => Prev. country - 'de'
2024-03-27 22:16:28.608675   => Country set to 'de'

2024-03-27 22:16:28.608684   => Prev. language - 'hu'
2024-03-27 22:16:28.608693   => Language is set to 'hu'

2024-03-27 22:16:28.608702   => Prev. role - 'NoAuth'
2024-03-27 22:16:28.608711   => The 'NoAuth' role is set

2024-03-27 22:16:28.611401   => THE END PRECONDITIONS

2024-03-27 22:16:28.611452   1. Arrange_v0
2024-03-27 22:16:28.611466   current_page = https://capital.com/hu/gasoil-spot-aru
2024-03-27 22:16:28.613917   link = https://capital.com/hu/gasoil-spot-aru
2024-03-27 22:16:28.616541   BUTTON_BUY is located on the page? =>
2024-03-27 22:16:28.626037   => BUTTON_BUY is located on the page!
2024-03-27 22:16:28.626193   Start Checking that form [Sign up] popped up on the page =>
2024-03-27 22:16:30.152074   '[Sign up]' form was not popped up

2024-03-27 22:16:30.152291   2. Act_v0
2024-03-27 22:16:30.157411   BUTTON_BUY is present? =>
2024-03-27 22:16:30.157433   => BUTTON_BUY is present on the page
2024-03-27 22:16:30.157443   BUTTON_BUY scroll =>
2024-03-27 22:16:30.160728   => BUTTON_BUY scrolled
2024-03-27 22:16:30.194686   BUTTON_BUY is clickable? =>
2024-03-27 22:16:30.205607   BUTTON_BUY CLICK =>
2024-03-27 22:16:30.239488   => BUTTON_BUY clicked!

2024-03-27 22:16:30.239707   3. Assert_Login_v0
2024-03-27 22:16:30.239791   Check that 'Login' form is opened
2024-03-27 22:16:30.493368   'Login' form opened
2024-03-27 22:16:30.493416   Assert LOGIN_REF_SIGNUP =>
2024-03-27 22:16:30.506772   Assert LOGIN_CHECKBOX =>
2024-03-27 22:16:30.519229   Assert LOGIN_PASS_FORGOT =>
2024-03-27 22:16:30.530567   => 'Login' form is checked
2024-03-27 22:16:30.552058   Click 'Close' button on 'Login' form =>
2024-03-27 22:16:30.884312   => Focus moved to 'capital*com' logo
2024-03-27 22:16:30.884353   => 'Login' form closed
