


Current market - Indices
{'width': 1280, 'height': 800}

2024-03-27 20:27:23.070494   worker_id = master

2024-03-27 20:27:23.070513   0. Allure grouping v4


2024-03-27 20:27:23.070729   START PRECONDITIONS =>


2024-03-27 20:27:23.070746   => flag_of_bug - False

2024-03-27 20:27:23.070758   => Windows size - {'width': 1280, 'height': 800}
2024-03-27 20:27:23.072035   Set windows position at (0, 0) =>
2024-03-27 20:27:23.176728   Set resolution 1280 * 800 =>
2024-03-27 20:27:23.282532   => Windows size is set to {'width': 1280, 'height': 800}

2024-03-27 20:27:24.323102   Капчи нет. Идем дальше

2024-03-27 20:27:24.323199   Работа с куками

2024-03-27 20:27:24.323213   => Prev. country - 'de'
2024-03-27 20:27:24.323223   => Country set to 'de'

2024-03-27 20:27:24.323233   => Prev. language - 'hu'
2024-03-27 20:27:24.323242   => Language is set to 'hu'

2024-03-27 20:27:24.323251   => Prev. role - 'NoAuth'
2024-03-27 20:27:24.323260   => The 'NoAuth' role is set

2024-03-27 20:27:24.325978   => THE END PRECONDITIONS

2024-03-27 20:27:24.326036   1. Arrange for 'Trading instrument' widget: 'Indices' market
2024-03-27 20:27:24.326052   current_page = https://capital.com/hu
2024-03-27 20:27:24.328522   link = https://capital.com/hu
2024-03-27 20:27:24.330871   IS 'Trading instrument' widget present on this page? =>
2024-03-27 20:27:24.335512   => 'Trading instrument' widget present on this page!

2024-03-27 20:27:24.335533   IS 'Trading instrument' widget visible on this page? =>
2024-03-27 20:27:24.346007   => 'Trading instrument' widget is visible on this page!

2024-03-27 20:27:24.346032   IS MARKET 'Indices' present on this page? =>
2024-03-27 20:27:24.353533   => MARKET 'Indices' present on this page!

2024-03-27 20:27:24.353555   IS MARKET 'Indices' visible on this page? =>
2024-03-27 20:27:24.376370   => MARKET 'Indices' is visible on this page!

2024-03-27 20:27:24.376393   Start Click Tab 'Indices' MARKET =>
2024-03-27 20:27:24.385527   Check that Tab 'Indices' MARKET is clickable =>
2024-03-27 20:27:24.401634   => Tab 'Indices' MARKET is clickable
2024-03-27 20:27:24.439130   => End Click Tab 'Indices' MARKET

2024-03-27 20:27:24.439168   Is Instruments present? =>
2024-03-27 20:27:24.445063   => Instruments is present on this page!

2024-03-27 20:27:24.445090   Is Instruments visible? =>
2024-03-27 20:27:24.455879   => Instruments is visible on this page!

2024-03-27 20:27:24.455902   Start find random buttons [Trade] on the TAB 'Indices'=>
2024-03-27 20:27:24.455928   => End find '2' random buttons [Trade] from list [5, 2] on the TAB 'Indices'

2024-03-27 20:27:24.456107   2. Act for 'Trading instrument' widget and 'Indices' tab 5-item from item list [5, 2]
2024-03-27 20:27:24.456160   Start Click button TAB 'Indices' in METHOD: element_click =>
2024-03-27 20:27:24.464384   IS MARKET 'Indices' visible on this page? =>
2024-03-27 20:27:24.474799   Check that MARKET 'Indices' is visible on this page =>
2024-03-27 20:27:24.486959   => MARKET 'Indices' is visible on this page!
2024-03-27 20:27:24.486982   Tab 'Indices' MARKET is scroll =>
2024-03-27 20:27:24.494677   => Tab 'Indices' MARKET is scrolled
2024-03-27 20:27:24.494699   Check that Tab 'Indices' MARKET is clickable =>
2024-03-27 20:27:24.505355   => Tab 'Indices' MARKET is clickable
2024-03-27 20:27:24.525325   => End Click Tab 'Indices' MARKET

2024-03-27 20:27:24.525348   Start click button [Trade] =>
2024-03-27 20:27:24.574779   => Button [Trade] for 5-item clicked!


2024-03-27 20:27:24.575022   3. Assert_Login_v0
2024-03-27 20:27:24.575107   Check that 'Login' form is opened
2024-03-27 20:27:24.816266   'Login' form opened
2024-03-27 20:27:24.816307   Assert LOGIN_REF_SIGNUP =>
2024-03-27 20:27:24.827057   Assert LOGIN_CHECKBOX =>
2024-03-27 20:27:24.841051   Assert LOGIN_PASS_FORGOT =>
2024-03-27 20:27:24.854073   => 'Login' form is checked
2024-03-27 20:27:24.873057   Click 'Close' button on 'Login' form =>
2024-03-27 20:27:25.212654   => Focus moved to 'capital*com' logo
2024-03-27 20:27:25.212692   => 'Login' form closed
2024-03-27 20:27:25.912038   2. Act for 'Trading instrument' widget and 'Indices' tab 2-item from item list [5, 2]
2024-03-27 20:27:25.912104   Start Click button TAB 'Indices' in METHOD: element_click =>
2024-03-27 20:27:25.951752   IS MARKET 'Indices' visible on this page? =>
2024-03-27 20:27:25.970958   Check that MARKET 'Indices' is visible on this page =>
2024-03-27 20:27:25.988039   => MARKET 'Indices' is visible on this page!
2024-03-27 20:27:25.988078   Tab 'Indices' MARKET is scroll =>
2024-03-27 20:27:25.998974   => Tab 'Indices' MARKET is scrolled
2024-03-27 20:27:25.999003   Check that Tab 'Indices' MARKET is clickable =>
2024-03-27 20:27:26.011826   => Tab 'Indices' MARKET is clickable
2024-03-27 20:27:26.075029   => End Click Tab 'Indices' MARKET

2024-03-27 20:27:26.075080   Start click button [Trade] =>
2024-03-27 20:27:26.205574   => Button [Trade] for 2-item clicked!


2024-03-27 20:27:26.205840   3. Assert_Login_v0
2024-03-27 20:27:26.205935   Check that 'Login' form is opened
2024-03-27 20:27:26.566237   'Login' form opened
2024-03-27 20:27:26.566290   Assert LOGIN_REF_SIGNUP =>
2024-03-27 20:27:26.577855   Assert LOGIN_CHECKBOX =>
2024-03-27 20:27:26.590802   Assert LOGIN_PASS_FORGOT =>
2024-03-27 20:27:26.605101   => 'Login' form is checked
2024-03-27 20:27:26.625259   Click 'Close' button on 'Login' form =>
2024-03-27 20:27:26.962630   => Focus moved to 'capital*com' logo
2024-03-27 20:27:26.962677   => 'Login' form closed
