{'width': 1280, 'height': 800}

2024-03-27 22:38:08.217008   worker_id = master

2024-03-27 22:38:08.217021   0. Allure grouping v4


2024-03-27 22:38:08.217215   START PRECONDITIONS =>


2024-03-27 22:38:08.217231   => flag_of_bug - False

2024-03-27 22:38:08.217242   => Windows size - {'width': 1280, 'height': 800}
2024-03-27 22:38:08.218504   Set windows position at (0, 0) =>
2024-03-27 22:38:08.320510   Set resolution 1280 * 800 =>
2024-03-27 22:38:08.422742   => Windows size is set to {'width': 1280, 'height': 800}

2024-03-27 22:38:09.459615   Капчи нет. Идем дальше

2024-03-27 22:38:09.459699   Работа с куками

2024-03-27 22:38:09.459713   => Prev. country - 'de'
2024-03-27 22:38:09.459723   => Country set to 'de'

2024-03-27 22:38:09.459732   => Prev. language - 'hu'
2024-03-27 22:38:09.459742   => Language is set to 'hu'

2024-03-27 22:38:09.459751   => Prev. role - 'NoAuth'
2024-03-27 22:38:09.459760   => The 'NoAuth' role is set

2024-03-27 22:38:09.462359   => THE END PRECONDITIONS

2024-03-27 22:38:09.462555   1. Arrange_v0
2024-03-27 22:38:09.462573   current_page = https://capital.com/hu
2024-03-27 22:38:09.466960   link = https://capital.com/hu/forward-szerzodesek-ismertetese
2024-03-27 22:38:09.469303   Current page URL = https://capital.com/hu
2024-03-27 22:38:09.471574   self.link = https://capital.com/hu/forward-szerzodesek-ismertetese
2024-03-27 22:38:09.471588   link = https://capital.com/hu/forward-szerzodesek-ismertetese
2024-03-27 22:38:11.085260   => Loaded page https://capital.com/hu/forward-szerzodesek-ismertetese
2024-03-27 22:38:11.089546   BUTTON_CREATE_YOUR_ACCOUNT is located on the page? =>

2024-03-27 22:38:11.095260   2. Act_v0: Define of locator

2024-03-27 22:38:11.095287   2. Act_v0: Go to web element

2024-03-27 22:38:12.145488   2. Act_v0: Click web element
2024-03-27 22:38:12.170680   => BUTTON_CREATE_YOUR_ACCOUNT is clicked

2024-03-27 22:38:12.170892   3. Assert_v0
2024-03-27 22:38:12.170984   Start step Check that [Sign up] form is opened
2024-03-27 22:38:12.456254   'Sign up' form opened
2024-03-27 22:38:12.456293   Assert SIGNUP_HEADER =>
2024-03-27 22:38:12.467556   Assert SIGNUP_REF_LOGIN =>
2024-03-27 22:38:12.478509   Assert SIGNUP_PRIVACY_POLICY_ALL_2 =>
2024-03-27 22:38:12.491310   => SIGNUP_PRIVACY_POLICY_ALL
2024-03-27 22:38:12.491340   => 'Signup' form is checked
2024-03-27 22:38:12.491512   Start step Close [Sign up] form =>
2024-03-27 22:38:12.542854   => 'Signup' form closed
2024-03-27 22:38:12.817842   => Focus moved to 'capital*com' logo
