


Current sort - Most volatile
{'width': 1280, 'height': 800}

2024-03-27 20:49:57.021305   worker_id = master

2024-03-27 20:49:57.021323   0. Allure grouping v4


2024-03-27 20:49:57.021525   START PRECONDITIONS =>


2024-03-27 20:49:57.021541   => flag_of_bug - False

2024-03-27 20:49:57.021552   => Windows size - {'width': 1280, 'height': 800}
2024-03-27 20:49:57.022809   Set windows position at (0, 0) =>
2024-03-27 20:49:57.125818   Set resolution 1280 * 800 =>
2024-03-27 20:49:57.228041   => Windows size is set to {'width': 1280, 'height': 800}

2024-03-27 20:49:58.273218   Капчи нет. Идем дальше

2024-03-27 20:49:58.273306   Работа с куками

2024-03-27 20:49:58.273320   => Prev. country - 'au'
2024-03-27 20:49:58.273330   => Country set to 'au'

2024-03-27 20:49:58.273339   => Prev. language - 'hu'
2024-03-27 20:49:58.273348   => Language is set to 'hu'

2024-03-27 20:49:58.273357   => Prev. role - 'NoAuth'
2024-03-27 20:49:58.273366   => The 'NoAuth' role is set

2024-03-27 20:49:58.276185   => THE END PRECONDITIONS

2024-03-27 20:49:58.276379   START Open "Markets" menu, "Indices" submenu =>

2024-03-27 20:49:58.276394   1. Cur URL = https://capital.com/hu/elo-reszvenyarak

2024-03-27 20:49:58.278908   2. Link = https://capital.com/hu/elo-reszvenyarak
2024-03-27 20:49:58.278923   current_page = https://capital.com/hu/elo-reszvenyarak
2024-03-27 20:49:58.281473   link = https://capital.com/hu/elo-reszvenyarak
2024-03-27 20:49:58.792679   => 'Markets' menu is present
2024-03-27 20:49:58.809857   => 'Markets' menu is visible
2024-03-27 20:50:00.072896   => Focus moved to 'Markets' menu
2024-03-27 20:50:01.509614   => Focus moved to 'Shares' submenu and clicked
2024-03-27 20:50:01.825299   => Focus moved to 'capital*com' logo

2024-03-27 20:50:01.825335   3. Cur URL = https://capital.com/hu/elo-reszvenyarak

2024-03-27 20:50:01.830974   1. Arrange for Trading instrument and "Most volatile" cur_sort
2024-03-27 20:50:01.831008   current_page = https://capital.com/hu/elo-reszvenyarak
2024-03-27 20:50:01.833846   link = https://capital.com/hu/elo-reszvenyarak
2024-03-27 20:50:01.836201   IS TABLE_TRADING_INSTRUMENTS  present on the  page? =>
2024-03-27 20:50:01.841338   => TABLE_TRADING_INSTRUMENTS is present on the page!
2024-03-27 20:50:01.841359   IS FIELD_DROPDOWN_SORT present in the table? =>
2024-03-27 20:50:01.845831   =>  FIELD_DROPDOWN_SORT is present in the table!
2024-03-27 20:50:01.845852   Start scroll and click FIELD_DROPDOWN_SORT =>
2024-03-27 20:50:02.621340   Is item_sort_list visible on the FIELD_DROPDOWN_SORT ? =>
2024-03-27 20:50:03.144682   => item_sort_list is visible on the FIELD_DROPDOWN_SORT!
2024-03-27 20:50:03.144723   Is cur_sort "Most volatile" present in item_sort_list? =>
2024-03-27 20:50:03.153011   => cur_sort "Most volatile" is present in item_sort_list!
2024-03-27 20:50:03.153035   Start click cur_sort "Most volatile" =>
2024-03-27 20:50:03.807101   => End Click cur_sort "Most volatile"

2024-03-27 20:50:03.807148   Buttons [Buy] is visible and quantity buttons not zero? =>
2024-03-27 20:50:03.818554   => Buttons [Buy] is visible and quantity buttons not zero!

2024-03-27 20:50:03.818586   Start find two random buttons [Buy] on cur_sort "Most volatile"=>
2024-03-27 20:50:03.824898   => End find two random buttons [Buy] on the cur_sort "Most volatile"


2024-03-27 20:50:03.824922   Item_list = [2]
2024-03-27 20:50:03.825085   Start Checking that form [Sign up] popped up on the page =>
2024-03-27 20:50:05.370319   '[Sign up]' form was not popped up
2024-03-27 20:50:05.370522   2. Act for trading instrument and "Most volatile" cur_sort
2024-03-27 20:50:05.370538   Start click button [Buy] =>
2024-03-27 20:50:06.243834   =>   BUTTON_BUY with item 22770954530804932 clicked!


2024-03-27 20:50:06.244065   3. Assert_Login_v0
2024-03-27 20:50:06.244183   Check that 'Login' form is opened
2024-03-27 20:50:09.305510   'Login' form not opened
2024-03-27 20:50:09.305694   Check that new 'Login' form is opened
2024-03-27 20:50:12.406907   => New 'Login' form not opened
2024-03-27 20:50:12.409806   'Login' page not opened
2024-03-27 20:50:15.475534   'Login' form on trading platform not opened
2024-03-27 20:50:15.475727   Start step Check that [Sign up] form is opened
2024-03-27 20:50:18.541277   'Sign up' form not opened
2024-03-27 20:50:18.541466   Start step Check that new [Sign up] form is opened
2024-03-27 20:50:21.611785   => new 'Sign up' form not opened
2024-03-27 20:50:21.611978   Start method Check that [Sign up] page opened =>
2024-03-27 20:50:22.616341   'Sign up' page not opened
2024-03-27 20:50:22.616551   Check that [Sign up] form on trading platform opened =>
2024-03-27 20:50:25.684560   'Sign up' form on trading platform page not opened

Bug: 

2024-03-27 20:50:25.684642   Проверка бага в таблице ретеста  =>

 gs = GoogleSheet() - создаем объект gs # 1: <tests.ReTestsAuto.GoogleSheets.googlesheets.GoogleSheet object at 0x7f3b1c9ff2f0>

2024-03-27 20:50:25.687527  Для бага: Bid-08 необходимо использовать проверку на ретест!!!
