Current test role - NoReg

{'width': 1280, 'height': 800}

2024-03-27 22:18:19.400917   worker_id = master

2024-03-27 22:18:19.400943   0. Allure grouping v4


2024-03-27 22:18:19.401265   START PRECONDITIONS =>


2024-03-27 22:18:19.401290   => flag_of_bug - False

2024-03-27 22:18:19.401309   => Windows size - {'width': 1280, 'height': 800}
2024-03-27 22:18:19.403179   Set windows position at (0, 0) =>
2024-03-27 22:18:19.512082   Set resolution 1280 * 800 =>
2024-03-27 22:18:19.617592   => Windows size is set to {'width': 1280, 'height': 800}

2024-03-27 22:18:20.665668   Капчи нет. Идем дальше

2024-03-27 22:18:20.665748   Работа с куками
2024-03-27 22:18:20.665761   => Prev. role - 'Auth'
2024-03-27 22:18:20.665771   => Current testing role - 'NoReg'
2024-03-27 22:18:20.665780   All cookies must be delete =>

2024-03-27 22:18:20.724554   => All cookies are deleted
2024-03-27 22:18:20.724580   Current page URL = https://capital.com/hu/us-cocoa-cash-aru
2024-03-27 22:18:20.727059   self.link = https://capital.com
2024-03-27 22:18:20.727073   link = https://capital.com
2024-03-27 22:18:22.268579   => Loaded page https://capital.com/

2024-03-27 22:18:22.271744   Step 'Click button [Accept all cookies]'
2024-03-27 22:18:22.271760   Is Visible Button [Accept all cookies]? =>
2024-03-27 22:18:22.288012   => Button [Accept all cookies] is visible
2024-03-27 22:18:22.788141   Is clickable Button [Accept all cookies] =>
2024-03-27 22:18:22.807297   => Button [Accept all cookies] is clickable
2024-03-27 22:18:22.807324   Click Button [Accept all cookies] =>
2024-03-27 22:18:22.973772   => Button [Accept all cookies] is clicked
2024-03-27 22:18:22.973815   => Accepted All Cookies

2024-03-27 22:18:23.474032   => Prev. country - '?'
2024-03-27 22:18:23.474085   Set 'au' country =>
2024-03-27 22:18:23.489957   => Language and Country menu is present
2024-03-27 22:18:23.502922   => Language and Country menu is visible
2024-03-27 22:18:24.782598   => Focus is moved on Language and Country menu 
2024-03-27 22:18:27.256819   => Cur url = https://capital.com/?country=au
2024-03-27 22:18:27.336297   => Country set to 'au'

2024-03-27 22:18:27.336326   => Prev. language - '?'
2024-03-27 22:18:27.336336   Set 'hu' language =>
2024-03-27 22:18:27.348656   => Language and Country menu is present
2024-03-27 22:18:27.359888   => Language and Country menu is visible
2024-03-27 22:18:28.632869   => Focus is moved on Language and Country menu 
2024-03-27 22:18:28.641276   Move focus on hu item and click =>
2024-03-27 22:18:30.171014   => Focus moved on hu item and clicked
2024-03-27 22:18:30.171061   => Cur url = https://capital.com/hu
2024-03-27 22:18:30.177772   => Language is set to 'hu'

2024-03-27 22:18:30.177798   => Prev. role - 'Auth'
2024-03-27 22:18:30.177815   => The 'NoReg' role is set

2024-03-27 22:18:30.183378   => THE END PRECONDITIONS

2024-03-27 22:18:30.183594   1. Arrange_v0
2024-03-27 22:18:30.183612   current_page = https://capital.com/hu
2024-03-27 22:18:30.205387   link = https://capital.com/hu/us-cocoa-cash-aru
2024-03-27 22:18:30.207817   Current page URL = https://capital.com/hu
2024-03-27 22:18:30.210114   self.link = https://capital.com/hu/us-cocoa-cash-aru
2024-03-27 22:18:30.210128   link = https://capital.com/hu/us-cocoa-cash-aru
2024-03-27 22:18:31.775671   => Loaded page https://capital.com/hu/us-cocoa-cash-aru
2024-03-27 22:18:31.782236   BUTTON_ADD_TO_FAVOURITE is located on the page? =>
2024-03-27 22:18:31.790160   => BUTTON_ADD_TO_FAVOURITE is located on the page!
2024-03-27 22:18:31.790324   Start Checking that form [Sign up] popped up on the page =>
2024-03-27 22:18:33.318737   '[Sign up]' form was not popped up

2024-03-27 22:18:33.318921   2. Act_v0
2024-03-27 22:18:33.324056   BUTTON_ADD_TO_FAVOURITE is present? =>
2024-03-27 22:18:33.324078   => BUTTON_ADD_TO_FAVOURITE is present on the page
2024-03-27 22:18:33.324087   BUTTON_ADD_TO_FAVOURITE scroll =>
2024-03-27 22:18:33.327802   => BUTTON_ADD_TO_FAVOURITE scrolled
2024-03-27 22:18:33.343982   BUTTON_ADD_TO_FAVOURITE is clickable? =>
2024-03-27 22:18:33.355074   BUTTON_ADD_TO_FAVOURITE CLICK =>
2024-03-27 22:18:33.389345   => BUTTON_ADD_TO_FAVOURITE clicked!
Trade instrument from element click is US Cocoa
Trade instrument from Full test is US Cocoa
Test element is <pages.Elements.AssertClass.AssertClass object at 0x7f9ae9288140>

2024-03-27 22:18:33.389600   3. Assert_v0
2024-03-27 22:18:33.389689   Start step Check that [Sign up] form is opened
2024-03-27 22:18:33.635470   'Sign up' form opened
2024-03-27 22:18:33.635517   Assert SIGNUP_HEADER =>
2024-03-27 22:18:33.653403   Assert SIGNUP_REF_LOGIN =>
2024-03-27 22:18:33.667792   Assert SIGNUP_PRIVACY_POLICY_ALL_2 =>
2024-03-27 22:18:33.686448   => SIGNUP_PRIVACY_POLICY_ALL
2024-03-27 22:18:33.686487   => 'Signup' form is checked
2024-03-27 22:18:33.686674   Start step Close [Sign up] form =>
2024-03-27 22:18:33.763306   => 'Signup' form closed
2024-03-27 22:18:34.047003   => Focus moved to 'capital*com' logo
