


Current sort - Most traded
{'width': 1280, 'height': 800}

2024-03-27 20:47:51.008687   worker_id = master

2024-03-27 20:47:51.008704   0. Allure grouping v4


2024-03-27 20:47:51.008906   START PRECONDITIONS =>


2024-03-27 20:47:51.008922   => flag_of_bug - True
2024-03-27 20:47:51.008934   Current page URL = https://capital.com/hu/elo-reszvenyarak
2024-03-27 20:47:51.011917   self.link = https://capital.com
2024-03-27 20:47:51.011930   link = https://capital.com
2024-03-27 20:47:52.779283   => Loaded page https://capital.com/

2024-03-27 20:47:52.784288   => Windows size - {'width': 1280, 'height': 800}
2024-03-27 20:47:52.785607   Set windows position at (0, 0) =>
2024-03-27 20:47:52.887865   Set resolution 1280 * 800 =>
2024-03-27 20:47:52.990322   => Windows size is set to {'width': 1280, 'height': 800}

2024-03-27 20:47:54.020430   Капчи нет. Идем дальше

2024-03-27 20:47:54.020513   Работа с куками

2024-03-27 20:47:54.020526   => Prev. country - 'au'
2024-03-27 20:47:54.020536   => Country set to 'au'

2024-03-27 20:47:54.020545   => Prev. language - 'hu'
2024-03-27 20:47:54.020554   Set 'hu' language =>
2024-03-27 20:47:54.030895   => Language and Country menu is present
2024-03-27 20:47:54.044908   => Language and Country menu is visible
2024-03-27 20:47:55.316342   => Focus is moved on Language and Country menu 
2024-03-27 20:47:55.325199   Move focus on hu item and click =>
2024-03-27 20:47:56.910543   => Focus moved on hu item and clicked
2024-03-27 20:47:56.910588   => Cur url = https://capital.com/hu
2024-03-27 20:47:56.922837   => Language is set to 'hu'

2024-03-27 20:47:56.922863   => Prev. role - 'NoAuth'
2024-03-27 20:47:56.922873   => The 'NoAuth' role is set

2024-03-27 20:47:56.944102   => THE END PRECONDITIONS

2024-03-27 20:47:56.944443   START Open "Markets" menu, "Indices" submenu =>

2024-03-27 20:47:56.944462   1. Cur URL = https://capital.com/hu

2024-03-27 20:47:56.954579   2. Link = https://capital.com/hu
2024-03-27 20:47:56.954600   current_page = https://capital.com/hu
2024-03-27 20:47:56.957326   link = https://capital.com/hu
2024-03-27 20:47:57.472546   => 'Markets' menu is present
2024-03-27 20:47:57.493878   => 'Markets' menu is visible
2024-03-27 20:47:58.764417   => Focus moved to 'Markets' menu
2024-03-27 20:48:00.271861   => Focus moved to 'Shares' submenu and clicked
2024-03-27 20:48:00.543961   => Focus moved to 'capital*com' logo

2024-03-27 20:48:00.543999   3. Cur URL = https://capital.com/hu/elo-reszvenyarak

2024-03-27 20:48:00.549345   1. Arrange for TABLE_TRADING_INSTRUMENTS and 'Most traded' cur_sort
2024-03-27 20:48:00.549368   current_page = https://capital.com/hu/elo-reszvenyarak
2024-03-27 20:48:00.551725   link = https://capital.com/hu/elo-reszvenyarak
2024-03-27 20:48:00.554059   TABLE_TRADING_INSTRUMENTS present on this page? =>
2024-03-27 20:48:00.561800   => TABLE_TRADING_INSTRUMENTS is present on the page!
2024-03-27 20:48:00.561822   IS FIELD_DROPDOWN_SORT present in the Live prices table? =>
2024-03-27 20:48:00.568761   =>  FIELD_DROPDOWN_SORT is present in the Live prices table!
2024-03-27 20:48:00.568785   Start scroll and click FIELD_DROPDOWN_SORT =>
2024-03-27 20:48:00.666059   Is item_sort_list visible on the FIELD_DROPDOWN_SORT ? =>
2024-03-27 20:48:00.717212   => item_sort_list is visible on the FIELD_DROPDOWN_SORT!
2024-03-27 20:48:00.717266   Is cur_sort "Most traded" present in item_sort_list? =>
2024-03-27 20:48:00.735152   => cur_sort "Most traded" is present in item_sort_list!
2024-03-27 20:48:00.735186   Start click cur_sort "Most traded" =>
2024-03-27 20:48:01.365953   => End Click cur_sort "Most traded"

2024-03-27 20:48:01.366005   Buttons [Sell] is visible and sum buttons no zero? =>
2024-03-27 20:48:01.418350   => Buttons [Sell] is visible and sum buttons no zero!

2024-03-27 20:48:01.418390   Start find 1 random buttons [Sell] on cur_sort "Most traded"=>
2024-03-27 20:48:01.425148   => End find 1 random buttons [Sell] on the cur_sort "Most traded"

2024-03-27 20:48:01.425176   List of random items = [15]
2024-03-27 20:48:01.425341   Start Checking that form [Sign up] popped up on the page =>
2024-03-27 20:48:02.965702   '[Sign up]' form was not popped up
2024-03-27 20:48:02.965913   2. Act for trading instrument and "Most traded" cur_sort
2024-03-27 20:48:02.965929   Start click button [Sell] =>
2024-03-27 20:48:03.132265   =>   BUTTON_SELL with item NIO Inc - ADR clicked!


2024-03-27 20:48:03.132583   3. Assert_Login_v0
2024-03-27 20:48:03.132709   Check that 'Login' form is opened
2024-03-27 20:48:03.382620   'Login' form opened
2024-03-27 20:48:03.382664   Assert LOGIN_REF_SIGNUP =>
2024-03-27 20:48:03.397462   Assert LOGIN_CHECKBOX =>
2024-03-27 20:48:03.412014   Assert LOGIN_PASS_FORGOT =>
2024-03-27 20:48:03.431097   => 'Login' form is checked
2024-03-27 20:48:03.470465   Click 'Close' button on 'Login' form =>
2024-03-27 20:48:03.780208   => Focus moved to 'capital*com' logo
2024-03-27 20:48:03.780253   => 'Login' form closed
