Current country of trading - ae
{'width': 1280, 'height': 800}

2024-03-27 22:19:23.283498   worker_id = master

2024-03-27 22:19:23.283512   0. Allure grouping v4


2024-03-27 22:19:23.283706   START PRECONDITIONS =>


2024-03-27 22:19:23.283722   => flag_of_bug - False

2024-03-27 22:19:23.283733   => Windows size - {'width': 1280, 'height': 800}
2024-03-27 22:19:23.285016   Set windows position at (0, 0) =>
2024-03-27 22:19:23.386871   Set resolution 1280 * 800 =>
2024-03-27 22:19:23.488963   => Windows size is set to {'width': 1280, 'height': 800}

2024-03-27 22:19:24.515001   Капчи нет. Идем дальше

2024-03-27 22:19:24.515081   Работа с куками

2024-03-27 22:19:24.515095   => Prev. country - 'de'
2024-03-27 22:19:24.515104   Set 'ae' country =>
2024-03-27 22:19:24.522736   => Language and Country menu is present
2024-03-27 22:19:24.533576   => Language and Country menu is visible
2024-03-27 22:19:25.813660   => Focus is moved on Language and Country menu 
2024-03-27 22:19:28.347719   => Cur url = https://capital.com/hu/us-cocoa-cash-aru?country=ae
2024-03-27 22:19:28.354763   => Country set to 'ae'

2024-03-27 22:19:28.354800   => Prev. language - 'hu'
2024-03-27 22:19:28.354819   => Language is set to 'hu'

2024-03-27 22:19:28.354833   => Prev. role - 'NoReg'
2024-03-27 22:19:28.354843   => The 'NoReg' role is set

2024-03-27 22:19:28.357309   => THE END PRECONDITIONS

2024-03-27 22:19:28.357513   1. Arrange_v0
2024-03-27 22:19:28.357530   current_page = https://capital.com/hu/us-cocoa-cash-aru?country=ae
2024-03-27 22:19:28.362421   link = https://capital.com/hu/us-cocoa-cash-aru
2024-03-27 22:19:28.382896   Current page URL = https://capital.com/hu/us-cocoa-cash-aru?country=ae
2024-03-27 22:19:28.385553   self.link = https://capital.com/hu/us-cocoa-cash-aru
2024-03-27 22:19:28.385568   link = https://capital.com/hu/us-cocoa-cash-aru
2024-03-27 22:19:29.927701   => Loaded page https://capital.com/hu/us-cocoa-cash-aru
2024-03-27 22:19:29.931704   BUTTON_ADD_TO_FAVOURITE is located on the page? =>
2024-03-27 22:19:29.937089   => BUTTON_ADD_TO_FAVOURITE is located on the page!
2024-03-27 22:19:29.937258   Start Checking that form [Sign up] popped up on the page =>
2024-03-27 22:19:31.462976   '[Sign up]' form was not popped up

2024-03-27 22:19:31.463158   2. Act_v0
2024-03-27 22:19:31.468287   BUTTON_ADD_TO_FAVOURITE is present? =>
2024-03-27 22:19:31.468309   => BUTTON_ADD_TO_FAVOURITE is present on the page
2024-03-27 22:19:31.468319   BUTTON_ADD_TO_FAVOURITE scroll =>
2024-03-27 22:19:31.471516   => BUTTON_ADD_TO_FAVOURITE scrolled
2024-03-27 22:19:31.481800   BUTTON_ADD_TO_FAVOURITE is clickable? =>
2024-03-27 22:19:31.493089   BUTTON_ADD_TO_FAVOURITE CLICK =>
2024-03-27 22:19:31.523997   => BUTTON_ADD_TO_FAVOURITE clicked!
Trade instrument from element click is US Cocoa
Trade instrument from Full test is US Cocoa
Test element is <pages.Elements.AssertClass.AssertClass object at 0x7f9ae90484a0>

2024-03-27 22:19:31.524265   3. Assert_v0
2024-03-27 22:19:31.524358   Start step Check that [Sign up] form is opened
2024-03-27 22:19:31.873273   'Sign up' form opened
2024-03-27 22:19:31.873311   Assert SIGNUP_HEADER =>
2024-03-27 22:19:31.886532   Assert SIGNUP_REF_LOGIN =>
2024-03-27 22:19:31.899381   Assert SIGNUP_PRIVACY_POLICY_ALL_2 =>
2024-03-27 22:19:31.913829   => SIGNUP_PRIVACY_POLICY_ALL
2024-03-27 22:19:31.913869   => 'Signup' form is checked
2024-03-27 22:19:31.914092   Start step Close [Sign up] form =>
2024-03-27 22:19:31.989638   => 'Signup' form closed
2024-03-27 22:19:32.260012   => Focus moved to 'capital*com' logo
