{'width': 1280, 'height': 720}

2024-02-19 22:14:34.623979   worker_id = master

2024-02-19 22:14:34.623996   0. Allure grouping v4


2024-02-19 22:14:34.624187   START PRECONDITIONS =>


2024-02-19 22:14:34.624203   {'width': 1280, 'height': 720}

2024-02-19 22:14:34.625467   Set windows position at (0, 0) =>

2024-02-19 22:14:34.727337   Set resolution 1280 * 720 =>

2024-02-19 22:14:34.829382   => Resolution seted {'width': 1280, 'height': 720}

2024-02-19 22:14:35.855411   Капчи нет. Идем дальше

2024-02-19 22:14:35.855498   Prev. Role: NoReg

2024-02-19 22:14:35.855511   Current role: NoReg

2024-02-19 22:14:36.881188   Капчи нет. Идем дальше

2024-02-19 22:14:36.881273   Prev language: ru

2024-02-19 22:14:36.881286   => Current language: ru

2024-02-19 22:14:37.905717   Капчи нет. Идем дальше

2024-02-19 22:14:37.905808   Prev country: au
2024-02-19 22:14:37.905821   => Current country: au

2024-02-19 22:14:37.905830   => THE END PRECONDITIONS
2024-02-19 22:14:38.411940   => Education menu is present
2024-02-19 22:14:38.427623   element = <selenium.webdriver.remote.webelement.WebElement (session="cdf642841111882615f9496879fa7459", element="E6C2062DD831F8EBDE49B2CCB672C719_element_1286")>
2024-02-19 22:14:38.427656   => Education menu is visible
2024-02-19 22:14:39.691306   => Focus moved to Education menu

2024-02-19 22:14:41.081361   1. Arrange_v0
2024-02-19 22:14:41.087846   BUTTON_CREATE_YOUR_ACCOUNT is located on the page? =>

2024-02-19 22:14:41.102195   2. Act_v0: Define of locator

2024-02-19 22:14:41.102234   2. Act_v0: Go to web element

2024-02-19 22:14:42.188692   2. Act_v0: Click web element
2024-02-19 22:14:42.214180   => BUTTON_CREATE_YOUR_ACCOUNT is clicked

2024-02-19 22:14:42.214397   3. Assert_v0
2024-02-19 22:14:42.214482   Start step Check that [Sign up] form is opened
2024-02-19 22:14:42.511723   'Sign up' form opened
2024-02-19 22:14:42.511760   Assert SIGNUP_HEADER =>
2024-02-19 22:14:42.524596   Assert SIGNUP_REF_LOGIN =>
2024-02-19 22:14:42.536175   Assert SIGNUP_PRIVACY_POLICY_ALL_2 =>
2024-02-19 22:14:42.547640   => SIGNUP_PRIVACY_POLICY_ALL
2024-02-19 22:14:42.547668   => 'Signup' form is checked
2024-02-19 22:14:42.547844   Start step Close [Sign up] form =>
2024-02-19 22:14:42.627002   => 'Signup' form closed
