{'width': 1280, 'height': 720}

2024-02-19 23:03:43.657044   worker_id = master

2024-02-19 23:03:43.657062   0. Allure grouping v4


2024-02-19 23:03:43.657253   START PRECONDITIONS =>


2024-02-19 23:03:43.657270   {'width': 1280, 'height': 720}

2024-02-19 23:03:43.658546   Set windows position at (0, 0) =>

2024-02-19 23:03:43.760550   Set resolution 1280 * 720 =>

2024-02-19 23:03:43.862849   => Resolution seted {'width': 1280, 'height': 720}

2024-02-19 23:03:44.890931   Капчи нет. Идем дальше

2024-02-19 23:03:44.891020   Prev. Role: NoAuth

2024-02-19 23:03:44.891033   Current role: NoAuth

2024-02-19 23:03:45.927348   Капчи нет. Идем дальше

2024-02-19 23:03:45.927438   Prev language: ru

2024-02-19 23:03:45.927452   => Current language: ru

2024-02-19 23:03:46.959009   Капчи нет. Идем дальше

2024-02-19 23:03:46.959112   Prev country: au
2024-02-19 23:03:46.959126   => Current country: au

2024-02-19 23:03:46.959136   => THE END PRECONDITIONS

2024-02-19 23:03:46.959169   1. Cur URL = https://capital.com/ru/torgovlya-crypto-cfd

2024-02-19 23:03:46.962125   2. Link = https://capital.com/ru
2024-02-19 23:03:46.964768   Current page URL = https://capital.com/ru/torgovlya-crypto-cfd
2024-02-19 23:03:47.831936   => Loaded page https://capital.com/ru
2024-02-19 23:03:48.344077   => Education menu is present
2024-02-19 23:03:48.359728   element = <selenium.webdriver.remote.webelement.WebElement (session="e08dd08c881fd2968d2d773701417c6c", element="F69E3EF9FCF45FD18954E30A9C641554_element_2230")>
2024-02-19 23:03:48.359773   => Education menu is visible
2024-02-19 23:03:49.635740   => Focus moved to Education menu

2024-02-19 23:03:52.111015   1. Arrange_v0
2024-02-19 23:03:52.131538   BUTTON_CREATE_YOUR_ACCOUNT is located on the page? =>

2024-02-19 23:03:52.142388   2. Act_v0: Define of locator

2024-02-19 23:03:52.142426   2. Act_v0: Go to web element

2024-02-19 23:03:53.182158   2. Act_v0: Click web element
2024-02-19 23:03:53.207379   => BUTTON_CREATE_YOUR_ACCOUNT is clicked

2024-02-19 23:03:53.207591   3. Assert_v0
2024-02-19 23:03:53.207682   Start step Check that [Sign up] form is opened
2024-02-19 23:03:53.391222   'Sign up' form opened
2024-02-19 23:03:53.391261   Assert SIGNUP_HEADER =>
2024-02-19 23:03:53.402902   Assert SIGNUP_REF_LOGIN =>
2024-02-19 23:03:53.414833   Assert SIGNUP_PRIVACY_POLICY_ALL_2 =>
2024-02-19 23:03:53.427941   => SIGNUP_PRIVACY_POLICY_ALL
2024-02-19 23:03:53.427979   => 'Signup' form is checked
2024-02-19 23:03:53.428145   Start step Close [Sign up] form =>
2024-02-19 23:03:53.527311   => 'Signup' form closed
