{'width': 1280, 'height': 720}

2024-02-19 23:39:09.058478   worker_id = master

2024-02-19 23:39:09.058492   0. Allure grouping v4


2024-02-19 23:39:09.058682   START PRECONDITIONS =>


2024-02-19 23:39:09.058698   {'width': 1280, 'height': 720}

2024-02-19 23:39:09.060008   Set windows position at (0, 0) =>

2024-02-19 23:39:09.161975   Set resolution 1280 * 720 =>

2024-02-19 23:39:09.264180   => Resolution seted {'width': 1280, 'height': 720}

2024-02-19 23:39:10.295450   Капчи нет. Идем дальше

2024-02-19 23:39:10.295537   Prev. Role: NoAuth

2024-02-19 23:39:10.295551   Current role: NoAuth

2024-02-19 23:39:11.328199   Капчи нет. Идем дальше

2024-02-19 23:39:11.328279   Prev language: ru

2024-02-19 23:39:11.328292   => Current language: ru

2024-02-19 23:39:12.359880   Капчи нет. Идем дальше

2024-02-19 23:39:12.359979   Prev country: au
2024-02-19 23:39:12.359993   => Current country: au

2024-02-19 23:39:12.360003   => THE END PRECONDITIONS
2024-02-19 23:39:12.866582   => Education menu is present
2024-02-19 23:39:12.881541   element = <selenium.webdriver.remote.webelement.WebElement (session="9bcda509179da5f3239c59392dec34a4", element="5DD086FDF4A652BCFB539B7D3EF896E0_element_1248")>
2024-02-19 23:39:12.881573   => Education menu is visible
2024-02-19 23:39:14.145214   => Focus moved to Education menu

2024-02-19 23:39:15.536080   1. Arrange_v0
2024-02-19 23:39:15.538642   BUTTON_CREATE_YOUR_ACCOUNT is located on the page? =>

2024-02-19 23:39:15.546747   2. Act_v0: Define of locator

2024-02-19 23:39:15.546771   2. Act_v0: Go to web element

2024-02-19 23:39:16.597091   2. Act_v0: Click web element
2024-02-19 23:39:16.622334   => BUTTON_CREATE_YOUR_ACCOUNT is clicked

2024-02-19 23:39:16.622542   3. Assert_v0
2024-02-19 23:39:16.622629   Start step Check that [Sign up] form is opened
2024-02-19 23:39:18.160816   'Sign up' form opened
2024-02-19 23:39:18.160858   Assert SIGNUP_HEADER =>
2024-02-19 23:39:18.172672   Assert SIGNUP_REF_LOGIN =>
2024-02-19 23:39:18.183690   Assert SIGNUP_PRIVACY_POLICY_ALL_2 =>
2024-02-19 23:39:18.193998   => SIGNUP_PRIVACY_POLICY_ALL
2024-02-19 23:39:18.194026   => 'Signup' form is checked
2024-02-19 23:39:18.194199   Start step Close [Sign up] form =>
2024-02-19 23:39:18.258023   => 'Signup' form closed
