{'width': 1280, 'height': 720}

2023-12-19 07:38:19.438548   worker_id = master

2023-12-19 07:38:19.438562   0. Allure grouping


2023-12-19 07:38:19.438710   START PRECONDITIONS =>


2023-12-19 07:38:19.438724   {'width': 1280, 'height': 720}

2023-12-19 07:38:19.439977   Set windows position at (320, 180) =>

2023-12-19 07:38:19.544523   Set resolution 1280 * 720 =>

2023-12-19 07:38:19.646679   => Resolution seted {'width': 1280, 'height': 720}

2023-12-19 07:38:23.655962   Капчи нет. Тестим дальше

2023-12-19 07:38:23.655999   Prev. Role: Auth

2023-12-19 07:38:23.656009   Current role: Auth

2023-12-19 07:38:23.656018   Prev language: de

2023-12-19 07:38:23.656026   => Current language: de

2023-12-19 07:38:23.656034   Prev country: au

2023-12-19 07:38:23.656042   => Current country: au

2023-12-19 07:38:23.656050   => THE END PRECONDITIONS

2023-12-19 07:38:23.656105   1. Arrange_v0
2023-12-19 07:38:24.104916   Load page https://capital.com/de/differenzkontrakt
2023-12-19 07:38:24.104957   BUTTON_CREATE_YOUR_ACCOUNT is located on the page? =>

2023-12-19 07:38:24.231533   2. Act_v0
2023-12-19 07:38:24.506188   => BUTTON_CREATE_YOUR_ACCOUNT is clicked

2023-12-19 07:38:24.506523   3. Assert_v4
2023-12-19 07:38:24.506671   Checking that the trading platform page has opened (v4) =>
2023-12-19 07:38:25.047767   => Current page title: Trading Platform | Capital.com
2023-12-19 07:38:25.047956   Checking that the Trading platform LOGO is present on the page =>
2023-12-19 07:38:25.466823   Checking that the Trading platform opened in LIVE mode =>
2023-12-19 07:38:25.480913   => The page with https://capital.com/trading/platform url was opened in lIVE mode
2023-12-19 07:38:25.940750   Load page https://capital.com/de/differenzkontrakt
