{'width': 1280, 'height': 720}

2023-12-19 09:15:42.281212   worker_id = master

2023-12-19 09:15:42.281240   0. Allure grouping


2023-12-19 09:15:42.281565   START PRECONDITIONS =>


2023-12-19 09:15:42.281596   {'width': 1280, 'height': 720}

2023-12-19 09:15:42.394995   Set windows position at (320, 180) =>

2023-12-19 09:15:42.536755   Set resolution 1280 * 720 =>

2023-12-19 09:15:42.641359   => Resolution seted {'width': 1280, 'height': 720}

2023-12-19 09:15:46.653095   Капчи нет. Тестим дальше

2023-12-19 09:15:46.653140   Prev. Role: NoReg

2023-12-19 09:15:46.653151   Current role: NoReg

2023-12-19 09:15:46.653159   Prev language: de

2023-12-19 09:15:46.653167   => Current language: de

2023-12-19 09:15:46.653175   Prev country: au

2023-12-19 09:15:46.653183   => Current country: au

2023-12-19 09:15:46.653191   => THE END PRECONDITIONS

2023-12-19 09:15:46.653249   1. Arrange_v0
2023-12-19 09:15:46.656050   BUTTON_SELL_IN_CONTENT_BLOCK is located on the page? =>
2023-12-19 09:15:46.663664   => BUTTON_SELL_IN_CONTENT_BLOCK is located on the page!

2023-12-19 09:15:46.663799   2. Act_v0
2023-12-19 09:15:46.668528   BUTTON_SELL_IN_CONTENT_BLOCK is present? =>
2023-12-19 09:15:46.668555   => BUTTON_SELL_IN_CONTENT_BLOCK is present on the page!
2023-12-19 09:15:46.668565   BUTTON_SELL_IN_CONTENT_BLOCK scroll =>
2023-12-19 09:15:46.734651   => BUTTON_SELL_IN_CONTENT_BLOCK clicked!

2023-12-19 09:15:46.734851   3. Assert_v0
2023-12-19 09:15:46.734925   Start step Check that [Sign up] form is opened
2023-12-19 09:15:46.893275   'Sign up' form opened
2023-12-19 09:15:46.893318   Assert SIGNUP_HEADER =>
2023-12-19 09:15:46.906399   Assert SIGNUP_REF_LOGIN =>
2023-12-19 09:15:46.919212   Assert SIGNUP_PRIVACY_POLICY_ALL_2 =>
2023-12-19 09:15:46.931055   => SIGNUP_PRIVACY_POLICY_ALL
2023-12-19 09:15:46.931085   => 'Signup' form is checked
2023-12-19 09:15:46.931229   Start step Close [Sign up] form =>
2023-12-19 09:15:47.021677   => 'Signup' form closed
