{'width': 1280, 'height': 800}

2024-03-20 07:45:19.011529   worker_id = master

2024-03-20 07:45:19.011547   0. Allure grouping v4


2024-03-20 07:45:19.011750   START PRECONDITIONS =>


2024-03-20 07:45:19.011766   => flag_of_bug - True
2024-03-20 07:45:19.011779   Current page URL = https://capital.com/trade-neo
2024-03-20 07:45:19.747489   => Loaded page https://capital.com/

2024-03-20 07:45:19.751231   => Windows size - {'width': 1280, 'height': 800}
2024-03-20 07:45:19.755799   Set windows position at (0, 0) =>
2024-03-20 07:45:19.858684   Set resolution 1280 * 800 =>
2024-03-20 07:45:19.961131   => Windows size is set to {'width': 1280, 'height': 800}

2024-03-20 07:45:20.995365   Капчи нет. Идем дальше

2024-03-20 07:45:20.995458   Работа с куками

2024-03-20 07:45:20.995472   => Prev. country - 'au'
2024-03-20 07:45:20.995482   => Country set to 'au'

2024-03-20 07:45:20.995491   => Prev. language - 'en'
2024-03-20 07:45:20.995501   Set 'en' language =>
2024-03-20 07:45:21.003061   => Language and Country menu is present
2024-03-20 07:45:21.013439   => Language and Country menu is visible
2024-03-20 07:45:22.288761   => Focus is moved on Language and Country menu 
2024-03-20 07:45:22.294674   Move focus on en item and click =>
2024-03-20 07:45:23.670220   => Focus moved on en item and clicked
2024-03-20 07:45:23.670263   => Cur url = https://capital.com/
2024-03-20 07:45:23.701202   => Language is set to 'en'

2024-03-20 07:45:23.701245   => Prev. role - 'NoReg'
2024-03-20 07:45:23.701259   => The 'NoReg' role is set

2024-03-20 07:45:23.705248   => THE END PRECONDITIONS

2024-03-20 07:45:23.705313   1. Arrange_v0
2024-03-20 07:45:23.707755   Current page URL = https://capital.com/
2024-03-20 07:45:24.513457   => Loaded page https://capital.com/trade-neo

2024-03-20 07:45:24.528080   2. Act_v0
2024-03-20 07:45:24.528109   BUTTON_GET_STARTED_ON_STICKY_BAR is present? =>
2024-03-20 07:45:24.532793   => BUTTON_GET_STARTED_ON_STICKY_BAR is present on the page!
2024-03-20 07:45:24.532819   BUTTON_GET_STARTED_ON_STICKY_BAR scroll =>
2024-03-20 07:45:24.602666   => BUTTON_GET_STARTED_ON_STICKY_BAR clicked!

2024-03-20 07:45:24.603000   3. Assert_v0
2024-03-20 07:45:24.603152   Start step Check that [Sign up] form is opened
2024-03-20 07:45:24.790488   'Sign up' form opened
2024-03-20 07:45:24.790529   Assert SIGNUP_HEADER =>
2024-03-20 07:45:24.807609   Assert SIGNUP_REF_LOGIN =>
2024-03-20 07:45:24.824818   Assert SIGNUP_PRIVACY_POLICY_ALL_2 =>
2024-03-20 07:45:24.842520   => SIGNUP_PRIVACY_POLICY_ALL
2024-03-20 07:45:24.842564   => 'Signup' form is checked
2024-03-20 07:45:24.842809   Start step Close [Sign up] form =>
2024-03-20 07:45:24.945559   => 'Signup' form closed
