{'width': 1920, 'height': 1080}
autouse fixture Chrome
Current test language - de
Current country of trading - au



Current test role - NoReg
Current login - aqa.tomelo.an@gmail.com
Current login - iT9Vgqi6d$fiZ*Z

2023-12-19 07:57:53.266741   Работает obj <US_11-02-02-01_Shares_trading_test.TestSharesTradingItems object at 0x7f8abb285cd0> с именем TC_11.02.02.01_01
{'width': 1920, 'height': 1080}

2023-12-19 07:57:53.269520   worker_id = master

2023-12-19 07:57:53.269535   0. Allure grouping

2023-12-19 07:57:53.269693   0. Arrange_0
2023-12-19 07:57:54.086674   Load page https://capital.com


2023-12-19 07:57:54.086998   START PRECONDITIONS =>

2023-12-19 07:57:54.696913   Load page https://capital.com

2023-12-19 07:57:54.696963   {'width': 1920, 'height': 1080}

2023-12-19 07:57:54.725382   Set windows position at (320, 180) =>

2023-12-19 07:57:54.866001   Set resolution 1280 * 720 =>

2023-12-19 07:57:55.031440   => Resolution seted {'width': 1280, 'height': 720}

2023-12-19 07:57:59.065346   Капчи нет. Тестим дальше

2023-12-19 07:57:59.065392   Prev. Role: ?

2023-12-19 07:57:59.065402   Run preconditions: set "NoReg" Role =>
2023-12-19 07:57:59.413907   Load page https://capital.com

2023-12-19 07:57:59.773175   => All cookies are deleted
2023-12-19 07:58:00.283060   Load page https://capital.com

2023-12-19 07:58:00.283274   Click button [Accept all cookies]
2023-12-19 07:58:00.283294   Is Visible BUTTON_ACCEPT_ALL_COOKIE? =>
2023-12-19 07:58:04.173610   Find BUTTON_ACCEPT_ALL_COOKIE =>
2023-12-19 07:58:04.181010   => BUTTON_ACCEPT_ALL_COOKIE presented
2023-12-19 07:58:04.181035   Is clickable BUTTON_ACCEPT_ALL_COOKIE? =>
2023-12-19 07:58:04.198958   Click BUTTON_ACCEPT_ALL_COOKIE =>
2023-12-19 07:58:05.243596   => BUTTON_ACCEPT_ALL_COOKIE is clicked
2023-12-19 07:58:05.243640   => Accepted All Cookies

2023-12-19 07:58:06.243829   Current role: NoReg

2023-12-19 07:58:06.243881   Prev language: ?

2023-12-19 07:58:06.243892   Run preconditions: set "de" language =>


2023-12-19 07:58:06.252803   => Language and Country menu is present


2023-12-19 07:58:06.266077   => Language and Country menu is visible


2023-12-19 07:58:08.037172   => Focus is moved on Language and Country menu 

2023-12-19 07:58:09.569411   => Current language: de

2023-12-19 07:58:09.569454   Prev country: ?

2023-12-19 07:58:09.569464   Run preconditions: set "au" country =>


2023-12-19 07:58:09.575728   => Language and Country menu is present


2023-12-19 07:58:09.625959   => Language and Country menu is visible


2023-12-19 07:58:11.402867   => Focus is moved on Language and Country menu 

2023-12-19 07:58:14.471658   => Current country: au

2023-12-19 07:58:14.471707   => THE END PRECONDITIONS

2023-12-19 07:58:14.471756   1. Arrange_v0
2023-12-19 07:58:15.180311   Load page https://capital.com/de/trade-alibaba
2023-12-19 07:58:15.428919   BUTTON_START_TRADING scroll =>
2023-12-19 07:58:15.437654   BUTTON_START_TRADING is visible? =>
2023-12-19 07:58:15.477110   => BUTTON_START_TRADING is visible on the page!

2023-12-19 07:58:15.477260   2. Act_v0
2023-12-19 07:58:15.477274   Start Click button [Start Trading] =>
2023-12-19 07:58:15.487754   BUTTON_START_TRADING is clickable? =>
2023-12-19 07:58:15.503644   BUTTON_START_TRADING click =>
2023-12-19 07:58:15.548783   => BUTTON_START_TRADING clicked

2023-12-19 07:58:15.549060   3. Assert_v0
2023-12-19 07:58:15.549162   Start step Check that [Sign up] form is opened
2023-12-19 07:58:16.522569   'Sign up' form opened
2023-12-19 07:58:16.522611   Assert SIGNUP_HEADER =>
2023-12-19 07:58:16.542019   Assert SIGNUP_REF_LOGIN =>
2023-12-19 07:58:16.591144   Assert SIGNUP_PRIVACY_POLICY_ALL_2 =>
2023-12-19 07:58:16.610577   => SIGNUP_PRIVACY_POLICY_ALL
2023-12-19 07:58:16.610608   => 'Signup' form is checked
2023-12-19 07:58:16.610769   Start step Close [Sign up] form =>
2023-12-19 07:58:16.701641   => 'Signup' form closed
