{'width': 1280, 'height': 720}

2023-12-14 19:44:03.182679   worker_id = master

2023-12-14 19:44:03.182693   0. Allure grouping


2023-12-14 19:44:03.182837   START PRECONDITIONS =>


2023-12-14 19:44:03.182852   {'width': 1280, 'height': 720}

2023-12-14 19:44:03.184207   Set windows position at (320, 180) =>

2023-12-14 19:44:03.286308   Set resolution 1280 * 720 =>

2023-12-14 19:44:03.388535   => Resolution seted {'width': 1280, 'height': 720}

2023-12-14 19:44:07.404561   Капчи нет. Тестим дальше

2023-12-14 19:44:07.404609   Prev. Role: NoReg

2023-12-14 19:44:07.404619   Current role: NoReg

2023-12-14 19:44:07.404627   Prev language: en

2023-12-14 19:44:07.404635   => Current language: en

2023-12-14 19:44:07.404643   Prev country: de

2023-12-14 19:44:07.404650   => Current country: de

2023-12-14 19:44:07.404658   => THE END PRECONDITIONS

2023-12-14 19:44:07.404715   1. Arrange_v4
2023-12-14 19:44:07.407705   MOST_TRADED is visible? =>
2023-12-14 19:44:07.415847   => MOST_TRADED is visible on the page!
2023-12-14 19:44:07.415872   => Found 5 elements in block MOST_TRADED

2023-12-14 19:44:07.415900   Testing Most traded random element #1

2023-12-14 19:44:07.416027   2. Act_v4
2023-12-14 19:44:07.416040   MOST_TRADED delete js-mostTraded class =>
2023-12-14 19:44:07.440531   MOST_TRADED scroll =>
2023-12-14 19:44:07.440673   Start Checking that form [Sign up] popped up on the page =>
2023-12-14 19:44:11.949889   '[Sign up]' form was not popped up
2023-12-14 19:44:11.954371   MOST_TRADED click for 'Ripple to US Dollar' trading instrument =>
2023-12-14 19:44:12.036617   => MOST_TRADED clicked!

2023-12-14 19:44:12.036905   3. Assert_v0
2023-12-14 19:44:12.037026   Start step Check that [Sign up] form is opened
2023-12-14 19:44:12.059895   'Sign up' form opened
2023-12-14 19:44:12.059936   Assert SIGNUP_HEADER =>
2023-12-14 19:44:12.072200   Assert SIGNUP_REF_LOGIN =>
2023-12-14 19:44:12.084274   Assert SIGNUP_PRIVACY_POLICY_ALL_2 =>
2023-12-14 19:44:12.098567   => SIGNUP_PRIVACY_POLICY_ALL
2023-12-14 19:44:12.098608   => 'Signup' form is checked
2023-12-14 19:44:12.098764   Start step Close [Sign up] form =>
2023-12-14 19:44:12.161051   => 'Signup' form closed

2023-12-14 19:44:12.161177   Clear Top Chart list =>
2023-12-14 19:44:13.696727   Load page https://capital.com/trading/platform/charting/

2023-12-14 19:44:21.810330   1. Arrange_v4
2023-12-14 19:44:22.277504   Load page https://capital.com/fear-and-greed-index
2023-12-14 19:44:22.277553   MOST_TRADED is visible? =>
2023-12-14 19:44:22.446710   => MOST_TRADED is visible on the page!
2023-12-14 19:44:22.446750   => Found 5 elements in block MOST_TRADED

2023-12-14 19:44:22.446766   Testing Most traded random element #2

2023-12-14 19:44:22.446952   2. Act_v4
2023-12-14 19:44:22.446973   MOST_TRADED delete js-mostTraded class =>
2023-12-14 19:44:22.538697   MOST_TRADED scroll =>
2023-12-14 19:44:22.538863   Start Checking that form [Sign up] popped up on the page =>
2023-12-14 19:44:27.094743   '[Sign up]' form was not popped up
2023-12-14 19:44:27.102783   MOST_TRADED click for 'Gold Spot' trading instrument =>
2023-12-14 19:44:27.181154   => MOST_TRADED clicked!

2023-12-14 19:44:27.181454   3. Assert_v0
2023-12-14 19:44:27.181581   Start step Check that [Sign up] form is opened
2023-12-14 19:44:27.339020   'Sign up' form opened
2023-12-14 19:44:27.339066   Assert SIGNUP_HEADER =>
2023-12-14 19:44:27.350725   Assert SIGNUP_REF_LOGIN =>
2023-12-14 19:44:27.364496   Assert SIGNUP_PRIVACY_POLICY_ALL_2 =>
2023-12-14 19:44:27.381289   => SIGNUP_PRIVACY_POLICY_ALL
2023-12-14 19:44:27.381329   => 'Signup' form is checked
2023-12-14 19:44:27.381532   Start step Close [Sign up] form =>
2023-12-14 19:44:27.465502   => 'Signup' form closed
