{'width': 1280, 'height': 720}

2023-12-14 19:19:29.689045   browser = chrome

2023-12-14 19:19:29.689063   worker_id = master

2023-12-14 19:19:29.689071   Start TC_11.03.02_09

2023-12-14 19:19:29.689079   <us_11-03-02_day_trading_test.TestDayTrading object at 0x7fa365b7b790>.None

2023-12-14 19:19:29.689089   0. Arrange


2023-12-14 19:19:29.689232   START PRECONDITIONS =>


2023-12-14 19:19:29.689247   {'width': 1280, 'height': 720}

2023-12-14 19:19:29.690573   Set windows position at (320, 180) =>

2023-12-14 19:19:29.918815   Set resolution 1280 * 720 =>

2023-12-14 19:19:30.037740   => Resolution seted {'width': 1280, 'height': 720}

2023-12-14 19:19:34.100181   Капчи нет. Тестим дальше

2023-12-14 19:19:34.100225   Prev. Role: NoReg

2023-12-14 19:19:34.100235   Current role: NoReg

2023-12-14 19:19:34.100243   Prev language: en

2023-12-14 19:19:34.100251   => Current language: en

2023-12-14 19:19:34.100259   Prev country: de

2023-12-14 19:19:34.100266   => Current country: de

2023-12-14 19:19:34.100274   => THE END PRECONDITIONS

2023-12-14 19:19:34.100330   1. Arrange_v0
2023-12-14 19:19:34.468398   Load page https://capital.com/day-trading
2023-12-14 19:19:34.468442   BUTTON_CREATE_YOUR_ACCOUNT is located on the page? =>

2023-12-14 19:19:34.621160   2. Act_v0
2023-12-14 19:19:34.789892   => BUTTON_CREATE_YOUR_ACCOUNT is clicked

2023-12-14 19:19:34.790131   3. Assert_v0
2023-12-14 19:19:34.790226   Start step Check that [Sign up] form is opened
2023-12-14 19:19:34.957554   'Sign up' form opened
2023-12-14 19:19:34.957599   Assert SIGNUP_HEADER =>
2023-12-14 19:19:34.974685   Assert SIGNUP_REF_LOGIN =>
2023-12-14 19:19:34.991505   Assert SIGNUP_PRIVACY_POLICY_ALL_2 =>
2023-12-14 19:19:35.009766   => SIGNUP_PRIVACY_POLICY_ALL
2023-12-14 19:19:35.009802   => 'Signup' form is checked
2023-12-14 19:19:35.009953   Start step Close [Sign up] form =>
2023-12-14 19:19:35.129297   => 'Signup' form closed
