{'width': 1280, 'height': 720}

2023-12-14 18:24:38.898471   worker_id = master

2023-12-14 18:24:38.898487   0. Allure grouping


2023-12-14 18:24:38.898632   START PRECONDITIONS =>


2023-12-14 18:24:38.898646   {'width': 1280, 'height': 720}

2023-12-14 18:24:38.899852   Set windows position at (320, 180) =>

2023-12-14 18:24:39.002086   Set resolution 1280 * 720 =>

2023-12-14 18:24:39.104493   => Resolution seted {'width': 1280, 'height': 720}

2023-12-14 18:24:43.115391   Капчи нет. Тестим дальше

2023-12-14 18:24:43.115450   Prev. Role: Reg/NoAuth

2023-12-14 18:24:43.115468   Current role: Reg/NoAuth

2023-12-14 18:24:43.115483   Prev language: en

2023-12-14 18:24:43.115496   => Current language: en

2023-12-14 18:24:43.115509   Prev country: de

2023-12-14 18:24:43.115520   => Current country: de

2023-12-14 18:24:43.115532   => THE END PRECONDITIONS

2023-12-14 18:24:43.115604   1. Arrange_v0
2023-12-14 18:24:43.118746   BUTTON_TRY_DEMO is visible? =>
2023-12-14 18:24:43.133202   => BUTTON_TRY_DEMO is visible on the page!

2023-12-14 18:24:43.133383   2. Act_v0
2023-12-14 18:24:43.133401   BUTTON_TRY_DEMO is present? =>
2023-12-14 18:24:43.141022   => BUTTON_TRY_DEMO is present on the page!
2023-12-14 18:24:43.141045   BUTTON_TRY_DEMO scroll =>
2023-12-14 18:24:43.192642   => BUTTON_TRY_DEMO clicked!

2023-12-14 18:24:43.192862   3. Assert_Login_v0
2023-12-14 18:24:47.755361   'Login' form not opened
2023-12-14 18:24:47.759125   'Login' page not opened
2023-12-14 18:24:52.276535   'Login' form on trading platform not opened
2023-12-14 18:24:52.276738   Start step Check that [Sign up] form is opened
2023-12-14 18:24:52.298397   'Sign up' form opened
2023-12-14 18:24:52.298436   Assert SIGNUP_HEADER =>
2023-12-14 18:24:52.313037   Assert SIGNUP_REF_LOGIN =>
2023-12-14 18:24:52.325116   Assert SIGNUP_PRIVACY_POLICY_ALL_2 =>
2023-12-14 18:24:52.341014   => SIGNUP_PRIVACY_POLICY_ALL
2023-12-14 18:24:52.341053   => 'Signup' form is checked
