{'width': 1280, 'height': 720}

2024-03-09 05:34:51.228374   worker_id = master

2024-03-09 05:34:51.228392   0. Allure grouping v4


2024-03-09 05:34:51.228599   START PRECONDITIONS =>


2024-03-09 05:34:51.228616   => Windows size - {'width': 1280, 'height': 720}
2024-03-09 05:34:51.229898   Set windows position at (0, 0) =>
2024-03-09 05:34:51.332065   Set resolution 1280 * 720 =>
2024-03-09 05:34:51.434132   => Windows size is set to {'width': 1280, 'height': 720}

2024-03-09 05:34:52.460575   Капчи нет. Идем дальше

2024-03-09 05:34:52.460673   Работа с куками

2024-03-09 05:34:52.460689   => Prev. country - 'au'
2024-03-09 05:34:52.460699   => Country set to 'au'

2024-03-09 05:34:52.460708   => Prev. language - 'en'
2024-03-09 05:34:52.460717   => Language is set to 'en'

2024-03-09 05:34:52.460726   => Prev. role - 'NoAuth'
2024-03-09 05:34:52.460734   => The 'NoAuth' role is set

2024-03-09 05:34:52.463665   => THE END PRECONDITIONS

2024-03-09 05:34:52.463727   1. Arrange_v0
2024-03-09 05:34:52.473870   BUTTON_SELL_IN_CONTENT_BLOCK is present? =>
2024-03-09 05:34:52.473895   => BUTTON_SELL_IN_CONTENT_BLOCK is present on the page!
2024-03-09 05:34:52.473905   BUTTON_SELL_IN_CONTENT_BLOCK scroll =>
2024-03-09 05:34:52.491399   => 'Sell' button in Content block scrolled
2024-03-09 05:34:52.491653   Start Checking that form [Sign up] popped up on the page =>
2024-03-09 05:34:52.512432   'Sign up' form opened
2024-03-09 05:34:52.512605   Start step Close [Sign up] form =>
2024-03-09 05:34:52.577292   => 'Signup' form closed

2024-03-09 05:34:52.855091   2. Act_v0
2024-03-09 05:34:52.902526   => BUTTON_SELL_IN_CONTENT_BLOCK clicked!
2024-03-09 05:34:52.902576   => return trade_instrument = 27045129890124996

2024-03-09 05:34:52.902856   3. Assert_Login_v0
2024-03-09 05:34:52.902985   Check that 'Login' form is opened
2024-03-09 05:34:55.976352   'Login' form not opened
2024-03-09 05:34:55.976537   Check that new 'Login' form is opened
2024-03-09 05:34:59.046552   => New 'Login' form not opened
2024-03-09 05:34:59.049396   'Login' page not opened
2024-03-09 05:35:02.123708   'Login' form on trading platform not opened
2024-03-09 05:35:02.123894   Start step Check that [Sign up] form is opened
2024-03-09 05:35:02.135579   'Sign up' form opened
2024-03-09 05:35:02.135601   Assert SIGNUP_HEADER =>
2024-03-09 05:35:02.146511   Assert SIGNUP_REF_LOGIN =>
2024-03-09 05:35:02.169919   Assert SIGNUP_PRIVACY_POLICY_ALL_2 =>
2024-03-09 05:35:02.186937   => SIGNUP_PRIVACY_POLICY_ALL
2024-03-09 05:35:02.186970   => 'Signup' form is checked

Bug: Bid:11.02.03.01_03-en.au.NoAuth

2024-03-09 05:35:02.187036   Проверка бага в таблице ретеста  =>

 gs = GoogleSheet() - создаем объект gs # 1: <tests.ReTestsAuto.GoogleSheets.googlesheets.GoogleSheet object at 0x7f60319a0a40>

2024-03-09 05:35:02.644762   4. Fixing one row check results into Google Sheet Bugs Report =>
1 cells updated.
2024-03-09 05:35:02.975759   => 4. One row check results into Google Sheet Bugs Report fixed

2024-03-09 05:35:03.648314   4. Fixing one row check results into Google Sheet Bugs Report =>
1 cells updated.
2024-03-09 05:35:03.979814   => 4. One row check results into Google Sheet Bugs Report fixed

2024-03-09 05:35:03.979888   Баг Bid:11.02.03.01_03-en.au.NoAuth уже существует, но у него изменился тип с  на 05

2024-03-09 05:35:03.980044   4. Fixing one row check results into Google Sheet Bugs Report =>
1 cells updated.
2024-03-09 05:35:04.200453   => 4. One row check results into Google Sheet Bugs Report fixed

2024-03-09 05:35:04.201622   Баг Bid:11.02.03.01_03-en.au.NoAuth-05 обнаружен ранее и уже находится в 'Bugs Report Auto detect'
