{'width': 1280, 'height': 720}

2024-03-09 05:26:55.655855   worker_id = master

2024-03-09 05:26:55.655868   0. Allure grouping v4


2024-03-09 05:26:55.656087   START PRECONDITIONS =>


2024-03-09 05:26:55.656104   => Windows size - {'width': 1280, 'height': 720}
2024-03-09 05:26:55.657511   Set windows position at (0, 0) =>
2024-03-09 05:26:55.759752   Set resolution 1280 * 720 =>
2024-03-09 05:26:55.862085   => Windows size is set to {'width': 1280, 'height': 720}

2024-03-09 05:26:56.891680   Капчи нет. Идем дальше

2024-03-09 05:26:56.891773   Работа с куками

2024-03-09 05:26:56.891786   => Prev. country - 'au'
2024-03-09 05:26:56.891796   => Country set to 'au'

2024-03-09 05:26:56.891805   => Prev. language - 'en'
2024-03-09 05:26:56.891815   => Language is set to 'en'

2024-03-09 05:26:56.891824   => Prev. role - 'NoAuth'
2024-03-09 05:26:56.891832   => The 'NoAuth' role is set

2024-03-09 05:26:56.894675   => THE END PRECONDITIONS

2024-03-09 05:26:56.894872   1. Arrange_v0
2024-03-09 05:26:56.897461   Current page URL = https://capital.com/trade-lloyds
2024-03-09 05:26:57.630542   => Loaded page https://capital.com/trade-canopygrowth
2024-03-09 05:26:57.643888   BUTTON_START_TRADING scroll =>
2024-03-09 05:26:57.647341   BUTTON_START_TRADING is visible? =>
2024-03-09 05:26:57.679158   => BUTTON_START_TRADING is visible on the page!

2024-03-09 05:26:57.679349   2. Act_v0
2024-03-09 05:26:57.679366   Start Click button [Start Trading] =>
2024-03-09 05:26:57.684979   BUTTON_START_TRADING is clickable? =>
2024-03-09 05:26:57.699708   BUTTON_START_TRADING click =>
2024-03-09 05:26:57.782056   => BUTTON_START_TRADING clicked

2024-03-09 05:26:57.782395   3. Assert_Login_v0
2024-03-09 05:26:57.782517   Check that 'Login' form is opened
2024-03-09 05:27:00.838313   'Login' form not opened
2024-03-09 05:27:00.838507   Check that new 'Login' form is opened
2024-03-09 05:27:03.909162   => New 'Login' form not opened
2024-03-09 05:27:03.912129   'Login' page not opened
2024-03-09 05:27:06.977110   'Login' form on trading platform not opened
2024-03-09 05:27:06.977302   Start step Check that [Sign up] form is opened
2024-03-09 05:27:06.988619   'Sign up' form opened
2024-03-09 05:27:06.988641   Assert SIGNUP_HEADER =>
2024-03-09 05:27:06.999518   Assert SIGNUP_REF_LOGIN =>
2024-03-09 05:27:07.010532   Assert SIGNUP_PRIVACY_POLICY_ALL_2 =>
2024-03-09 05:27:07.021262   => SIGNUP_PRIVACY_POLICY_ALL
2024-03-09 05:27:07.021284   => 'Signup' form is checked

Bug: Bid:11.02.02.01_01-en.au.NoAuth

2024-03-09 05:27:07.021338   Проверка бага в таблице ретеста  =>

 gs = GoogleSheet() - создаем объект gs # 1: <tests.ReTestsAuto.GoogleSheets.googlesheets.GoogleSheet object at 0x7fce69a94410>

2024-03-09 05:27:07.383171   4. Fixing one row check results into Google Sheet Bugs Report =>
1 cells updated.
2024-03-09 05:27:07.615858   => 4. One row check results into Google Sheet Bugs Report fixed

2024-03-09 05:27:08.349841   4. Fixing one row check results into Google Sheet Bugs Report =>
1 cells updated.
2024-03-09 05:27:08.687083   => 4. One row check results into Google Sheet Bugs Report fixed

2024-03-09 05:27:08.687156   Баг Bid:11.02.02.01_01-en.au.NoAuth уже существует, но у него изменился тип с  на 05

2024-03-09 05:27:08.687329   4. Fixing one row check results into Google Sheet Bugs Report =>
1 cells updated.
2024-03-09 05:27:09.030846   => 4. One row check results into Google Sheet Bugs Report fixed

2024-03-09 05:27:09.031887   Баг Bid:11.02.02.01_01-en.au.NoAuth-05 обнаружен ранее и уже находится в 'Bugs Report Auto detect'
