{'width': 1280, 'height': 720}

2023-12-14 18:50:13.782654   browser = chrome

2023-12-14 18:50:13.782670   worker_id = master

2023-12-14 18:50:13.782678   Start TC_11.02.06_03

2023-12-14 18:50:13.782686   <us_11-02-06_indices_trading_test.TestIndicesTrading object at 0x7fd5192547d0>.None

2023-12-14 18:50:13.782696   0. Arrange


2023-12-14 18:50:13.782849   START PRECONDITIONS =>


2023-12-14 18:50:13.782863   {'width': 1280, 'height': 720}

2023-12-14 18:50:13.784161   Set windows position at (320, 180) =>

2023-12-14 18:50:13.886431   Set resolution 1280 * 720 =>

2023-12-14 18:50:13.988687   => Resolution seted {'width': 1280, 'height': 720}

2023-12-14 18:50:18.031919   Капчи нет. Тестим дальше

2023-12-14 18:50:18.031968   Prev. Role: NoReg

2023-12-14 18:50:18.031978   Current role: NoReg

2023-12-14 18:50:18.031986   Prev language: en

2023-12-14 18:50:18.031994   => Current language: en

2023-12-14 18:50:18.032002   Prev country: de

2023-12-14 18:50:18.032009   => Current country: de

2023-12-14 18:50:18.032017   => THE END PRECONDITIONS

2023-12-14 18:50:18.032197   1. Arrange_v2
2023-12-14 18:50:18.450114   Load page https://capital.com/trade-hangseng
2023-12-14 18:50:18.629433   => Found 5 elements in block MOST_TRADED

2023-12-14 18:50:18.629635   2. Act_v2
2023-12-14 18:50:18.629650   Start Click button MOST_TRADED =>
2023-12-14 18:50:18.629658   MOST_TRADED Deleting a class that expanded items =>
2023-12-14 18:50:18.634287   MOST_TRADED scroll =>
2023-12-14 18:50:18.637251   MOST_TRADED click ver 2 =>

2023-12-14 18:50:18.907326   3. Assert_v0
2023-12-14 18:50:18.907429   Start step Check that [Sign up] form is opened
2023-12-14 18:50:19.161007   'Sign up' form opened
2023-12-14 18:50:19.161050   Assert SIGNUP_HEADER =>
2023-12-14 18:50:19.207847   Assert SIGNUP_REF_LOGIN =>
2023-12-14 18:50:19.224845   Assert SIGNUP_PRIVACY_POLICY_ALL_2 =>
2023-12-14 18:50:19.254424   => SIGNUP_PRIVACY_POLICY_ALL
2023-12-14 18:50:19.254476   => 'Signup' form is checked
2023-12-14 18:50:19.254678   Start step Close [Sign up] form =>
2023-12-14 18:50:19.326418   => 'Signup' form closed
2023-12-14 18:50:19.735893   Load page https://capital.com/trade-hangseng

2023-12-14 18:50:19.786768   2. Act_v2
2023-12-14 18:50:19.786800   Start Click button MOST_TRADED =>
2023-12-14 18:50:19.786809   MOST_TRADED Deleting a class that expanded items =>
2023-12-14 18:50:19.971740   MOST_TRADED scroll =>
2023-12-14 18:50:19.980093   MOST_TRADED click ver 2 =>

2023-12-14 18:50:20.193840   3. Assert_v0
2023-12-14 18:50:20.193964   Start step Check that [Sign up] form is opened
2023-12-14 18:50:20.281078   'Sign up' form opened
2023-12-14 18:50:20.281129   Assert SIGNUP_HEADER =>
2023-12-14 18:50:20.315861   Assert SIGNUP_REF_LOGIN =>
2023-12-14 18:50:20.354820   Assert SIGNUP_PRIVACY_POLICY_ALL_2 =>
2023-12-14 18:50:20.514578   => SIGNUP_PRIVACY_POLICY_ALL
2023-12-14 18:50:20.514630   => 'Signup' form is checked
2023-12-14 18:50:20.514842   Start step Close [Sign up] form =>
2023-12-14 18:50:20.611180   => 'Signup' form closed
2023-12-14 18:50:21.918072   Load page https://capital.com/trade-hangseng
