{'width': 1280, 'height': 720}

2024-02-01 16:48:26.657563   worker_id = master

2024-02-01 16:48:26.657588   0. Allure grouping v4


2024-02-01 16:48:26.657903   START PRECONDITIONS =>


2024-02-01 16:48:26.657923   {'width': 1280, 'height': 720}

2024-02-01 16:48:26.709188   Set windows position at (0, 0) =>

2024-02-01 16:48:26.869467   Set resolution 1280 * 720 =>

2024-02-01 16:48:26.994774   => Resolution seted {'width': 1280, 'height': 720}

2024-02-01 16:48:28.074624   Капчи нет. Идем дальше

2024-02-01 16:48:28.074728   Prev. Role: NoReg

2024-02-01 16:48:28.074745   Current role: NoReg

2024-02-01 16:48:29.173714   Капчи нет. Идем дальше

2024-02-01 16:48:29.173802   Prev language: es

2024-02-01 16:48:29.173814   => Current language: es

2024-02-01 16:48:30.239175   Капчи нет. Идем дальше

2024-02-01 16:48:30.239272   Prev country: ae

2024-02-01 16:48:30.239286   => Current country: ae

2024-02-01 16:48:30.239297   => THE END PRECONDITIONS

2024-02-01 16:48:30.239332   1. Arrange_v0
2024-02-01 16:48:30.343629   BUTTON_SELL_IN_CONTENT_BLOCK is located on the page? =>
2024-02-01 16:48:30.511384   => BUTTON_SELL_IN_CONTENT_BLOCK is located on the page!
2024-02-01 16:48:30.511561   Start Checking that form [Sign up] popped up on the page =>
2024-02-01 16:48:32.221560   '[Sign up]' form was not popped up

2024-02-01 16:48:32.221738   2. Act_v0
2024-02-01 16:48:32.295392   BUTTON_SELL_IN_CONTENT_BLOCK is present? =>
2024-02-01 16:48:32.295438   => BUTTON_SELL_IN_CONTENT_BLOCK is present on the page!
2024-02-01 16:48:32.295450   BUTTON_SELL_IN_CONTENT_BLOCK scroll =>
2024-02-01 16:48:33.633311   => BUTTON_SELL_IN_CONTENT_BLOCK clicked!

2024-02-01 16:48:33.633524   3. Assert_v0
2024-02-01 16:48:33.633603   Start step Check that [Sign up] form is opened
2024-02-01 16:48:33.732561   'Sign up' form opened
2024-02-01 16:48:33.732602   Assert SIGNUP_HEADER =>
2024-02-01 16:48:33.945421   Assert SIGNUP_REF_LOGIN =>
2024-02-01 16:48:34.155962   Assert SIGNUP_PRIVACY_POLICY_ALL_2 =>
2024-02-01 16:48:34.392646   => SIGNUP_PRIVACY_POLICY_ALL
2024-02-01 16:48:34.392697   => 'Signup' form is checked
2024-02-01 16:48:34.392895   Start step Close [Sign up] form =>
2024-02-01 16:48:35.289119   => 'Signup' form closed
