


Current sort - Most traded
{'width': 1280, 'height': 800}

2024-04-25 11:18:36.833485   worker_id = master

2024-04-25 11:18:36.833499   0. Allure grouping v4

2024-04-25 11:18:36.833677   START PRECONDITIONS =>

2024-04-25 11:18:36.833693   => URL after prev. preconditions - https://capital.com/zh
2024-04-25 11:18:36.833702   => flag_of_bug - False
2024-04-25 11:18:36.833712   => Current URL - https://capital.com/zh/live-commodity-prices
2024-04-25 11:18:36.838754   Current page URL = https://capital.com/zh/live-commodity-prices
2024-04-25 11:18:36.841229   self.link = https://capital.com/zh
2024-04-25 11:18:36.841242   driver.get(https://capital.com/zh) =>
2024-04-25 11:18:40.242210   => Loaded page https://capital.com/zh

2024-04-25 11:18:40.247087   => Windows size - {'width': 1280, 'height': 800}
2024-04-25 11:18:40.248477   Set windows position at (0, 0) =>
2024-04-25 11:18:40.250103   Set resolution 1280 * 800 =>
2024-04-25 11:18:40.251708   => Windows size is set to {'width': 1280, 'height': 800}

2024-04-25 11:18:41.298259   Капчи нет. Идем дальше

2024-04-25 11:18:41.298347   Работа с куками =>

2024-04-25 11:18:41.298361   => не требуется

2024-04-25 11:18:41.298371   Prev. country - 'au'
2024-04-25 11:18:41.298380   Cur. country - 'au'
2024-04-25 11:18:41.298389   => Country set to 'au'

2024-04-25 11:18:41.298398   Prev. language - 'zh'
2024-04-25 11:18:41.298406   Cur. language - 'zh'
2024-04-25 11:18:41.298415   => Language is set to 'zh'

2024-04-25 11:18:41.298424   Prev. role - 'NoReg'
2024-04-25 11:18:41.298432   Cur. role - 'NoReg'
2024-04-25 11:18:41.298441   => The 'NoReg' role is set

2024-04-25 11:18:41.301324   => Current URL - https://capital.com/zh

2024-04-25 11:18:41.301346   => THE END PRECONDITIONS

2024-04-25 11:18:41.301528   START Open "Markets" menu, "Commodities" submenu =>

2024-04-25 11:18:41.301545   1. Cur URL = https://capital.com/zh

2024-04-25 11:18:41.304072   2. Link = https://capital.com/zh
2024-04-25 11:18:41.304087   current_page = https://capital.com/zh
2024-04-25 11:18:41.306548   link = https://capital.com/zh
2024-04-25 11:18:41.816158   => 'Markets' menu is present
2024-04-25 11:18:41.832718   => 'Markets' menu is visible
2024-04-25 11:18:43.111701   => Focus moved to 'Markets' menu
2024-04-25 11:18:43.118034   => 'Markets > Commodities' submenu is present
2024-04-25 11:18:44.844016   => Focus moved to 'capital*com' logo

2024-04-25 11:18:44.844062   3. Cur URL = https://capital.com/zh/live-commodity-prices

2024-04-25 11:18:44.849554   1. Arrange for TABLE_TRADING_INSTRUMENTS and 'Most traded' cur_sort
2024-04-25 11:18:44.849577   current_page = https://capital.com/zh/live-commodity-prices
2024-04-25 11:18:44.851984   link = https://capital.com/zh/live-commodity-prices
2024-04-25 11:18:44.854415   TABLE_TRADING_INSTRUMENTS present on this page? =>
2024-04-25 11:18:44.862751   => Trading Instrument table is present on the page!
2024-04-25 11:18:44.862781   IS FIELD_DROPDOWN_SORT present in the Live TI prices table? =>
2024-04-25 11:18:44.870420   =>  FIELD_DROPDOWN_SORT is present in the Live TI price table!
2024-04-25 11:18:44.870459   Start scroll and click FIELD_DROPDOWN_SORT =>
2024-04-25 11:18:44.972417   Is item_sort_list visible on the FIELD_DROPDOWN_SORT ? =>
2024-04-25 11:18:45.002104   => items_sort_list is visible on the FIELD_DROPDOWN_SORT!
2024-04-25 11:18:45.002154   Is cur_sort "Most traded" present in items_sort_list? =>
2024-04-25 11:18:45.024788   => cur_sort "Most traded" is present in item_sort_list!
2024-04-25 11:18:45.024832   Start click cur_sort item - "Most traded"=>
2024-04-25 11:18:45.685578   => End Click cur_sort "Most traded"

2024-04-25 11:18:45.685622   Buttons [Sell] is visible and sum buttons no zero? =>
2024-04-25 11:18:45.721442   => Buttons [Sell] is visible and sum buttons no zero!

2024-04-25 11:18:45.721481   Start find 1 random buttons [Sell] on cur_sort "Most traded"=>
2024-04-25 11:18:45.727684   => End find 1 random buttons [Sell] on the cur_sort "Most traded"

2024-04-25 11:18:45.727712   List of random items = [8]
2024-04-25 11:18:45.727893   2. Act for trading instrument and "Most traded" cur_sort
2024-04-25 11:18:45.745863   Start click button [Sell] =>
2024-04-25 11:18:45.757590   =>   BUTTON_SELL on item with ID = '453930102762329284' is present
2024-04-25 11:18:45.757616   BUTTON_SELL on item with ID = '453930102762329284' scroll into view =>
2024-04-25 11:18:45.761220   => BUTTON_SELL on item with ID = '453930102762329284' scrolled into view
2024-04-25 11:18:45.761243   Check that BUTTON_SELL with item 'Gasoil' clickable =>
2024-04-25 11:18:45.872240   => BUTTON_SELL is clickable
2024-04-25 11:18:46.162129   =>   BUTTON_SELL on item 'Gasoil' clicked

2024-04-25 11:18:46.162427   3. Assert_v0
2024-04-25 11:18:46.162545   Start step Check that [Sign up] form is opened
2024-04-25 11:18:49.237458   'Sign up' form not opened
2024-04-25 11:18:49.237652   Start step Check that new [Sign up] form is opened
2024-04-25 11:18:52.332052   => new 'Sign up' form not opened
2024-04-25 11:18:52.332246   Start method Check that [Sign up] page opened =>
2024-04-25 11:18:53.335850   'Sign up' page not opened
2024-04-25 11:18:53.336090   Check that [Sign up] form on trading platform opened =>
2024-04-25 11:18:56.386976   'Sign up' form on trading platform page not opened

Bug: Bid:01.05.00_002-zh.au.NoReg

2024-04-25 11:18:56.387062   Проверка бага в таблице ретеста  =>

2024-04-25 11:18:56.877184   4. Fixing one row check results into Google Sheet Bugs Report =>
1 cells updated.
2024-04-25 11:18:57.396846   => 4. One row check results into Google Sheet Bugs Report fixed

2024-04-25 11:18:59.133732   4. Fixing one row check results into Google Sheet Bugs Report =>
1 cells updated.
2024-04-25 11:18:59.342093   => 4. One row check results into Google Sheet Bugs Report fixed

2024-04-25 11:18:59.342308   4. Fixing one row check results into Google Sheet Bugs Report =>
1 cells updated.
2024-04-25 11:18:59.553770   => 4. One row check results into Google Sheet Bugs Report fixed

2024-04-25 11:18:59.553845   Баг Bid:01.05.00_002-zh.au.NoReg уже существует, но у него изменился тип с  на 04

2024-04-25 11:18:59.554010   4. Fixing one row check results into Google Sheet Bugs Report =>
1 cells updated.
2024-04-25 11:18:59.771226   => 4. One row check results into Google Sheet Bugs Report fixed

2024-04-25 11:18:59.772926   Баг Bid:01.05.00_002-zh.au.NoReg-04 обнаружен ранее и уже находится в 'Bugs Report Auto detect'
