


Current sort - Top fallers
{'width': 1280, 'height': 800}

2024-04-25 10:35:22.217954   worker_id = master

2024-04-25 10:35:22.217974   0. Allure grouping v4

2024-04-25 10:35:22.218225   START PRECONDITIONS =>

2024-04-25 10:35:22.218241   => URL after prev. preconditions - https://capital.com/zh
2024-04-25 10:35:22.218251   => flag_of_bug - False
2024-04-25 10:35:22.218262   => Current URL - https://capital.com/zh/live-share-prices
2024-04-25 10:35:22.223700   Current page URL = https://capital.com/zh/live-share-prices
2024-04-25 10:35:22.226222   self.link = https://capital.com/zh
2024-04-25 10:35:22.226236   driver.get(https://capital.com/zh) =>
2024-04-25 10:35:24.503076   => Loaded page https://capital.com/zh

2024-04-25 10:35:24.507797   => Windows size - {'width': 1280, 'height': 800}
2024-04-25 10:35:24.509305   Set windows position at (0, 0) =>
2024-04-25 10:35:24.511025   Set resolution 1280 * 800 =>
2024-04-25 10:35:24.512692   => Windows size is set to {'width': 1280, 'height': 800}

2024-04-25 10:35:25.552722   Капчи нет. Идем дальше

2024-04-25 10:35:25.552807   Работа с куками =>

2024-04-25 10:35:25.552821   => не требуется

2024-04-25 10:35:25.552830   Prev. country - 'au'
2024-04-25 10:35:25.552839   Cur. country - 'au'
2024-04-25 10:35:25.552848   => Country set to 'au'

2024-04-25 10:35:25.552857   Prev. language - 'zh'
2024-04-25 10:35:25.552866   Cur. language - 'zh'
2024-04-25 10:35:25.552875   => Language is set to 'zh'

2024-04-25 10:35:25.552884   Prev. role - 'NoReg'
2024-04-25 10:35:25.552892   Cur. role - 'NoReg'
2024-04-25 10:35:25.552901   => The 'NoReg' role is set

2024-04-25 10:35:25.555493   => Current URL - https://capital.com/zh

2024-04-25 10:35:25.555514   => THE END PRECONDITIONS

2024-04-25 10:35:25.555687   START Open "Markets" menu, "Shares" submenu =>
2024-04-25 10:35:25.555702   1. Cur URL = https://capital.com/zh
2024-04-25 10:35:25.558099   2. Link = https://capital.com/zh
2024-04-25 10:35:25.558114   current_page = https://capital.com/zh
2024-04-25 10:35:25.560453   link = https://capital.com/zh
2024-04-25 10:35:26.072898   => 'Markets' menu is present
2024-04-25 10:35:26.091612   => 'Markets' menu is visible
2024-04-25 10:35:27.365600   => Focus moved to 'Markets' menu
2024-04-25 10:35:28.883995   => Focus moved to 'Shares' submenu and clicked
2024-04-25 10:35:29.153332   => Focus moved to 'capital*com' logo
2024-04-25 10:35:29.153374   3. Cur URL = https://capital.com/zh/live-share-prices

2024-04-25 10:35:29.158639   1. Arrange for Trading instrument table and "Top fallers" cur_sort
2024-04-25 10:35:29.158660   current_page = https://capital.com/zh/live-share-prices
2024-04-25 10:35:29.161048   link = https://capital.com/zh/live-share-prices
2024-04-25 10:35:29.163406   IS TABLE_TRADING_INSTRUMENTS  present on the  page? =>
2024-04-25 10:35:29.168881   => TABLE_TRADING_INSTRUMENTS is present on the page!
2024-04-25 10:35:29.168903   IS FIELD_DROPDOWN_SORT present in the table? =>
2024-04-25 10:35:29.173655   =>  FIELD_DROPDOWN_SORT is present in the table!
2024-04-25 10:35:29.173677   Start scroll and click FIELD_DROPDOWN_SORT =>
2024-04-25 10:35:29.275170   Is item_sort_list visible on the FIELD_DROPDOWN_SORT ? =>
2024-04-25 10:35:29.331373   => item_sort_list is visible on the FIELD_DROPDOWN_SORT!
2024-04-25 10:35:29.331414   Is cur_sort "Top fallers" present in item_sort_list? =>
2024-04-25 10:35:29.339680   => cur_sort "Top fallers" is present in item_sort_list!
2024-04-25 10:35:29.339708   Start click cur_sort "Top fallers" =>
2024-04-25 10:35:30.045885   => End Click cur_sort "Top fallers"

2024-04-25 10:35:30.045944   Buttons [Buy] is visible and quantity buttons not zero? =>
2024-04-25 10:35:30.096377   => Buttons [Buy] is visible and quantity buttons not zero!

2024-04-25 10:35:30.096430   Start find two random buttons [Buy] on cur_sort "Top fallers"=>
2024-04-25 10:35:30.102786   => End find 1 random buttons [Buy] on the cur_sort "Top fallers"


2024-04-25 10:35:30.102819   Item_list = [13]
2024-04-25 10:35:30.102974   Start Checking that form [Sign up] popped up on the page =>
2024-04-25 10:35:31.652616   '[Sign up]' form was not popped up
2024-04-25 10:35:31.652818   2. Act for trading instrument and "Top fallers" cur_sort
2024-04-25 10:35:31.664620   Start click button [Buy] =>
2024-04-25 10:35:31.674188   =>   BUTTON_BUY on item with ID = 68501459901129753
2024-04-25 10:35:31.674212   BUTTON_BUY on item with ID = '68501459901129753' scroll into view =>
2024-04-25 10:35:31.679896   => BUTTON_SELL on item with ID = '68501459901129753' scrolled into view
2024-04-25 10:35:31.679933   Check that BUTTON_BUY with item 7012 clickable =>
2024-04-25 10:35:31.815613   => BUTTON_BUY is clickable
2024-04-25 10:35:32.595614   =>   BUTTON_BUY with item 7012 clicked

2024-04-25 10:35:32.595880   3. Assert_v0
2024-04-25 10:35:32.596024   Start step Check that [Sign up] form is opened
2024-04-25 10:35:35.668576   'Sign up' form not opened
2024-04-25 10:35:35.668763   Start step Check that new [Sign up] form is opened
2024-04-25 10:35:38.753081   => new 'Sign up' form not opened
2024-04-25 10:35:38.753261   Start method Check that [Sign up] page opened =>
2024-04-25 10:35:39.756812   'Sign up' page not opened
2024-04-25 10:35:39.757014   Check that [Sign up] form on trading platform opened =>
2024-04-25 10:35:42.831040   'Sign up' form on trading platform page not opened

Bug: 

2024-04-25 10:35:42.831130   Проверка бага в таблице ретеста  =>

2024-04-25 10:35:42.833807  Для бага: Bid-04 необходимо использовать проверку на ретест!!!
