{'width': 1280, 'height': 720}

2024-02-01 14:40:37.058736   worker_id = master

2024-02-01 14:40:37.058753   0. Allure grouping v4


2024-02-01 14:40:37.058926   START PRECONDITIONS =>


2024-02-01 14:40:37.058940   {'width': 1280, 'height': 720}

2024-02-01 14:40:37.060195   Set windows position at (0, 0) =>

2024-02-01 14:40:37.162153   Set resolution 1280 * 720 =>

2024-02-01 14:40:37.265059   => Resolution seted {'width': 1280, 'height': 720}

2024-02-01 14:40:38.305888   Капчи нет. Идем дальше

2024-02-01 14:40:38.305982   Prev. Role: NoAuth

2024-02-01 14:40:38.305996   Current role: NoAuth

2024-02-01 14:40:39.353430   Капчи нет. Идем дальше

2024-02-01 14:40:39.353552   Prev language: es

2024-02-01 14:40:39.353570   => Current language: es

2024-02-01 14:40:40.392924   Капчи нет. Идем дальше

2024-02-01 14:40:40.393034   Prev country: ae

2024-02-01 14:40:40.393050   => Current country: ae

2024-02-01 14:40:40.393059   => THE END PRECONDITIONS

2024-02-01 14:40:40.393279   1. Arrange_v4
2024-02-01 14:40:40.396252   MOST_TRADED is present? =>
2024-02-01 14:40:40.406554   => MOST_TRADED widget is present on this page
2024-02-01 14:40:40.406578   => Found 5 elements in block MOST_TRADED

2024-02-01 14:40:40.406608   Random indexes = [4, 2]

2024-02-01 14:40:40.406621   Testing Most traded random element #1

2024-02-01 14:40:40.406739   2. Act_v4
2024-02-01 14:40:40.406820   Start Checking that form [Sign up] popped up on the page =>
2024-02-01 14:40:40.420865   'Sign up' form opened
2024-02-01 14:40:40.420968   Start step Close [Sign up] form =>
2024-02-01 14:40:40.488336   => 'Signup' form closed
2024-02-01 14:40:40.510718   Selected Trade button on Most traded widget is scroll =>
2024-02-01 14:40:40.518244   Selected Trade button click for 'US Natural Gas Spot' trading instrument =>
2024-02-01 14:40:41.601150   => Selected Trade button clicked!

2024-02-01 14:40:41.601403   3. Assert_Login_v0
2024-02-01 14:40:41.601474   Check that 'Login' form is opened
2024-02-01 14:40:41.613297   'Login' form opened
2024-02-01 14:40:41.613326   Assert LOGIN_REF_SIGNUP =>
2024-02-01 14:40:41.633179   Assert LOGIN_CHECKBOX =>
2024-02-01 14:40:41.654610   Assert LOGIN_PASS_FORGOT =>
2024-02-01 14:40:41.673579   => 'Login' form is checked
2024-02-01 14:40:41.696349   Click 'Close' button on 'Login' form =>
2024-02-01 14:40:41.761975   => 'Login' form closed

2024-02-01 14:40:41.762084   Testing Most traded random element #2

2024-02-01 14:40:41.762215   2. Act_v4
2024-02-01 14:40:41.762291   Start Checking that form [Sign up] popped up on the page =>
2024-02-01 14:40:43.321049   '[Sign up]' form was not popped up
2024-02-01 14:40:43.339794   Selected Trade button on Most traded widget is scroll =>
2024-02-01 14:40:43.343786   Selected Trade button click for 'Gold Spot' trading instrument =>
2024-02-01 14:40:44.417987   => Selected Trade button clicked!

2024-02-01 14:40:44.418211   3. Assert_Login_v0
2024-02-01 14:40:44.418281   Check that 'Login' form is opened
2024-02-01 14:40:44.434832   'Login' form opened
2024-02-01 14:40:44.434867   Assert LOGIN_REF_SIGNUP =>
2024-02-01 14:40:44.446789   Assert LOGIN_CHECKBOX =>
2024-02-01 14:40:44.462234   Assert LOGIN_PASS_FORGOT =>
2024-02-01 14:40:44.479958   => 'Login' form is checked
2024-02-01 14:40:44.505062   Click 'Close' button on 'Login' form =>
2024-02-01 14:40:44.568723   => 'Login' form closed
