{'width': 1280, 'height': 800}

2024-04-25 12:13:48.285433   worker_id = master

2024-04-25 12:13:48.285448   0. Allure grouping v4

2024-04-25 12:13:48.285668   START PRECONDITIONS =>

2024-04-25 12:13:48.285684   => URL after prev. preconditions - https://capital.com/zh
2024-04-25 12:13:48.285694   => flag_of_bug - True
2024-04-25 12:13:48.285704   => Current URL - https://capital.com/zh/trade-indices
2024-04-25 12:13:48.291699   Current page URL = https://capital.com/zh/trade-indices
2024-04-25 12:13:48.294504   self.link = https://capital.com/zh
2024-04-25 12:13:48.294520   driver.get(https://capital.com/zh) =>
2024-04-25 12:13:50.319268   => Loaded page https://capital.com/zh

2024-04-25 12:13:50.324192   => Windows size - {'width': 1280, 'height': 800}
2024-04-25 12:13:50.325750   Set windows position at (0, 0) =>
2024-04-25 12:13:50.330841   Set resolution 1280 * 800 =>
2024-04-25 12:13:50.339629   => Windows size is set to {'width': 1280, 'height': 800}

2024-04-25 12:13:51.398346   Капчи нет. Идем дальше

2024-04-25 12:13:51.398443   Работа с куками =>

2024-04-25 12:13:51.398459   => не требуется

2024-04-25 12:13:51.398469   Prev. country - 'au'
2024-04-25 12:13:51.398478   Cur. country - 'au'
2024-04-25 12:13:51.398487   => Country set to 'au'

2024-04-25 12:13:51.398496   Prev. language - 'zh'
2024-04-25 12:13:51.398505   Cur. language - 'zh'
2024-04-25 12:13:51.398513   => Language is set to 'zh'

2024-04-25 12:13:51.398547   Prev. role - 'NoAuth'
2024-04-25 12:13:51.398562   Cur. role - 'NoAuth'
2024-04-25 12:13:51.398575   => The 'NoAuth' role is set

2024-04-25 12:13:51.401773   => Current URL - https://capital.com/zh

2024-04-25 12:13:51.401803   => THE END PRECONDITIONS

2024-04-25 12:13:51.402026   1. Cur URL = https://capital.com/zh

2024-04-25 12:13:51.404836   2. Link = https://capital.com/zh
2024-04-25 12:13:51.404853   current_page = https://capital.com/zh
2024-04-25 12:13:51.407527   link = https://capital.com/zh
2024-04-25 12:13:51.918834   => Education menu is present in DOM
2024-04-25 12:13:51.924867   => Education menu is visible
2024-04-25 12:13:53.197134   => Focus moved to Education menu
2024-04-25 12:13:55.581755   => Focus moved to 'capital*com' logo

2024-04-25 12:13:55.581803   3. Cur URL = https://capital.com/zh/trade-indices

2024-04-25 12:13:55.587937   1. Arrange_v4
2024-04-25 12:13:55.588006   current_page = https://capital.com/zh/trade-indices
2024-04-25 12:13:55.590740   link = https://capital.com/zh/trade-indices
2024-04-25 12:13:55.595385   MOST_TRADED is present? =>
2024-04-25 12:13:55.605187   => MOST_TRADED widget is present on this page
2024-04-25 12:13:55.605230   => Found 5 elements in block MOST_TRADED
2024-04-25 12:13:55.605241   Most traded widget is scroll =>
2024-04-25 12:13:55.609155   => Most traded widget is scrolled into screen center

2024-04-25 12:13:55.609216   Random indexes = [2]

2024-04-25 12:13:55.609232   Testing Most traded 1 random element with 2 index

2024-04-25 12:13:55.609400   2. Act_v4
2024-04-25 12:13:55.609497   Start Checking that form [Sign up] popped up on the page =>
2024-04-25 12:13:57.174570   '[Sign up]' form was not popped up
2024-04-25 12:13:57.189163   instrument_title = 'Germany 40'
2024-04-25 12:13:57.195411   Selected Trade button on Most traded widget is scroll =>
2024-04-25 12:13:57.200064   Selected Trade button click for 'Germany 40' trading instrument =>
2024-04-25 12:13:58.245472   => Selected Trade button clicked!

2024-04-25 12:13:58.245765   3. Assert_Login_v0
2024-04-25 12:13:58.245851   Check that 'Login' form is opened
2024-04-25 12:13:58.489942   'Login' form opened
2024-04-25 12:13:58.489985   Assert LOGIN_REF_SIGNUP =>
2024-04-25 12:13:58.505192   Assert LOGIN_CHECKBOX =>
2024-04-25 12:13:58.520653   Assert LOGIN_PASS_FORGOT =>
2024-04-25 12:13:58.538787   => 'Login' form is checked
2024-04-25 12:13:58.559602   Click 'Close' button on 'Login' form =>
2024-04-25 12:13:58.979301   => Focus moved to 'capital*com' logo
2024-04-25 12:13:58.979363   => 'Login' form closed
