


Current market - Shares



Current sort - Most volatile
{'width': 1280, 'height': 800}

2024-04-25 10:13:44.063160   worker_id = master

2024-04-25 10:13:44.063179   0. Allure grouping v4

2024-04-25 10:13:44.063429   START PRECONDITIONS =>

2024-04-25 10:13:44.063449   => URL after prev. preconditions - https://capital.com/zh
2024-04-25 10:13:44.063463   => flag_of_bug - True
2024-04-25 10:13:44.063478   => Current URL - https://capital.com/trading/platform/
2024-04-25 10:13:44.069400   Current page URL = https://capital.com/trading/platform/
2024-04-25 10:13:44.072108   self.link = https://capital.com/zh
2024-04-25 10:13:44.072126   driver.get(https://capital.com/zh) =>
2024-04-25 10:13:46.184765   => Loaded page https://capital.com/zh

2024-04-25 10:13:46.189102   => Windows size - {'width': 1280, 'height': 800}
2024-04-25 10:13:46.190468   Set windows position at (0, 0) =>
2024-04-25 10:13:46.192134   Set resolution 1280 * 800 =>
2024-04-25 10:13:46.193811   => Windows size is set to {'width': 1280, 'height': 800}

2024-04-25 10:13:47.235971   Капчи нет. Идем дальше

2024-04-25 10:13:47.236084   Работа с куками =>

2024-04-25 10:13:47.236104   => не требуется

2024-04-25 10:13:47.236118   Prev. country - 'au'
2024-04-25 10:13:47.236132   Cur. country - 'au'
2024-04-25 10:13:47.236145   => Country set to 'au'

2024-04-25 10:13:47.236158   Prev. language - 'zh'
2024-04-25 10:13:47.236171   Cur. language - 'zh'
2024-04-25 10:13:47.236185   => Language is set to 'zh'

2024-04-25 10:13:47.236198   Prev. role - 'Auth'
2024-04-25 10:13:47.236211   Cur. role - 'Auth'
2024-04-25 10:13:47.236223   => The 'Auth' role is set

2024-04-25 10:13:47.239409   => Current URL - https://capital.com/zh

2024-04-25 10:13:47.239437   => THE END PRECONDITIONS

2024-04-25 10:13:47.239691   START Open "Markets" menu, "All Markets" submenu =>

2024-04-25 10:13:47.239717   1. Cur URL = https://capital.com/zh

2024-04-25 10:13:47.242712   2. Link = https://capital.com/zh
2024-04-25 10:13:47.242728   current_page = https://capital.com/zh
2024-04-25 10:13:47.245219   link = https://capital.com/zh
2024-04-25 10:13:47.758563   => 'Markets' menu is present
2024-04-25 10:13:47.778202   => 'Markets' menu is visible
2024-04-25 10:13:49.072251   => Focus moved to 'Markets' menu
2024-04-25 10:13:49.102103   => 'Markets > All Markets' submenu is present
2024-04-25 10:13:51.088846   => Focus moved to 'capital*com' logo

2024-04-25 10:13:51.088886   3. Cur URL = https://capital.com/zh/derivative-financial-instruments

2024-04-25 10:13:51.095060   1. Arrange for TABLE_TRADING_INSTRUMENTS and 'Most volatile' cur_sort
2024-04-25 10:13:51.095082   current_page = https://capital.com/zh/derivative-financial-instruments
2024-04-25 10:13:51.097552   link = https://capital.com/zh/derivative-financial-instruments
2024-04-25 10:13:51.099925   TABLE_TRADING_INSTRUMENTS present on this page? =>
2024-04-25 10:13:51.107654   => TABLE_TRADING_INSTRUMENTS is present on the page!
2024-04-25 10:13:51.107676   IS MARKETS_LIST present on this page? =>
2024-04-25 10:13:51.114749   Start scroll to markets list =>
2024-04-25 10:13:51.118983   => MARKETS_LIST is present on the page!
2024-04-25 10:13:51.119010   Start scroll and click cur_market 'Shares' =>
2024-04-25 10:13:51.162211   => End Click cur_market "Shares"
2024-04-25 10:13:51.162267   IS FIELD_DROPDOWN_SORT present in the Live prices table? =>
2024-04-25 10:13:51.172941   =>  FIELD_DROPDOWN_SORT is present in the table!
2024-04-25 10:13:51.172996   Start scroll and click FIELD_DROPDOWN_SORT =>
2024-04-25 10:13:51.228020   Is item_sort_list visible on the FIELD_DROPDOWN_SORT ? =>
2024-04-25 10:13:51.244688   => item_sort_list is visible on the FIELD_DROPDOWN_SORT!
2024-04-25 10:13:51.244720   Is cur_sort "Most volatile" present in item_sort_list? =>
2024-04-25 10:13:51.253624   => cur_sort "Most volatile" is present in item_sort_list!
2024-04-25 10:13:51.253656   Start click cur_sort "Most volatile" =>
2024-04-25 10:13:51.285017   => End Click cur_sort "Most volatile"

2024-04-25 10:13:51.285058   Buttons [Sell] is visible and sum buttons no zero? =>
2024-04-25 10:13:51.296988   => Buttons [Sell] is visible and sum buttons no zero!

2024-04-25 10:13:51.297034   Start find 1 random buttons [Sell] on cur_sort=>
2024-04-25 10:13:51.303885   => End find 1 random buttons [Sell] on the cur_sort "Most volatile"

2024-04-25 10:13:51.303914   List of random items = [4]
2024-04-25 10:13:51.304129   2. Act for trading instrument, "Most volatile" cur_sort and "Shares" cur_market
2024-04-25 10:13:51.321447   Start click button [Sell] =>
2024-04-25 10:13:51.326381   =>   BUTTON_SELL  is present
2024-04-25 10:13:51.326405   BUTTON_SELL o scroll into view =>
2024-04-25 10:13:51.329540   => BUTTON_SELL scrolled into view
2024-04-25 10:13:51.329563   Check that BUTTON_SELL with item 'Natural Gas' clickable =>
2024-04-25 10:13:51.375470   => BUTTON_SELL not clickable after 5 sec.
