{'width': 1920, 'height': 1080}

2024-11-15 23:27:22.173630   worker_id = master

2024-11-15 23:27:22.173644   0. Allure grouping for US_55


2024-11-15 23:27:22.173834   START PRECONDITIONS =>

2024-11-15 23:27:22.173850   => URL after prev. preconditions - https://capital.com/en-gb
2024-11-15 23:27:22.173859   => flag_of_bug - True
2024-11-15 23:27:22.173871   => Current URL - https://capital.com/ar-ae
2024-11-15 23:27:22.179383   Current page URL = https://capital.com/ar-ae
2024-11-15 23:27:22.181958   self.link = https://capital.com/en-gb
2024-11-15 23:27:22.181971   driver.get(https://capital.com/en-gb) =>
2024-11-15 23:27:24.591235   => Loaded page https://capital.com/en-gb

2024-11-15 23:27:24.596267   => Windows size: {'width': 1920, 'height': 1080}

2024-11-15 23:27:24.669729   Set windows position at (0, 0) =>

2024-11-15 23:27:24.675934   Set resolution 1920 * 1080 =>

2024-11-15 23:27:24.677974   => Resolution set {'width': 1920, 'height': 1080}

2024-11-15 23:27:24.679282   Работа с куками =>
2024-11-15 23:27:24.679297   Prev. role - 'NoReg'
2024-11-15 23:27:24.679306   Current testing role - 'Auth'

2024-11-15 23:27:24.679315   All cookies must be delete =>
2024-11-15 23:27:24.782856   => All cookies are deleted
2024-11-15 23:27:24.782904   Current page URL = https://capital.com/en-gb
2024-11-15 23:27:24.788365   self.link = https://capital.com/en-gb
2024-11-15 23:27:24.788379   driver.get(https://capital.com/en-gb) =>
2024-11-15 23:27:27.179504   => Loaded page https://capital.com/en-gb

2024-11-15 23:27:27.184913   Step 'Click button [Accept all cookies]'
2024-11-15 23:27:27.184928   Is Visible Button [Accept all cookies]? =>
2024-11-15 23:27:28.373186   => Button [Accept all cookies] is visible
2024-11-15 23:27:28.873327   Is clickable Button [Accept all cookies] =>
2024-11-15 23:27:28.890343   => Button [Accept all cookies] is clickable
2024-11-15 23:27:28.890379   Click Button [Accept all cookies] =>
2024-11-15 23:27:29.134062   => Button [Accept all cookies] is clicked
2024-11-15 23:27:29.134106   => Accepted All Cookies

2024-11-15 23:27:29.634225   Prev. role - 'NoReg'
2024-11-15 23:27:29.634283   Cur. role - 'Auth'

2024-11-15 23:27:29.634485   Start Authorization
2024-11-15 23:27:29.748552   => 'Login' form is opened
2024-11-15 23:27:29.963857   => "login" and "password" are inputted
2024-11-15 23:27:29.963911   Click [Continue] button on [Login] form =>
2024-11-15 23:27:30.046392   => [Continue] button on [Login] form is clicked
2024-11-15 23:27:30.046450   Set timeout = 30
2024-11-15 23:27:31.529260   => Page with 'Trading Platform | Capital.com' title opened

2024-11-15 23:27:31.529328   2. Checking that the LOGO is present on the page =>
2024-11-15 23:27:33.261854   => 'capital*com' logo is present on the current page

2024-11-15 23:27:33.571775   => The 'Auth' role is set

2024-11-15 23:27:33.571858   Prev. language: en
2024-11-15 23:27:33.571875   Cur. language - 'en'

2024-11-15 23:27:33.571888   Prev. country: ua
2024-11-15 23:27:33.571902   Cur. country: au

2024-11-15 23:27:33.572093   Set "en" language and "au" country =>
2024-11-15 23:27:33.572116   Current page URL = https://capital.com/en-gb
2024-11-15 23:27:33.616050   self.link = https://capital.com/en-au
2024-11-15 23:27:33.616077   driver.get(https://capital.com/en-au) =>
2024-11-15 23:27:36.021963   => Loaded page https://capital.com/en-au
2024-11-15 23:27:36.092326   => Language is set to 'en'
2024-11-15 23:27:36.092354   => Country is set to 'au'
2024-11-15 23:27:36.092369   => Current URL - https://capital.com/en-au

2024-11-15 23:27:36.097615   => Current URL - https://capital.com/en-au

2024-11-15 23:27:36.097636   => END PRECONDITIONS

2024-11-15 23:27:36.097802   1. Start Arrange: find block 'For learner traders'. 
2024-11-15 23:27:36.097820   current_page = https://capital.com/en-au
2024-11-15 23:27:36.104575   link = https://capital.com/en-au
2024-11-15 23:27:36.112752   Page have block 'Dedicated help, 24/7' in DOM

2024-11-15 23:27:36.123890   Scrolled to block 'Dedicated help, 24/7'
2024-11-15 23:27:36.123915   Start to check visibility block 'Dedicated help, 24/7'.'
2024-11-15 23:27:36.139472   Block Dedicated help, 24/7 visible.

2024-11-15 23:27:36.139522   Save current screenshot into PNG file
2024-11-15 23:27:41.324783   => Page don't have link 'support' in DOM
