{'width': 1280, 'height': 800}

2024-04-25 11:49:05.410308   worker_id = master

2024-04-25 11:49:05.410330   0. Allure grouping v4

2024-04-25 11:49:05.410561   START PRECONDITIONS =>

2024-04-25 11:49:05.410578   => URL after prev. preconditions - https://capital.com/zh
2024-04-25 11:49:05.410588   => flag_of_bug - False
2024-04-25 11:49:05.410599   => Current URL - https://capital.com/zh/trade-stocks
2024-04-25 11:49:05.416239   Current page URL = https://capital.com/zh/trade-stocks
2024-04-25 11:49:05.418841   self.link = https://capital.com/zh
2024-04-25 11:49:05.418855   driver.get(https://capital.com/zh) =>
2024-04-25 11:49:07.278592   => Loaded page https://capital.com/zh

2024-04-25 11:49:07.283420   => Windows size - {'width': 1280, 'height': 800}
2024-04-25 11:49:07.284973   Set windows position at (0, 0) =>
2024-04-25 11:49:07.289764   Set resolution 1280 * 800 =>
2024-04-25 11:49:07.291798   => Windows size is set to {'width': 1280, 'height': 800}

2024-04-25 11:49:08.339270   Капчи нет. Идем дальше

2024-04-25 11:49:08.339369   Работа с куками =>

2024-04-25 11:49:08.339383   => не требуется

2024-04-25 11:49:08.339393   Prev. country - 'au'
2024-04-25 11:49:08.339402   Cur. country - 'au'
2024-04-25 11:49:08.339411   => Country set to 'au'

2024-04-25 11:49:08.339420   Prev. language - 'zh'
2024-04-25 11:49:08.339428   Cur. language - 'zh'
2024-04-25 11:49:08.339437   => Language is set to 'zh'

2024-04-25 11:49:08.339446   Prev. role - 'NoReg'
2024-04-25 11:49:08.339454   Cur. role - 'NoReg'
2024-04-25 11:49:08.339463   => The 'NoReg' role is set

2024-04-25 11:49:08.342486   => Current URL - https://capital.com/zh

2024-04-25 11:49:08.342513   => THE END PRECONDITIONS

2024-04-25 11:49:08.342722   1. Cur URL = https://capital.com/zh

2024-04-25 11:49:08.345322   2. Link = https://capital.com/zh
2024-04-25 11:49:08.345340   current_page = https://capital.com/zh
2024-04-25 11:49:08.347829   link = https://capital.com/zh
2024-04-25 11:49:08.859753   => Education menu is present in DOM
2024-04-25 11:49:08.865032   => Education menu is visible
2024-04-25 11:49:10.139297   => Focus moved to Education menu


2024-04-25 11:49:12.083819   => Shares trading sub-menu clicked
2024-04-25 11:49:12.354937   => Focus moved to 'capital*com' logo

2024-04-25 11:49:12.354985   3. Cur URL = https://capital.com/zh/trade-stocks

2024-04-25 11:49:12.360982   1. Arrange_v4
2024-04-25 11:49:12.361012   current_page = https://capital.com/zh/trade-stocks
2024-04-25 11:49:12.363650   link = https://capital.com/zh/trade-stocks
2024-04-25 11:49:12.366262   MOST_TRADED is present? =>
2024-04-25 11:49:12.376420   => MOST_TRADED widget is present on this page
2024-04-25 11:49:12.376462   => Found 5 elements in block MOST_TRADED
2024-04-25 11:49:12.376473   Most traded widget is scroll =>
2024-04-25 11:49:12.380282   => Most traded widget is scrolled into screen center

2024-04-25 11:49:12.380331   Random indexes = [3]

2024-04-25 11:49:12.380346   Testing Most traded 1 random element with 3 index

2024-04-25 11:49:12.380505   2. Act_v4
2024-04-25 11:49:12.380598   Start Checking that form [Sign up] popped up on the page =>
2024-04-25 11:49:13.905796   '[Sign up]' form was not popped up
2024-04-25 11:49:13.922353   instrument_title = 'Meta Platforms Inc'
2024-04-25 11:49:13.928422   Selected Trade button on Most traded widget is scroll =>
2024-04-25 11:49:13.933495   Selected Trade button click for 'Meta Platforms Inc' trading instrument =>
2024-04-25 11:49:14.989046   => Selected Trade button clicked!

2024-04-25 11:49:14.989292   3. Assert_v0
2024-04-25 11:49:14.989384   Start step Check that [Sign up] form is opened
2024-04-25 11:49:15.240550   'Sign up' form opened
2024-04-25 11:49:15.240605   Assert SIGNUP_HEADER =>
2024-04-25 11:49:15.251734   Assert SIGNUP_REF_LOGIN =>
2024-04-25 11:49:15.263675   Assert SIGNUP_PRIVACY_POLICY_ALL_2 =>
2024-04-25 11:49:15.275298   => SIGNUP_PRIVACY_POLICY_ALL
2024-04-25 11:49:15.275352   => 'Signup' form is checked
2024-04-25 11:49:15.275589   Start step Close [Sign up] form =>
2024-04-25 11:49:15.333222   => 'Signup' form closed
2024-04-25 11:49:15.618051   => Focus moved to 'capital*com' logo
