Current test role - NoAuth

{'width': 1280, 'height': 800}

2024-04-25 11:43:54.634278   worker_id = master

2024-04-25 11:43:54.634292   0. Allure grouping v4

2024-04-25 11:43:54.634489   START PRECONDITIONS =>

2024-04-25 11:43:54.634505   => URL after prev. preconditions - https://capital.com/zh
2024-04-25 11:43:54.634515   => flag_of_bug - False
2024-04-25 11:43:54.634525   => Current URL - https://capital.com/zh/trading-guides
2024-04-25 11:43:54.639549   Current page URL = https://capital.com/zh/trading-guides
2024-04-25 11:43:54.641993   self.link = https://capital.com/zh
2024-04-25 11:43:54.642006   driver.get(https://capital.com/zh) =>
2024-04-25 11:43:56.642615   => Loaded page https://capital.com/zh

2024-04-25 11:43:56.646123   => Windows size - {'width': 1280, 'height': 800}
2024-04-25 11:43:56.647499   Set windows position at (0, 0) =>
2024-04-25 11:43:56.651370   Set resolution 1280 * 800 =>
2024-04-25 11:43:56.653104   => Windows size is set to {'width': 1280, 'height': 800}

2024-04-25 11:43:57.704806   Капчи нет. Идем дальше

2024-04-25 11:43:57.704914   Работа с куками =>
2024-04-25 11:43:57.704928   Prev. role - 'Auth'
2024-04-25 11:43:57.704938   Current testing role - 'NoAuth'

2024-04-25 11:43:57.704948   All cookies must be delete =>
2024-04-25 11:43:57.796979   => All cookies are deleted
2024-04-25 11:43:57.797019   Current page URL = https://capital.com/zh
2024-04-25 11:43:57.801783   self.link = https://capital.com/
2024-04-25 11:43:57.801798   driver.get(https://capital.com/) =>
2024-04-25 11:43:59.312974   => Loaded page https://capital.com/

2024-04-25 11:43:59.317969   Step 'Click button [Accept all cookies]'
2024-04-25 11:43:59.317982   Is Visible Button [Accept all cookies]? =>
2024-04-25 11:43:59.331330   => Button [Accept all cookies] is visible
2024-04-25 11:43:59.831468   Is clickable Button [Accept all cookies] =>
2024-04-25 11:43:59.847685   => Button [Accept all cookies] is clickable
2024-04-25 11:43:59.847721   Click Button [Accept all cookies] =>
2024-04-25 11:44:00.040592   => Button [Accept all cookies] is clicked
2024-04-25 11:44:00.040640   => Accepted All Cookies

2024-04-25 11:44:00.540747   Prev. country - '?'
2024-04-25 11:44:00.540799   Cur. country - 'au'
2024-04-25 11:44:00.540810   Set 'au' country =>
2024-04-25 11:44:00.554723   => Language and Country menu is present
2024-04-25 11:44:00.568494   => Language and Country menu is visible
2024-04-25 11:44:01.837270   => Focus is moved on Language and Country menu 
2024-04-25 11:44:04.693145   => Cur url = https://capital.com/?country=au
2024-04-25 11:44:04.705603   => Country set to 'au'

2024-04-25 11:44:04.705636   Prev. language - '?'
2024-04-25 11:44:04.705646   Cur. language - 'zh'
2024-04-25 11:44:04.705655   Set 'zh' language =>
2024-04-25 11:44:04.728910   => Language and Country menu is present
2024-04-25 11:44:04.741954   => Language and Country menu is visible
2024-04-25 11:44:06.020591   => Focus is moved on Language and Country menu 
2024-04-25 11:44:06.029965   Move focus on zh item and click =>
2024-04-25 11:44:08.239646   => Focus moved on zh item and clicked
2024-04-25 11:44:08.239703   => Cur url = https://capital.com/zh
2024-04-25 11:44:08.245877   => Language is set to 'zh'

2024-04-25 11:44:08.245901   Prev. role - 'Auth'
2024-04-25 11:44:08.245911   Cur. role - 'NoAuth'
2024-04-25 11:44:08.249267   Start Autorization

2024-04-25 11:44:08.249295   => Current URL - https://capital.com/zh

2024-04-25 11:44:08.256385   2. Act
2024-04-25 11:44:08.256404   Start Click button [Log in] =>
2024-04-25 11:44:08.268805   BUTTON_LOGIN scroll =>
2024-04-25 11:44:08.272630   Is BUTTON_LOGIN clickable? =>
2024-04-25 11:44:08.286343   => BUTTON_LOGIN is clickable
2024-04-25 11:44:08.286374   BUTTON_LOGIN click =>
2024-04-25 11:44:08.340338   => BUTTON_LOGIN is clicked!
2024-04-25 11:44:08.340555   Check that 'Login' form is opened
2024-04-25 11:44:08.728110   'Login' form opened
2024-04-25 11:44:08.728146   Assert LOGIN_REF_SIGNUP =>
2024-04-25 11:44:08.746621   Assert LOGIN_CHECKBOX =>
2024-04-25 11:44:08.764061   Assert LOGIN_PASS_FORGOT =>
2024-04-25 11:44:08.780417   => 'Login' form is checked
2024-04-25 11:44:08.780518   => 'Login' form is opened
2024-04-25 11:44:09.004599   => "login" and "password" are inputted
2024-04-25 11:44:09.004653   Click [Continue] button on [Login] form =>
2024-04-25 11:44:09.068949   => [Continue] button on [Login] form is clicked

2024-04-25 11:44:09.069001   1. Checking that the Page opened with 'Trading Platform | Capital.com' title
2024-04-25 11:44:09.069016   Set timeout = 30
2024-04-25 11:44:09.069031   Wait Trading platform page with 'Trading Platform | Capital.com' title open =>
2024-04-25 11:44:11.303111   => Trading platform page with 'Trading Platform | Capital.com' title opened

2024-04-25 11:44:11.303187   2. Checking that the LOGO is present on the page =>
2024-04-25 11:44:12.871634   => 'capital*com' logo is present on the current page
2024-04-25 11:44:14.023615   => Driver.back
https://capital.com/zh

2024-04-25 11:44:14.029722   => Current URL - https://capital.com/zh
2024-04-25 11:44:14.039997   Start DeAuthorisation

2024-04-25 11:44:14.040021   => Current URL - https://capital.com/zh
2024-04-25 11:44:14.042351   1. BUTTON_MY_ACCOUNT is present? =>
2024-04-25 11:44:14.054716   => BUTTON_MY_ACCOUNT is present on this page
2024-04-25 11:44:15.333718   => Move to BUTTON_MY_ACCOUNT
2024-04-25 11:44:15.333756   2. BUTTON_MY_ACCOUNT is clickable? =>
2024-04-25 11:44:15.351464   => BUTTON_MY_ACCOUNT is clickable
2024-04-25 11:44:15.351495   BUTTON_MY_ACCOUNT Click =>
2024-04-25 11:44:16.167366   => User panel [My account] is opened

2024-04-25 11:44:16.167605   Start Click [Logout] button:
2024-04-25 11:44:16.167623   BUTTON_LOGOUT is present? =>
2024-04-25 11:44:16.175619   => BUTTON_LOGOUT is present
2024-04-25 11:44:16.175643   Is BUTTON_LOGOUT visible? =>
2024-04-25 11:44:16.187396   => BUTTON_LOGOUT is visible
2024-04-25 11:44:16.187423   BUTTON_LOGOUT is clickable? =>
2024-04-25 11:44:16.196417   => BUTTON_LOGOUT is clickable
2024-04-25 11:44:16.196440   BUTTON_LOGOUT click =>
2024-04-25 11:44:16.254327   => BUTTON_LOGOUT is clicked

2024-04-25 11:44:16.254445   => Current URL - https://capital.com/zh
2024-04-25 11:44:16.269460   => The 'NoAuth' role is set

2024-04-25 11:44:16.272001   => Current URL - https://capital.com/zh

2024-04-25 11:44:16.272024   => THE END PRECONDITIONS
2024-04-25 11:44:17.581638   => Education menu is present in DOM
2024-04-25 11:44:17.614625   => Education menu is visible
2024-04-25 11:44:18.883237   => Focus moved to Education menu

2024-04-25 11:44:20.394202   1. Arrange_v0
2024-04-25 11:44:20.394242   current_page = https://capital.com/zh/trading-guides
2024-04-25 11:44:20.397480   link = https://capital.com/zh/trading-guides
2024-04-25 11:44:20.400562   BUTTON_CREATE_YOUR_ACCOUNT is located on the page? =>

2024-04-25 11:44:20.424764   2. Act_v0: Define of locator

2024-04-25 11:44:20.424802   2. Act_v0: Go to web element

2024-04-25 11:44:21.467809   2. Act_v0: Click web element
2024-04-25 11:44:21.494196   => BUTTON_CREATE_YOUR_ACCOUNT is clicked

2024-04-25 11:44:21.494428   3. Assert_v0
2024-04-25 11:44:21.494518   Start step Check that [Sign up] form is opened
2024-04-25 11:44:21.868125   'Sign up' form opened
2024-04-25 11:44:21.868180   Assert SIGNUP_HEADER =>
2024-04-25 11:44:21.883754   Assert SIGNUP_REF_LOGIN =>
2024-04-25 11:44:21.897290   Assert SIGNUP_PRIVACY_POLICY_ALL_2 =>
2024-04-25 11:44:21.917429   => SIGNUP_PRIVACY_POLICY_ALL
2024-04-25 11:44:21.917476   => 'Signup' form is checked
2024-04-25 11:44:21.917697   Start step Close [Sign up] form =>
2024-04-25 11:44:21.987542   => 'Signup' form closed
2024-04-25 11:44:22.267720   => Focus moved to 'capital*com' logo
