{'width': 1280, 'height': 720}

2023-12-20 01:51:24.530274   worker_id = master

2023-12-20 01:51:24.530291   0. Allure grouping


2023-12-20 01:51:24.530471   START PRECONDITIONS =>


2023-12-20 01:51:24.530488   {'width': 1280, 'height': 720}

2023-12-20 01:51:24.547655   Set windows position at (320, 180) =>

2023-12-20 01:51:24.650074   Set resolution 1280 * 720 =>

2023-12-20 01:51:24.755346   => Resolution seted {'width': 1280, 'height': 720}

2023-12-20 01:51:28.793366   Капчи нет. Тестим дальше

2023-12-20 01:51:28.793411   Prev. Role: Auth

2023-12-20 01:51:28.793420   Current role: Auth

2023-12-20 01:51:28.793429   Prev language: es

2023-12-20 01:51:28.793438   => Current language: es

2023-12-20 01:51:28.793447   Prev country: de

2023-12-20 01:51:28.793455   => Current country: de

2023-12-20 01:51:28.793463   => THE END PRECONDITIONS

2023-12-20 01:51:28.793515   1. Arrange_v0
2023-12-20 01:51:28.796360   BUTTON_SELL_IN_CONTENT_BLOCK is located on the page? =>
2023-12-20 01:51:28.804247   => BUTTON_SELL_IN_CONTENT_BLOCK is located on the page!

2023-12-20 01:51:28.804395   2. Act_v0
2023-12-20 01:51:28.809336   BUTTON_SELL_IN_CONTENT_BLOCK is present? =>
2023-12-20 01:51:28.809359   => BUTTON_SELL_IN_CONTENT_BLOCK is present on the page!
2023-12-20 01:51:28.809368   BUTTON_SELL_IN_CONTENT_BLOCK scroll =>
2023-12-20 01:51:29.070840   => BUTTON_SELL_IN_CONTENT_BLOCK clicked!

2023-12-20 01:51:29.071133   3. Assert_v4
2023-12-20 01:51:29.071265   Checking that the trading platform page has opened (v4) =>
2023-12-20 01:51:29.605823   => Current page title: Trading Platform | Capital.com
2023-12-20 01:51:29.605972   Checking that the Trading platform LOGO is present on the page =>
2023-12-20 01:51:29.957128   Checking that the Trading platform opened in LIVE mode =>
2023-12-20 01:51:29.967834   => The page with https://capital.com/trading/platform url was opened in lIVE mode
2023-12-20 01:51:30.486404   Load page https://capital.com/es/opera-dow-jones
