{'width': 1280, 'height': 720}

2023-12-19 23:56:57.632131   worker_id = master

2023-12-19 23:56:57.632147   0. Allure grouping


2023-12-19 23:56:57.632300   START PRECONDITIONS =>


2023-12-19 23:56:57.632315   {'width': 1280, 'height': 720}

2023-12-19 23:56:57.633605   Set windows position at (320, 180) =>

2023-12-19 23:56:57.735856   Set resolution 1280 * 720 =>

2023-12-19 23:56:57.838428   => Resolution seted {'width': 1280, 'height': 720}

2023-12-19 23:57:01.873663   Капчи нет. Тестим дальше

2023-12-19 23:57:01.873710   Prev. Role: NoAuth

2023-12-19 23:57:01.873720   Current role: NoAuth

2023-12-19 23:57:01.873728   Prev language: es

2023-12-19 23:57:01.873736   => Current language: es

2023-12-19 23:57:01.873744   Prev country: de

2023-12-19 23:57:01.873751   => Current country: de

2023-12-19 23:57:01.873759   => THE END PRECONDITIONS

2023-12-19 23:57:01.873814   1. Arrange_v4
2023-12-19 23:57:01.876726   MOST_TRADED is visible? =>
2023-12-19 23:57:01.885253   => MOST_TRADED is visible on the page!
2023-12-19 23:57:01.885281   => Found 5 elements in block MOST_TRADED

2023-12-19 23:57:01.885304   Testing Most traded random element #1

2023-12-19 23:57:01.885441   2. Act_v4
2023-12-19 23:57:01.885454   MOST_TRADED delete js-mostTraded class =>
2023-12-19 23:57:01.911046   MOST_TRADED scroll =>
2023-12-19 23:57:01.911220   Start Checking that form [Sign up] popped up on the page =>
2023-12-19 23:57:01.922868   'Sign up' form opened
2023-12-19 23:57:01.923017   Start step Close [Sign up] form =>
2023-12-19 23:57:01.989143   => 'Signup' form closed
2023-12-19 23:57:01.994539   MOST_TRADED click for 'US Tech 100' trading instrument =>
2023-12-19 23:57:02.071279   => MOST_TRADED clicked!

2023-12-19 23:57:02.071503   3. Assert_Login_v0
2023-12-19 23:57:02.086700   'Login' form opened
2023-12-19 23:57:02.086741   Assert LOGIN_REF_SIGNUP =>
2023-12-19 23:57:02.103992   Assert LOGIN_CHECKBOX =>
2023-12-19 23:57:02.140812   Assert LOGIN_PASS_FORGOT =>
2023-12-19 23:57:02.158975   => 'Login' form is checked
2023-12-19 23:57:02.182128   Click 'Close' button on 'Login' form =>
2023-12-19 23:57:02.220928   => 'Login' form closed

2023-12-19 23:57:02.221035   Clear Top Chart list =>
2023-12-19 23:57:03.667684   Load page https://capital.com/trading/platform/charting/

2023-12-19 23:57:11.719166   1. Arrange_v4
2023-12-19 23:57:12.102027   Load page https://capital.com/es/come-operar-cfd
2023-12-19 23:57:12.102082   MOST_TRADED is visible? =>
2023-12-19 23:57:12.145887   => MOST_TRADED is visible on the page!
2023-12-19 23:57:12.145928   => Found 5 elements in block MOST_TRADED

2023-12-19 23:57:12.145944   Testing Most traded random element #2

2023-12-19 23:57:12.146138   2. Act_v4
2023-12-19 23:57:12.146160   MOST_TRADED delete js-mostTraded class =>
2023-12-19 23:57:12.330917   MOST_TRADED scroll =>
2023-12-19 23:57:12.331087   Start Checking that form [Sign up] popped up on the page =>
2023-12-19 23:57:16.860348   '[Sign up]' form was not popped up
2023-12-19 23:57:16.867955   MOST_TRADED click for 'US Crude Oil Spot' trading instrument =>
2023-12-19 23:57:16.935568   => MOST_TRADED clicked!

2023-12-19 23:57:16.935881   3. Assert_Login_v0
2023-12-19 23:57:17.196063   'Login' form opened
2023-12-19 23:57:17.196104   Assert LOGIN_REF_SIGNUP =>
2023-12-19 23:57:17.215491   Assert LOGIN_CHECKBOX =>
2023-12-19 23:57:17.232061   Assert LOGIN_PASS_FORGOT =>
2023-12-19 23:57:17.255850   => 'Login' form is checked
2023-12-19 23:57:17.280682   Click 'Close' button on 'Login' form =>
2023-12-19 23:57:17.318530   => 'Login' form closed
