{'width': 1280, 'height': 720}

2023-12-20 01:49:14.954141   worker_id = master

2023-12-20 01:49:14.954160   0. Allure grouping


2023-12-20 01:49:14.954305   START PRECONDITIONS =>


2023-12-20 01:49:14.954319   {'width': 1280, 'height': 720}

2023-12-20 01:49:14.955501   Set windows position at (320, 180) =>

2023-12-20 01:49:15.057659   Set resolution 1280 * 720 =>

2023-12-20 01:49:15.159792   => Resolution seted {'width': 1280, 'height': 720}

2023-12-20 01:49:19.215223   Капчи нет. Тестим дальше

2023-12-20 01:49:19.215270   Prev. Role: NoReg

2023-12-20 01:49:19.215279   Current role: NoReg

2023-12-20 01:49:19.215287   Prev language: es

2023-12-20 01:49:19.215295   => Current language: es

2023-12-20 01:49:19.215303   Prev country: de

2023-12-20 01:49:19.215311   => Current country: de

2023-12-20 01:49:19.215319   => THE END PRECONDITIONS

2023-12-20 01:49:19.215372   1. Arrange_v0
2023-12-20 01:49:19.218268   BUTTON_BUY_IN_CONTENT_BLOCK is located on the page? =>
2023-12-20 01:49:19.225970   => BUTTON_BUY_IN_CONTENT_BLOCK is located on the page!

2023-12-20 01:49:19.226113   2. Act_v0
2023-12-20 01:49:19.230649   BUTTON_BUY_IN_CONTENT_BLOCK is present? =>
2023-12-20 01:49:19.230674   => BUTTON_BUY_IN_CONTENT_BLOCK is present on the page
2023-12-20 01:49:19.230683   BUTTON_BUY_IN_CONTENT_BLOCK scroll =>
2023-12-20 01:49:19.233941   => BUTTON_BUY_IN_CONTENT_BLOCK scrolled
2023-12-20 01:49:19.239980   BUTTON_BUY_IN_CONTENT_BLOCK is clickable? =>
2023-12-20 01:49:19.250373   BUTTON_BUY_IN_CONTENT_BLOCK CLICK =>
2023-12-20 01:49:19.282607   => BUTTON_BUY_IN_CONTENT_BLOCK clicked!

2023-12-20 01:49:19.282894   3. Assert_v0
2023-12-20 01:49:19.283020   Start step Check that [Sign up] form is opened
2023-12-20 01:49:19.298201   'Sign up' form opened
2023-12-20 01:49:19.298248   Assert SIGNUP_HEADER =>
2023-12-20 01:49:19.310718   Assert SIGNUP_REF_LOGIN =>
2023-12-20 01:49:19.323564   Assert SIGNUP_PRIVACY_POLICY_ALL_2 =>
2023-12-20 01:49:19.335743   => SIGNUP_PRIVACY_POLICY_ALL
2023-12-20 01:49:19.335782   => 'Signup' form is checked
2023-12-20 01:49:19.335930   Start step Close [Sign up] form =>
2023-12-20 01:49:19.413778   => 'Signup' form closed
