{'width': 1280, 'height': 720}

2024-01-08 04:57:15.738433   worker_id = master

2024-01-08 04:57:15.738449   0. Allure grouping v4


2024-01-08 04:57:15.738617   START PRECONDITIONS =>


2024-01-08 04:57:15.738631   {'width': 1280, 'height': 720}

2024-01-08 04:57:15.740017   Set windows position at (0, 0) =>

2024-01-08 04:57:15.842087   Set resolution 1280 * 720 =>

2024-01-08 04:57:15.944108   => Resolution seted {'width': 1280, 'height': 720}

2024-01-08 04:57:19.995529   Капчи нет. Тестим дальше

2024-01-08 04:57:19.995594   Prev. Role: NoReg

2024-01-08 04:57:19.995604   Current role: NoReg

2024-01-08 04:57:19.995613   Prev language: ru

2024-01-08 04:57:19.995621   => Current language: ru

2024-01-08 04:57:19.995629   Prev country: ae

2024-01-08 04:57:19.995637   => Current country: ae

2024-01-08 04:57:19.995644   => THE END PRECONDITIONS

2024-01-08 04:57:19.995698   1. Cur URL = https://capital.com/ru/torgovlya-aktsiyami-cfd

2024-01-08 04:57:19.998620   2. Link = https://capital.com/ru
2024-01-08 04:57:20.427555   Load page https://capital.com/ru
2024-01-08 04:57:20.503855   => Education menu is present
2024-01-08 04:57:20.636945   => Education menu is visible
2024-01-08 04:57:22.402499   => Education menu focus moved


2024-01-08 04:57:23.710140   => Shares trading sub-menu clicked

2024-01-08 04:57:23.718505   1. Arrange
2024-01-08 04:57:23.726214   BUTTON_ON_VER_BANNER is visible? =>
2024-01-08 04:57:23.747919   => BUTTON_ON_VER_BANNER is visible on the page!
2024-01-08 04:57:23.748139   Start Checking that form [Sign up] popped up on the page =>
2024-01-08 04:57:28.281747   '[Sign up]' form was not popped up

2024-01-08 04:57:28.281937   2. Act
2024-01-08 04:57:28.281955   BUTTON_ON_VER_BANNER is present? =>
2024-01-08 04:57:28.290995   => BUTTON_ON_VER_BANNER is present on the page!
2024-01-08 04:57:28.291017   BUTTON_ON_VER_BANNER scroll =>
2024-01-08 04:57:28.410485   => BUTTON_ON_VER_BANNER clicked!

2024-01-08 04:57:28.410713   3. Assert_v0
2024-01-08 04:57:28.410821   Start step Check that [Sign up] form is opened
2024-01-08 04:57:28.588198   'Sign up' form opened
2024-01-08 04:57:28.588246   Assert SIGNUP_HEADER =>
2024-01-08 04:57:28.609602   Assert SIGNUP_REF_LOGIN =>
2024-01-08 04:57:28.630664   Assert SIGNUP_PRIVACY_POLICY_ALL_2 =>
2024-01-08 04:57:28.704298   => SIGNUP_PRIVACY_POLICY_ALL
2024-01-08 04:57:28.704345   => 'Signup' form is checked
2024-01-08 04:57:28.704536   Start step Close [Sign up] form =>
2024-01-08 04:57:28.816843   => 'Signup' form closed
