{'width': 1280, 'height': 720}

2024-01-08 04:37:45.840130   worker_id = master

2024-01-08 04:37:45.840147   0. Allure grouping v4


2024-01-08 04:37:45.840291   START PRECONDITIONS =>


2024-01-08 04:37:45.840305   {'width': 1280, 'height': 720}

2024-01-08 04:37:45.841484   Set windows position at (0, 0) =>

2024-01-08 04:37:45.943513   Set resolution 1280 * 720 =>

2024-01-08 04:37:46.045598   => Resolution seted {'width': 1280, 'height': 720}

2024-01-08 04:37:50.100767   Капчи нет. Тестим дальше

2024-01-08 04:37:50.100817   Prev. Role: NoAuth

2024-01-08 04:37:50.100827   Current role: NoAuth

2024-01-08 04:37:50.100835   Prev language: ru

2024-01-08 04:37:50.100843   => Current language: ru

2024-01-08 04:37:50.100851   Prev country: ae

2024-01-08 04:37:50.100859   => Current country: ae

2024-01-08 04:37:50.100867   => THE END PRECONDITIONS

2024-01-08 04:37:50.100928   1. Arrange_v0
2024-01-08 04:37:50.103764   BUTTON_TRY_DEMO is visible? =>
2024-01-08 04:37:50.117877   => BUTTON_TRY_DEMO is visible on the page!

2024-01-08 04:37:50.118009   2. Act_v0
2024-01-08 04:37:50.118023   BUTTON_TRY_DEMO is present? =>
2024-01-08 04:37:50.125369   => BUTTON_TRY_DEMO is present on the page!
2024-01-08 04:37:50.125390   BUTTON_TRY_DEMO scroll =>
2024-01-08 04:37:50.184170   => BUTTON_TRY_DEMO clicked!

2024-01-08 04:37:50.184421   3. Assert_Login_v0
2024-01-08 04:37:50.184506   Check that 'Login' form is opened
2024-01-08 04:37:59.274291   'Login' form not opened
2024-01-08 04:37:59.277989   'Login' page not opened
2024-01-08 04:38:03.825137   'Login' form on trading platform not opened
2024-01-08 04:38:03.825324   Start step Check that [Sign up] form is opened
2024-01-08 04:38:03.841442   'Sign up' form opened
2024-01-08 04:38:03.841468   Assert SIGNUP_HEADER =>
2024-01-08 04:38:03.854995   Assert SIGNUP_REF_LOGIN =>
2024-01-08 04:38:03.868793   Assert SIGNUP_PRIVACY_POLICY_ALL_2 =>
2024-01-08 04:38:03.882318   => SIGNUP_PRIVACY_POLICY_ALL
2024-01-08 04:38:03.882341   => 'Signup' form is checked

Bug: Bid:11.01.03.01_02-ru.ae.NoAuth

2024-01-08 04:38:03.882399   Проверка бага в таблице ретеста  =>

2024-01-08 04:38:04.554648   Bug: Bid:11.01.03.01_02-ru.ae.NoAuth-05 уже существует
