{'width': 1280, 'height': 800}

2024-04-06 04:55:28.105929   worker_id = master

2024-04-06 04:55:28.105943   0. Allure grouping v4

2024-04-06 04:55:28.106134   START PRECONDITIONS =>

2024-04-06 04:55:28.106150   => Current URL - https://capital.com/fr/produit-de-base-palladium-spot

2024-04-06 04:55:28.108815   => URL after prev. preconditions - https://capital.com/fr/produit-de-base-iron-ore-spot

2024-04-06 04:55:28.108828   => flag_of_bug - False

2024-04-06 04:55:28.108840   => Windows size - {'width': 1280, 'height': 800}
2024-04-06 04:55:28.110144   Set windows position at (0, 0) =>
2024-04-06 04:55:28.212500   Set resolution 1280 * 800 =>
2024-04-06 04:55:28.314932   => Windows size is set to {'width': 1280, 'height': 800}

2024-04-06 04:55:29.345223   Капчи нет. Идем дальше

2024-04-06 04:55:29.345311   Работа с куками

2024-04-06 04:55:29.345325   Prev. country - 'de'
2024-04-06 04:55:29.345335   Cur. country - 'de'
2024-04-06 04:55:29.345344   => Country set to 'de'

2024-04-06 04:55:29.345353   Prev. language - 'fr'
2024-04-06 04:55:29.345362   Cur. language - 'fr'
2024-04-06 04:55:29.345371   => Language is set to 'fr'

2024-04-06 04:55:29.345379   Prev. role - 'NoReg'
2024-04-06 04:55:29.345388   Cur. role - 'NoReg'
2024-04-06 04:55:29.345397   => The 'NoReg' role is set

2024-04-06 04:55:29.348141   => Current URL - https://capital.com/fr/produit-de-base-palladium-spot

2024-04-06 04:55:29.348163   => THE END PRECONDITIONS

2024-04-06 04:55:29.348346   1. Arrange_v0
2024-04-06 04:55:29.348364   current_page = https://capital.com/fr/produit-de-base-palladium-spot
2024-04-06 04:55:29.350883   link = https://capital.com/fr/produit-de-base-palladium-spot
2024-04-06 04:55:29.360802   Is button BUTTON_VIEW_DETAILED_CHART present on the page? =>
2024-04-06 04:55:29.360824   => BUTTON_VIEW_DETAILED_CHART is present on the page
2024-04-06 04:55:29.360834   BUTTON_VIEW_DETAILED_CHART scroll =>
2024-04-06 04:55:29.365596   => BUTTON_VIEW_DETAILED_CHART scrolled
2024-04-06 04:55:29.365793   Start Checking that form [Sign up] popped up on the page =>
2024-04-06 04:55:30.908761   '[Sign up]' form was not popped up

2024-04-06 04:55:30.908949   2. Act_v0
2024-04-06 04:55:30.908965   Start Click button [View Detailed Chart] =>
2024-04-06 04:55:30.924072   BUTTON_VIEW_DETAILED_CHART is clickable =>
2024-04-06 04:55:30.988341 => BUTTON_VIEW_DETAILED_CHART clicked

2024-04-06 04:55:30.988692   3. Assert_v0
2024-04-06 04:55:30.988838   Start step Check that [Sign up] form is opened
2024-04-06 04:55:31.001822   'Sign up' form opened
2024-04-06 04:55:31.001854   Assert SIGNUP_HEADER =>
2024-04-06 04:55:31.013391   Assert SIGNUP_REF_LOGIN =>
2024-04-06 04:55:31.043507   Assert SIGNUP_PRIVACY_POLICY_ALL_2 =>
2024-04-06 04:55:31.055361   => SIGNUP_PRIVACY_POLICY_ALL
2024-04-06 04:55:31.055400   => 'Signup' form is checked
2024-04-06 04:55:31.055578   Start step Close [Sign up] form =>
2024-04-06 04:55:31.123283   => 'Signup' form closed
2024-04-06 04:55:31.400376   => Focus moved to 'capital*com' logo
