{'width': 1280, 'height': 800}

2024-04-06 05:29:58.439806   worker_id = master

2024-04-06 05:29:58.439820   0. Allure grouping v4

2024-04-06 05:29:58.440005   START PRECONDITIONS =>

2024-04-06 05:29:58.440021   => Current URL - https://capital.com/fr/trading-canopy-growth

2024-04-06 05:29:58.442843   => URL after prev. preconditions - https://capital.com/fr/trading-canopy-growth

2024-04-06 05:29:58.442857   => flag_of_bug - False

2024-04-06 05:29:58.442869   => Windows size - {'width': 1280, 'height': 800}
2024-04-06 05:29:58.444196   Set windows position at (0, 0) =>
2024-04-06 05:29:58.546633   Set resolution 1280 * 800 =>
2024-04-06 05:29:58.650940   => Windows size is set to {'width': 1280, 'height': 800}

2024-04-06 05:29:59.680797   Капчи нет. Идем дальше

2024-04-06 05:29:59.680889   Работа с куками

2024-04-06 05:29:59.680902   Prev. country - 'de'
2024-04-06 05:29:59.680913   Cur. country - 'de'
2024-04-06 05:29:59.680922   => Country set to 'de'

2024-04-06 05:29:59.680931   Prev. language - 'fr'
2024-04-06 05:29:59.680940   Cur. language - 'fr'
2024-04-06 05:29:59.680948   => Language is set to 'fr'

2024-04-06 05:29:59.680957   Prev. role - 'NoReg'
2024-04-06 05:29:59.680965   Cur. role - 'NoReg'
2024-04-06 05:29:59.680974   => The 'NoReg' role is set

2024-04-06 05:29:59.686509   => Current URL - https://capital.com/fr/trading-canopy-growth

2024-04-06 05:29:59.686536   => THE END PRECONDITIONS

2024-04-06 05:29:59.686736   1. Arrange_v0
2024-04-06 05:29:59.686754   current_page = https://capital.com/fr/trading-canopy-growth
2024-04-06 05:29:59.689468   link = https://capital.com/fr/trading-canopy-growth
2024-04-06 05:29:59.692114   BUTTON_CREATE_YOUR_ACCOUNT is located on the page? =>

2024-04-06 05:29:59.699929   2. Act_v0: Define of locator

2024-04-06 05:29:59.699950   2. Act_v0: Go to web element

2024-04-06 05:30:00.775566   2. Act_v0: Click web element
2024-04-06 05:30:00.820854   => BUTTON_CREATE_YOUR_ACCOUNT is clicked

2024-04-06 05:30:00.821152   3. Assert_v0
2024-04-06 05:30:00.821250   Start step Check that [Sign up] form is opened
2024-04-06 05:30:00.835211   'Sign up' form opened
2024-04-06 05:30:00.835245   Assert SIGNUP_HEADER =>
2024-04-06 05:30:00.847241   Assert SIGNUP_REF_LOGIN =>
2024-04-06 05:30:00.858199   Assert SIGNUP_PRIVACY_POLICY_ALL_2 =>
2024-04-06 05:30:00.877142   => SIGNUP_PRIVACY_POLICY_ALL
2024-04-06 05:30:00.877180   => 'Signup' form is checked
2024-04-06 05:30:00.877358   Start step Close [Sign up] form =>
2024-04-06 05:30:00.948976   => 'Signup' form closed
2024-04-06 05:30:01.239836   => Focus moved to 'capital*com' logo
