{'width': 1280, 'height': 800}

2024-04-03 05:38:46.984279   worker_id = master

2024-04-03 05:38:46.984293   0. Allure grouping v4

2024-04-03 05:38:46.984487   START PRECONDITIONS =>

2024-04-03 05:38:46.984502   => Current URL - https://capital.com/ru/cfd-rynki

2024-04-03 05:38:46.987346   => URL after prev. preconditions - https://capital.com/ru/cfd-rynki

2024-04-03 05:38:46.987359   => flag_of_bug - False

2024-04-03 05:38:46.987371   => Windows size - {'width': 1280, 'height': 800}
2024-04-03 05:38:46.988637   Set windows position at (0, 0) =>
2024-04-03 05:38:47.090507   Set resolution 1280 * 800 =>
2024-04-03 05:38:47.192532   => Windows size is set to {'width': 1280, 'height': 800}

2024-04-03 05:38:48.221278   Капчи нет. Идем дальше

2024-04-03 05:38:48.221362   Работа с куками

2024-04-03 05:38:48.221376   Prev. country - 'ae'
2024-04-03 05:38:48.221386   Cur. country - 'ae'
2024-04-03 05:38:48.221395   => Country set to 'ae'

2024-04-03 05:38:48.221404   Prev. language - 'ru'
2024-04-03 05:38:48.221413   Cur. language - 'ru'
2024-04-03 05:38:48.221422   => Language is set to 'ru'

2024-04-03 05:38:48.221430   Prev. role - 'NoAuth'
2024-04-03 05:38:48.221439   Cur. role - 'NoAuth'
2024-04-03 05:38:48.221448   => The 'NoAuth' role is set

2024-04-03 05:38:48.224248   => Current URL - https://capital.com/ru/cfd-rynki

2024-04-03 05:38:48.224269   => THE END PRECONDITIONS

2024-04-03 05:38:48.224455   1. Arrange_v0
2024-04-03 05:38:48.224472   current_page = https://capital.com/ru/cfd-rynki
2024-04-03 05:38:48.227639   link = https://capital.com/ru/cfd-rynki
2024-04-03 05:38:48.230313   BUTTON_CREATE_YOUR_ACCOUNT is located on the page? =>

2024-04-03 05:38:48.238047   2. Act_v0: Define of locator

2024-04-03 05:38:48.238068   2. Act_v0: Go to web element

2024-04-03 05:38:49.276234   2. Act_v0: Click web element
2024-04-03 05:38:49.318170   => BUTTON_CREATE_YOUR_ACCOUNT is clicked

2024-04-03 05:38:49.318485   3. Assert_v0
2024-04-03 05:38:49.318629   Start step Check that [Sign up] form is opened
2024-04-03 05:38:49.334608   'Sign up' form opened
2024-04-03 05:38:49.334643   Assert SIGNUP_HEADER =>
2024-04-03 05:38:49.349555   Assert SIGNUP_REF_LOGIN =>
2024-04-03 05:38:49.363898   Assert SIGNUP_PRIVACY_POLICY_ALL_2 =>
2024-04-03 05:38:49.396850   => SIGNUP_PRIVACY_POLICY_ALL
2024-04-03 05:38:49.396889   => 'Signup' form is checked
2024-04-03 05:38:49.397061   Start step Close [Sign up] form =>
2024-04-03 05:38:49.454386   => 'Signup' form closed
2024-04-03 05:38:49.728931   => Focus moved to 'capital*com' logo
