


Current tab - most_traded
{'width': 1280, 'height': 800}

2024-04-03 06:29:54.379796   worker_id = master

2024-04-03 06:29:54.379810   0. Allure grouping v4

2024-04-03 06:29:54.379992   START PRECONDITIONS =>

2024-04-03 06:29:54.380007   => Current URL - https://capital.com/trading/platform/charting/21799823770473668?side=sell&ids=69767822418420761,1361805280629956,67428628610196505,63012422977365017,15820980186338500,21621659937100996,67428057379546137,14976525191435460,1182876943078596,21182778791108,21178483823812,123763777643545,93810675762329,53068615992473,143778325279051,374675767075865,55001351234585,96683862771373380,10500838556456274,77073188213956,21812064427192838,53068615951385,7089977393501380,3578605405754706,7093817094264004,426627691533508,7096896585815236,7091600891139268,427748677997764,7091871474078916,426696411010244,27045129890124996,5983666832495812,25985050357018692,20337752478405828,27041281599427780,93810675766468,305243519000335556,1679716659553719492,15839732013552836,3712840313689284,521557515343844548,3663607190724,21799823770473668

2024-04-03 06:29:54.382799   => URL after prev. preconditions - https://capital.com/ru/nasdaq-100-cfd

2024-04-03 06:29:54.382813   => flag_of_bug - True
2024-04-03 06:29:54.382824   Current page URL = https://capital.com/trading/platform/charting/21799823770473668?side=sell&ids=69767822418420761,1361805280629956,67428628610196505,63012422977365017,15820980186338500,21621659937100996,67428057379546137,14976525191435460,1182876943078596,21182778791108,21178483823812,123763777643545,93810675762329,53068615992473,143778325279051,374675767075865,55001351234585,96683862771373380,10500838556456274,77073188213956,21812064427192838,53068615951385,7089977393501380,3578605405754706,7093817094264004,426627691533508,7096896585815236,7091600891139268,427748677997764,7091871474078916,426696411010244,27045129890124996,5983666832495812,25985050357018692,20337752478405828,27041281599427780,93810675766468,305243519000335556,1679716659553719492,15839732013552836,3712840313689284,521557515343844548,3663607190724,21799823770473668
2024-04-03 06:29:54.385355   self.link = https://capital.com/ru/nasdaq-100-cfd
2024-04-03 06:29:54.385369   link = https://capital.com/ru/nasdaq-100-cfd
2024-04-03 06:29:56.728520   => Loaded page https://capital.com/ru/nasdaq-100-cfd

2024-04-03 06:29:56.732856   => Windows size - {'width': 1280, 'height': 800}
2024-04-03 06:29:56.734186   Set windows position at (0, 0) =>
2024-04-03 06:29:56.836424   Set resolution 1280 * 800 =>
2024-04-03 06:29:56.938679   => Windows size is set to {'width': 1280, 'height': 800}

2024-04-03 06:29:57.962994   Капчи нет. Идем дальше

2024-04-03 06:29:57.963077   Работа с куками

2024-04-03 06:29:57.963091   Prev. country - 'ae'
2024-04-03 06:29:57.963101   Cur. country - 'ae'
2024-04-03 06:29:57.963110   => Country set to 'ae'

2024-04-03 06:29:57.963119   Prev. language - 'ru'
2024-04-03 06:29:57.963128   Cur. language - 'ru'
2024-04-03 06:29:57.963136   => Language is set to 'ru'

2024-04-03 06:29:57.963146   Prev. role - 'Auth'
2024-04-03 06:29:57.963154   Cur. role - 'Auth'
2024-04-03 06:29:57.963163   => The 'Auth' role is set

2024-04-03 06:29:57.965857   => Current URL - https://capital.com/ru/nasdaq-100-cfd

2024-04-03 06:29:57.965879   => THE END PRECONDITIONS

2024-04-03 06:29:57.965928   1. Arrange for Indices finance instrument and "most_traded" tab
2024-04-03 06:29:57.965942   current_page = https://capital.com/ru/nasdaq-100-cfd
2024-04-03 06:29:57.968422   link = https://capital.com/ru/nasdaq-100-cfd
2024-04-03 06:29:57.971048   IS CFDs TABLE visible on the page? =>
2024-04-03 06:29:57.975615   => CFDs TABLE is visible on the page!

2024-04-03 06:29:57.975642   IS TAB "most_traded" visible on the page? =>
2024-04-03 06:29:57.982662   => TAB "most_traded" is visible on the page!

2024-04-03 06:29:57.982685   Buttons [Buy] is visible and quantity buttons not zero? =>
2024-04-03 06:29:57.993530   => Buttons [Buy] is visible and quantity buttons not zero!

2024-04-03 06:29:57.993553   Start Click button TAB "most_traded" =>
2024-04-03 06:29:58.041922   => End Click button TAB "most_traded"

2024-04-03 06:29:58.041957   Start Click button [Show all] on the TAB "most_traded" =>
2024-04-03 06:29:58.120846   => End Click button [Show all] on the TAB "most_traded"

2024-04-03 06:29:58.120902   Start find two random buttons [Buy] on the TAB "most_traded"=>
2024-04-03 06:29:58.144507   => End find two random buttons [Buy] on the TAB "most_traded"

2024-04-03 06:29:58.144695   2. Act for Indices finance instrument and "most_traded" tab
2024-04-03 06:29:58.170452   Start click button [Buy] =>
2024-04-03 06:29:58.233866   => BUTTON_TRADING_BUY with item 3712840313689284 clicked!


2024-04-03 06:29:58.234111   3. Assert_v4
2024-04-03 06:29:58.234222   Checking that the trading platform page has opened (v4) =>
2024-04-03 06:29:58.749963   Checking way # 1 => 

2024-04-03 06:29:58.750029   1. Checking that the Trading platform page has valid title =>
2024-04-03 06:29:58.754992   => The title of current page is 'Trading Platform | Capital.com'

2024-04-03 06:29:58.755045   2. Checking that the LOGO is present on the page =>
2024-04-03 06:29:59.647428   => 'capital*com' logo is present on the current page

2024-04-03 06:29:59.647465   tpd = False

2024-04-03 06:29:59.647477   4. Check that opened page with https://capital.com/trading/platform/charting/3712840313689284?side=buy&ids=69767822418420761,1361805280629956,67428628610196505,63012422977365017,15820980186338500,21621659937100996,67428057379546137,14976525191435460,1182876943078596,21182778791108,21178483823812,123763777643545,93810675762329,53068615992473,143778325279051,374675767075865,55001351234585,96683862771373380,10500838556456274,77073188213956,21812064427192838,53068615951385,7089977393501380,3578605405754706,7093817094264004,426627691533508,7096896585815236,7091600891139268,427748677997764,7091871474078916,426696411010244,27045129890124996,5983666832495812,25985050357018692,20337752478405828,27041281599427780,93810675766468,305243519000335556,1679716659553719492,15839732013552836,3712840313689284,521557515343844548,3663607190724,21799823770473668 url
with selected corresponding trading instrument '3712840313689284' =>

2024-04-03 06:29:59.651284   trade_instrument = '3712840313689284'

2024-04-03 06:29:59.651296   4.1. Check that Trading Platform is opened in Chart mode
2024-04-03 06:30:00.048041   => Trading Platform opened in Chart mode

2024-04-03 06:30:00.048079   4.2. Check that Top Charts List of Trading Platform not empty =>

2024-04-03 06:30:00.061754   4.3. Check that Top Charts List contain selected trade instrument =>

2024-04-03 06:30:00.061801   Top Charts List contain 44 trade instruments

2024-04-03 06:30:00.061822   Top Charts List contain following trade instruments:
'AMC Entertainment Holdings Inc (Extended Hours)'
'Gold'
'Silver'
'US Tech 100'
'Mitsubishi Estate Co., Ltd.'
''
''
''
''
''
''
''
''
''
''
''
''
''
''
''
''
''
''
''
''
''
''
''
''
''
''
''
''
''
''
''
''
''
''
''
''
''
''
''

Bug: 

2024-04-03 06:30:00.827804   Проверка бага в таблице ретеста  =>

 gs = GoogleSheet() - создаем объект gs # 1: <tests.ReTestsAuto.GoogleSheets.googlesheets.GoogleSheet object at 0x7f0bb8223a10>

2024-04-03 06:30:00.831335  Для бага: Bid-16 необходимо использовать проверку на ретест!!!
