


Current tab - top_fallers
{'width': 1280, 'height': 800}

2024-04-03 06:31:54.924911   worker_id = master

2024-04-03 06:31:54.924924   0. Allure grouping v4

2024-04-03 06:31:54.925101   START PRECONDITIONS =>

2024-04-03 06:31:54.925116   => Current URL - https://capital.com/ru/nasdaq-100-cfd

2024-04-03 06:31:54.927881   => URL after prev. preconditions - https://capital.com/ru/nasdaq-100-cfd

2024-04-03 06:31:54.927894   => flag_of_bug - False

2024-04-03 06:31:54.927905   => Windows size - {'width': 1280, 'height': 800}
2024-04-03 06:31:54.929167   Set windows position at (0, 0) =>
2024-04-03 06:31:55.031014   Set resolution 1280 * 800 =>
2024-04-03 06:31:55.136255   => Windows size is set to {'width': 1280, 'height': 800}

2024-04-03 06:31:56.146692   Капчи нет. Идем дальше

2024-04-03 06:31:56.146777   Работа с куками

2024-04-03 06:31:56.146790   Prev. country - 'ae'
2024-04-03 06:31:56.146800   Cur. country - 'ae'
2024-04-03 06:31:56.146809   => Country set to 'ae'

2024-04-03 06:31:56.146818   Prev. language - 'ru'
2024-04-03 06:31:56.146827   Cur. language - 'ru'
2024-04-03 06:31:56.146836   => Language is set to 'ru'

2024-04-03 06:31:56.146845   Prev. role - 'NoAuth'
2024-04-03 06:31:56.146853   Cur. role - 'NoAuth'
2024-04-03 06:31:56.146862   => The 'NoAuth' role is set

2024-04-03 06:31:56.152876   => Current URL - https://capital.com/ru/nasdaq-100-cfd

2024-04-03 06:31:56.152900   => THE END PRECONDITIONS

2024-04-03 06:31:56.152944   1. Arrange for Indices finance instrument and "top_fallers" tab
2024-04-03 06:31:56.152959   current_page = https://capital.com/ru/nasdaq-100-cfd
2024-04-03 06:31:56.155446   link = https://capital.com/ru/nasdaq-100-cfd
2024-04-03 06:31:56.157907   IS CFDs TABLE visible on the page? =>
2024-04-03 06:31:56.162492   => CFDs TABLE is visible on the page!

2024-04-03 06:31:56.162518   IS TAB "top_fallers" visible on the page? =>
2024-04-03 06:31:56.169942   => TAB "top_fallers" is visible on the page!

2024-04-03 06:31:56.169965   Buttons [Buy] is visible and quantity buttons not zero? =>
2024-04-03 06:31:56.181317   => Buttons [Buy] is visible and quantity buttons not zero!

2024-04-03 06:31:56.181339   Start Click button TAB "top_fallers" =>
