{'width': 1280, 'height': 800}

2024-04-03 05:32:54.249146   worker_id = master

2024-04-03 05:32:54.249160   0. Allure grouping v4

2024-04-03 05:32:54.249379   START PRECONDITIONS =>

2024-04-03 05:32:54.249398   => Current URL - https://capital.com/ru/wheat-spot-tovar

2024-04-03 05:32:54.251898   => URL after prev. preconditions - https://capital.com/ru/wheat-spot-tovar

2024-04-03 05:32:54.251911   => flag_of_bug - False

2024-04-03 05:32:54.251922   => Windows size - {'width': 1280, 'height': 800}
2024-04-03 05:32:54.253152   Set windows position at (0, 0) =>
2024-04-03 05:32:54.354966   Set resolution 1280 * 800 =>
2024-04-03 05:32:54.457051   => Windows size is set to {'width': 1280, 'height': 800}

2024-04-03 05:32:55.480273   Капчи нет. Идем дальше

2024-04-03 05:32:55.480357   Работа с куками

2024-04-03 05:32:55.480370   Prev. country - 'ae'
2024-04-03 05:32:55.480380   Cur. country - 'ae'
2024-04-03 05:32:55.480389   => Country set to 'ae'

2024-04-03 05:32:55.480398   Prev. language - 'ru'
2024-04-03 05:32:55.480407   Cur. language - 'ru'
2024-04-03 05:32:55.480416   => Language is set to 'ru'

2024-04-03 05:32:55.480425   Prev. role - 'NoReg'
2024-04-03 05:32:55.480433   Cur. role - 'NoReg'
2024-04-03 05:32:55.480442   => The 'NoReg' role is set

2024-04-03 05:32:55.483296   => Current URL - https://capital.com/ru/wheat-spot-tovar

2024-04-03 05:32:55.483320   => THE END PRECONDITIONS

2024-04-03 05:32:55.483495   1. Arrange_v0
2024-04-03 05:32:55.483512   current_page = https://capital.com/ru/wheat-spot-tovar
2024-04-03 05:32:55.486116   link = https://capital.com/ru/wheat-spot-tovar
2024-04-03 05:32:55.488736   BUTTON_CREATE_YOUR_ACCOUNT is located on the page? =>

2024-04-03 05:32:55.496545   2. Act_v0: Define of locator

2024-04-03 05:32:55.496566   2. Act_v0: Go to web element

2024-04-03 05:32:56.542554   2. Act_v0: Click web element
2024-04-03 05:32:56.584231   => BUTTON_CREATE_YOUR_ACCOUNT is clicked

2024-04-03 05:32:56.584520   3. Assert_v0
2024-04-03 05:32:56.584654   Start step Check that [Sign up] form is opened
2024-04-03 05:32:56.620251   'Sign up' form opened
2024-04-03 05:32:56.620288   Assert SIGNUP_HEADER =>
2024-04-03 05:32:56.648929   Assert SIGNUP_REF_LOGIN =>
2024-04-03 05:32:56.659956   Assert SIGNUP_PRIVACY_POLICY_ALL_2 =>
2024-04-03 05:32:56.670005   => SIGNUP_PRIVACY_POLICY_ALL
2024-04-03 05:32:56.670030   => 'Signup' form is checked
2024-04-03 05:32:56.670187   Start step Close [Sign up] form =>
2024-04-03 05:32:56.721348   => 'Signup' form closed
2024-04-03 05:32:57.025456   => Focus moved to 'capital*com' logo

2024-04-03 05:32:57.173485   *** end fixture Browser = teardown ***

