{'width': 1280, 'height': 720}

2024-02-23 14:45:11.892179   worker_id = master

2024-02-23 14:45:11.892196   0. Allure grouping v4


2024-02-23 14:45:11.892387   START PRECONDITIONS =>


2024-02-23 14:45:11.892403   {'width': 1280, 'height': 720}

2024-02-23 14:45:11.894935   Set windows position at (0, 0) =>

2024-02-23 14:45:11.997762   Set resolution 1280 * 720 =>

2024-02-23 14:45:12.102712   => Resolution seted {'width': 1280, 'height': 720}

2024-02-23 14:45:13.160275   Капчи нет. Идем дальше

2024-02-23 14:45:13.160366   Prev. Role: NoAuth

2024-02-23 14:45:13.160379   Current role: NoAuth

2024-02-23 14:45:14.185076   Капчи нет. Идем дальше

2024-02-23 14:45:14.185176   Prev language: en

2024-02-23 14:45:14.185192   => Current language: en

2024-02-23 14:45:15.225079   Капчи нет. Идем дальше

2024-02-23 14:45:15.225168   Prev country: ae
2024-02-23 14:45:15.225180   => Current country: ae

2024-02-23 14:45:15.225190   => THE END PRECONDITIONS

2024-02-23 14:45:15.225362   1. Arrange_v0
2024-02-23 14:45:15.233739   BUTTON_CREATE_YOUR_ACCOUNT is located on the page? =>

2024-02-23 14:45:15.243394   2. Act_v0: Define of locator

2024-02-23 14:45:15.243416   2. Act_v0: Go to web element

2024-02-23 14:45:16.421299   2. Act_v0: Click web element
2024-02-23 14:45:16.596608   => BUTTON_CREATE_YOUR_ACCOUNT is clicked

2024-02-23 14:45:16.596871   3. Assert_v0
2024-02-23 14:45:16.596964   Start step Check that [Sign up] form is opened
2024-02-23 14:45:16.770716   'Sign up' form opened
2024-02-23 14:45:16.770759   Assert SIGNUP_HEADER =>
2024-02-23 14:45:16.795259   Assert SIGNUP_REF_LOGIN =>
2024-02-23 14:45:16.838851   Assert SIGNUP_PRIVACY_POLICY_ALL_2 =>
2024-02-23 14:45:16.896996   => SIGNUP_PRIVACY_POLICY_ALL
2024-02-23 14:45:16.897037   => 'Signup' form is checked
2024-02-23 14:45:16.897204   Start step Close [Sign up] form =>
2024-02-23 14:45:17.110954   => 'Signup' form closed
