


Current tab - most_volatile
{'width': 1280, 'height': 720}

2024-02-23 13:44:15.040402   worker_id = master

2024-02-23 13:44:15.040419   0. Allure grouping v4


2024-02-23 13:44:15.040610   START PRECONDITIONS =>


2024-02-23 13:44:15.040626   {'width': 1280, 'height': 720}

2024-02-23 13:44:15.041983   Set windows position at (0, 0) =>

2024-02-23 13:44:15.144058   Set resolution 1280 * 720 =>

2024-02-23 13:44:15.246156   => Resolution seted {'width': 1280, 'height': 720}

2024-02-23 13:44:16.273315   Капчи нет. Идем дальше

2024-02-23 13:44:16.273397   Prev. Role: Auth

2024-02-23 13:44:16.273410   Current role: Auth

2024-02-23 13:44:17.297950   Капчи нет. Идем дальше

2024-02-23 13:44:17.298037   Prev language: en

2024-02-23 13:44:17.298051   => Current language: en

2024-02-23 13:44:18.324980   Капчи нет. Идем дальше

2024-02-23 13:44:18.325066   Prev country: ae
2024-02-23 13:44:18.325079   => Current country: ae

2024-02-23 13:44:18.325089   => THE END PRECONDITIONS

2024-02-23 13:44:18.325121   1. Arrange for Indices finance instrument and "most_volatile" tab
2024-02-23 13:44:18.327873   Current page URL = https://capital.com/trading/platform/charting/609885377874?side=sell&ids=27342779713672388,22855552501634244,3644116541985988,27041281599427780,422839530378436,5983666832495812,427748677997764,2604592722433220,16150730595456196,21621659937100996,27045129890124996,21659404109698244,93810675766468,1496662958757060,123763777688772,1679716659553719492,145998823326404,10384900209333444,408279591244996,356886012581060,53137335473348,283145719076036,232327666029764,15839732013552836,508931114652423506,374675767075865,1196668083066052,21680337780298948,3586297714002,194965745456466,609885377874
2024-02-23 13:44:19.614339   => Loaded page https://capital.com/trade-cac
2024-02-23 13:44:19.622011   IS CFDs TABLE visible on the page? =>
2024-02-23 13:44:19.627315   => CFDs TABLE is visible on the page!

2024-02-23 13:44:19.627348   IS TAB "most_volatile" visible on the page? =>
2024-02-23 13:44:19.654470   => TAB "most_volatile" is visible on the page!

2024-02-23 13:44:19.654510   Buttons [Sell] is visible and quantity buttons not zero? =>
2024-02-23 13:44:19.668396   => Buttons [Sell] is visible and quantity buttons not zero!

2024-02-23 13:44:19.668432   Start Click button TAB "most_volatile" =>
2024-02-23 13:44:19.791726   => End Click button TAB "most_volatile"

2024-02-23 13:44:19.791787   Start Click button [Show all] on the TAB "most_volatile" =>
2024-02-23 13:44:19.983627   => End Click button [Show all] on the TAB "most_volatile"

2024-02-23 13:44:19.983676   Start find two random buttons [Sell] on the TAB "most_volatile"=>
2024-02-23 13:44:20.031456   => End find two random buttons [Sell] on the TAB "most_volatile"

2024-02-23 13:44:20.031690   2. Act for Indices finance instrument and "most_volatile" tab
2024-02-23 13:44:20.153630   Start click button [Sell] =>
2024-02-23 13:44:20.246831   => BUTTON_TRADING_SELL with item 1717986940242 clicked!


2024-02-23 13:44:20.247076   3. Assert_v4
2024-02-23 13:44:20.247192   Checking that the trading platform page has opened (v4) =>
2024-02-23 13:44:20.764812   => Current page title: Trading Platform | Capital.com
2024-02-23 13:44:20.764945   Checking that the Trading platform LOGO is present on the page =>
2024-02-23 13:44:22.316654   Checking that the Trading platform opened in LIVE mode =>
2024-02-23 13:44:22.328032   => The page with https://capital.com/trading/platform/charting/1717986940242?side=sell&ids=27342779713672388,22855552501634244,3644116541985988,27041281599427780,422839530378436,5983666832495812,427748677997764,2604592722433220,16150730595456196,21621659937100996,27045129890124996,21659404109698244,93810675766468,1496662958757060,123763777688772,1679716659553719492,145998823326404,10384900209333444,408279591244996,356886012581060,53137335473348,283145719076036,232327666029764,15839732013552836,508931114652423506,374675767075865,1196668083066052,21680337780298948,3586297714002,194965745456466,609885377874,1717986940242 url was opened in lIVE mode
2024-02-23 13:44:22.330773   => Check that opened page with https://capital.com/trading/platform/charting/1717986940242?side=sell&ids=27342779713672388,22855552501634244,3644116541985988,27041281599427780,422839530378436,5983666832495812,427748677997764,2604592722433220,16150730595456196,21621659937100996,27045129890124996,21659404109698244,93810675766468,1496662958757060,123763777688772,1679716659553719492,145998823326404,10384900209333444,408279591244996,356886012581060,53137335473348,283145719076036,232327666029764,15839732013552836,508931114652423506,374675767075865,1196668083066052,21680337780298948,3586297714002,194965745456466,609885377874,1717986940242 url for corresponding trading instrument '1717986940242'
2024-02-23 13:44:22.676165   => Trading Platform opened in Chart mode

Bug: 

2024-02-23 13:44:22.911172   Проверка бага в таблице ретеста  =>

 gs = GoogleSheet() - создаем объект gs # 1: <tests.ReTestsAuto.GoogleSheets.googlesheets.GoogleSheet object at 0x7f6792462f60>

2024-02-23 13:44:22.914029  Для бага: Bid-16 необходимо использовать проверку на ретест!!!

2024-02-23 13:44:22.914182   4. Fixing one row check results into Google Sheet Bugs Report =>
1 cells updated.
2024-02-23 13:44:23.398793   => 4. One row check results into Google Sheet Bugs Report fixed
