{'width': 1280, 'height': 720}

2024-02-23 14:13:46.686965   worker_id = master

2024-02-23 14:13:46.686981   0. Allure grouping v4


2024-02-23 14:13:46.687172   START PRECONDITIONS =>


2024-02-23 14:13:46.687188   {'width': 1280, 'height': 720}

2024-02-23 14:13:46.688487   Set windows position at (0, 0) =>

2024-02-23 14:13:46.790677   Set resolution 1280 * 720 =>

2024-02-23 14:13:46.892976   => Resolution seted {'width': 1280, 'height': 720}

2024-02-23 14:13:47.925556   Капчи нет. Идем дальше

2024-02-23 14:13:47.925644   Prev. Role: NoReg

2024-02-23 14:13:47.925657   Current role: NoReg

2024-02-23 14:13:48.953680   Капчи нет. Идем дальше

2024-02-23 14:13:48.953766   Prev language: en

2024-02-23 14:13:48.953779   => Current language: en

2024-02-23 14:13:50.005930   Капчи нет. Идем дальше

2024-02-23 14:13:50.006018   Prev country: ae
2024-02-23 14:13:50.006031   => Current country: ae

2024-02-23 14:13:50.006040   => THE END PRECONDITIONS

2024-02-23 14:13:50.006213   1. Arrange_v0
2024-02-23 14:13:50.014172   => BUTTON_TRY_DEMO is present on this page
2024-02-23 14:13:50.014196   BUTTON_TRY_DEMO scroll =>
2024-02-23 14:13:50.017909   BUTTON_TRY_DEMO is visible? =>
2024-02-23 14:13:50.032025   => BUTTON_TRY_DEMO is visible on this page

2024-02-23 14:13:50.032168   2. Act_v0
2024-02-23 14:13:50.037074   BUTTON_TRY_DEMO is clickable? =>
2024-02-23 14:13:50.074365   => BUTTON_TRY_DEMO clicked!

2024-02-23 14:13:50.074668   3. Assert_v0
2024-02-23 14:13:50.074793   Start step Check that [Sign up] form is opened
2024-02-23 14:13:50.089983   'Sign up' form opened
2024-02-23 14:13:50.090024   Assert SIGNUP_HEADER =>
2024-02-23 14:13:50.103103   Assert SIGNUP_REF_LOGIN =>
2024-02-23 14:13:50.115024   Assert SIGNUP_PRIVACY_POLICY_ALL_2 =>
2024-02-23 14:13:50.127669   => SIGNUP_PRIVACY_POLICY_ALL
2024-02-23 14:13:50.127699   => 'Signup' form is checked
2024-02-23 14:13:50.127860   Start step Close [Sign up] form =>
2024-02-23 14:13:50.201800   => 'Signup' form closed
