Current test role - NoReg

{'width': 1280, 'height': 800}

2024-04-04 13:40:22.867482   worker_id = master

2024-04-04 13:40:22.867497   0. Allure grouping v4

2024-04-04 13:40:22.867683   START PRECONDITIONS =>

2024-04-04 13:40:22.867699   => Current URL - https://capital.com/fr/trade-forex

2024-04-04 13:40:22.870637   => URL after prev. preconditions - https://capital.com/fr/trade-forex

2024-04-04 13:40:22.870650   => flag_of_bug - False

2024-04-04 13:40:22.870662   => Windows size - {'width': 1280, 'height': 800}
2024-04-04 13:40:22.872517   Set windows position at (0, 0) =>
2024-04-04 13:40:22.974908   Set resolution 1280 * 800 =>
2024-04-04 13:40:23.077568   => Windows size is set to {'width': 1280, 'height': 800}

2024-04-04 13:40:24.117777   Капчи нет. Идем дальше

2024-04-04 13:40:24.117866   Работа с куками
2024-04-04 13:40:24.117880   Prev. role - 'NoAuth'
2024-04-04 13:40:24.117889   Current testing role - 'NoReg'

2024-04-04 13:40:24.117898   All cookies must be delete =>
2024-04-04 13:40:24.225703   => All cookies are deleted
2024-04-04 13:40:24.225740   Current page URL = https://capital.com/fr/trade-forex
2024-04-04 13:40:24.228820   self.link = https://capital.com/
2024-04-04 13:40:24.228836   link = https://capital.com/
2024-04-04 13:40:25.828220   => Loaded page https://capital.com/

2024-04-04 13:40:25.832008   Step 'Click button [Accept all cookies]'
2024-04-04 13:40:25.832020   Is Visible Button [Accept all cookies]? =>
2024-04-04 13:40:25.848835   => Button [Accept all cookies] is visible
2024-04-04 13:40:26.348958   Is clickable Button [Accept all cookies] =>
2024-04-04 13:40:26.364994   => Button [Accept all cookies] is clickable
2024-04-04 13:40:26.365042   Click Button [Accept all cookies] =>
2024-04-04 13:40:26.549605   => Button [Accept all cookies] is clicked
2024-04-04 13:40:26.549645   => Accepted All Cookies

2024-04-04 13:40:27.049753   Prev. country - '?'
2024-04-04 13:40:27.049822   Cur. country - 'de'
2024-04-04 13:40:27.049835   Set 'de' country =>
2024-04-04 13:40:27.065942   => Language and Country menu is present
2024-04-04 13:40:27.082260   => Language and Country menu is visible
2024-04-04 13:40:28.359571   => Focus is moved on Language and Country menu 
2024-04-04 13:40:31.095176   => Cur url = https://capital.com/?country=de
2024-04-04 13:40:31.103021   => Country set to 'de'

2024-04-04 13:40:31.103056   Prev. language - '?'
2024-04-04 13:40:31.103066   Cur. language - 'fr'
2024-04-04 13:40:31.103075   Set 'fr' language =>
2024-04-04 13:40:31.118292   => Language and Country menu is present
2024-04-04 13:40:31.153052   => Language and Country menu is visible
2024-04-04 13:40:32.426080   => Focus is moved on Language and Country menu 
2024-04-04 13:40:32.435393   Move focus on fr item and click =>
2024-04-04 13:40:34.001965   => Focus moved on fr item and clicked
2024-04-04 13:40:34.002011   => Cur url = https://capital.com/fr
2024-04-04 13:40:34.016658   => Language is set to 'fr'

2024-04-04 13:40:34.016697   Prev. role - 'NoAuth'
2024-04-04 13:40:34.016708   Cur. role - 'NoReg'
2024-04-04 13:40:34.016717   => The 'NoReg' role is set

2024-04-04 13:40:34.019382   => Current URL - https://capital.com/fr

2024-04-04 13:40:34.019409   => THE END PRECONDITIONS

2024-04-04 13:40:34.019612   1. Cur URL = https://capital.com/fr

2024-04-04 13:40:34.027465   2. Link = https://capital.com/fr
2024-04-04 13:40:34.027487   current_page = https://capital.com/fr
2024-04-04 13:40:34.030391   link = https://capital.com/fr
2024-04-04 13:40:34.543887   => Education menu is present in DOM
2024-04-04 13:40:34.549720   => Education menu is visible
2024-04-04 13:40:35.824662   => Focus moved to Education menu
2024-04-04 13:40:37.893742   => Focus moved to Forex trading sub-menu and clicked
2024-04-04 13:40:38.176356   => Focus moved to 'capital*com' logo

2024-04-04 13:40:38.176401   3. Cur URL = https://capital.com/fr/trade-forex

2024-04-04 13:40:38.182103   1. Arrange_v0
2024-04-04 13:40:38.182131   current_page = https://capital.com/fr/trade-forex
2024-04-04 13:40:38.184762   link = https://capital.com/fr/trade-forex
2024-04-04 13:40:38.187494   => current_url == cur_item_link
2024-04-04 13:40:38.197115   BUTTON_START_TRADING scroll =>
2024-04-04 13:40:38.200813   BUTTON_START_TRADING is visible? =>
2024-04-04 13:40:38.229527   => BUTTON_START_TRADING is visible on the page!

2024-04-04 13:40:38.229718   2. Act_v0
2024-04-04 13:40:38.229734   Start Click button [Start Trading] =>
2024-04-04 13:40:38.235283   BUTTON_START_TRADING is clickable? =>
2024-04-04 13:40:38.246120   BUTTON_START_TRADING click =>
2024-04-04 13:40:38.298227   => BUTTON_START_TRADING clicked

2024-04-04 13:40:38.298557   3. Assert_v0
2024-04-04 13:40:38.298676   Start step Check that [Sign up] form is opened
2024-04-04 13:40:38.515963   'Sign up' form opened
2024-04-04 13:40:38.516007   Assert SIGNUP_HEADER =>
2024-04-04 13:40:38.535139   Assert SIGNUP_REF_LOGIN =>
2024-04-04 13:40:38.550885   Assert SIGNUP_PRIVACY_POLICY_ALL_2 =>
2024-04-04 13:40:38.568963   => SIGNUP_PRIVACY_POLICY_ALL
2024-04-04 13:40:38.569005   => 'Signup' form is checked
2024-04-04 13:40:38.569178   Start step Close [Sign up] form =>
2024-04-04 13:40:38.667359   => 'Signup' form closed
2024-04-04 13:40:38.939317   => Focus moved to 'capital*com' logo
