{'width': 1280, 'height': 720}

2024-01-06 06:41:42.782285   worker_id = master

2024-01-06 06:41:42.782308   0. Allure grouping v4


2024-01-06 06:41:42.782535   START PRECONDITIONS =>


2024-01-06 06:41:42.782557   {'width': 1280, 'height': 720}

2024-01-06 06:41:42.784970   Set windows position at (0, 0) =>

2024-01-06 06:41:42.886885   Set resolution 1280 * 720 =>

2024-01-06 06:41:42.988748   => Resolution seted {'width': 1280, 'height': 720}

2024-01-06 06:41:47.023413   Капчи нет. Тестим дальше

2024-01-06 06:41:47.023456   Prev. Role: NoAuth

2024-01-06 06:41:47.023465   Current role: NoAuth

2024-01-06 06:41:47.023474   Prev language: de

2024-01-06 06:41:47.023482   => Current language: de

2024-01-06 06:41:47.023490   Prev country: de

2024-01-06 06:41:47.023498   => Current country: de

2024-01-06 06:41:47.023505   => THE END PRECONDITIONS

2024-01-06 06:41:47.023561   1. Arrange_v0
2024-01-06 06:41:47.026378   BUTTON_CREATE_YOUR_ACCOUNT is located on the page? =>

2024-01-06 06:41:47.034102   2. Act_v0
2024-01-06 06:41:47.151806   => BUTTON_CREATE_YOUR_ACCOUNT is clicked

2024-01-06 06:41:47.152068   3. Assert_v0
2024-01-06 06:41:47.152182   Start step Check that [Sign up] form is opened
2024-01-06 06:41:47.175272   'Sign up' form opened
2024-01-06 06:41:47.175308   Assert SIGNUP_HEADER =>
2024-01-06 06:41:47.187246   Assert SIGNUP_REF_LOGIN =>
2024-01-06 06:41:47.199560   Assert SIGNUP_PRIVACY_POLICY_ALL_2 =>
2024-01-06 06:41:47.210739   => SIGNUP_PRIVACY_POLICY_ALL
2024-01-06 06:41:47.210764   => 'Signup' form is checked
2024-01-06 06:41:47.210921   Start step Close [Sign up] form =>
2024-01-06 06:41:47.287435   => 'Signup' form closed
