{'width': 1280, 'height': 800}

2024-04-04 12:53:25.075578   worker_id = master

2024-04-04 12:53:25.075592   0. Allure grouping v4

2024-04-04 12:53:25.075777   START PRECONDITIONS =>

2024-04-04 12:53:25.075792   => Current URL - https://capital.com/fr/produit-de-base-palladium-spot

2024-04-04 12:53:25.078747   => URL after prev. preconditions - https://capital.com/fr/produit-de-base-palladium-spot

2024-04-04 12:53:25.078761   => flag_of_bug - False

2024-04-04 12:53:25.078773   => Windows size - {'width': 1280, 'height': 800}
2024-04-04 12:53:25.080088   Set windows position at (0, 0) =>
2024-04-04 12:53:25.182477   Set resolution 1280 * 800 =>
2024-04-04 12:53:25.285045   => Windows size is set to {'width': 1280, 'height': 800}

2024-04-04 12:53:26.318790   Капчи нет. Идем дальше

2024-04-04 12:53:26.318880   Работа с куками

2024-04-04 12:53:26.318894   Prev. country - 'de'
2024-04-04 12:53:26.318905   Cur. country - 'de'
2024-04-04 12:53:26.318914   => Country set to 'de'

2024-04-04 12:53:26.318923   Prev. language - 'fr'
2024-04-04 12:53:26.318932   Cur. language - 'fr'
2024-04-04 12:53:26.318940   => Language is set to 'fr'

2024-04-04 12:53:26.318949   Prev. role - 'NoAuth'
2024-04-04 12:53:26.318958   Cur. role - 'NoAuth'
2024-04-04 12:53:26.318966   => The 'NoAuth' role is set

2024-04-04 12:53:26.321806   => Current URL - https://capital.com/fr/produit-de-base-palladium-spot

2024-04-04 12:53:26.321829   => THE END PRECONDITIONS

2024-04-04 12:53:26.322022 1.Arrange_v0
2024-04-04 12:53:26.322039   current_page = https://capital.com/fr/produit-de-base-palladium-spot
2024-04-04 12:53:26.324673   link = https://capital.com/fr/produit-de-base-palladium-spot
2024-04-04 12:53:26.327368 BUTTON_NOTIFICATION is located on the page? =>
2024-04-04 12:53:26.336342   Is BUTTON_NOTIFICATION present on the page? =>
2024-04-04 12:53:26.336373   => BUTTON_NOTIFICATION is present on the page
2024-04-04 12:53:26.336530   Start Checking that form [Sign up] popped up on the page =>
2024-04-04 12:53:27.878961   '[Sign up]' form was not popped up

2024-04-04 12:53:27.879152   2. Act_v0
2024-04-04 12:53:27.879169   Start Click button [Notification] =>
2024-04-04 12:53:27.896685 BUTTON_NOTIFICATION is clickable =>
2024-04-04 12:53:28.968983 => BUTTON_NOTIFICATION not clicked
2024-04-04 12:53:28.969026   'Signup' or 'Login' form is automatically opened
2024-04-04 12:53:28.969174   Start step Close [Sign up] form =>
2024-04-04 12:53:31.033639   => Close button on 'Sign up' form is not clickable
