


Current language - fr



Current country - de
{'width': 1920, 'height': 1080}

2024-09-06 22:51:39.568483   worker_id = master

2024-09-06 22:51:39.568497   0. Allure grouping for US_55

2024-09-06 22:51:40.297498   START PRECONDITIONS =>

2024-09-06 22:51:40.297533   => URL after prev. preconditions - https://capital.com/fr
2024-09-06 22:51:40.297543   => flag_of_bug - True
2024-09-06 22:51:40.297555   => Current URL - https://capital.com/fr

2024-09-06 22:51:40.309837   => Windows size: {'width': 1920, 'height': 1080}
2024-09-06 22:51:40.311286   Set windows position at (0, 0) =>
2024-09-06 22:51:40.313074   Set resolution 1920 * 1080 =>
2024-09-06 22:51:40.318225   => Windows size is set to {'width': 1920, 'height': 1080}

2024-09-06 22:51:45.345447   Капчи нет. Идем дальше

2024-09-06 22:51:45.345543   Работа с куками =>
2024-09-06 22:51:45.345557   Prev. role - 'NoAuth'
2024-09-06 22:51:45.345566   Current testing role - 'NoReg'

2024-09-06 22:51:45.345575   All cookies must be delete =>
2024-09-06 22:51:45.416914   => All cookies are deleted
2024-09-06 22:51:45.416948   Current page URL = https://capital.com/fr
2024-09-06 22:51:45.419710   self.link = https://capital.com/
2024-09-06 22:51:45.419725   driver.get(https://capital.com/) =>
2024-09-06 22:51:47.159753   => Loaded page https://capital.com/

2024-09-06 22:51:47.163573   Step 'Click button [Accept all cookies]'
2024-09-06 22:51:47.163586   Is Visible Button [Accept all cookies]? =>
2024-09-06 22:51:47.178079   => Button [Accept all cookies] is visible
2024-09-06 22:51:47.678217   Is clickable Button [Accept all cookies] =>
2024-09-06 22:51:47.693833   => Button [Accept all cookies] is clickable
2024-09-06 22:51:47.693864   Click Button [Accept all cookies] =>
2024-09-06 22:51:47.884673   => Button [Accept all cookies] is clicked
2024-09-06 22:51:47.884722   => Accepted All Cookies

2024-09-06 22:51:53.442577   Капчи нет. Идем дальше

2024-09-06 22:51:53.442669   Prev. country - '?'
2024-09-06 22:51:53.442682   Cur. country - 'de'
2024-09-06 22:51:53.442692   Set 'de' country =>
2024-09-06 22:51:53.453183   => Language and Country menu is present
2024-09-06 22:51:53.466700   => Language and Country menu is visible
2024-09-06 22:51:54.735786   => Focus is moved on Language and Country menu 
2024-09-06 22:51:57.385048   => Cur url = https://capital.com/?country=de
2024-09-06 22:51:57.393986   => Country set to 'de'

2024-09-06 22:52:02.408449   Капчи нет. Идем дальше

2024-09-06 22:52:02.408541   Prev. language - '?'
2024-09-06 22:52:02.408554   Cur. language - 'fr'
2024-09-06 22:52:02.408564   Set 'fr' language =>
2024-09-06 22:52:02.416219   => Language and Country menu is present
2024-09-06 22:52:02.425720   => Language and Country menu is visible
2024-09-06 22:52:03.701596   => Focus is moved on Language and Country menu 
2024-09-06 22:52:03.710281   Move focus on fr item and click =>
2024-09-06 22:52:05.434242   => Focus moved on fr item and clicked
2024-09-06 22:52:05.434290   => Cur url = https://capital.com/fr
2024-09-06 22:52:05.447259   => Language is set to 'fr'

2024-09-06 22:52:10.494448   Капчи нет. Идем дальше

2024-09-06 22:52:10.494536   Prev. role - 'NoAuth'
2024-09-06 22:52:10.494549   Cur. role - 'NoReg'
2024-09-06 22:52:10.494559   => The 'NoReg' role is set

2024-09-06 22:52:10.497376   => Current URL - https://capital.com/fr

2024-09-06 22:52:10.497397   => THE END PRECONDITIONS

2024-09-06 22:52:10.497653   1. Arrange
2024-09-06 22:52:10.497669   IS [Sign up] button present on this page? =>
2024-09-06 22:52:10.504940   => [Sign up] button present on this page!

2024-09-06 22:52:10.512944   IS [Sign up] button visible on this page? =>
2024-09-06 22:52:10.524773   => [Sign up] button is visible on this page!


2024-09-06 22:52:10.524929   2. Act_v0
2024-09-06 22:52:10.524946   IS [Sign up] clickable on the page? =>
2024-09-06 22:52:10.538529   => [Sign up] is clickable on the page!


2024-09-06 22:52:10.538551   Start Click button [Sign up] =>
2024-09-06 22:52:10.583539   => End Click button [Sign up] 
2024-09-06 22:52:10.583781   Start step Check that [Sign up] form is opened
2024-09-06 22:52:10.819988   'Sign up' form opened
2024-09-06 22:52:10.820035   Assert SIGNUP_HEADER =>
2024-09-06 22:52:10.835324   Assert SIGNUP_REF_LOGIN =>
2024-09-06 22:52:10.848572   Assert SIGNUP_PRIVACY_POLICY_ALL_2 =>
2024-09-06 22:52:10.862856   => SIGNUP_PRIVACY_POLICY_ALL
2024-09-06 22:52:10.862902   => 'Signup' form is checked
2024-09-06 22:52:10.862974   => 'Sign up' form is opened

2024-09-06 22:52:10.863214   3. Assert
2024-09-06 22:52:10.863244   Is 'Please enter a valid Email' message displayed on this page after putting invalid email? =>
2024-09-06 22:52:10.863259   => Start fill out 'Email address' field.
2024-09-06 22:52:10.948973   => 'Email address' is inputted

2024-09-06 22:52:11.091641   => Switch to 'Password' field

get_attribute:  display: block;
2024-09-06 22:52:11.129756   => 'Please enter a valid Email' message is displayed

2024-09-06 22:52:11.129804   Save current screenshot into PNG file
2024-09-06 22:52:11.294842   Is [Continue] button active after putting invalid email? =>
2024-09-06 22:52:11.294873   => Start fill out 'Password' field.
2024-09-06 22:52:11.380958   => 'Password' is inputted

continue_button:  btn btn--md btn--wide s2_btn disabled hasPointer
2024-09-06 22:52:11.402007   => '[Continue] button is not active after putting invalid email

2024-09-06 22:52:11.402039   Save current screenshot into PNG file
