{'width': 1280, 'height': 720}

2024-01-26 07:20:40.359431   worker_id = master

2024-01-26 07:20:40.359449   0. Allure grouping v4


2024-01-26 07:20:40.359635   START PRECONDITIONS =>


2024-01-26 07:20:40.359649   {'width': 1280, 'height': 720}

2024-01-26 07:20:40.361210   Set windows position at (0, 0) =>

2024-01-26 07:20:40.465473   Set resolution 1280 * 720 =>

2024-01-26 07:20:40.567500   => Resolution seted {'width': 1280, 'height': 720}

2024-01-26 07:20:45.621852   Капчи нет. Тестим дальше

2024-01-26 07:20:45.621936   Prev. Role: NoReg

2024-01-26 07:20:45.621948   Current role: NoReg

2024-01-26 07:20:45.621957   Prev language: en

2024-01-26 07:20:45.621965   => Current language: en

2024-01-26 07:20:45.621973   Prev country: de

2024-01-26 07:20:45.621981   => Current country: de

2024-01-26 07:20:45.621988   => THE END PRECONDITIONS

2024-01-26 07:20:45.622015   1. Arrange
2024-01-26 07:20:45.624891   Is present VIDEO_BANNER? =>
2024-01-26 07:20:45.636083   => VIDEO_BANNER IS PRESENT

2024-01-26 07:20:45.636196   2. Act
2024-01-26 07:20:45.636210   Is present VIDEO_BANNER? =>
2024-01-26 07:20:45.641110   => VIDEO_BANNER is present
2024-01-26 07:20:45.646812   Is clickable VIDEO_BANNER? =>
2024-01-26 07:20:45.673194   Click VIDEO_BANNER =>
2024-01-26 07:20:45.722970   => VIDEO_BANNER CLICKED

2024-01-26 07:20:45.723196   3. Assert_v0
2024-01-26 07:20:45.723308   Start step Check that [Sign up] form is opened
2024-01-26 07:20:45.744497   'Sign up' form opened
2024-01-26 07:20:45.744537   Assert SIGNUP_HEADER =>
2024-01-26 07:20:45.757991   Assert SIGNUP_REF_LOGIN =>
2024-01-26 07:20:45.770915   Assert SIGNUP_PRIVACY_POLICY_ALL_2 =>
2024-01-26 07:20:45.782456   => SIGNUP_PRIVACY_POLICY_ALL
2024-01-26 07:20:45.782482   => 'Signup' form is checked
2024-01-26 07:20:45.782624   Start step Close [Sign up] form =>
2024-01-26 07:20:45.837834   => 'Signup' form closed
