{'width': 1280, 'height': 720}

2024-01-31 07:13:45.822177   worker_id = master

2024-01-31 07:13:45.822194   0. Allure grouping v4


2024-01-31 07:13:45.822361   START PRECONDITIONS =>


2024-01-31 07:13:45.822381   {'width': 1280, 'height': 720}

2024-01-31 07:13:45.823660   Set windows position at (0, 0) =>

2024-01-31 07:13:45.925755   Set resolution 1280 * 720 =>

2024-01-31 07:13:46.028107   => Resolution seted {'width': 1280, 'height': 720}

2024-01-31 07:13:47.068942   Капчи нет. Идем дальше

2024-01-31 07:13:47.069031   Prev. Role: NoAuth

2024-01-31 07:13:47.069044   Current role: NoAuth

2024-01-31 07:13:48.102119   Капчи нет. Идем дальше

2024-01-31 07:13:48.102205   Prev language: fr

2024-01-31 07:13:48.102217   => Current language: fr

2024-01-31 07:13:49.131028   Капчи нет. Идем дальше

2024-01-31 07:13:49.131115   Prev country: ae

2024-01-31 07:13:49.131127   => Current country: ae

2024-01-31 07:13:49.131135   => THE END PRECONDITIONS

2024-01-31 07:13:49.131166   1. Arrange_v0
2024-01-31 07:13:49.134043   BUTTON_CREATE_YOUR_ACCOUNT is located on the page? =>

2024-01-31 07:13:49.141828   2. Act_v0
2024-01-31 07:13:49.230240   => BUTTON_CREATE_YOUR_ACCOUNT is clicked

2024-01-31 07:13:49.230478   3. Assert_v0
2024-01-31 07:13:49.230578   Start step Check that [Sign up] form is opened
2024-01-31 07:13:49.246592   'Sign up' form opened
2024-01-31 07:13:49.246631   Assert SIGNUP_HEADER =>
2024-01-31 07:13:49.259900   Assert SIGNUP_REF_LOGIN =>
2024-01-31 07:13:49.295823   Assert SIGNUP_PRIVACY_POLICY_ALL_2 =>
2024-01-31 07:13:49.307973   => SIGNUP_PRIVACY_POLICY_ALL
2024-01-31 07:13:49.308015   => 'Signup' form is checked
2024-01-31 07:13:49.308205   Start step Close [Sign up] form =>
2024-01-31 07:13:49.364487   => 'Signup' form closed
