{'width': 1280, 'height': 720}

2024-01-31 07:22:33.407052   worker_id = master

2024-01-31 07:22:33.407070   0. Allure grouping v4


2024-01-31 07:22:33.407244   START PRECONDITIONS =>


2024-01-31 07:22:33.407259   {'width': 1280, 'height': 720}

2024-01-31 07:22:33.408615   Set windows position at (0, 0) =>

2024-01-31 07:22:33.510873   Set resolution 1280 * 720 =>

2024-01-31 07:22:33.613140   => Resolution seted {'width': 1280, 'height': 720}

2024-01-31 07:22:34.652029   Капчи нет. Идем дальше

2024-01-31 07:22:34.652112   Prev. Role: NoReg

2024-01-31 07:22:34.652124   Current role: NoReg

2024-01-31 07:22:35.678835   Капчи нет. Идем дальше

2024-01-31 07:22:35.678926   Prev language: fr

2024-01-31 07:22:35.678939   => Current language: fr

2024-01-31 07:22:36.708287   Капчи нет. Идем дальше

2024-01-31 07:22:36.708389   Prev country: ae

2024-01-31 07:22:36.708405   => Current country: ae

2024-01-31 07:22:36.708414   => THE END PRECONDITIONS

2024-01-31 07:22:36.708447   1. Arrange
2024-01-31 07:22:37.572976   CREATE_ACCOUNT_BUTTON is visible? =>
2024-01-31 07:22:37.590608   => CREATE_ACCOUNT_BUTTON is visible on the page!

2024-01-31 07:22:37.590759   2. Act
2024-01-31 07:22:37.590774   CREATE_ACCOUNT_BUTTON is present? =>
2024-01-31 07:22:37.597829   => CREATE_ACCOUNT_BUTTON is present on the page!
2024-01-31 07:22:37.597853   CREATE_ACCOUNT_BUTTON scroll =>
2024-01-31 07:22:37.692414   => CREATE_ACCOUNT_BUTTON clicked!

2024-01-31 07:22:37.692695   3. Assert_v0
2024-01-31 07:22:37.692814   Start step Check that [Sign up] form is opened
2024-01-31 07:22:37.937717   'Sign up' form opened
2024-01-31 07:22:37.937770   Assert SIGNUP_HEADER =>
2024-01-31 07:22:37.961442   Assert SIGNUP_REF_LOGIN =>
2024-01-31 07:22:37.976392   Assert SIGNUP_PRIVACY_POLICY_ALL_2 =>
2024-01-31 07:22:37.994251   => SIGNUP_PRIVACY_POLICY_ALL
2024-01-31 07:22:37.994288   => 'Signup' form is checked
2024-01-31 07:22:37.994437   Start step Close [Sign up] form =>
2024-01-31 07:22:38.078902   => 'Signup' form closed

2024-01-31 07:22:38.253672   *** end fixture Browser = teardown ***

