{'width': 1280, 'height': 800}

2024-04-02 14:58:20.028150   worker_id = master

2024-04-02 14:58:20.028166   0. Allure grouping v4

2024-04-02 14:58:20.028365   START PRECONDITIONS =>

2024-04-02 14:58:20.028381   => Current URL - https://capital.com/ru/ibex

2024-04-02 14:58:20.031145   => URL after prev. preconditions - https://capital.com/ru/ibex

2024-04-02 14:58:20.031159   => flag_of_bug - False

2024-04-02 14:58:20.031170   => Windows size - {'width': 1280, 'height': 800}
2024-04-02 14:58:20.035976   Set windows position at (0, 0) =>
2024-04-02 14:58:20.138399   Set resolution 1280 * 800 =>
2024-04-02 14:58:20.240998   => Windows size is set to {'width': 1280, 'height': 800}

2024-04-02 14:58:21.277249   Капчи нет. Идем дальше

2024-04-02 14:58:21.277335   Работа с куками

2024-04-02 14:58:21.277349   Prev. country - 'au'
2024-04-02 14:58:21.277359   Cur. country - 'au'
2024-04-02 14:58:21.277368   => Country set to 'au'

2024-04-02 14:58:21.277376   Prev. language - 'ru'
2024-04-02 14:58:21.277385   Cur. language - 'ru'
2024-04-02 14:58:21.277394   => Language is set to 'ru'

2024-04-02 14:58:21.277403   Prev. role - 'NoReg'
2024-04-02 14:58:21.277411   Cur. role - 'NoReg'
2024-04-02 14:58:21.277420   => The 'NoReg' role is set

2024-04-02 14:58:21.280193   => Current URL - https://capital.com/ru/ibex

2024-04-02 14:58:21.280213   => THE END PRECONDITIONS

2024-04-02 14:58:21.280253   1. Arrange_v0
2024-04-02 14:58:21.280267   current_page = https://capital.com/ru/ibex
2024-04-02 14:58:21.282854   link = https://capital.com/ru/ibex
2024-04-02 14:58:21.285352   BUTTON_BUY_IN_CONTENT_BLOCK is located on the page? =>
2024-04-02 14:58:21.292946   => BUTTON_BUY_IN_CONTENT_BLOCK is located on the page!
2024-04-02 14:58:21.293091   Start Checking that form [Sign up] popped up on the page =>
2024-04-02 14:58:22.824145   '[Sign up]' form was not popped up

2024-04-02 14:58:22.824352   2. Act_v0
2024-04-02 14:58:22.830115   BUTTON_BUY_IN_CONTENT_BLOCK is present? =>
2024-04-02 14:58:22.830137   => BUTTON_BUY_IN_CONTENT_BLOCK is present on the page
2024-04-02 14:58:22.830147   BUTTON_BUY_IN_CONTENT_BLOCK scroll =>
2024-04-02 14:58:22.833558   => BUTTON_BUY_IN_CONTENT_BLOCK scrolled
2024-04-02 14:58:22.837417   BUTTON_BUY_IN_CONTENT_BLOCK is clickable? =>
2024-04-02 14:58:22.847183   BUTTON_BUY_IN_CONTENT_BLOCK CLICK =>
2024-04-02 14:58:22.871470   => BUTTON_BUY_IN_CONTENT_BLOCK clicked!

2024-04-02 14:58:22.871827   3. Assert_v0
2024-04-02 14:58:22.871958   Start step Check that [Sign up] form is opened
2024-04-02 14:58:22.883779   'Sign up' form opened
2024-04-02 14:58:22.883809   Assert SIGNUP_HEADER =>
2024-04-02 14:58:22.895362   Assert SIGNUP_REF_LOGIN =>
2024-04-02 14:58:22.906241   Assert SIGNUP_PRIVACY_POLICY_ALL_2 =>
2024-04-02 14:58:22.916197   => SIGNUP_PRIVACY_POLICY_ALL
2024-04-02 14:58:22.916225   => 'Signup' form is checked
2024-04-02 14:58:22.916409   Start step Close [Sign up] form =>
2024-04-02 14:58:22.977839   => 'Signup' form closed
2024-04-02 14:58:23.249870   => Focus moved to 'capital*com' logo
