{'width': 1280, 'height': 800}

2024-04-02 14:32:51.924104   worker_id = master

2024-04-02 14:32:51.924120   0. Allure grouping v4

2024-04-02 14:32:51.924320   START PRECONDITIONS =>

2024-04-02 14:32:51.924336   => Current URL - https://capital.com/ru/torgovlya-crypto-cfd

2024-04-02 14:32:51.928687   => URL after prev. preconditions - https://capital.com/ru/torgovlya-crypto-cfd

2024-04-02 14:32:51.928708   => flag_of_bug - False

2024-04-02 14:32:51.928726   => Windows size - {'width': 1280, 'height': 800}
2024-04-02 14:32:51.931183   Set windows position at (0, 0) =>
2024-04-02 14:32:52.046156   Set resolution 1280 * 800 =>
2024-04-02 14:32:52.148720   => Windows size is set to {'width': 1280, 'height': 800}

2024-04-02 14:32:53.180340   Капчи нет. Идем дальше

2024-04-02 14:32:53.180456   Работа с куками

2024-04-02 14:32:53.180474   Prev. country - 'au'
2024-04-02 14:32:53.180484   Cur. country - 'au'
2024-04-02 14:32:53.180493   => Country set to 'au'

2024-04-02 14:32:53.180502   Prev. language - 'ru'
2024-04-02 14:32:53.180511   Cur. language - 'ru'
2024-04-02 14:32:53.180520   => Language is set to 'ru'

2024-04-02 14:32:53.180528   Prev. role - 'Auth'
2024-04-02 14:32:53.180537   Cur. role - 'Auth'
2024-04-02 14:32:53.180546   => The 'Auth' role is set

2024-04-02 14:32:53.183475   => Current URL - https://capital.com/ru/torgovlya-crypto-cfd

2024-04-02 14:32:53.183496   => THE END PRECONDITIONS

2024-04-02 14:32:53.183537   1. Cur URL = https://capital.com/ru/torgovlya-crypto-cfd

2024-04-02 14:32:53.186043   2. Link = https://capital.com/ru/torgovlya-crypto-cfd
2024-04-02 14:32:53.186058   current_page = https://capital.com/ru/torgovlya-crypto-cfd
2024-04-02 14:32:53.188373   link = https://capital.com/ru/torgovlya-crypto-cfd
2024-04-02 14:32:53.696925   => Education menu is present in DOM
2024-04-02 14:32:53.701618   => Education menu is visible
2024-04-02 14:32:54.978100   => Focus moved to Education menu
2024-04-02 14:32:57.550358   => Cryptocurrency trading submenu focus moved and clicked
2024-04-02 14:32:57.830671   => Focus moved to 'capital*com' logo

2024-04-02 14:32:57.830893   1. Arrange_v0
2024-04-02 14:32:57.830912   current_page = https://capital.com/ru/torgovlya-crypto-cfd
2024-04-02 14:32:57.833615   link = https://capital.com/ru/torgovlya-crypto-cfd
2024-04-02 14:32:57.836047   BUTTON_CREATE_YOUR_ACCOUNT is located on the page? =>

2024-04-02 14:32:57.844955   2. Act_v0: Define of locator

2024-04-02 14:32:57.844976   2. Act_v0: Go to web element

2024-04-02 14:32:58.971284   2. Act_v0: Click web element
2024-04-02 14:32:59.199521   => BUTTON_CREATE_YOUR_ACCOUNT is clicked

2024-04-02 14:32:59.199802   3. Assert_v4
2024-04-02 14:32:59.199989   Checking that the trading platform page has opened (v4) =>
2024-04-02 14:32:59.710349   Checking way # 1 => 

2024-04-02 14:32:59.710419   1. Checking that the Trading platform page has valid title =>
2024-04-02 14:32:59.712981   => The title of current page is 'Trading Platform | Capital.com'

2024-04-02 14:32:59.713025   2. Checking that the LOGO is present on the page =>
2024-04-02 14:33:00.481512   => 'capital*com' logo is present on the current page

2024-04-02 14:33:00.481553   tpd = False
2024-04-02 14:33:02.378495   => Driver.backed
