


Current market - ETFs
{'width': 1280, 'height': 800}

2024-04-02 12:47:34.937361   worker_id = master

2024-04-02 12:47:34.937386   0. Allure grouping v4

2024-04-02 12:47:34.937732   START PRECONDITIONS =>

2024-04-02 12:47:34.937756   => Current URL - https://capital.com/ru

2024-04-02 12:47:34.941408   => URL after prev. preconditions - https://capital.com/ru

2024-04-02 12:47:34.941422   => flag_of_bug - False

2024-04-02 12:47:34.941434   => Windows size - {'width': 1280, 'height': 800}
2024-04-02 12:47:34.942858   Set windows position at (0, 0) =>
2024-04-02 12:47:35.052891   Set resolution 1280 * 800 =>
2024-04-02 12:47:35.155375   => Windows size is set to {'width': 1280, 'height': 800}

2024-04-02 12:47:36.204123   Капчи нет. Идем дальше

2024-04-02 12:47:36.204218   Работа с куками

2024-04-02 12:47:36.204232   Prev. country - 'au'
2024-04-02 12:47:36.204242   Cur. country - 'au'
2024-04-02 12:47:36.204251   => Country set to 'au'

2024-04-02 12:47:36.204260   Prev. language - 'ru'
2024-04-02 12:47:36.204269   Cur. language - 'ru'
2024-04-02 12:47:36.204278   => Language is set to 'ru'

2024-04-02 12:47:36.204287   Prev. role - 'NoReg'
2024-04-02 12:47:36.204296   Cur. role - 'NoReg'
2024-04-02 12:47:36.204305   => The 'NoReg' role is set

2024-04-02 12:47:36.207120   => Current URL - https://capital.com/ru

2024-04-02 12:47:36.207142   => THE END PRECONDITIONS

2024-04-02 12:47:36.207187   1. Arrange for 'Trading instrument' widget: 'ETFs' market
2024-04-02 12:47:36.207201   current_page = https://capital.com/ru
2024-04-02 12:47:36.209687   link = https://capital.com/ru

2024-04-02 12:47:36.212128   IS 'Trading instrument' widget present on this page? =>
2024-04-02 12:47:36.216987   => 'Trading instrument' widget present on this page!

2024-04-02 12:47:36.224586   IS 'Trading instrument' widget visible on this page? =>
2024-04-02 12:47:36.248235   => 'Trading instrument' widget is visible on this page!

2024-04-02 12:47:36.248289   IS MARKET 'ETFs' present on this page? =>
2024-04-02 12:47:36.256388   => MARKET 'ETFs' present on this page!

2024-04-02 12:47:36.259706   IS MARKET 'ETFs' visible on this page? =>
2024-04-02 12:47:38.318122   => MARKET 'ETFs' is NOT visible right now on page, but need to check in 'Meatballs menu'!
2024-04-02 12:47:38.325919   => 'Meatballs menu' button is present
2024-04-02 12:47:38.337001   => 'Meatballs menu' button is visible
2024-04-02 12:47:39.648847   => Focus is moved on 'Meatballs menu' button
2024-04-02 12:47:39.677474   => MARKET 'ETFs' is visible on this page!

2024-04-02 12:47:39.677513   Start Click Tab 'ETFs' MARKET =>
2024-04-02 12:47:39.677523   Check that Tab 'ETFs' MARKET is clickable =>
2024-04-02 12:47:39.699235   => Tab 'ETFs' MARKET is clickable
2024-04-02 12:47:39.744970   => End Click Tab 'ETFs' MARKET

2024-04-02 12:47:39.745013   Is Instruments present? =>
2024-04-02 12:47:39.754394   => Instruments is present on this page

2024-04-02 12:47:39.754431   Is Instruments visible? =>
2024-04-02 12:47:39.766398   => Instruments is visible on this page

2024-04-02 12:47:39.766426   Start find random buttons [Trade] on the TAB 'ETFs'=>
2024-04-02 12:47:39.766450   => End find '1' random buttons [Trade] from list [5] on the TAB 'ETFs'
2024-04-02 12:47:39.766627   2. Act for 'Trading instrument' widget and 'ETFs' tab 5-item from item list [5]
2024-04-02 12:47:39.766644   Start Click button TAB 'ETFs' in METHOD: element_click =>
2024-04-02 12:47:39.775557   IS MARKET 'ETFs' visible on this page? =>
2024-04-02 12:47:39.787364   Check that MARKET 'ETFs' is visible on this page =>
2024-04-02 12:47:39.799969   => MARKET 'ETFs' is visible on this page!
2024-04-02 12:47:39.800009   Tab 'ETFs' MARKET is scroll =>
2024-04-02 12:47:39.808359   => Tab 'ETFs' MARKET is scrolled
2024-04-02 12:47:39.808384   Check that Tab 'ETFs' MARKET is clickable =>
2024-04-02 12:47:39.820792   => Tab 'ETFs' MARKET is clickable
2024-04-02 12:47:39.848560   => End Click Tab 'ETFs' MARKET

2024-04-02 12:47:39.848597   Start click button [Trade] =>
2024-04-02 12:47:39.900656   => Button [Trade] for 5-item clicked!


2024-04-02 12:47:39.900906   3. Assert_v0
2024-04-02 12:47:39.901001   Start step Check that [Sign up] form is opened
2024-04-02 12:47:40.104415   'Sign up' form opened
2024-04-02 12:47:40.104481   Assert SIGNUP_HEADER =>
2024-04-02 12:47:40.118567   Assert SIGNUP_REF_LOGIN =>
2024-04-02 12:47:40.134858   Assert SIGNUP_PRIVACY_POLICY_ALL_2 =>
2024-04-02 12:47:40.149556   => SIGNUP_PRIVACY_POLICY_ALL
2024-04-02 12:47:40.149598   => 'Signup' form is checked
2024-04-02 12:47:40.149782   Start step Close [Sign up] form =>
2024-04-02 12:47:40.221224   => 'Signup' form closed
2024-04-02 12:47:40.498912   => Focus moved to 'capital*com' logo
