{'width': 1280, 'height': 800}

2024-04-02 14:57:26.374041   worker_id = master

2024-04-02 14:57:26.374072   0. Allure grouping v4

2024-04-02 14:57:26.374286   START PRECONDITIONS =>

2024-04-02 14:57:26.374304   => Current URL - https://capital.com/ru/ftse-mib-italy-40-cfd

2024-04-02 14:57:26.377060   => URL after prev. preconditions - https://capital.com/ru/ftse-mib-italy-40-cfd

2024-04-02 14:57:26.377073   => flag_of_bug - False

2024-04-02 14:57:26.377085   => Windows size - {'width': 1280, 'height': 800}
2024-04-02 14:57:26.378355   Set windows position at (0, 0) =>
2024-04-02 14:57:26.480635   Set resolution 1280 * 800 =>
2024-04-02 14:57:26.583046   => Windows size is set to {'width': 1280, 'height': 800}

2024-04-02 14:57:27.632191   Капчи нет. Идем дальше

2024-04-02 14:57:27.632282   Работа с куками

2024-04-02 14:57:27.632296   Prev. country - 'au'
2024-04-02 14:57:27.632306   Cur. country - 'au'
2024-04-02 14:57:27.632316   => Country set to 'au'

2024-04-02 14:57:27.632324   Prev. language - 'ru'
2024-04-02 14:57:27.632333   Cur. language - 'ru'
2024-04-02 14:57:27.632342   => Language is set to 'ru'

2024-04-02 14:57:27.632350   Prev. role - 'NoReg'
2024-04-02 14:57:27.632359   Cur. role - 'NoReg'
2024-04-02 14:57:27.632368   => The 'NoReg' role is set

2024-04-02 14:57:27.635388   => Current URL - https://capital.com/ru/ftse-mib-italy-40-cfd

2024-04-02 14:57:27.635417   => THE END PRECONDITIONS

2024-04-02 14:57:27.635471   1. Arrange_v0
2024-04-02 14:57:27.635485   current_page = https://capital.com/ru/ftse-mib-italy-40-cfd
2024-04-02 14:57:27.638193   link = https://capital.com/ru/ftse-mib-italy-40-cfd

2024-04-02 14:57:27.648833   2. Act_v0
2024-04-02 14:57:27.648859   BUTTON_GET_STARTED_ON_STICKY_BAR is present? =>
2024-04-02 14:57:27.653346   => BUTTON_GET_STARTED_ON_STICKY_BAR is present on the page!
2024-04-02 14:57:27.653369   BUTTON_GET_STARTED_ON_STICKY_BAR scroll =>
2024-04-02 14:57:27.715477   => BUTTON_GET_STARTED_ON_STICKY_BAR clicked!

2024-04-02 14:57:27.715821   3. Assert_v0
2024-04-02 14:57:27.716008   Start step Check that [Sign up] form is opened
2024-04-02 14:57:27.729514   'Sign up' form opened
2024-04-02 14:57:27.729548   Assert SIGNUP_HEADER =>
2024-04-02 14:57:27.740377   Assert SIGNUP_REF_LOGIN =>
2024-04-02 14:57:27.750276   Assert SIGNUP_PRIVACY_POLICY_ALL_2 =>
2024-04-02 14:57:27.761557   => SIGNUP_PRIVACY_POLICY_ALL
2024-04-02 14:57:27.761587   => 'Signup' form is checked
2024-04-02 14:57:27.761749   Start step Close [Sign up] form =>
2024-04-02 14:57:27.817376   => 'Signup' form closed
2024-04-02 14:57:28.102306   => Focus moved to 'capital*com' logo
