{'width': 1280, 'height': 800}

2024-03-19 15:57:03.168718   worker_id = master

2024-03-19 15:57:03.168739   0. Allure grouping v4


2024-03-19 15:57:03.169004   START PRECONDITIONS =>


2024-03-19 15:57:03.169025   => flag_of_bug - False

2024-03-19 15:57:03.169036   => Windows size - {'width': 1280, 'height': 800}
2024-03-19 15:57:03.170701   Set windows position at (0, 0) =>
2024-03-19 15:57:03.273626   Set resolution 1280 * 800 =>
2024-03-19 15:57:03.376912   => Windows size is set to {'width': 1280, 'height': 800}

2024-03-19 15:57:04.420620   Капчи нет. Идем дальше

2024-03-19 15:57:04.420723   Работа с куками

2024-03-19 15:57:04.420737   => Prev. country - 'de'
2024-03-19 15:57:04.420747   => Country set to 'de'

2024-03-19 15:57:04.420757   => Prev. language - 'pl'
2024-03-19 15:57:04.420767   => Language is set to 'pl'

2024-03-19 15:57:04.420776   => Prev. role - 'NoReg'
2024-03-19 15:57:04.420785   => The 'NoReg' role is set

2024-03-19 15:57:04.423714   => THE END PRECONDITIONS

2024-03-19 15:57:04.426458   1. Arrange_v0
2024-03-19 15:57:04.437143   => BUTTON_TRY_DEMO is present on this page
2024-03-19 15:57:04.437179   BUTTON_TRY_DEMO scroll =>
2024-03-19 15:57:04.442687   BUTTON_TRY_DEMO is visible? =>
2024-03-19 15:57:04.456820   => BUTTON_TRY_DEMO is visible on this page

2024-03-19 15:57:04.457017   2. Act_v0
2024-03-19 15:57:04.462075   BUTTON_TRY_DEMO is clickable? =>
2024-03-19 15:57:04.496763   => BUTTON_TRY_DEMO clicked!

2024-03-19 15:57:04.497141   3. Assert_v0
2024-03-19 15:57:04.497342   Start step Check that [Sign up] form is opened
2024-03-19 15:57:04.513469   'Sign up' form opened
2024-03-19 15:57:04.513517   Assert SIGNUP_HEADER =>
2024-03-19 15:57:04.525822   Assert SIGNUP_REF_LOGIN =>
2024-03-19 15:57:04.537715   Assert SIGNUP_PRIVACY_POLICY_ALL_2 =>
2024-03-19 15:57:04.551261   => SIGNUP_PRIVACY_POLICY_ALL
2024-03-19 15:57:04.551304   => 'Signup' form is checked
2024-03-19 15:57:04.551534   Start step Close [Sign up] form =>
2024-03-19 15:57:04.615169   => 'Signup' form closed
