
2023-12-19 06:37:21.472181   Работает obj <US_11-02-02-01_Shares_trading_test.TestSharesTradingItems object at 0x7f733ca9dd50> с именем TC_11.02.02.01_08
{'width': 1280, 'height': 720}

2023-12-19 06:37:21.473432   worker_id = master

2023-12-19 06:37:21.473445   0. Allure grouping


2023-12-19 06:37:21.473585   START PRECONDITIONS =>


2023-12-19 06:37:21.473599   {'width': 1280, 'height': 720}

2023-12-19 06:37:21.474814   Set windows position at (320, 180) =>

2023-12-19 06:37:21.576672   Set resolution 1280 * 720 =>

2023-12-19 06:37:21.678837   => Resolution seted {'width': 1280, 'height': 720}

2023-12-19 06:37:25.713789   Капчи нет. Тестим дальше

2023-12-19 06:37:25.713830   Prev. Role: NoReg

2023-12-19 06:37:25.713839   Current role: NoReg

2023-12-19 06:37:25.713848   Prev language: de

2023-12-19 06:37:25.713855   => Current language: de

2023-12-19 06:37:25.713863   Prev country: gb

2023-12-19 06:37:25.713871   => Current country: gb

2023-12-19 06:37:25.713878   => THE END PRECONDITIONS

2023-12-19 06:37:25.713933   1. Arrange_v0
2023-12-19 06:37:25.716863   BUTTON_CREATE_YOUR_ACCOUNT is located on the page? =>

2023-12-19 06:37:25.724621   2. Act_v0
2023-12-19 06:37:25.845634   => BUTTON_CREATE_YOUR_ACCOUNT is clicked

2023-12-19 06:37:25.845857   3. Assert_v0
2023-12-19 06:37:25.845942   Start step Check that [Sign up] form is opened
2023-12-19 06:37:25.866244   'Sign up' form opened
2023-12-19 06:37:25.866280   Assert SIGNUP_HEADER =>
2023-12-19 06:37:25.877306   Assert SIGNUP_REF_LOGIN =>
2023-12-19 06:37:25.889192   Assert SIGNUP_PRIVACY_POLICY_ALL_2 =>
2023-12-19 06:37:25.901864   => SIGNUP_PRIVACY_POLICY_ALL
2023-12-19 06:37:25.901890   => 'Signup' form is checked
2023-12-19 06:37:25.902039   Start step Close [Sign up] form =>
2023-12-19 06:37:25.985940   => 'Signup' form closed
