{'width': 1280, 'height': 800}

2024-06-19 05:17:43.689681   worker_id = master

2024-06-19 05:17:43.689681   0. Allure grouping v4

2024-06-19 05:17:43.689681   START PRECONDITIONS =>

2024-06-19 05:17:43.689681   => URL after prev. preconditions - https://capital.com/es
2024-06-19 05:17:43.689681   => flag_of_bug - False
2024-06-19 05:17:43.689681   => Current URL - https://capital.com/es/opera-apple
2024-06-19 05:17:43.701097   Current page URL = https://capital.com/es/opera-apple
2024-06-19 05:17:43.704093   self.link = https://capital.com/es
2024-06-19 05:17:43.704093   driver.get(https://capital.com/es) =>
2024-06-19 05:17:45.527248   => Loaded page https://capital.com/es

2024-06-19 05:17:45.536575   => Windows size: {'width': 1280, 'height': 800}
2024-06-19 05:17:45.538578   Set windows position at (0, 0) =>
2024-06-19 05:17:45.541576   Set resolution 1280 * 800 =>
2024-06-19 05:17:45.544581   => Windows size is set to {'width': 1280, 'height': 800}

2024-06-19 05:17:46.551949   Капчи нет. Идем дальше

2024-06-19 05:17:46.551949   Работа с куками =>

2024-06-19 05:17:46.551949   => не требуется

2024-06-19 05:17:47.601919   Капчи нет. Идем дальше

2024-06-19 05:17:47.601919   Prev. country - 'de'
2024-06-19 05:17:47.601919   Cur. country - 'de'
2024-06-19 05:17:47.601919   => Country set to 'de'

2024-06-19 05:17:48.652753   Капчи нет. Идем дальше

2024-06-19 05:17:48.652753   Prev. language - 'es'
2024-06-19 05:17:48.652753   Cur. language - 'es'
2024-06-19 05:17:48.652753   => Language is set to 'es'

2024-06-19 05:17:49.706876   Капчи нет. Идем дальше

2024-06-19 05:17:49.706876   Prev. role - 'NoReg'
2024-06-19 05:17:49.706876   Cur. role - 'NoReg'
2024-06-19 05:17:49.706876   => The 'NoReg' role is set

2024-06-19 05:17:49.706876   => Current URL - https://capital.com/es

2024-06-19 05:17:49.706876   => THE END PRECONDITIONS

2024-06-19 05:17:49.706876   1. Arrange_v0
2024-06-19 05:17:49.706876   current_page = https://capital.com/es
2024-06-19 05:17:49.706876   link = https://capital.com/es/opera-apple
2024-06-19 05:17:49.706876   Current page URL = https://capital.com/es
2024-06-19 05:17:49.722336   self.link = https://capital.com/es/opera-apple
2024-06-19 05:17:49.722336   driver.get(https://capital.com/es/opera-apple) =>
2024-06-19 05:17:51.901423   => Loaded page https://capital.com/es/opera-apple
2024-06-19 05:17:51.907336   BUTTON_BUY_IN_CONTENT_BLOCK is located on the page? =>
2024-06-19 05:17:51.918855   => BUTTON_BUY_IN_CONTENT_BLOCK is located on the page!
2024-06-19 05:17:51.918855   Start Checking that form [Sign up] popped up on the page =>
2024-06-19 05:17:53.469588   '[Sign up]' form was not popped up

2024-06-19 05:17:53.469588   2. Act_v0
2024-06-19 05:17:53.480121   BUTTON_BUY_IN_CONTENT_BLOCK is present? =>
2024-06-19 05:17:53.480210   => BUTTON_BUY_IN_CONTENT_BLOCK is present on the page
2024-06-19 05:17:53.480210   BUTTON_BUY_IN_CONTENT_BLOCK scroll =>
2024-06-19 05:17:53.485451   => BUTTON_BUY_IN_CONTENT_BLOCK scrolled
2024-06-19 05:17:53.490445   BUTTON_BUY_IN_CONTENT_BLOCK is clickable? =>
2024-06-19 05:17:53.526584   BUTTON_BUY_IN_CONTENT_BLOCK CLICK =>
2024-06-19 05:17:53.538840   => BUTTON_BUY_IN_CONTENT_BLOCK clicked!

2024-06-19 05:17:53.538840   3. Assert_Signup_v0
2024-06-19 05:17:53.538840   Start step Check that [Sign up] form is opened
2024-06-19 05:17:53.726926   'Sign up' form opened
2024-06-19 05:17:53.726926   Assert SIGNUP_HEADER =>
2024-06-19 05:17:53.740652   Assert SIGNUP_REF_LOGIN =>
2024-06-19 05:17:53.754373   Assert SIGNUP_PRIVACY_POLICY_ALL_2 =>
2024-06-19 05:17:53.770504   => SIGNUP_PRIVACY_POLICY_ALL
2024-06-19 05:17:53.770504   => 'Signup' form is checked
2024-06-19 05:17:53.770504   Start step Close [Sign up] form =>
2024-06-19 05:17:53.855806   => 'Signup' form closed
2024-06-19 05:17:54.132941   => Focus moved to 'capital*com' logo
