{'width': 1280, 'height': 800}

2024-03-20 06:34:33.243861   worker_id = master

2024-03-20 06:34:33.243880   0. Allure grouping v4


2024-03-20 06:34:33.244089   START PRECONDITIONS =>


2024-03-20 06:34:33.244105   => flag_of_bug - True
2024-03-20 06:34:33.244120   Current page URL = https://capital.com/trading/platform/charting/14659243072378052?side=buy&ids=2604592722433220,374675767075865,93810675766468,15839732013552836,27045129890124996,426090820621508,27342779713672388,16150730595456196,14659243072378052,22855552501634244,422839530378436,427748677997764,21659404109698244,5983666832495812,56659208610841,93810675713350,6003982027805892,7090561509053636,7093817094264004,7094972440466628,453949400050390212,93810675684676,53068615951385,305243519000335556,7092970985706692,27041281599427780,7090488494609604,3644116541985988,253454610158788,374675767140434,357105055839112,250461017908249,23381802066002,123763777688772,7094607368246468,1496662958757060,1679716659553719492,508931114652423506,21680337780298948,12241936693896217,2412611979269316,109779364172996,18760417236164,1356582600398020,18067527255020740,9274483659592900,14972685490672836,36597416351058,70965744653650,354871672853842,110522393449810,18773302072658,2276324076967250,334595132249426,15012418233062738,10380321774195908,18458652746798276,10347838936536260,18038965722502340,16115898410685636,55001351234585,55001351205768,374675767116953,55001351226694,253454610149707
2024-03-20 06:34:34.101768   => Loaded page https://capital.com/

2024-03-20 06:34:34.104310   => Windows size - {'width': 1280, 'height': 800}
2024-03-20 06:34:34.105732   Set windows position at (0, 0) =>
2024-03-20 06:34:34.207979   Set resolution 1280 * 800 =>
2024-03-20 06:34:34.310535   => Windows size is set to {'width': 1280, 'height': 800}

2024-03-20 06:34:35.322965   Капчи нет. Идем дальше

2024-03-20 06:34:35.323057   Работа с куками

2024-03-20 06:34:35.323072   => Prev. country - 'de'
2024-03-20 06:34:35.323082   => Country set to 'de'

2024-03-20 06:34:35.323092   => Prev. language - 'en'
2024-03-20 06:34:35.323102   Set 'en' language =>
2024-03-20 06:34:35.334899   => Language and Country menu is present
2024-03-20 06:34:35.350707   => Language and Country menu is visible
2024-03-20 06:34:36.633169   => Focus is moved on Language and Country menu 
2024-03-20 06:34:36.643108   Move focus on en item and click =>
2024-03-20 06:34:38.211029   => Focus moved on en item and clicked
2024-03-20 06:34:38.211087   => Cur url = https://capital.com/
2024-03-20 06:34:38.259346   => Language is set to 'en'

2024-03-20 06:34:38.259378   => Prev. role - 'Auth'
2024-03-20 06:34:38.259389   => The 'Auth' role is set

2024-03-20 06:34:38.264822   => THE END PRECONDITIONS
2024-03-20 06:34:38.775712   => Education menu is present in DOM
2024-03-20 06:34:38.786196   element = <selenium.webdriver.remote.webelement.WebElement (session="ae4a624787e4eef212ecb4298e0ed6df", element="f.765DAEE67F5E2694C52DD9C2B7E4D2A4.d.CAD65641A999D72D1027BC7415FE6ED0.e.791")>
2024-03-20 06:34:38.786232   => Education menu is visible
2024-03-20 06:34:40.062624   => Focus moved to Education menu

2024-03-20 06:34:41.848656   1. Arrange_v0
2024-03-20 06:34:41.852086   BUTTON_CREATE_YOUR_ACCOUNT is located on the page? =>

2024-03-20 06:34:41.865082   2. Act_v0: Define of locator

2024-03-20 06:34:41.865158   2. Act_v0: Go to web element

2024-03-20 06:34:42.999168   2. Act_v0: Click web element
2024-03-20 06:34:43.463701   => BUTTON_CREATE_YOUR_ACCOUNT is clicked

2024-03-20 06:34:43.464055   3. Assert_v4
2024-03-20 06:34:43.464224   Checking that the trading platform page has opened (v4) =>
2024-03-20 06:34:43.977250   Checking way # 1 => 
2024-03-20 06:34:43.980321   => Current page title: Trading Platform | Capital.com
2024-03-20 06:34:43.980444   Checking that the Trading platform LOGO is present on the page =>
2024-03-20 06:34:44.627851   => Trading platform LOGO is present on the page
2024-03-20 06:34:44.627975   tpd = False
2024-03-20 06:34:44.628216   Checking that the Trading platform opened in LIVE mode =>
2024-03-20 06:34:44.654040   => The page with https://capital.com/trading/platform/ url was opened in lIVE mode
2024-03-20 06:34:46.022204   => Driver.backed
