


Current language - nl
{'width': 1280, 'height': 800}

2024-07-20 19:37:08.453838   worker_id = master

2024-07-20 19:37:08.453857   0. Allure grouping for US_55

2024-07-20 19:37:09.118921   START PRECONDITIONS =>

2024-07-20 19:37:09.118969   => URL after prev. preconditions - https://capital.com/nl?country=au
2024-07-20 19:37:09.118988   => flag_of_bug - True
2024-07-20 19:37:09.119008   => Current URL - https://capital.com/nl?country=au

2024-07-20 19:37:09.131942   => Windows size: {'width': 1280, 'height': 800}
2024-07-20 19:37:09.136248   Set windows position at (0, 0) =>
2024-07-20 19:37:09.137963   Set resolution 1280 * 800 =>
2024-07-20 19:37:09.139583   => Windows size is set to {'width': 1280, 'height': 800}

2024-07-20 19:37:10.172557   Капчи нет. Идем дальше

2024-07-20 19:37:10.172640   Работа с куками =>

2024-07-20 19:37:10.172654   => не требуется

2024-07-20 19:37:11.200947   Капчи нет. Идем дальше

2024-07-20 19:37:11.201029   Prev. country - 'au'
2024-07-20 19:37:11.201043   Cur. country - 'ua'
2024-07-20 19:37:11.201052   Set 'ua' country =>
2024-07-20 19:37:11.208268   => Language and Country menu is present
2024-07-20 19:37:11.218530   => Language and Country menu is visible
2024-07-20 19:37:12.486899   => Focus is moved on Language and Country menu 
2024-07-20 19:37:14.976075   => Cur url = https://capital.com/nl?country=ua
2024-07-20 19:37:14.988747   => Country set to 'ua'

2024-07-20 19:37:16.039081   Капчи нет. Идем дальше

2024-07-20 19:37:16.039164   Prev. language - 'nl'
2024-07-20 19:37:16.039177   Cur. language - 'nl'
2024-07-20 19:37:16.039186   => Language is set to 'nl'

2024-07-20 19:37:17.062067   Капчи нет. Идем дальше

2024-07-20 19:37:17.062148   Prev. role - 'NoAuth'
2024-07-20 19:37:17.062161   Cur. role - 'NoAuth'
2024-07-20 19:37:17.062171   => The 'NoAuth' role is set

2024-07-20 19:37:17.064767   => Current URL - https://capital.com/nl?country=ua

2024-07-20 19:37:17.064789   => THE END PRECONDITIONS

2024-07-20 19:37:17.065061   1. Arrange
2024-07-20 19:37:17.065078   IS [Sign up] button present on this page? =>
2024-07-20 19:37:17.069509   => [Sign up] button present on this page!

2024-07-20 19:37:17.076730   IS [Sign up] button visible on this page? =>
2024-07-20 19:37:17.085641   => [Sign up] button is visible on this page!


2024-07-20 19:37:17.085782   2. Act_v0
2024-07-20 19:37:17.085798   IS [Sign up] clickable on the page? =>
2024-07-20 19:37:17.099132   => [Sign up] is clickable on the page!


2024-07-20 19:37:17.099155   Start Click button [Sign up] =>
2024-07-20 19:37:17.135763   => End Click button [Sign up] 
2024-07-20 19:37:17.135970   Start step Check that [Sign up] form is opened
2024-07-20 19:37:17.337185   'Sign up' form opened
2024-07-20 19:37:17.337230   Assert SIGNUP_HEADER =>
2024-07-20 19:37:17.346741   Assert SIGNUP_REF_LOGIN =>
2024-07-20 19:37:17.357542   Assert SIGNUP_PRIVACY_POLICY_ALL_2 =>
2024-07-20 19:37:17.367641   => SIGNUP_PRIVACY_POLICY_ALL
2024-07-20 19:37:17.367668   => 'Signup' form is checked
2024-07-20 19:37:17.367720   => 'Sign up' form is opened

2024-07-20 19:37:17.367882   3. Assert
2024-07-20 19:37:17.367900   Is 'Please enter a valid Email' message displayed on this page after putting invalid email? =>
2024-07-20 19:37:17.367910   => Start fill out 'Email address' field.
2024-07-20 19:37:17.445344   => 'Email address' is inputted

2024-07-20 19:37:17.548441   => Switch to 'Password' field

get_attribute:  
