{'width': 1280, 'height': 800}

2024-03-20 05:22:49.978148   worker_id = master

2024-03-20 05:22:49.978171   0. Allure grouping v4


2024-03-20 05:22:49.978498   START PRECONDITIONS =>


2024-03-20 05:22:49.978519   => flag_of_bug - False

2024-03-20 05:22:49.978536   => Windows size - {'width': 1280, 'height': 800}
2024-03-20 05:22:49.980080   Set windows position at (0, 0) =>
2024-03-20 05:22:50.082787   Set resolution 1280 * 800 =>
2024-03-20 05:22:50.190412   => Windows size is set to {'width': 1280, 'height': 800}

2024-03-20 05:22:51.231719   Капчи нет. Идем дальше

2024-03-20 05:22:51.231841   Работа с куками

2024-03-20 05:22:51.231866   => Prev. country - 'de'
2024-03-20 05:22:51.231884   => Country set to 'de'

2024-03-20 05:22:51.231901   => Prev. language - 'en'
2024-03-20 05:22:51.231918   => Language is set to 'en'

2024-03-20 05:22:51.231933   => Prev. role - 'Auth'
2024-03-20 05:22:51.231949   => The 'Auth' role is set

2024-03-20 05:22:51.239285   => THE END PRECONDITIONS

2024-03-20 05:22:51.239508   1. Arrange_v0
2024-03-20 05:22:51.254267   => BUTTON_TRY_DEMO is present on this page
2024-03-20 05:22:51.254299   BUTTON_TRY_DEMO scroll =>
2024-03-20 05:22:51.257736   BUTTON_TRY_DEMO is visible? =>
2024-03-20 05:22:51.277081   => BUTTON_TRY_DEMO is visible on this page

2024-03-20 05:22:51.277268   2. Act_v0
2024-03-20 05:22:51.282199   BUTTON_TRY_DEMO is clickable? =>
2024-03-20 05:22:51.312222   => BUTTON_TRY_DEMO clicked!

2024-03-20 05:22:51.312470   3. Assert_v4
2024-03-20 05:22:51.312586   Checking that the trading platform page has opened (v4) =>
2024-03-20 05:22:52.356891   Checking way # 1 => 
2024-03-20 05:22:52.359693   => Current page title: Trading Platform | Capital.com
2024-03-20 05:22:52.359818   Checking that the Trading platform LOGO is present on the page =>
2024-03-20 05:22:53.297821   => Trading platform LOGO is present on the page
2024-03-20 05:22:53.297911   tpd = True
2024-03-20 05:22:53.298071   Checking that the Trading platform opened in DEMO mode =>
2024-03-20 05:22:53.940825   => The page with https://capital.com/trading/platform/?mode=demo url was opened in DEMO mode
2024-03-20 05:22:54.732174   => Driver.backed
