{'width': 1280, 'height': 720}

2024-02-29 08:10:49.310937   worker_id = master

2024-02-29 08:10:49.310953   0. Allure grouping v4


2024-02-29 08:10:49.311156   START PRECONDITIONS =>


2024-02-29 08:10:49.311172   {'width': 1280, 'height': 720}

2024-02-29 08:10:49.312483   Set windows position at (0, 0) =>

2024-02-29 08:10:49.416377   Set resolution 1280 * 720 =>

2024-02-29 08:10:49.519002   => Resolution seted {'width': 1280, 'height': 720}

2024-02-29 08:10:50.553340   Капчи нет. Идем дальше

2024-02-29 08:10:50.553430   Prev. Role: Auth

2024-02-29 08:10:50.553443   Current role: Auth

2024-02-29 08:10:51.585635   Капчи нет. Идем дальше

2024-02-29 08:10:51.585733   Prev language: de

2024-02-29 08:10:51.585746   => Current language: de

2024-02-29 08:10:52.624114   Капчи нет. Идем дальше

2024-02-29 08:10:52.624203   Prev country: ae
2024-02-29 08:10:52.624216   => Current country: ae

2024-02-29 08:10:52.624225   => THE END PRECONDITIONS

2024-02-29 08:10:52.624387   1. Arrange_v2
2024-02-29 08:10:52.624403   Current page URL = https://capital.com/de/margin-trading
2024-02-29 08:10:53.840881   => Loaded page https://capital.com/de/margin-trading
2024-02-29 08:10:53.859170   => Found 5 elements in block MOST_TRADED

2024-02-29 08:10:53.859286   Testing element #1

2024-02-29 08:10:53.859573   2. Act_v2
2024-02-29 08:10:53.859603   Start Click button MOST_TRADED =>
2024-02-29 08:10:53.859614   MOST_TRADED Deleting a class that expanded items =>
2024-02-29 08:10:53.866972   MOST_TRADED scroll =>
2024-02-29 08:10:53.870413   MOST_TRADED click ver 2 =>

2024-02-29 08:10:55.344958   3. Assert_v4
2024-02-29 08:10:55.345185   Checking that the trading platform page has opened (v4) =>
2024-02-29 08:10:55.362351   => Current page title: Trading Platform | Capital.com
2024-02-29 08:10:55.362608   Checking that the Trading platform LOGO is present on the page =>
2024-02-29 08:10:56.974876   Checking that the Trading platform opened in LIVE mode =>
2024-02-29 08:10:56.990344   => The page with https://capital.com/trading/platform/charting/15839732013552836?side=buy&ids=427748677997764,123763777643545,426090820621508,27041281599427780,7091880064013508,426696411010244,93810675766468,93810675691588,16150730595456196,422839530378436,1496662958757060,23381802046660,123763777688772,305243519000335556,21680337780298948,508931114652423506,2604592722433220,15839732013552836,3644116541985988,21182778791108,1529135750401053892,1679716659553719492,145998823326404,27045129890124996 url was opened in lIVE mode
2024-02-29 08:10:57.070468   => Driver.backed
2024-02-29 08:10:57.326168   => Driver.backed
2024-02-29 08:10:58.853580   => Driver.backed
2024-02-29 08:10:58.888223   Current page URL = https://capital.com/de/margin-trading
2024-02-29 08:11:00.091401   => Loaded page https://capital.com/de/margin-trading

2024-02-29 08:11:00.118204   Testing element #2

2024-02-29 08:11:00.118388   2. Act_v2
2024-02-29 08:11:00.118405   Start Click button MOST_TRADED =>
2024-02-29 08:11:00.118414   MOST_TRADED Deleting a class that expanded items =>
2024-02-29 08:11:00.121236   MOST_TRADED scroll =>
2024-02-29 08:11:00.124620   MOST_TRADED click ver 2 =>

2024-02-29 08:11:00.450543   3. Assert_v4
2024-02-29 08:11:00.450696   Checking that the trading platform page has opened (v4) =>
2024-02-29 08:11:00.459961   => Current page title: Trading Platform | Capital.com
2024-02-29 08:11:00.460096   Checking that the Trading platform LOGO is present on the page =>
2024-02-29 08:11:02.026407   Checking that the Trading platform opened in LIVE mode =>
2024-02-29 08:11:02.037904   => The page with https://capital.com/trading/platform/charting/2604592722433220?side=buy&ids=427748677997764,123763777643545,426090820621508,27041281599427780,7091880064013508,426696411010244,93810675766468,93810675691588,16150730595456196,422839530378436,1496662958757060,23381802046660,123763777688772,305243519000335556,21680337780298948,508931114652423506,2604592722433220,15839732013552836,3644116541985988,21182778791108,1529135750401053892,1679716659553719492,145998823326404,27045129890124996 url was opened in lIVE mode
2024-02-29 08:11:02.123358   => Driver.backed
2024-02-29 08:11:02.375829   => Driver.backed
2024-02-29 08:11:03.782591   => Driver.backed
2024-02-29 08:11:03.808047   Current page URL = https://capital.com/de/margin-trading
2024-02-29 08:11:04.959087   => Loaded page https://capital.com/de/margin-trading
