{'width': 1280, 'height': 720}

2023-12-11 12:44:53.345919   worker_id = master

2023-12-11 12:44:53.345935   0. Allure grouping


2023-12-11 12:44:53.346120   START PRECONDITIONS =>


2023-12-11 12:44:53.346137   {'width': 1280, 'height': 720}

2023-12-11 12:44:53.347427   Set windows position at (320, 180) =>

2023-12-11 12:44:53.449830   Set resolution 1280 * 720 =>

2023-12-11 12:44:53.552391   => Resolution seted {'width': 1280, 'height': 720}

2023-12-11 12:44:57.599818   Капчи нет. Тестим дальше

2023-12-11 12:44:57.599864   Prev. Role: Reg/NoAuth

2023-12-11 12:44:57.599873   Current role: Reg/NoAuth

2023-12-11 12:44:57.599881   Prev language: de

2023-12-11 12:44:57.599889   => Current language: de

2023-12-11 12:44:57.599897   Prev country: au

2023-12-11 12:44:57.599904   => Current country: au

2023-12-11 12:44:57.599912   => THE END PRECONDITIONS

2023-12-11 12:44:57.599965   Clear Top Chart list =>
2023-12-11 12:44:59.075904   Load page https://capital.com/trading/platform/charting/

2023-12-11 12:45:07.119873   1. Arrange_v4
2023-12-11 12:45:07.626837   Load page https://capital.com/de/wie-cfd-handel-funktioniert
2023-12-11 12:45:07.626892   MOST_TRADED is visible? =>
2023-12-11 12:45:07.688933   => MOST_TRADED is visible on the page!
2023-12-11 12:45:07.688980   => Found 5 elements in block MOST_TRADED

2023-12-11 12:45:07.689019   Testing Most traded random element #1

2023-12-11 12:45:07.689219   2. Act_v4
2023-12-11 12:45:07.689243   MOST_TRADED delete js-mostTraded class =>
2023-12-11 12:45:07.910394   MOST_TRADED scroll =>
2023-12-11 12:45:07.916101   MOST_TRADED click for 'US Crude Oil Spot' trading instrument =>
2023-12-11 12:45:08.007804   => MOST_TRADED clicked!

2023-12-11 12:45:08.008011   3. Assert_Login_v0
2023-12-11 12:45:08.219196   'Login' form opened
2023-12-11 12:45:08.219235   Assert LOGIN_REF_SIGNUP =>
2023-12-11 12:45:08.243674   Assert LOGIN_CHECKBOX =>
2023-12-11 12:45:08.259468   Assert LOGIN_PASS_FORGOT =>
2023-12-11 12:45:08.279538   => 'Login' form is checked
2023-12-11 12:45:08.302548   Click 'Close' button on 'Login' form =>
2023-12-11 12:45:08.359818   => 'Login' form closed

2023-12-11 12:45:08.359932   Clear Top Chart list =>
2023-12-11 12:45:09.557560   Load page https://capital.com/trading/platform/charting/

2023-12-11 12:45:17.596299   1. Arrange_v4
2023-12-11 12:45:17.998676   Load page https://capital.com/de/wie-cfd-handel-funktioniert
2023-12-11 12:45:17.998721   MOST_TRADED is visible? =>
2023-12-11 12:45:18.046196   => MOST_TRADED is visible on the page!
2023-12-11 12:45:18.046248   => Found 5 elements in block MOST_TRADED

2023-12-11 12:45:18.046265   Testing Most traded random element #2

2023-12-11 12:45:18.046481   2. Act_v4
2023-12-11 12:45:18.046504   MOST_TRADED delete js-mostTraded class =>
2023-12-11 12:45:18.228105   MOST_TRADED scroll =>
2023-12-11 12:45:18.278017   MOST_TRADED click for 'Gold Spot' trading instrument =>
2023-12-11 12:45:18.371876   => MOST_TRADED clicked!

2023-12-11 12:45:18.372145   3. Assert_Login_v0
2023-12-11 12:45:18.579117   'Login' form opened
2023-12-11 12:45:18.579156   Assert LOGIN_REF_SIGNUP =>
2023-12-11 12:45:18.592943   Assert LOGIN_CHECKBOX =>
2023-12-11 12:45:18.607463   Assert LOGIN_PASS_FORGOT =>
2023-12-11 12:45:18.619311   => 'Login' form is checked
2023-12-11 12:45:18.643171   Click 'Close' button on 'Login' form =>
2023-12-11 12:45:18.699839   => 'Login' form closed
