Current test role - NoReg

{'width': 1280, 'height': 720}

2024-03-06 08:31:29.618790   worker_id = master

2024-03-06 08:31:29.618804   0. Allure grouping v4

2024-03-06 08:31:29.618954   0. Arrange_0
2024-03-06 08:31:29.621717   Current page URL = https://capital.com/trading/platform/
2024-03-06 08:31:31.067994   => Loaded page https://capital.com/


2024-03-06 08:31:31.071161   START PRECONDITIONS =>


2024-03-06 08:31:31.071180   {'width': 1280, 'height': 720}

2024-03-06 08:31:31.072575   Set windows position at (0, 0) =>

2024-03-06 08:31:31.177298   Set resolution 1280 * 720 =>

2024-03-06 08:31:31.280113   => Resolution seted {'width': 1280, 'height': 720}

2024-03-06 08:31:32.284558   Капчи нет. Идем дальше

2024-03-06 08:31:32.284650   Prev. role: Auth
2024-03-06 08:31:32.284663   Run set Role NoReg =>
2024-03-06 08:31:32.284673   Current page URL = https://capital.com/
2024-03-06 08:31:33.204342   => Loaded page https://capital.com/

2024-03-06 08:31:33.298203   => All cookies are deleted
2024-03-06 08:31:33.298240   Current page URL = https://capital.com/
2024-03-06 08:31:33.976374   => Loaded page https://capital.com/

2024-03-06 08:31:33.982203   Step 'Click button [Accept all cookies]'
2024-03-06 08:31:40.156729   Is Visible Button [Accept all cookies]? =>
2024-03-06 08:31:40.174792   => Button [Accept all cookies] is visible
2024-03-06 08:31:40.674913   Is clickable Button [Accept all cookies] =>
2024-03-06 08:31:40.696298   => Button [Accept all cookies] is clickable
2024-03-06 08:31:40.696332   Click Button [Accept all cookies] =>
2024-03-06 08:31:40.774588   => Button [Accept all cookies] is clicked
2024-03-06 08:31:40.774635   => Accepted All Cookies

2024-03-06 08:31:41.274828   => Current role: NoReg

2024-03-06 08:31:42.320571   Капчи нет. Идем дальше

2024-03-06 08:31:42.320665   Prev language: ?

2024-03-06 08:31:42.320679   Run preconditions: set ar language =>


2024-03-06 08:31:42.331055   => Language and Country menu is present


2024-03-06 08:31:42.348448   => Language and Country menu is visible


2024-03-06 08:31:43.631538   => Focus is moved on Language and Country menu 
2024-03-06 08:31:43.640339   Move focus on ar item and click =>
2024-03-06 08:31:45.217240   => Focus moved on ar item and clicked
2024-03-06 08:31:45.217293   => Cur url = https://capital.com/ar

2024-03-06 08:31:45.239941   => Current language: ar

2024-03-06 08:31:46.298189   Капчи нет. Идем дальше

2024-03-06 08:31:46.298278   Prev country: ?
2024-03-06 08:31:46.298292   Run preconditions: set "au" country =>


2024-03-06 08:31:46.303050   => Language and Country menu is present


2024-03-06 08:31:46.315107   => Language and Country menu is visible


2024-03-06 08:31:47.580954   => Focus is moved on Language and Country menu 
2024-03-06 08:31:50.288750   => Cur url = https://capital.com/ar?country=au
2024-03-06 08:31:50.305079   => Current country: au

2024-03-06 08:31:50.305112   => THE END PRECONDITIONS

2024-03-06 08:31:50.305161   1. Cur URL = https://capital.com/ar?country=au

2024-03-06 08:31:50.333601   2. Link = https://capital.com/ar
2024-03-06 08:31:50.337379   Current page URL = https://capital.com/ar?country=au
2024-03-06 08:31:51.094323   => Loaded page https://capital.com/ar
2024-03-06 08:31:51.613540   => Education menu is present
2024-03-06 08:31:51.633414   element = <selenium.webdriver.remote.webelement.WebElement (session="83e3cc0a84c960b21224adc9783a525a", element="f.A400BF5EE32008E7E38109EE509A50C2.d.93EEEE294A69A5F871E450EC48F527C7.e.6412")>
2024-03-06 08:31:51.633455   => Education menu is visible
2024-03-06 08:31:52.912801   => Focus moved to Education menu

2024-03-06 08:31:54.841504   1. Arrange_v0
2024-03-06 08:31:54.856046   BUTTON_START_TRADING scroll =>
2024-03-06 08:31:54.878184   BUTTON_START_TRADING is visible? =>
2024-03-06 08:31:54.895901   => BUTTON_START_TRADING is visible on the page!

2024-03-06 08:31:54.896103   2. Act_v0
2024-03-06 08:31:54.896126   Start Click button [Start Trading] =>
2024-03-06 08:31:54.901637   BUTTON_START_TRADING is clickable? =>
2024-03-06 08:31:54.913932   BUTTON_START_TRADING click =>
2024-03-06 08:31:54.966494   => BUTTON_START_TRADING clicked

2024-03-06 08:31:54.966795   3. Assert_v0
2024-03-06 08:31:54.966937   Start step Check that [Sign up] form is opened
2024-03-06 08:31:55.193121   'Sign up' form opened
2024-03-06 08:31:55.193169   Assert SIGNUP_HEADER =>
2024-03-06 08:31:55.209870   Assert SIGNUP_REF_LOGIN =>
2024-03-06 08:31:55.225468   Assert SIGNUP_PRIVACY_POLICY_ALL_2 =>
2024-03-06 08:31:55.243577   => SIGNUP_PRIVACY_POLICY_ALL
2024-03-06 08:31:55.243626   => 'Signup' form is checked
2024-03-06 08:31:55.243823   Start step Close [Sign up] form =>
2024-03-06 08:31:55.320008   => 'Signup' form closed
