{'width': 1280, 'height': 800}

2024-04-12 18:55:13.369613   worker_id = master

2024-04-12 18:55:13.369627   0. Allure grouping v4

2024-04-12 18:55:13.369808   START PRECONDITIONS =>

2024-04-12 18:55:13.369824   => URL after prev. preconditions - https://capital.com/ro
2024-04-12 18:55:13.369834   => flag_of_bug - False
2024-04-12 18:55:13.369844   => Current URL - https://capital.com/ro/marfuri-us-natural-gas-spot
2024-04-12 18:55:13.374822   Current page URL = https://capital.com/ro/marfuri-us-natural-gas-spot
2024-04-12 18:55:13.377152   self.link = https://capital.com/ro
2024-04-12 18:55:13.377166   driver.get(https://capital.com/ro) =>
2024-04-12 18:55:15.102990   => Loaded page https://capital.com/ro

2024-04-12 18:55:15.107439   => Windows size - {'width': 1280, 'height': 800}
2024-04-12 18:55:15.108800   Set windows position at (0, 0) =>
2024-04-12 18:55:15.210924   Set resolution 1280 * 800 =>
2024-04-12 18:55:15.313146   => Windows size is set to {'width': 1280, 'height': 800}

2024-04-12 18:55:16.349724   Капчи нет. Идем дальше

2024-04-12 18:55:16.349823   Работа с куками =>

2024-04-12 18:55:16.349837   => не требуется

2024-04-12 18:55:16.349847   Prev. country - 'de'
2024-04-12 18:55:16.349856   Cur. country - 'de'
2024-04-12 18:55:16.349865   => Country set to 'de'

2024-04-12 18:55:16.349874   Prev. language - 'ro'
2024-04-12 18:55:16.349883   Cur. language - 'ro'
2024-04-12 18:55:16.349891   => Language is set to 'ro'

2024-04-12 18:55:16.349900   Prev. role - 'NoAuth'
2024-04-12 18:55:16.349909   Cur. role - 'NoAuth'
2024-04-12 18:55:16.349917   => The 'NoAuth' role is set

2024-04-12 18:55:16.352701   => Current URL - https://capital.com/ro

2024-04-12 18:55:16.352723   => THE END PRECONDITIONS

2024-04-12 18:55:16.352913   1. Arrange_v0
2024-04-12 18:55:16.352930   current_page = https://capital.com/ro
2024-04-12 18:55:16.355362   link = https://capital.com/ro/s-p-500-index
2024-04-12 18:55:16.357761   Current page URL = https://capital.com/ro
2024-04-12 18:55:16.360304   self.link = https://capital.com/ro/s-p-500-index
2024-04-12 18:55:16.360317   driver.get(https://capital.com/ro/s-p-500-index) =>
2024-04-12 18:55:18.121822   => Loaded page https://capital.com/ro/s-p-500-index
2024-04-12 18:55:18.126188   BUTTON_ADD_TO_FAVOURITE is located on the page? =>
2024-04-12 18:55:18.136240   => BUTTON_ADD_TO_FAVOURITE is located on the page!
2024-04-12 18:55:18.136420   Start Checking that form [Sign up] popped up on the page =>
2024-04-12 18:55:19.670153   '[Sign up]' form was not popped up

2024-04-12 18:55:19.670352   2. Act_v0
2024-04-12 18:55:19.675661   BUTTON_ADD_TO_FAVOURITE is present? =>
2024-04-12 18:55:19.675684   => BUTTON_ADD_TO_FAVOURITE is present on the page
2024-04-12 18:55:19.675694   BUTTON_ADD_TO_FAVOURITE scroll =>
2024-04-12 18:55:19.678952   => BUTTON_ADD_TO_FAVOURITE scrolled
2024-04-12 18:55:19.699769   BUTTON_ADD_TO_FAVOURITE is clickable? =>
2024-04-12 18:55:19.709393   BUTTON_ADD_TO_FAVOURITE CLICK =>
2024-04-12 18:55:19.751530   => BUTTON_ADD_TO_FAVOURITE clicked!
Trade instrument from element click is US 500
Trade instrument from Full test is US 500
Test element is <pages.Elements.AssertClass.AssertClass object at 0x7fd5996cd730>

2024-04-12 18:55:19.751858   3. Assert_Login_v0
2024-04-12 18:55:19.751965   Check that 'Login' form is opened
2024-04-12 18:55:19.993714   'Login' form opened
2024-04-12 18:55:19.993750   Assert LOGIN_REF_SIGNUP =>
2024-04-12 18:55:20.006274   Assert LOGIN_CHECKBOX =>
2024-04-12 18:55:20.017684   Assert LOGIN_PASS_FORGOT =>
2024-04-12 18:55:20.027457   => 'Login' form is checked
2024-04-12 18:55:20.043867   Click 'Close' button on 'Login' form =>
2024-04-12 18:55:20.381313   => Focus moved to 'capital*com' logo
2024-04-12 18:55:20.381359   => 'Login' form closed
