{'width': 1280, 'height': 800}

2024-04-12 18:58:05.918674   worker_id = master

2024-04-12 18:58:05.918694   0. Allure grouping v4

2024-04-12 18:58:05.919645   START PRECONDITIONS =>

2024-04-12 18:58:05.919675   => URL after prev. preconditions - https://capital.com/ro
2024-04-12 18:58:05.919689   => flag_of_bug - False
2024-04-12 18:58:05.919705   => Current URL - https://capital.com/ro/s-p-500-index
2024-04-12 18:58:05.982616   Current page URL = https://capital.com/ro/s-p-500-index
2024-04-12 18:58:05.984998   self.link = https://capital.com/ro
2024-04-12 18:58:05.985012   driver.get(https://capital.com/ro) =>
2024-04-12 18:58:07.776286   => Loaded page https://capital.com/ro

2024-04-12 18:58:07.786411   => Windows size - {'width': 1280, 'height': 800}
2024-04-12 18:58:07.788207   Set windows position at (0, 0) =>
2024-04-12 18:58:07.891997   Set resolution 1280 * 800 =>
2024-04-12 18:58:07.994064   => Windows size is set to {'width': 1280, 'height': 800}

2024-04-12 18:58:09.032719   Капчи нет. Идем дальше

2024-04-12 18:58:09.032813   Работа с куками =>

2024-04-12 18:58:09.032827   => не требуется

2024-04-12 18:58:09.032837   Prev. country - 'de'
2024-04-12 18:58:09.032846   Cur. country - 'de'
2024-04-12 18:58:09.032855   => Country set to 'de'

2024-04-12 18:58:09.032864   Prev. language - 'ro'
2024-04-12 18:58:09.032873   Cur. language - 'ro'
2024-04-12 18:58:09.032881   => Language is set to 'ro'

2024-04-12 18:58:09.032890   Prev. role - 'Auth'
2024-04-12 18:58:09.032898   Cur. role - 'Auth'
2024-04-12 18:58:09.032907   => The 'Auth' role is set

2024-04-12 18:58:09.035657   => Current URL - https://capital.com/ro

2024-04-12 18:58:09.035680   => THE END PRECONDITIONS

2024-04-12 18:58:09.035725   1. Arrange_v0
2024-04-12 18:58:09.035739   current_page = https://capital.com/ro
2024-04-12 18:58:09.038184   link = https://capital.com/ro/s-p-500-index
2024-04-12 18:58:09.042389   Current page URL = https://capital.com/ro
2024-04-12 18:58:09.044831   self.link = https://capital.com/ro/s-p-500-index
2024-04-12 18:58:09.044845   driver.get(https://capital.com/ro/s-p-500-index) =>
2024-04-12 18:58:10.876344   => Loaded page https://capital.com/ro/s-p-500-index
2024-04-12 18:58:10.880496   BUTTON_BUY is located on the page? =>
2024-04-12 18:58:10.888714   => BUTTON_BUY is located on the page!
2024-04-12 18:58:10.888883   Start Checking that form [Sign up] popped up on the page =>
2024-04-12 18:58:12.443717   '[Sign up]' form was not popped up

2024-04-12 18:58:12.443928   2. Act_v0
2024-04-12 18:58:12.449284   BUTTON_BUY is present? =>
2024-04-12 18:58:12.449308   => BUTTON_BUY is present on the page
2024-04-12 18:58:12.449318   BUTTON_BUY scroll =>
2024-04-12 18:58:12.452411   => BUTTON_BUY scrolled
2024-04-12 18:58:12.494238   BUTTON_BUY is clickable? =>
2024-04-12 18:58:12.503909   BUTTON_BUY CLICK =>
2024-04-12 18:58:12.779497   => BUTTON_BUY clicked!

2024-04-12 18:58:12.779873   3. Assert_v4

2024-04-12 18:58:12.779905   
2024-04-12 18:58:12.780094   Checking that the trading platform page has opened (v4) =>
2024-04-12 18:58:12.787705   Checking way # 1 => 

2024-04-12 18:58:12.787868   1. Checking that the Trading platform (or TradingView site) page has valid title =>
2024-04-12 18:58:12.794105   => The title of current page is 'Trading Platform | Capital.com'

2024-04-12 18:58:12.794208   2. Checking that the LOGO is present on the page =>
2024-04-12 18:58:14.353048   => 'capital*com' logo is present on the current page

2024-04-12 18:58:14.353083   tpd = False

2024-04-12 18:58:14.353094   4. Check that opened page with https://capital.com/trading/platform/charting/21680337780298948?side=buy&ids=15839732013552836,426090820621508,93810675766468,12241936693896217,1387370618105648466,389605073441988,374675767088654,23381802001433,1658839089815835844,22855552501634244,27041281599427780,1496662958757060,21680337780298948,3644116541985988,374675767046662,21182778791108,123763777688772,1679716659553719492,322264281208004,10500838556456274,93810675692038,53068615951385,18425409712196,27045129890124996,93810675713350,6003982027805892,55001351234585,253454610158788,2604592722433220,427748677997764,374675767067974,123763777643545,23381802018436,123763777606980,5983666832495812,508931114652423506,93810675721241 url
with selected corresponding trading instrument 'US 500' =>

2024-04-12 18:58:14.355872   trade_instrument = 'US 500'

2024-04-12 18:58:14.355885   4.1. Check that Trading Platform is opened in Chart mode
2024-04-12 18:58:14.577574   => Trading Platform opened in Chart mode

2024-04-12 18:58:14.577613   4.2. Check that Top Charts List of Trading Platform not empty =>

2024-04-12 18:58:14.596493   4.3. Check that opened trade instrument info page =>
2024-04-12 18:58:15.643627   => Trading platform was opened, but does not contain any trading info

Bug: Bid:01.01.01_005-ro.de.Auth

2024-04-12 18:58:15.643677   Проверка бага в таблице ретеста  =>

2024-04-12 18:58:15.980734   4. Fixing one row check results into Google Sheet Bugs Report =>
1 cells updated.
2024-04-12 18:58:16.229818   => 4. One row check results into Google Sheet Bugs Report fixed

2024-04-12 18:58:16.983051   4. Fixing one row check results into Google Sheet Bugs Report =>
1 cells updated.
2024-04-12 18:58:17.188143   => 4. One row check results into Google Sheet Bugs Report fixed

2024-04-12 18:58:17.190178   Баг Bid:01.01.01_005-ro.de.Auth-16 обнаружен ранее и уже находится в 'Bugs Report Auto detect'
