


Current sorting - Top risers
{'width': 1280, 'height': 800}

2024-04-12 19:30:33.266507   worker_id = master

2024-04-12 19:30:33.266522   0. Allure grouping v4

2024-04-12 19:30:33.266713   START PRECONDITIONS =>

2024-04-12 19:30:33.266729   => URL after prev. preconditions - https://capital.com/ro
2024-04-12 19:30:33.266738   => flag_of_bug - True
2024-04-12 19:30:33.266750   => Current URL - https://capital.com/ro/principalii-indicatori-mondiali-?t=most
2024-04-12 19:30:33.273050   Current page URL = https://capital.com/ro/principalii-indicatori-mondiali-?t=most
2024-04-12 19:30:33.276270   self.link = https://capital.com/ro
2024-04-12 19:30:33.276290   driver.get(https://capital.com/ro) =>
2024-04-12 19:30:35.152075   => Loaded page https://capital.com/ro

2024-04-12 19:30:35.155838   => Windows size - {'width': 1280, 'height': 800}
2024-04-12 19:30:35.157505   Set windows position at (0, 0) =>
2024-04-12 19:30:35.259872   Set resolution 1280 * 800 =>
2024-04-12 19:30:35.365002   => Windows size is set to {'width': 1280, 'height': 800}

2024-04-12 19:30:36.371396   Капчи нет. Идем дальше

2024-04-12 19:30:36.371487   Работа с куками =>

2024-04-12 19:30:36.371501   => не требуется

2024-04-12 19:30:36.371511   Prev. country - 'de'
2024-04-12 19:30:36.371520   Cur. country - 'de'
2024-04-12 19:30:36.371529   => Country set to 'de'

2024-04-12 19:30:36.371539   Prev. language - 'ro'
2024-04-12 19:30:36.371547   Cur. language - 'ro'
2024-04-12 19:30:36.371556   => Language is set to 'ro'

2024-04-12 19:30:36.371565   Prev. role - 'NoReg'
2024-04-12 19:30:36.371574   Cur. role - 'NoReg'
2024-04-12 19:30:36.371582   => The 'NoReg' role is set

2024-04-12 19:30:36.374491   => Current URL - https://capital.com/ro

2024-04-12 19:30:36.374519   => THE END PRECONDITIONS

2024-04-12 19:30:36.374712   START Open "Markets" menu, "Indices" submenu =>

2024-04-12 19:30:36.374727   1. Cur URL = https://capital.com/ro

2024-04-12 19:30:36.377553   2. Link = https://capital.com/ro
2024-04-12 19:30:36.377571   current_page = https://capital.com/ro
2024-04-12 19:30:36.383427   link = https://capital.com/ro
2024-04-12 19:30:36.897989   => 'Markets' menu is present
2024-04-12 19:30:36.918898   => 'Markets' menu is visible
2024-04-12 19:30:38.205251   => Focus moved to 'Markets' menu


2024-04-12 19:30:39.632073   => 'Indices' submenu clicked
2024-04-12 19:30:39.946165   => Focus moved to 'capital*com' logo

2024-04-12 19:30:39.946208   3. Cur URL = https://capital.com/ro/principalii-indicatori-mondiali-

2024-04-12 19:30:39.951993   1. Arrange for Trading instrument table and "Top risers" cur_sort
2024-04-12 19:30:39.952022   current_page = https://capital.com/ro/principalii-indicatori-mondiali-
2024-04-12 19:30:39.954499   link = https://capital.com/ro/principalii-indicatori-mondiali-
2024-04-12 19:30:39.956971   IS TABLE_TRADING_INSTRUMENTS  present on the  page? =>
2024-04-12 19:30:39.964848   => TABLE_TRADING_INSTRUMENTS is present on the page!
2024-04-12 19:30:39.964881   IS FIELD_DROPDOWN_SORT present in the table? =>
2024-04-12 19:30:39.972372   =>  FIELD_DROPDOWN_SORT is present in the table!
2024-04-12 19:30:39.972411   Start scroll and click FIELD_DROPDOWN_SORT =>
2024-04-12 19:30:40.068326   Is item_sort_list visible on the FIELD_DROPDOWN_SORT ? =>
2024-04-12 19:30:40.103344   => item_sort_list is visible on the FIELD_DROPDOWN_SORT!
2024-04-12 19:30:40.103400   Is cur_sort "Top risers" present in item_sort_list? =>
2024-04-12 19:30:40.146459   => cur_sort "Top risers" is present in item_sort_list!
2024-04-12 19:30:40.146514   Start click cur_sort "Top risers" =>
2024-04-12 19:30:40.806980   => End Click cur_sort "Top risers"

2024-04-12 19:30:40.807028   Buttons [Buy] is visible and quantity buttons not zero? =>
2024-04-12 19:30:40.816261   => Buttons [Buy] is visible and quantity buttons not zero!

2024-04-12 19:30:40.816318   Start find two random buttons [Buy] on cur_sort "Top risers"=>
2024-04-12 19:30:40.822783   => End find 1 random buttons [Buy] on the cur_sort "Top risers"


2024-04-12 19:30:40.822812   Item_list = [3]
2024-04-12 19:30:40.822983   Start Checking that form [Sign up] popped up on the page =>
2024-04-12 19:30:42.376973   '[Sign up]' form was not popped up
2024-04-12 19:30:42.377208   2. Act for trading instrument and "Top risers" cur_sort
2024-04-12 19:30:42.401615   Start click button [Buy] =>
2024-04-12 19:30:42.414784   =>   BUTTON_BUY on item with ID = 21530615220351428
2024-04-12 19:30:42.414828   BUTTON_BUY on item with ID = '21530615220351428' scroll into view =>
2024-04-12 19:30:42.419469   => BUTTON_SELL on item with ID = '21530615220351428' scrolled into view
2024-04-12 19:30:42.419509   Check that BUTTON_BUY with item SG25 clickable =>
2024-04-12 19:30:42.549392   => BUTTON_BUY is clickable
2024-04-12 19:30:43.326026   =>   BUTTON_BUY with item SG25 clicked

2024-04-12 19:30:43.326285   3. Assert_v0
2024-04-12 19:30:43.326375   Start step Check that [Sign up] form is opened
2024-04-12 19:30:45.636075   'Sign up' form opened
2024-04-12 19:30:45.636123   Assert SIGNUP_HEADER =>
2024-04-12 19:30:45.652858   Assert SIGNUP_REF_LOGIN =>
2024-04-12 19:30:45.669499   Assert SIGNUP_PRIVACY_POLICY_ALL_2 =>
2024-04-12 19:30:45.687095   => SIGNUP_PRIVACY_POLICY_ALL
2024-04-12 19:30:45.687167   => 'Signup' form is checked
2024-04-12 19:30:45.687347   Start step Close [Sign up] form =>
2024-04-12 19:30:45.787071   => 'Signup' form closed
2024-04-12 19:30:46.062739   => Focus moved to 'capital*com' logo
