{'width': 1280, 'height': 800}

2024-04-12 20:24:39.641487   worker_id = master

2024-04-12 20:24:39.641501   0. Allure grouping v4

2024-04-12 20:24:39.641682   START PRECONDITIONS =>

2024-04-12 20:24:39.641698   => URL after prev. preconditions - https://capital.com/ro
2024-04-12 20:24:39.641707   => flag_of_bug - True
2024-04-12 20:24:39.641718   => Current URL - https://capital.com/trading/platform/charting/27041281599427780?side=buy&ids=15839732013552836,426090820621508,93810675766468,12241936693896217,1387370618105648466,389605073441988,374675767088654,23381802001433,1658839089815835844,22855552501634244,27041281599427780,1496662958757060,21680337780298948,3644116541985988,374675767046662,21182778791108,123763777688772,1679716659553719492,322264281208004,10500838556456274,93810675692038,53068615951385,18425409712196,27045129890124996,93810675713350,6003982027805892,55001351234585,253454610158788,2604592722433220,427748677997764,374675767067974,123763777643545,23381802018436,123763777606980,5983666832495812,508931114652423506,93810675721241,93810675708048,23381801971780,69768638462207001,70913517829530649,22770954530804932,16150730595456196,20337752478405828,318914206651730,374675767075865
2024-04-12 20:24:39.646936   Current page URL = https://capital.com/trading/platform/charting/27041281599427780?side=buy&ids=15839732013552836,426090820621508,93810675766468,12241936693896217,1387370618105648466,389605073441988,374675767088654,23381802001433,1658839089815835844,22855552501634244,27041281599427780,1496662958757060,21680337780298948,3644116541985988,374675767046662,21182778791108,123763777688772,1679716659553719492,322264281208004,10500838556456274,93810675692038,53068615951385,18425409712196,27045129890124996,93810675713350,6003982027805892,55001351234585,253454610158788,2604592722433220,427748677997764,374675767067974,123763777643545,23381802018436,123763777606980,5983666832495812,508931114652423506,93810675721241,93810675708048,23381801971780,69768638462207001,70913517829530649,22770954530804932,16150730595456196,20337752478405828,318914206651730,374675767075865
2024-04-12 20:24:39.649615   self.link = https://capital.com/ro
2024-04-12 20:24:39.649628   driver.get(https://capital.com/ro) =>
2024-04-12 20:24:41.729942   => Loaded page https://capital.com/ro

2024-04-12 20:24:41.736646   => Windows size - {'width': 1280, 'height': 800}
2024-04-12 20:24:41.737993   Set windows position at (0, 0) =>
2024-04-12 20:24:41.840265   Set resolution 1280 * 800 =>
2024-04-12 20:24:41.942573   => Windows size is set to {'width': 1280, 'height': 800}

2024-04-12 20:24:42.980142   Капчи нет. Идем дальше

2024-04-12 20:24:42.980233   Работа с куками =>

2024-04-12 20:24:42.980248   => не требуется

2024-04-12 20:24:42.980257   Prev. country - 'de'
2024-04-12 20:24:42.980267   Cur. country - 'de'
2024-04-12 20:24:42.980276   => Country set to 'de'

2024-04-12 20:24:42.980285   Prev. language - 'ro'
2024-04-12 20:24:42.980294   Cur. language - 'ro'
2024-04-12 20:24:42.980302   => Language is set to 'ro'

2024-04-12 20:24:42.980311   Prev. role - 'Auth'
2024-04-12 20:24:42.980320   Cur. role - 'Auth'
2024-04-12 20:24:42.980328   => The 'Auth' role is set

2024-04-12 20:24:42.984896   => Current URL - https://capital.com/ro

2024-04-12 20:24:42.984928   => THE END PRECONDITIONS

2024-04-12 20:24:42.984995   1. Arrange_v0
2024-04-12 20:24:42.985019   current_page = https://capital.com/ro
2024-04-12 20:24:42.987493   link = https://capital.com/ro/tranzactionati-brent-oil
2024-04-12 20:24:42.989827   Current page URL = https://capital.com/ro
2024-04-12 20:24:42.992264   self.link = https://capital.com/ro/tranzactionati-brent-oil
2024-04-12 20:24:42.992277   driver.get(https://capital.com/ro/tranzactionati-brent-oil) =>
2024-04-12 20:24:44.950951   => Loaded page https://capital.com/ro/tranzactionati-brent-oil

2024-04-12 20:24:44.980737   1. Arrange_v0
2024-04-12 20:24:44.980789   current_page = https://capital.com/ro/tranzactionati-brent-oil
2024-04-12 20:24:44.988373   link = https://capital.com/ro/tranzactionati-brent-oil

2024-04-12 20:24:44.995962   2. Act_v0
2024-04-12 20:24:44.995984   BUTTON_GET_STARTED_ON_STICKY_BAR is present? =>
2024-04-12 20:24:45.003093   => BUTTON_GET_STARTED_ON_STICKY_BAR is present on the page!
2024-04-12 20:24:45.003116   BUTTON_GET_STARTED_ON_STICKY_BAR scroll =>
2024-04-12 20:24:45.504341   => BUTTON_GET_STARTED_ON_STICKY_BAR clicked!

2024-04-12 20:24:45.504659   3. Assert_v4

2024-04-12 20:24:45.504684   
2024-04-12 20:24:45.504817   Checking that the trading platform page has opened (v4) =>
2024-04-12 20:24:46.015622   Checking way # 1 => 

2024-04-12 20:24:46.015800   1. Checking that the Trading platform (or TradingView site) page has valid title =>
2024-04-12 20:24:46.018710   => The title of current page is 'Trading Platform | Capital.com'

2024-04-12 20:24:46.018779   2. Checking that the LOGO is present on the page =>
2024-04-12 20:24:47.585374   => 'capital*com' logo is present on the current page

2024-04-12 20:24:47.585408   tpd = False
2024-04-12 20:24:48.663751   => Driver.backed
