{'width': 1280, 'height': 800}

2024-04-12 19:37:20.436124   worker_id = master

2024-04-12 19:37:20.436138   0. Allure grouping v4

2024-04-12 19:37:20.436313   START PRECONDITIONS =>

2024-04-12 19:37:20.436329   => URL after prev. preconditions - https://capital.com/ro
2024-04-12 19:37:20.436339   => flag_of_bug - False
2024-04-12 19:37:20.436349   => Current URL - https://capital.com/ro/aud-cad-rata
2024-04-12 19:37:20.441432   Current page URL = https://capital.com/ro/aud-cad-rata
2024-04-12 19:37:20.443846   self.link = https://capital.com/ro
2024-04-12 19:37:20.443859   driver.get(https://capital.com/ro) =>
2024-04-12 19:37:22.182770   => Loaded page https://capital.com/ro

2024-04-12 19:37:22.187052   => Windows size - {'width': 1280, 'height': 800}
2024-04-12 19:37:22.188414   Set windows position at (0, 0) =>
2024-04-12 19:37:22.290660   Set resolution 1280 * 800 =>
2024-04-12 19:37:22.393129   => Windows size is set to {'width': 1280, 'height': 800}

2024-04-12 19:37:23.441286   Капчи нет. Идем дальше

2024-04-12 19:37:23.441378   Работа с куками =>

2024-04-12 19:37:23.441392   => не требуется

2024-04-12 19:37:23.441401   Prev. country - 'de'
2024-04-12 19:37:23.441411   Cur. country - 'de'
2024-04-12 19:37:23.441420   => Country set to 'de'

2024-04-12 19:37:23.441428   Prev. language - 'ro'
2024-04-12 19:37:23.441437   Cur. language - 'ro'
2024-04-12 19:37:23.441446   => Language is set to 'ro'

2024-04-12 19:37:23.441454   Prev. role - 'NoAuth'
2024-04-12 19:37:23.441463   Cur. role - 'NoAuth'
2024-04-12 19:37:23.441472   => The 'NoAuth' role is set

2024-04-12 19:37:23.444140   => Current URL - https://capital.com/ro

2024-04-12 19:37:23.444162   => THE END PRECONDITIONS

2024-04-12 19:37:23.444342 1.Arrange_v0
2024-04-12 19:37:23.444360   current_page = https://capital.com/ro
2024-04-12 19:37:23.449680   link = https://capital.com/ro/aud-cad-rata
2024-04-12 19:37:23.452173   Current page URL = https://capital.com/ro
2024-04-12 19:37:23.454551   self.link = https://capital.com/ro/aud-cad-rata
2024-04-12 19:37:23.454564   driver.get(https://capital.com/ro/aud-cad-rata) =>
2024-04-12 19:37:25.119256   => Loaded page https://capital.com/ro/aud-cad-rata
2024-04-12 19:37:25.123958 BUTTON_NOTIFICATION is located on the page? =>
2024-04-12 19:37:25.135004   Is BUTTON_NOTIFICATION present on the page? =>
2024-04-12 19:37:25.135038 => BUTTON_NOTIFICATION is present on the page
2024-04-12 19:37:25.135048   [Notification] button scroll =>
2024-04-12 19:37:25.139193   Start Checking that form [Sign up] popped up on the page =>
2024-04-12 19:37:26.680706   '[Sign up]' form was not popped up

2024-04-12 19:37:26.680898   2. Act_v0
2024-04-12 19:37:26.680913   Start Click 'Notification' button =>
2024-04-12 19:37:26.708270 BUTTON_NOTIFICATION is clickable =>
2024-04-12 19:37:26.743427 => BUTTON_NOTIFICATION clicked
Trade instrument from Full test is Comerț Australian Dollar / Canadian Dollar CFD
Test element is <pages.Elements.AssertClass.AssertClass object at 0x7f51c5e40140>

2024-04-12 19:37:26.743668   3. Assert_Login_v0
2024-04-12 19:37:26.743748   Check that 'Login' form is opened
2024-04-12 19:37:26.986527   'Login' form opened
2024-04-12 19:37:26.986575   Assert LOGIN_REF_SIGNUP =>
2024-04-12 19:37:26.998968   Assert LOGIN_CHECKBOX =>
2024-04-12 19:37:27.009159   Assert LOGIN_PASS_FORGOT =>
2024-04-12 19:37:27.023000   => 'Login' form is checked
2024-04-12 19:37:27.039533   Click 'Close' button on 'Login' form =>
2024-04-12 19:37:27.380414   => Focus moved to 'capital*com' logo
2024-04-12 19:37:27.380456   => 'Login' form closed
