


Current sorting - Top fallers
{'width': 1280, 'height': 800}

2024-04-12 19:29:30.804065   worker_id = master

2024-04-12 19:29:30.804084   0. Allure grouping v4

2024-04-12 19:29:30.804318   START PRECONDITIONS =>

2024-04-12 19:29:30.804334   => URL after prev. preconditions - https://capital.com/ro
2024-04-12 19:29:30.804344   => flag_of_bug - False
2024-04-12 19:29:30.804355   => Current URL - https://capital.com/ro/principalii-indicatori-mondiali-
2024-04-12 19:29:30.811011   Current page URL = https://capital.com/ro/principalii-indicatori-mondiali-
2024-04-12 19:29:30.813988   self.link = https://capital.com/ro
2024-04-12 19:29:30.814009   driver.get(https://capital.com/ro) =>
2024-04-12 19:29:32.941082   => Loaded page https://capital.com/ro

2024-04-12 19:29:32.945625   => Windows size - {'width': 1280, 'height': 800}
2024-04-12 19:29:32.946930   Set windows position at (0, 0) =>
2024-04-12 19:29:33.052310   Set resolution 1280 * 800 =>
2024-04-12 19:29:33.155055   => Windows size is set to {'width': 1280, 'height': 800}

2024-04-12 19:29:34.211440   Капчи нет. Идем дальше

2024-04-12 19:29:34.211530   Работа с куками =>

2024-04-12 19:29:34.211544   => не требуется

2024-04-12 19:29:34.211554   Prev. country - 'de'
2024-04-12 19:29:34.211563   Cur. country - 'de'
2024-04-12 19:29:34.211572   => Country set to 'de'

2024-04-12 19:29:34.211581   Prev. language - 'ro'
2024-04-12 19:29:34.211590   Cur. language - 'ro'
2024-04-12 19:29:34.211599   => Language is set to 'ro'

2024-04-12 19:29:34.211608   Prev. role - 'NoReg'
2024-04-12 19:29:34.211616   Cur. role - 'NoReg'
2024-04-12 19:29:34.211625   => The 'NoReg' role is set

2024-04-12 19:29:34.214946   => Current URL - https://capital.com/ro

2024-04-12 19:29:34.214974   => THE END PRECONDITIONS

2024-04-12 19:29:34.215205   START Open "Markets" menu, "Indices" submenu =>

2024-04-12 19:29:34.215226   1. Cur URL = https://capital.com/ro

2024-04-12 19:29:34.217980   2. Link = https://capital.com/ro
2024-04-12 19:29:34.217996   current_page = https://capital.com/ro
2024-04-12 19:29:34.220668   link = https://capital.com/ro
2024-04-12 19:29:34.730572   => 'Markets' menu is present
2024-04-12 19:29:34.751371   => 'Markets' menu is visible
2024-04-12 19:29:36.036524   => Focus moved to 'Markets' menu


2024-04-12 19:29:37.426559   => 'Indices' submenu clicked
2024-04-12 19:29:37.699118   => Focus moved to 'capital*com' logo

2024-04-12 19:29:37.699194   3. Cur URL = https://capital.com/ro/principalii-indicatori-mondiali-

2024-04-12 19:29:37.705309   1. Arrange for TABLE_TRADING_INSTRUMENTS and 'Top fallers' cur_sort
2024-04-12 19:29:37.705341   current_page = https://capital.com/ro/principalii-indicatori-mondiali-
2024-04-12 19:29:37.708057   link = https://capital.com/ro/principalii-indicatori-mondiali-
2024-04-12 19:29:37.710805   TABLE_TRADING_INSTRUMENTS present on this page? =>
2024-04-12 19:29:37.716588   => TABLE_TRADING_INSTRUMENTS is present on the page!
2024-04-12 19:29:37.716625   IS FIELD_DROPDOWN_SORT present in the Live prices table? =>
2024-04-12 19:29:37.721518   =>  FIELD_DROPDOWN_SORT is present in the table!
2024-04-12 19:29:37.721553   Start scroll and click FIELD_DROPDOWN_SORT =>
2024-04-12 19:29:37.822247   Is item_sort_list visible on the FIELD_DROPDOWN_SORT ? =>
2024-04-12 19:29:37.901884   => item_sort_list is visible on the FIELD_DROPDOWN_SORT!
2024-04-12 19:29:37.901929   Is cur_sort "Top fallers" present in item_sort_list? =>
2024-04-12 19:29:37.910778   => cur_sort "Top fallers" is present in item_sort_list!
2024-04-12 19:29:37.910822   Start click cur_sort "Top fallers" =>
2024-04-12 19:29:38.590446   => End Click cur_sort "Top fallers"

2024-04-12 19:29:38.590495   Buttons [Sell] is visible and sum buttons no zero? =>
2024-04-12 19:29:38.599944   => Buttons [Sell] is visible and sum buttons no zero!

2024-04-12 19:29:38.599996   Start find 1 random buttons [Sell] on cur_sort "Top fallers"=>
2024-04-12 19:29:38.608884   => End find 1 random buttons [Sell] on the cur_sort "Top fallers"

2024-04-12 19:29:38.608931   List of random items = [4]
2024-04-12 19:29:38.609120   2. Act for trading instrument and "Top fallers" cur_sort
2024-04-12 19:29:38.622100   Start click button [Sell] =>
2024-04-12 19:29:38.633755   =>   BUTTON_SELL on item with ID = '508931114652423506' is present
2024-04-12 19:29:38.633807   BUTTON_SELL on item with ID = '508931114652423506' scroll into view =>
2024-04-12 19:29:38.658222   => BUTTON_SELL on item with ID = '508931114652423506' scrolled into view
2024-04-12 19:29:38.658267   Check that BUTTON_SELL with item 'DE40' clickable =>
2024-04-12 19:29:38.768869   => BUTTON_SELL is clickable
2024-04-12 19:29:39.532443   =>   BUTTON_SELL on item 'DE40' clicked

2024-04-12 19:29:39.532716   3. Assert_v0
2024-04-12 19:29:39.532808   Start step Check that [Sign up] form is opened
2024-04-12 19:29:42.617634   'Sign up' form not opened
2024-04-12 19:29:42.617835   Start step Check that new [Sign up] form is opened
2024-04-12 19:29:45.729234   => new 'Sign up' form not opened
2024-04-12 19:29:45.729445   Start method Check that [Sign up] page opened =>
2024-04-12 19:29:46.735569   'Sign up' page not opened
2024-04-12 19:29:46.735792   Check that [Sign up] form on trading platform opened =>
2024-04-12 19:29:49.835784   'Sign up' form on trading platform page not opened

Bug: Bid:01.04.00_002-ro.de.NoReg

2024-04-12 19:29:49.835874   Проверка бага в таблице ретеста  =>

2024-04-12 19:29:50.173026   4. Fixing one row check results into Google Sheet Bugs Report =>
1 cells updated.
2024-04-12 19:29:50.382597   => 4. One row check results into Google Sheet Bugs Report fixed

2024-04-12 19:29:51.135861   4. Fixing one row check results into Google Sheet Bugs Report =>
1 cells updated.
2024-04-12 19:29:51.376827   => 4. One row check results into Google Sheet Bugs Report fixed

2024-04-12 19:29:51.376907   Баг Bid:01.04.00_002-ro.de.NoReg уже существует, но у него изменился тип с  на 04

2024-04-12 19:29:51.377102   4. Fixing one row check results into Google Sheet Bugs Report =>
1 cells updated.
2024-04-12 19:29:51.589916   => 4. One row check results into Google Sheet Bugs Report fixed

2024-04-12 19:29:51.592057   Баг Bid:01.04.00_002-ro.de.NoReg-04 обнаружен ранее и уже находится в 'Bugs Report Auto detect'
