


Current sorting - Top risers
{'width': 1280, 'height': 800}

2024-03-20 18:12:37.520133   worker_id = master

2024-03-20 18:12:37.520151   0. Allure grouping v4


2024-03-20 18:12:37.520357   START PRECONDITIONS =>


2024-03-20 18:12:37.520373   => flag_of_bug - True
2024-03-20 18:12:37.520385   Current page URL = https://capital.com/hu/fobb-globalis-indexek?t=most
2024-03-20 18:12:38.323423   => Loaded page https://capital.com/

2024-03-20 18:12:38.331288   => Windows size - {'width': 1280, 'height': 800}
2024-03-20 18:12:38.332676   Set windows position at (0, 0) =>
2024-03-20 18:12:38.434984   Set resolution 1280 * 800 =>
2024-03-20 18:12:38.538924   => Windows size is set to {'width': 1280, 'height': 800}

2024-03-20 18:12:39.578350   Капчи нет. Идем дальше

2024-03-20 18:12:39.578439   Работа с куками

2024-03-20 18:12:39.578452   => Prev. country - 'au'
2024-03-20 18:12:39.578462   => Country set to 'au'

2024-03-20 18:12:39.578471   => Prev. language - 'hu'
2024-03-20 18:12:39.578481   Set 'hu' language =>
2024-03-20 18:12:39.588921   => Language and Country menu is present
2024-03-20 18:12:39.604432   => Language and Country menu is visible
2024-03-20 18:12:40.872500   => Focus is moved on Language and Country menu 
2024-03-20 18:12:40.881191   Move focus on hu item and click =>
2024-03-20 18:12:42.453916   => Focus moved on hu item and clicked
2024-03-20 18:12:42.453963   => Cur url = https://capital.com/hu
2024-03-20 18:12:42.466716   => Language is set to 'hu'

2024-03-20 18:12:42.466742   => Prev. role - 'NoReg'
2024-03-20 18:12:42.466752   => The 'NoReg' role is set

2024-03-20 18:12:42.469416   => THE END PRECONDITIONS

2024-03-20 18:12:42.469643   START Open "Markets" menu, "Indices" submenu =>

2024-03-20 18:12:42.469661   1. Cur URL = https://capital.com/hu

2024-03-20 18:12:42.492023   2. Link = https://capital.com/hu
2024-03-20 18:12:43.005222   => 'Markets' menu is present
2024-03-20 18:12:43.022580   element = <selenium.webdriver.remote.webelement.WebElement (session="627d78cc37f8ac31750ddcc4add750a1", element="f.3A1BFAD19D1DD35F2CFABED72E704A44.d.335E105DD93DBC3D087B59BE3A091483.e.9080")>
2024-03-20 18:12:43.022611   => 'Markets' menu is visible
2024-03-20 18:12:44.287768   => Focus moved to 'Markets' menu


2024-03-20 18:12:45.701107   => 'Indices' submenu clicked

2024-03-20 18:12:45.740300   3. Cur URL = https://capital.com/hu/fobb-globalis-indexek

2024-03-20 18:12:45.745265   1. Arrange for Trading instrument and "Top risers" cur_sort
2024-03-20 18:12:45.747798   IS TABLE_TRADING_INSTRUMENTS  present on the page? =>
2024-03-20 18:12:45.755801   => TABLE_TRADING_INSTRUMENTS is present on the page!
2024-03-20 18:12:45.755826   IS FIELD_DROPDOWN_SORT present in the Live prices table? =>
2024-03-20 18:12:45.762884   =>  FIELD_DROPDOWN_SORT is present in the Live prices table!
2024-03-20 18:12:45.762906   Start scroll and click FIELD_DROPDOWN_SORT =>
2024-03-20 18:12:45.856771   Is item_sort_list visible on the FIELD_DROPDOWN_SORT ? =>
2024-03-20 18:12:45.906077   => item_sort_list is visible on the FIELD_DROPDOWN_SORT!
2024-03-20 18:12:45.906117   Is cur_sort "Top risers" present in item_sort_list? =>
2024-03-20 18:12:45.913560   => cur_sort "Top risers" is present in item_sort_list!
2024-03-20 18:12:45.913588   Start click cur_sort "Top risers" =>
2024-03-20 18:12:46.743785   => End Click cur_sort "Top risers"

2024-03-20 18:12:46.743833   Buttons [Buy] is visible and quantity buttons not zero? =>
2024-03-20 18:12:46.795939   => Buttons [Buy] is visible and quantity buttons not zero!

2024-03-20 18:12:46.795979   Start find two random buttons [Buy] on cur_sort "Top risers"=>
2024-03-20 18:12:46.801651   => End find two random buttons [Buy] on the cur_sort "Top risers"


2024-03-20 18:12:46.801685   Item_list = [11, 7]
2024-03-20 18:12:46.801922   Start Checking that form [Sign up] popped up on the page =>
2024-03-20 18:12:48.331470   '[Sign up]' form was not popped up
2024-03-20 18:12:48.331678   2. Act for trading instrument and "Top risers" cur_sort
2024-03-20 18:12:48.331695   Start click button [Buy] =>
2024-03-20 18:12:48.526418   =>   BUTTON_BUY with item 322264281208004 clicked!


2024-03-20 18:12:48.526665   3. Assert_v0
2024-03-20 18:12:48.526765   Start step Check that [Sign up] form is opened
2024-03-20 18:12:48.830000   'Sign up' form opened
2024-03-20 18:12:48.830047   Assert SIGNUP_HEADER =>
2024-03-20 18:12:48.846399   Assert SIGNUP_REF_LOGIN =>
2024-03-20 18:12:48.861842   Assert SIGNUP_PRIVACY_POLICY_ALL_2 =>
2024-03-20 18:12:48.879587   => SIGNUP_PRIVACY_POLICY_ALL
2024-03-20 18:12:48.879621   => 'Signup' form is checked
2024-03-20 18:12:48.879803   Start step Close [Sign up] form =>
2024-03-20 18:12:48.961853   => 'Signup' form closed
2024-03-20 18:12:49.838032   2. Act for trading instrument and "Top risers" cur_sort
2024-03-20 18:12:49.838069   Start click button [Buy] =>
2024-03-20 18:12:50.014739   =>   BUTTON_BUY with item 322264281208004 clicked!


2024-03-20 18:12:50.015017   3. Assert_v0
2024-03-20 18:12:50.015149   Start step Check that [Sign up] form is opened
2024-03-20 18:12:53.072451   'Sign up' form not opened
2024-03-20 18:12:53.072656   Start step Check that new [Sign up] form is opened
2024-03-20 18:12:56.138752   => new 'Sign up' form not opened
2024-03-20 18:12:56.138951   Start method Check that [Sign up] page opened =>
2024-03-20 18:12:57.142608   'Sign up' page not opened
2024-03-20 18:12:57.142820   Check that [Sign up] form on trading platform opened =>
2024-03-20 18:13:00.217418   'Sign up' form on trading platform page not opened

Bug: 

2024-03-20 18:13:00.217538   Проверка бага в таблице ретеста  =>

 gs = GoogleSheet() - создаем объект gs # 1: <tests.ReTestsAuto.GoogleSheets.googlesheets.GoogleSheet object at 0x7efd1be3f770>

2024-03-20 18:13:00.220905  Для бага: Bid-04 необходимо использовать проверку на ретест!!!
