{'width': 1280, 'height': 720}

2023-12-20 01:09:53.235535   worker_id = master

2023-12-20 01:09:53.235559   0. Allure grouping


2023-12-20 01:09:53.235794   START PRECONDITIONS =>


2023-12-20 01:09:53.235817   {'width': 1280, 'height': 720}

2023-12-20 01:09:53.237415   Set windows position at (320, 180) =>

2023-12-20 01:09:53.339460   Set resolution 1280 * 720 =>

2023-12-20 01:09:53.441642   => Resolution seted {'width': 1280, 'height': 720}

2023-12-20 01:09:57.457955   Капчи нет. Тестим дальше

2023-12-20 01:09:57.458001   Prev. Role: NoReg

2023-12-20 01:09:57.458011   Current role: NoReg

2023-12-20 01:09:57.458019   Prev language: es

2023-12-20 01:09:57.458027   => Current language: es

2023-12-20 01:09:57.458035   Prev country: au

2023-12-20 01:09:57.458042   => Current country: au

2023-12-20 01:09:57.458050   => THE END PRECONDITIONS

2023-12-20 01:09:57.458105   1. Arrange_v0
2023-12-20 01:09:57.877395   Load page https://capital.com/es/opera-cac-40
2023-12-20 01:09:58.039376   BUTTON_START_TRADING scroll =>
2023-12-20 01:09:58.042548   BUTTON_START_TRADING is visible? =>
2023-12-20 01:09:58.076214   => BUTTON_START_TRADING is visible on the page!

2023-12-20 01:09:58.076378   2. Act_v0
2023-12-20 01:09:58.076392   Start Click button [Start Trading] =>
2023-12-20 01:09:58.135334   BUTTON_START_TRADING is clickable? =>
2023-12-20 01:09:58.146392   BUTTON_START_TRADING click =>
2023-12-20 01:09:58.212636   => BUTTON_START_TRADING clicked

2023-12-20 01:09:58.212901   3. Assert_v0
2023-12-20 01:09:58.212995   Start step Check that [Sign up] form is opened
2023-12-20 01:09:58.470587   'Sign up' form opened
2023-12-20 01:09:58.470628   Assert SIGNUP_HEADER =>
2023-12-20 01:09:58.486235   Assert SIGNUP_REF_LOGIN =>
2023-12-20 01:09:58.503381   Assert SIGNUP_PRIVACY_POLICY_ALL_2 =>
2023-12-20 01:09:58.518595   => SIGNUP_PRIVACY_POLICY_ALL
2023-12-20 01:09:58.518629   => 'Signup' form is checked
2023-12-20 01:09:58.518779   Start step Close [Sign up] form =>
2023-12-20 01:09:58.606276   => 'Signup' form closed
