{'width': 1920, 'height': 1080}
autouse fixture Chrome
Current test language - es
Current country of trading - au



Current test role - NoReg
Current login - aqa.tomelo.an@gmail.com
Current login - iT9Vgqi6d$fiZ*Z
{'width': 1920, 'height': 1080}

2023-12-20 01:22:30.945479   worker_id = master

2023-12-20 01:22:30.945497   0. Allure grouping


2023-12-20 01:22:30.945673   START PRECONDITIONS =>

2023-12-20 01:22:32.051537   Load page https://capital.com

2023-12-20 01:22:32.051575   {'width': 1920, 'height': 1080}

2023-12-20 01:22:32.053039   Set windows position at (320, 180) =>

2023-12-20 01:22:32.155261   Set resolution 1280 * 720 =>

2023-12-20 01:22:32.291692   => Resolution seted {'width': 1280, 'height': 720}

2023-12-20 01:22:36.532924   Капчи нет. Тестим дальше

2023-12-20 01:22:36.532966   Prev. Role: ?

2023-12-20 01:22:36.532976   Run preconditions: set "NoReg" Role =>
2023-12-20 01:22:36.965320   Load page https://capital.com

2023-12-20 01:22:37.227566   => All cookies are deleted
2023-12-20 01:22:37.900218   Load page https://capital.com

2023-12-20 01:22:37.900446   Click button [Accept all cookies]
2023-12-20 01:22:37.900471   Is Visible BUTTON_ACCEPT_ALL_COOKIE? =>
2023-12-20 01:22:41.986595   Find BUTTON_ACCEPT_ALL_COOKIE =>
2023-12-20 01:22:41.994579   => BUTTON_ACCEPT_ALL_COOKIE presented
2023-12-20 01:22:41.994605   Is clickable BUTTON_ACCEPT_ALL_COOKIE? =>
2023-12-20 01:22:42.046406   Click BUTTON_ACCEPT_ALL_COOKIE =>
2023-12-20 01:22:43.093314   => BUTTON_ACCEPT_ALL_COOKIE is clicked
2023-12-20 01:22:43.093356   => Accepted All Cookies

2023-12-20 01:22:44.093556   Current role: NoReg

2023-12-20 01:22:44.093609   Prev language: ?

2023-12-20 01:22:44.093620   Run preconditions: set "es" language =>


2023-12-20 01:22:44.102497   => Language and Country menu is present


2023-12-20 01:22:44.115360   => Language and Country menu is visible


2023-12-20 01:22:45.887556   => Focus is moved on Language and Country menu 

2023-12-20 01:22:47.447019   => Current language: es

2023-12-20 01:22:47.447057   Prev country: ?

2023-12-20 01:22:47.447066   Run preconditions: set "au" country =>


2023-12-20 01:22:47.455612   => Language and Country menu is present


2023-12-20 01:22:47.466312   => Language and Country menu is visible


2023-12-20 01:22:49.237429   => Focus is moved on Language and Country menu 

2023-12-20 01:22:52.341113   => Current country: au

2023-12-20 01:22:52.341170   => THE END PRECONDITIONS
2023-12-20 01:22:52.471847   => Education menu is present
2023-12-20 01:22:52.502493   => Education menu is visible
2023-12-20 01:22:54.267391   => Education menu focus moved

2023-12-20 01:22:55.527740   1. Arrange_v0
2023-12-20 01:22:55.689979   BUTTON_START_TRADING scroll =>
2023-12-20 01:22:55.697220   BUTTON_START_TRADING is visible? =>
2023-12-20 01:22:55.713723   => BUTTON_START_TRADING is visible on the page!

2023-12-20 01:22:55.713870   2. Act_v0
2023-12-20 01:22:55.713884   Start Click button [Start Trading] =>
2023-12-20 01:22:55.720339   BUTTON_START_TRADING is clickable? =>
2023-12-20 01:22:55.746776   BUTTON_START_TRADING click =>
2023-12-20 01:22:55.787656   => BUTTON_START_TRADING clicked

2023-12-20 01:22:55.787921   3. Assert_v0
2023-12-20 01:22:55.788023   Start step Check that [Sign up] form is opened
2023-12-20 01:22:55.998530   'Sign up' form opened
2023-12-20 01:22:55.998564   Assert SIGNUP_HEADER =>
2023-12-20 01:22:56.020445   Assert SIGNUP_REF_LOGIN =>
2023-12-20 01:22:56.044792   Assert SIGNUP_PRIVACY_POLICY_ALL_2 =>
2023-12-20 01:22:56.061204   => SIGNUP_PRIVACY_POLICY_ALL
2023-12-20 01:22:56.061237   => 'Signup' form is checked
2023-12-20 01:22:56.061389   Start step Close [Sign up] form =>
2023-12-20 01:22:56.129318   => 'Signup' form closed
