
2023-12-20 00:11:54.552295   Работает obj <us_11-02-03_commodities_trading_test.TestCommoditiesTrading object at 0x7f9c9c057290> с именем TC_11.02.03_02
{'width': 1280, 'height': 720}

2023-12-20 00:11:54.560891   browser = chrome

2023-12-20 00:11:54.560916   worker_id = master

2023-12-20 00:11:54.560931   Start TC_11.02.03_02

2023-12-20 00:11:54.560944   <us_11-02-03_commodities_trading_test.TestCommoditiesTrading object at 0x7f9c9c057290>.None

2023-12-20 00:11:54.560961   0. Arrange


2023-12-20 00:11:54.561245   START PRECONDITIONS =>


2023-12-20 00:11:54.561266   {'width': 1280, 'height': 720}

2023-12-20 00:11:54.562757   Set windows position at (320, 180) =>

2023-12-20 00:11:54.666420   Set resolution 1280 * 720 =>

2023-12-20 00:11:54.768684   => Resolution seted {'width': 1280, 'height': 720}

2023-12-20 00:11:58.776425   Капчи нет. Тестим дальше

2023-12-20 00:11:58.776469   Prev. Role: NoReg

2023-12-20 00:11:58.776479   Current role: NoReg

2023-12-20 00:11:58.776487   Prev language: es

2023-12-20 00:11:58.776519   => Current language: es

2023-12-20 00:11:58.776529   Prev country: au

2023-12-20 00:11:58.776537   => Current country: au

2023-12-20 00:11:58.776545   => THE END PRECONDITIONS

2023-12-20 00:11:58.776603   1. Arrange_v0
2023-12-20 00:11:58.779360   BUTTON_TRY_DEMO is visible? =>
2023-12-20 00:11:58.793908   => BUTTON_TRY_DEMO is visible on the page!

2023-12-20 00:11:58.794041   2. Act_v0
2023-12-20 00:11:58.794055   BUTTON_TRY_DEMO is present? =>
2023-12-20 00:11:58.801572   => BUTTON_TRY_DEMO is present on the page!
2023-12-20 00:11:58.801594   BUTTON_TRY_DEMO scroll =>
2023-12-20 00:11:58.848867   => BUTTON_TRY_DEMO clicked!

2023-12-20 00:11:58.849119   3. Assert_v0
2023-12-20 00:11:58.849235   Start step Check that [Sign up] form is opened
2023-12-20 00:11:58.865580   'Sign up' form opened
2023-12-20 00:11:58.865622   Assert SIGNUP_HEADER =>
2023-12-20 00:11:58.877719   Assert SIGNUP_REF_LOGIN =>
2023-12-20 00:11:58.890597   Assert SIGNUP_PRIVACY_POLICY_ALL_2 =>
2023-12-20 00:11:58.904327   => SIGNUP_PRIVACY_POLICY_ALL
2023-12-20 00:11:58.904370   => 'Signup' form is checked
2023-12-20 00:11:58.904564   Start step Close [Sign up] form =>
2023-12-20 00:11:58.957526   => 'Signup' form closed
