{'width': 1280, 'height': 720}

2023-12-20 01:34:41.009332   worker_id = master

2023-12-20 01:34:41.009349   0. Allure grouping


2023-12-20 01:34:41.009502   START PRECONDITIONS =>


2023-12-20 01:34:41.009517   {'width': 1280, 'height': 720}

2023-12-20 01:34:41.010755   Set windows position at (320, 180) =>

2023-12-20 01:34:41.112719   Set resolution 1280 * 720 =>

2023-12-20 01:34:41.215058   => Resolution seted {'width': 1280, 'height': 720}

2023-12-20 01:34:45.269476   Капчи нет. Тестим дальше

2023-12-20 01:34:45.269521   Prev. Role: NoAuth

2023-12-20 01:34:45.269531   Current role: NoAuth

2023-12-20 01:34:45.269539   Prev language: es

2023-12-20 01:34:45.269547   => Current language: es

2023-12-20 01:34:45.269555   Prev country: au

2023-12-20 01:34:45.269562   => Current country: au

2023-12-20 01:34:45.269570   => THE END PRECONDITIONS

2023-12-20 01:34:45.269623   1. Arrange_v4
2023-12-20 01:34:45.272586   MOST_TRADED is visible? =>
2023-12-20 01:34:45.280407   => MOST_TRADED is visible on the page!
2023-12-20 01:34:45.280429   => Found 5 elements in block MOST_TRADED

2023-12-20 01:34:45.280452   Testing Most traded random element #1

2023-12-20 01:34:45.280602   2. Act_v4
2023-12-20 01:34:45.280619   MOST_TRADED delete js-mostTraded class =>
2023-12-20 01:34:45.304584   MOST_TRADED scroll =>
2023-12-20 01:34:45.304700   Start Checking that form [Sign up] popped up on the page =>
2023-12-20 01:34:45.315677   'Sign up' form opened
2023-12-20 01:34:45.315771   Start step Close [Sign up] form =>
2023-12-20 01:34:45.376696   => 'Signup' form closed
2023-12-20 01:34:45.381779   MOST_TRADED click for 'Bitcoin to US Dollar' trading instrument =>
2023-12-20 01:34:45.460553   => MOST_TRADED clicked!

2023-12-20 01:34:45.460806   3. Assert_Login_v0
2023-12-20 01:34:45.474798   'Login' form opened
2023-12-20 01:34:45.474832   Assert LOGIN_REF_SIGNUP =>
2023-12-20 01:34:45.491218   Assert LOGIN_CHECKBOX =>
2023-12-20 01:34:45.507800   Assert LOGIN_PASS_FORGOT =>
2023-12-20 01:34:45.522721   => 'Login' form is checked
2023-12-20 01:34:45.543703   Click 'Close' button on 'Login' form =>
2023-12-20 01:34:45.586082   => 'Login' form closed

2023-12-20 01:34:45.586177   Clear Top Chart list =>
2023-12-20 01:34:46.879403   Load page https://capital.com/trading/platform/charting/

2023-12-20 01:34:54.948187   1. Arrange_v4
2023-12-20 01:34:55.455375   Load page https://capital.com/es/especulacion
2023-12-20 01:34:55.455412   MOST_TRADED is visible? =>
2023-12-20 01:34:55.507219   => MOST_TRADED is visible on the page!
2023-12-20 01:34:55.507268   => Found 5 elements in block MOST_TRADED

2023-12-20 01:34:55.507284   Testing Most traded random element #2

2023-12-20 01:34:55.507479   2. Act_v4
2023-12-20 01:34:55.507502   MOST_TRADED delete js-mostTraded class =>
2023-12-20 01:34:55.675777   MOST_TRADED scroll =>
2023-12-20 01:34:55.675935   Start Checking that form [Sign up] popped up on the page =>
2023-12-20 01:35:00.199581   '[Sign up]' form was not popped up
2023-12-20 01:35:00.203782   MOST_TRADED click for 'US Tech 100' trading instrument =>
2023-12-20 01:35:00.290763   => MOST_TRADED clicked!

2023-12-20 01:35:00.291016   3. Assert_Login_v0
2023-12-20 01:35:00.569327   'Login' form opened
2023-12-20 01:35:00.569368   Assert LOGIN_REF_SIGNUP =>
2023-12-20 01:35:00.583627   Assert LOGIN_CHECKBOX =>
2023-12-20 01:35:00.598705   Assert LOGIN_PASS_FORGOT =>
2023-12-20 01:35:00.611059   => 'Login' form is checked
2023-12-20 01:35:00.640538   Click 'Close' button on 'Login' form =>
2023-12-20 01:35:00.682323   => 'Login' form closed
