{'width': 1280, 'height': 800}

2024-04-04 22:17:49.211640   worker_id = master

2024-04-04 22:17:49.211655   0. Allure grouping v4

2024-04-04 22:17:49.211836   START PRECONDITIONS =>

2024-04-04 22:17:49.211851   => Current URL - https://capital.com/fr/trade-cryptocurrency

2024-04-04 22:17:49.214992   => URL after prev. preconditions - https://capital.com/fr

2024-04-04 22:17:49.215006   => flag_of_bug - True
2024-04-04 22:17:49.215018   Current page URL = https://capital.com/fr/trade-cryptocurrency
2024-04-04 22:17:49.217673   self.link = https://capital.com/fr
2024-04-04 22:17:49.217686   link = https://capital.com/fr
2024-04-04 22:17:51.070579   => Loaded page https://capital.com/fr

2024-04-04 22:17:51.077404   => Windows size - {'width': 1280, 'height': 800}
2024-04-04 22:17:51.078881   Set windows position at (0, 0) =>
2024-04-04 22:17:51.181223   Set resolution 1280 * 800 =>
2024-04-04 22:17:51.283824   => Windows size is set to {'width': 1280, 'height': 800}

2024-04-04 22:17:52.321556   Капчи нет. Идем дальше

2024-04-04 22:17:52.321654   Работа с куками

2024-04-04 22:17:52.321667   Prev. country - 'de'
2024-04-04 22:17:52.321677   Cur. country - 'de'
2024-04-04 22:17:52.321687   => Country set to 'de'

2024-04-04 22:17:52.321696   Prev. language - 'fr'
2024-04-04 22:17:52.321704   Cur. language - 'fr'
2024-04-04 22:17:52.321713   => Language is set to 'fr'

2024-04-04 22:17:52.321722   Prev. role - 'NoReg'
2024-04-04 22:17:52.321731   Cur. role - 'NoReg'
2024-04-04 22:17:52.321739   => The 'NoReg' role is set

2024-04-04 22:17:52.324615   => Current URL - https://capital.com/fr

2024-04-04 22:17:52.324638   => THE END PRECONDITIONS

2024-04-04 22:17:52.324825   1. Cur URL = https://capital.com/fr

2024-04-04 22:17:52.327349   2. Link = https://capital.com/fr
2024-04-04 22:17:52.327365   current_page = https://capital.com/fr
2024-04-04 22:17:52.330015   link = https://capital.com/fr
2024-04-04 22:17:52.839185   => Education menu is present in DOM
2024-04-04 22:17:52.844329   => Education menu is visible
2024-04-04 22:17:54.110574   => Focus moved to Education menu
2024-04-04 22:17:55.984657   => Cryptocurrency trading submenu focus moved and clicked
2024-04-04 22:17:56.275393   => Focus moved to 'capital*com' logo

2024-04-04 22:17:56.275650   1. Arrange_v0
2024-04-04 22:17:56.275668   current_page = https://capital.com/fr/trade-cryptocurrency
2024-04-04 22:17:56.278558   link = https://capital.com/fr/trade-cryptocurrency
2024-04-04 22:17:56.289375   => BUTTON_TRY_DEMO is present on this page
2024-04-04 22:17:56.289399   BUTTON_TRY_DEMO scroll =>
2024-04-04 22:17:56.294040   BUTTON_TRY_DEMO is visible? =>
2024-04-04 22:17:56.309640   => BUTTON_TRY_DEMO is visible on this page

2024-04-04 22:17:56.309816   2. Act_v0
2024-04-04 22:17:56.315270   BUTTON_TRY_DEMO is clickable? =>
2024-04-04 22:17:56.338445   => BUTTON_TRY_DEMO clicked!

2024-04-04 22:17:56.338661   3. Assert_v0
2024-04-04 22:17:56.338749   Start step Check that [Sign up] form is opened
2024-04-04 22:17:59.435703   'Sign up' form not opened
2024-04-04 22:17:59.435888   Start step Check that new [Sign up] form is opened
2024-04-04 22:18:02.502469   => new 'Sign up' form not opened
2024-04-04 22:18:02.502663   Start method Check that [Sign up] page opened =>
2024-04-04 22:18:03.506082   'Sign up' page not opened
2024-04-04 22:18:03.506287   Check that [Sign up] form on trading platform opened =>
2024-04-04 22:18:06.568799   'Sign up' form on trading platform page not opened

Bug: Bid:11.02.05.00_02-fr.de.NoReg

2024-04-04 22:18:06.568884   Проверка бага в таблице ретеста  =>

 gs = GoogleSheet() - создаем объект gs # 1: <tests.ReTestsAuto.GoogleSheets.googlesheets.GoogleSheet object at 0x7f8ac819f3e0>

2024-04-04 22:18:06.891069   4. Fixing one row check results into Google Sheet Bugs Report =>
1 cells updated.
2024-04-04 22:18:07.078225   => 4. One row check results into Google Sheet Bugs Report fixed

2024-04-04 22:18:08.498084   4. Fixing one row check results into Google Sheet Bugs Report =>
1 cells updated.
2024-04-04 22:18:08.689678   => 4. One row check results into Google Sheet Bugs Report fixed

2024-04-04 22:18:09.864258   4. Fixing one row check results into Google Sheet Bugs Report =>
1 cells updated.
2024-04-04 22:18:10.066774   => 4. One row check results into Google Sheet Bugs Report fixed

2024-04-04 22:18:10.069693   Добавление новой строки =>

2024-04-04 22:18:11.442484   => Новая строка добавлена

2024-04-04 22:18:13.464423   4. Fixing one row check results into Google Sheet Bugs Report =>
1 cells updated.
2024-04-04 22:18:13.656840   => 4. One row check results into Google Sheet Bugs Report fixed

2024-04-04 22:18:13.659732   4. Fixing one row check results into Google Sheet Bugs Report =>
7 cells updated.
2024-04-04 22:18:13.959403   => 4. One row check results into Google Sheet Bugs Report fixed

2024-04-04 22:18:13.959623   4. Fixing one row check results into Google Sheet Bugs Report =>
2 cells updated.
2024-04-04 22:18:14.144658   => 4. One row check results into Google Sheet Bugs Report fixed

2024-04-04 22:18:14.144873   4. Fixing one row check results into Google Sheet Bugs Report =>
1 cells updated.
2024-04-04 22:18:14.326346   => 4. One row check results into Google Sheet Bugs Report fixed

2024-04-04 22:18:14.326605   4. Fixing one row check results into Google Sheet Bugs Report =>
1 cells updated.
2024-04-04 22:18:14.508593   => 4. One row check results into Google Sheet Bugs Report fixed

2024-04-04 22:18:14.508670   Баг Bid:11.02.05.00_02-fr.de.NoReg-04 добавлен в таблицу 'Bugs Report Auto detect' (для ретестов)
