{'width': 1280, 'height': 800}

2024-04-04 21:34:35.151102   worker_id = master

2024-04-04 21:34:35.151131   0. Allure grouping v4

2024-04-04 21:34:35.151511   START PRECONDITIONS =>

2024-04-04 21:34:35.151533   => Current URL - https://capital.com/fr/trade-stocks

2024-04-04 21:34:35.156929   => URL after prev. preconditions - https://capital.com/fr

2024-04-04 21:34:35.156943   => flag_of_bug - False

2024-04-04 21:34:35.156956   => Windows size - {'width': 1280, 'height': 800}
2024-04-04 21:34:35.158388   Set windows position at (0, 0) =>
2024-04-04 21:34:35.261151   Set resolution 1280 * 800 =>
2024-04-04 21:34:35.363558   => Windows size is set to {'width': 1280, 'height': 800}

2024-04-04 21:34:36.414353   Капчи нет. Идем дальше

2024-04-04 21:34:36.414439   Работа с куками

2024-04-04 21:34:36.414454   Prev. country - 'de'
2024-04-04 21:34:36.414464   Cur. country - 'de'
2024-04-04 21:34:36.414473   => Country set to 'de'

2024-04-04 21:34:36.414482   Prev. language - 'fr'
2024-04-04 21:34:36.414491   Cur. language - 'fr'
2024-04-04 21:34:36.414500   => Language is set to 'fr'

2024-04-04 21:34:36.414509   Prev. role - 'Auth'
2024-04-04 21:34:36.414518   Cur. role - 'Auth'
2024-04-04 21:34:36.414527   => The 'Auth' role is set

2024-04-04 21:34:36.417287   => Current URL - https://capital.com/fr/trade-stocks

2024-04-04 21:34:36.417308   => THE END PRECONDITIONS

2024-04-04 21:34:36.417511   1. Cur URL = https://capital.com/fr/trade-stocks

2024-04-04 21:34:36.420072   2. Link = https://capital.com/fr/trade-stocks
2024-04-04 21:34:36.420088   current_page = https://capital.com/fr/trade-stocks
2024-04-04 21:34:36.422578   link = https://capital.com/fr/trade-stocks
2024-04-04 21:34:36.932125   => Education menu is present in DOM
2024-04-04 21:34:36.937185   => Education menu is visible
2024-04-04 21:34:38.212248   => Focus moved to Education menu


2024-04-04 21:34:38.982626   => Shares trading sub-menu clicked
2024-04-04 21:34:39.262953   => Focus moved to 'capital*com' logo

2024-04-04 21:34:39.263196   1. Arrange_v0
2024-04-04 21:34:39.263214   current_page = https://capital.com/fr/trade-stocks
2024-04-04 21:34:39.266241   link = https://capital.com/fr/trade-stocks
2024-04-04 21:34:39.279271   => BUTTON_TRY_DEMO is present on this page
2024-04-04 21:34:39.279300   BUTTON_TRY_DEMO scroll =>
2024-04-04 21:34:39.282958   BUTTON_TRY_DEMO is visible? =>
2024-04-04 21:34:39.297195   => BUTTON_TRY_DEMO is visible on this page

2024-04-04 21:34:39.297359   2. Act_v0
2024-04-04 21:34:39.302588   BUTTON_TRY_DEMO is clickable? =>
2024-04-04 21:34:39.327434   => BUTTON_TRY_DEMO clicked!

2024-04-04 21:34:39.327701   3. Assert_v4
2024-04-04 21:34:39.327822   Checking that the trading platform page has opened (v4) =>
2024-04-04 21:34:40.344683   Checking way # 1 => 

2024-04-04 21:34:40.344905   1. Checking that the Trading platform (or TradingView site) page has valid title =>
2024-04-04 21:34:40.348525   => The title of current page is 'Trading Platform | Capital.com'

2024-04-04 21:34:40.348627   2. Checking that the LOGO is present on the page =>
2024-04-04 21:34:41.896176   => 'capital*com' logo is present on the current page

2024-04-04 21:34:41.896213   tpd = True
2024-04-04 21:34:41.896252   3.1. Checking that the Trading platform opened in DEMO mode =>
2024-04-04 21:34:41.908109   => The page with https://capital.com/trading/platform/?mode=demo url was opened in DEMO mode
2024-04-04 21:34:42.821322   => Driver.backed
