{'width': 1280, 'height': 800}

2024-04-04 20:21:33.975022   worker_id = master

2024-04-04 20:21:33.975035   0. Allure grouping v4

2024-04-04 20:21:33.975214   START PRECONDITIONS =>

2024-04-04 20:21:33.975230   => Current URL - https://capital.com/fr/autres-instruments?t=volatile

2024-04-04 20:21:33.978096   => URL after prev. preconditions - https://capital.com/fr

2024-04-04 20:21:33.978109   => flag_of_bug - True
2024-04-04 20:21:33.978121   Current page URL = https://capital.com/fr/autres-instruments?t=volatile
2024-04-04 20:21:33.980496   self.link = https://capital.com/fr
2024-04-04 20:21:33.980509   link = https://capital.com/fr
2024-04-04 20:21:49.436048   => Loaded page https://capital.com/fr

2024-04-04 20:21:49.441648   => Windows size - {'width': 1280, 'height': 800}
2024-04-04 20:21:49.443040   Set windows position at (0, 0) =>
2024-04-04 20:21:49.545353   Set resolution 1280 * 800 =>
2024-04-04 20:21:49.648021   => Windows size is set to {'width': 1280, 'height': 800}

2024-04-04 20:21:50.691987   Капчи нет. Идем дальше

2024-04-04 20:21:50.692078   Работа с куками

2024-04-04 20:21:50.692092   Prev. country - 'de'
2024-04-04 20:21:50.692102   Cur. country - 'de'
2024-04-04 20:21:50.692112   => Country set to 'de'

2024-04-04 20:21:50.692121   Prev. language - 'fr'
2024-04-04 20:21:50.692130   Cur. language - 'fr'
2024-04-04 20:21:50.692139   => Language is set to 'fr'

2024-04-04 20:21:50.692148   Prev. role - 'NoReg'
2024-04-04 20:21:50.692157   Cur. role - 'NoReg'
2024-04-04 20:21:50.692166   => The 'NoReg' role is set

2024-04-04 20:21:50.695083   => Current URL - https://capital.com/fr

2024-04-04 20:21:50.695106   => THE END PRECONDITIONS

2024-04-04 20:21:50.695290   START Open "Markets" menu, "Forex" submenu =>

2024-04-04 20:21:50.695305   1. Cur URL = https://capital.com/fr

2024-04-04 20:21:50.697747   2. Link = https://capital.com/fr
2024-04-04 20:21:50.697762   current_page = https://capital.com/fr
2024-04-04 20:21:50.700209   link = https://capital.com/fr
2024-04-04 20:21:51.214053   => 'Markets' menu is present
2024-04-04 20:21:51.230076   => 'Markets' menu is visible
2024-04-04 20:21:52.508342   => Focus moved to 'Markets' menu


2024-04-04 20:21:53.925298   => 'Forex' sub-menu clicked
2024-04-04 20:21:54.220208   => Focus moved to 'capital*com' logo

2024-04-04 20:21:54.220255   3. Cur URL = https://capital.com/fr/autres-instruments

2024-04-04 20:21:54.225782   1. Arrange_v0
2024-04-04 20:21:54.225805   current_page = https://capital.com/fr/autres-instruments
2024-04-04 20:21:54.228177   link = https://capital.com/fr/autres-instruments
2024-04-04 20:21:54.230572   BUTTON_CREATE_YOUR_ACCOUNT is located on the page? =>

2024-04-04 20:21:54.239017   2. Act_v0: Define of locator

2024-04-04 20:21:54.239043   2. Act_v0: Go to web element

2024-04-04 20:21:55.290668   2. Act_v0: Click web element
2024-04-04 20:21:55.317608   => BUTTON_CREATE_YOUR_ACCOUNT is clicked

2024-04-04 20:21:55.317823   3. Assert_v0
2024-04-04 20:21:55.317913   Start step Check that [Sign up] form is opened
2024-04-04 20:21:58.367175   'Sign up' form not opened
2024-04-04 20:21:58.367372   Start step Check that new [Sign up] form is opened
2024-04-04 20:22:01.445741   => new 'Sign up' form not opened
2024-04-04 20:22:01.445937   Start method Check that [Sign up] page opened =>
2024-04-04 20:22:02.451450   'Sign up' page not opened
2024-04-04 20:22:02.451716   Check that [Sign up] form on trading platform opened =>
2024-04-04 20:22:05.531397   'Sign up' form on trading platform page not opened

Bug: Bid:01.03.00_004-fr.de.NoReg

2024-04-04 20:22:05.531485   Проверка бага в таблице ретеста  =>

 gs = GoogleSheet() - создаем объект gs # 1: <tests.ReTestsAuto.GoogleSheets.googlesheets.GoogleSheet object at 0x7fb948e37950>

2024-04-04 20:22:05.951145   4. Fixing one row check results into Google Sheet Bugs Report =>
1 cells updated.
2024-04-04 20:22:06.152379   => 4. One row check results into Google Sheet Bugs Report fixed

2024-04-04 20:22:07.470034   4. Fixing one row check results into Google Sheet Bugs Report =>
1 cells updated.
2024-04-04 20:22:07.704847   => 4. One row check results into Google Sheet Bugs Report fixed

2024-04-04 20:22:08.959184   4. Fixing one row check results into Google Sheet Bugs Report =>
1 cells updated.
2024-04-04 20:22:09.162906   => 4. One row check results into Google Sheet Bugs Report fixed

2024-04-04 20:22:09.165887   Добавление новой строки =>

2024-04-04 20:22:10.482999   => Новая строка добавлена

2024-04-04 20:22:12.372230   4. Fixing one row check results into Google Sheet Bugs Report =>
1 cells updated.
2024-04-04 20:22:12.601903   => 4. One row check results into Google Sheet Bugs Report fixed

2024-04-04 20:22:12.604779   4. Fixing one row check results into Google Sheet Bugs Report =>
7 cells updated.
2024-04-04 20:22:12.902749   => 4. One row check results into Google Sheet Bugs Report fixed

2024-04-04 20:22:12.902966   4. Fixing one row check results into Google Sheet Bugs Report =>
2 cells updated.
2024-04-04 20:22:13.121456   => 4. One row check results into Google Sheet Bugs Report fixed

2024-04-04 20:22:13.121738   4. Fixing one row check results into Google Sheet Bugs Report =>
1 cells updated.
2024-04-04 20:22:13.342788   => 4. One row check results into Google Sheet Bugs Report fixed

2024-04-04 20:22:13.343012   4. Fixing one row check results into Google Sheet Bugs Report =>
1 cells updated.
2024-04-04 20:22:13.561257   => 4. One row check results into Google Sheet Bugs Report fixed

2024-04-04 20:22:13.561335   Баг Bid:01.03.00_004-fr.de.NoReg-04 добавлен в таблицу 'Bugs Report Auto detect' (для ретестов)
