{'width': 1280, 'height': 800}

2024-05-15 03:45:35.441515   worker_id = master

2024-05-15 03:45:35.441529   0. Allure grouping v4

2024-05-15 03:45:35.441702   START PRECONDITIONS =>

2024-05-15 03:45:35.441717   => URL after prev. preconditions - https://capital.com/ar
2024-05-15 03:45:35.441727   => flag_of_bug - False
2024-05-15 03:45:35.441737   => Current URL - https://capital.com/ar/trade-indices
2024-05-15 03:45:35.446958   Current page URL = https://capital.com/ar/trade-indices
2024-05-15 03:45:35.449558   self.link = https://capital.com/ar
2024-05-15 03:45:35.449571   driver.get(https://capital.com/ar) =>
2024-05-15 03:45:37.303101   => Loaded page https://capital.com/ar

2024-05-15 03:45:37.312733   => Windows size - {'width': 1280, 'height': 800}
2024-05-15 03:45:37.314296   Set windows position at (0, 0) =>
2024-05-15 03:45:37.318532   Set resolution 1280 * 800 =>
2024-05-15 03:45:37.320251   => Windows size is set to {'width': 1280, 'height': 800}

2024-05-15 03:45:38.358838   Капчи нет. Идем дальше

2024-05-15 03:45:38.358932   Работа с куками =>

2024-05-15 03:45:38.358946   => не требуется

2024-05-15 03:45:38.358956   Prev. country - 'ae'
2024-05-15 03:45:38.358965   Cur. country - 'ae'
2024-05-15 03:45:38.358974   => Country set to 'ae'

2024-05-15 03:45:38.358983   Prev. language - 'ar'
2024-05-15 03:45:38.358992   Cur. language - 'ar'
2024-05-15 03:45:38.359001   => Language is set to 'ar'

2024-05-15 03:45:38.359009   Prev. role - 'NoReg'
2024-05-15 03:45:38.359018   Cur. role - 'NoReg'
2024-05-15 03:45:38.359027   => The 'NoReg' role is set

2024-05-15 03:45:38.361905   => Current URL - https://capital.com/ar

2024-05-15 03:45:38.361929   => THE END PRECONDITIONS

2024-05-15 03:45:38.362156   1. Cur URL = https://capital.com/ar

2024-05-15 03:45:38.366816   2. Link = https://capital.com/ar
2024-05-15 03:45:38.366833   current_page = https://capital.com/ar
2024-05-15 03:45:38.369389   link = https://capital.com/ar
2024-05-15 03:45:38.878263   => Education menu is present in DOM
2024-05-15 03:45:38.885498   => Education menu is visible
2024-05-15 03:45:40.165982   => Focus moved to Education menu
2024-05-15 03:45:42.282175   => Focus moved to 'capital*com' logo

2024-05-15 03:45:42.282221   3. Cur URL = https://capital.com/ar/trade-indices

2024-05-15 03:45:42.287620   1. Arrange
2024-05-15 03:45:42.287645   current_page = https://capital.com/ar/trade-indices
2024-05-15 03:45:42.290103   link = https://capital.com/ar/trade-indices
2024-05-15 03:45:42.292583   BUTTON_ON_HOR_BANNER is present? =>
2024-05-15 03:45:42.301389   => BUTTON_ON_HOR_BANNER is present on this page
2024-05-15 03:45:42.301413   BUTTON_ON_HOR_BANNER scroll =>
2024-05-15 03:45:42.304874   BUTTON_ON_HOR_BANNER is visible? =>
2024-05-15 03:45:42.426254   => BUTTON_ON_HOR_BANNER is visible on the page!
2024-05-15 03:45:42.426457   Start Checking that form [Sign up] popped up on the page =>
2024-05-15 03:45:43.986088   '[Sign up]' form was not popped up

2024-05-15 03:45:43.986269   2. Act

2024-05-15 03:45:44.001391   => Button on Horizontal banner is clickable

2024-05-15 03:45:44.006074   data_id = 103
2024-05-15 03:45:44.731354   => BUTTON_ON_HOR_BANNER clicked!

2024-05-15 03:45:44.731726   3. Assert_v0
2024-05-15 03:45:44.731871   Start step Check that [Sign up] form is opened
2024-05-15 03:45:51.709379   'Sign up' form not opened
2024-05-15 03:45:51.709577   Start step Check that new [Sign up] form is opened
2024-05-15 03:45:54.780033   => new 'Sign up' form not opened
2024-05-15 03:45:54.780223   Start method Check that [Sign up] page opened =>
2024-05-15 03:45:55.784336   'Sign up' page opened
2024-05-15 03:45:55.784371   Assert SIGNUP_SIGNUP_FRAME =>
2024-05-15 03:45:55.792912   Assert SIGNUP_REF_LOGIN =>
2024-05-15 03:45:55.806581   Assert SIGNUP_PRIVACY_POLICY_ALL_1 =>
2024-05-15 03:45:57.349900   Assert SIGNUP_PRIVACY_POLICY_ALL_2 =>
2024-05-15 03:45:57.362851   => SIGNUP_PRIVACY_POLICY_ALL
2024-05-15 03:45:57.362878   => 'Signup' page is checked
2024-05-15 03:45:58.363243   Start method 'Close [Sign up] page' =>
2024-05-15 03:45:59.954389   => [Sign up] page is closed
