{'width': 1280, 'height': 800}

2024-05-15 02:19:53.276006   worker_id = master

2024-05-15 02:19:53.276020   0. Allure grouping v4

2024-05-15 02:19:53.276194   START PRECONDITIONS =>

2024-05-15 02:19:53.276209   => URL after prev. preconditions - https://capital.com/ar
2024-05-15 02:19:53.276218   => flag_of_bug - False
2024-05-15 02:19:53.276229   => Current URL - https://capital.com/ar/us-wall-street-30-index
2024-05-15 02:19:53.281150   Current page URL = https://capital.com/ar/us-wall-street-30-index
2024-05-15 02:19:53.283632   self.link = https://capital.com/ar
2024-05-15 02:19:53.283646   driver.get(https://capital.com/ar) =>
2024-05-15 02:19:55.023789   => Loaded page https://capital.com/ar

2024-05-15 02:19:55.027141   => Windows size - {'width': 1280, 'height': 800}
2024-05-15 02:19:55.028569   Set windows position at (0, 0) =>
2024-05-15 02:19:55.030225   Set resolution 1280 * 800 =>
2024-05-15 02:19:55.031862   => Windows size is set to {'width': 1280, 'height': 800}

2024-05-15 02:19:56.068108   Капчи нет. Идем дальше

2024-05-15 02:19:56.068198   Работа с куками =>

2024-05-15 02:19:56.068212   => не требуется

2024-05-15 02:19:56.068222   Prev. country - 'ae'
2024-05-15 02:19:56.068231   Cur. country - 'ae'
2024-05-15 02:19:56.068240   => Country set to 'ae'

2024-05-15 02:19:56.068249   Prev. language - 'ar'
2024-05-15 02:19:56.068258   Cur. language - 'ar'
2024-05-15 02:19:56.068267   => Language is set to 'ar'

2024-05-15 02:19:56.068276   Prev. role - 'NoReg'
2024-05-15 02:19:56.068284   Cur. role - 'NoReg'
2024-05-15 02:19:56.068293   => The 'NoReg' role is set

2024-05-15 02:19:56.072947   => Current URL - https://capital.com/ar

2024-05-15 02:19:56.072971   => THE END PRECONDITIONS

2024-05-15 02:19:56.073159 1.Arrange_v0
2024-05-15 02:19:56.073176   current_page = https://capital.com/ar
2024-05-15 02:19:56.075564   link = https://capital.com/ar/us-wall-street-30-index
2024-05-15 02:19:56.077987   Current page URL = https://capital.com/ar
2024-05-15 02:19:56.080398   self.link = https://capital.com/ar/us-wall-street-30-index
2024-05-15 02:19:56.080411   driver.get(https://capital.com/ar/us-wall-street-30-index) =>
2024-05-15 02:19:57.765152   => Loaded page https://capital.com/ar/us-wall-street-30-index
2024-05-15 02:19:57.769422 BUTTON_NOTIFICATION is located on the page? =>
2024-05-15 02:19:57.779215   Is BUTTON_NOTIFICATION present on the page? =>
2024-05-15 02:19:57.779239 => BUTTON_NOTIFICATION is present on the page
2024-05-15 02:19:57.779249   [Notification] button scroll =>
2024-05-15 02:19:57.782558   Start Checking that form [Sign up] popped up on the page =>
2024-05-15 02:19:59.321515   '[Sign up]' form was not popped up

2024-05-15 02:19:59.321697   2. Act_v0
2024-05-15 02:19:59.321713   Start Click 'Notification' button =>
2024-05-15 02:19:59.350659 BUTTON_NOTIFICATION is clickable =>
2024-05-15 02:19:59.385042 => BUTTON_NOTIFICATION clicked
Trade instrument from Full test is تداول US Wall Street 30 - US30 CFD
Test element is <pages.Elements.AssertClass.AssertClass object at 0x7f0391ed2de0>

2024-05-15 02:19:59.385285   3. Assert_v0
2024-05-15 02:19:59.385374   Start step Check that [Sign up] form is opened
2024-05-15 02:19:59.641520   'Sign up' form opened
2024-05-15 02:19:59.641562   Assert SIGNUP_HEADER =>
2024-05-15 02:19:59.651186   Assert SIGNUP_REF_LOGIN =>
2024-05-15 02:19:59.662378   Assert SIGNUP_PRIVACY_POLICY_ALL_2 =>
2024-05-15 02:19:59.676623   => SIGNUP_PRIVACY_POLICY_ALL
2024-05-15 02:19:59.676661   => 'Signup' form is checked
2024-05-15 02:19:59.676827   Start step Close [Sign up] form =>
2024-05-15 02:19:59.756873   => 'Signup' form closed
2024-05-15 02:20:00.020988   => Focus moved to 'capital*com' logo
