


Current sorting - Top risers
{'width': 1280, 'height': 800}

2024-03-28 19:22:19.522288   worker_id = master

2024-03-28 19:22:19.522305   0. Allure grouping v4


2024-03-28 19:22:19.522508   START PRECONDITIONS =>


2024-03-28 19:22:19.522524   => flag_of_bug - True
2024-03-28 19:22:19.522536   Current page URL = https://capital.com/el/kirioi-pagkosmioi-deiktes?t=most
2024-03-28 19:22:19.525475   self.link = https://capital.com
2024-03-28 19:22:19.525488   link = https://capital.com
2024-03-28 19:22:21.242302   => Loaded page https://capital.com/

2024-03-28 19:22:21.246514   => Windows size - {'width': 1280, 'height': 800}
2024-03-28 19:22:21.247915   Set windows position at (0, 0) =>
2024-03-28 19:22:21.350021   Set resolution 1280 * 800 =>
2024-03-28 19:22:21.452314   => Windows size is set to {'width': 1280, 'height': 800}

2024-03-28 19:22:22.482218   Капчи нет. Идем дальше

2024-03-28 19:22:22.482306   Работа с куками

2024-03-28 19:22:22.482320   => Prev. country - 'au'
2024-03-28 19:22:22.482329   => Country set to 'au'

2024-03-28 19:22:22.482339   => Prev. language - 'el'
2024-03-28 19:22:22.482348   Set 'el' language =>
2024-03-28 19:22:22.494675   => Language and Country menu is present
2024-03-28 19:22:22.509109   => Language and Country menu is visible
2024-03-28 19:22:23.776034   => Focus is moved on Language and Country menu 
2024-03-28 19:22:23.784480   Move focus on el item and click =>
2024-03-28 19:22:25.411233   => Focus moved on el item and clicked
2024-03-28 19:22:25.411282   => Cur url = https://capital.com/el
2024-03-28 19:22:25.426771   => Language is set to 'el'

2024-03-28 19:22:25.426811   => Prev. role - 'NoReg'
2024-03-28 19:22:25.426830   => The 'NoReg' role is set

2024-03-28 19:22:25.429923   => THE END PRECONDITIONS

2024-03-28 19:22:25.430126   START Open "Markets" menu, "Indices" submenu =>

2024-03-28 19:22:25.430142   1. Cur URL = https://capital.com/el

2024-03-28 19:22:25.432638   2. Link = https://capital.com/el
2024-03-28 19:22:25.432653   current_page = https://capital.com/el
2024-03-28 19:22:25.435067   link = https://capital.com/el
2024-03-28 19:22:25.949342   => 'Markets' menu is present
2024-03-28 19:22:25.967508   => 'Markets' menu is visible
2024-03-28 19:22:27.240624   => Focus moved to 'Markets' menu


2024-03-28 19:22:28.582409   => 'Indices' submenu clicked
2024-03-28 19:22:28.875746   => Focus moved to 'capital*com' logo

2024-03-28 19:22:28.875783   3. Cur URL = https://capital.com/el/kirioi-pagkosmioi-deiktes

2024-03-28 19:22:28.880866   1. Arrange for TABLE_TRADING_INSTRUMENTS and 'Top risers' cur_sort
2024-03-28 19:22:28.880888   current_page = https://capital.com/el/kirioi-pagkosmioi-deiktes
2024-03-28 19:22:28.883093   link = https://capital.com/el/kirioi-pagkosmioi-deiktes
2024-03-28 19:22:28.885346   TABLE_TRADING_INSTRUMENTS present on this page? =>
2024-03-28 19:22:28.892395   => TABLE_TRADING_INSTRUMENTS is present on the page!
2024-03-28 19:22:28.892415   IS FIELD_DROPDOWN_SORT present in the Live prices table? =>
2024-03-28 19:22:28.899041   =>  FIELD_DROPDOWN_SORT is present in the table!
2024-03-28 19:22:28.899066   Start scroll and click FIELD_DROPDOWN_SORT =>
2024-03-28 19:22:28.993567   Is item_sort_list visible on the FIELD_DROPDOWN_SORT ? =>
2024-03-28 19:22:29.042239   => item_sort_list is visible on the FIELD_DROPDOWN_SORT!
2024-03-28 19:22:29.042277   Is cur_sort "Top risers" present in item_sort_list? =>
2024-03-28 19:22:29.049965   => cur_sort "Top risers" is present in item_sort_list!
2024-03-28 19:22:29.049993   Start click cur_sort "Top risers" =>
2024-03-28 19:22:29.619230   => End Click cur_sort "Top risers"

2024-03-28 19:22:29.619280   Buttons [Sell] is visible and sum buttons no zero? =>
2024-03-28 19:22:29.636418   => Buttons [Sell] is visible and sum buttons no zero!

2024-03-28 19:22:29.636452   Start find 1 random buttons [Sell] on cur_sort "Top risers"=>
2024-03-28 19:22:29.644439   => End find 1 random buttons [Sell] on the cur_sort "Top risers"

2024-03-28 19:22:29.644479   List of random items = [3]
2024-03-28 19:22:29.644688   Start Checking that form [Sign up] popped up on the page =>
2024-03-28 19:22:31.182724   '[Sign up]' form was not popped up
2024-03-28 19:22:31.182947   2. Act for trading instrument and "Top risers" cur_sort
2024-03-28 19:22:31.182995   Start click button [Sell] =>
2024-03-28 19:22:31.194337   =>   BUTTON_SELL on item with ID = 96683862771373380
2024-03-28 19:22:31.351482   =>   BUTTON_SELL with item Australia 200 clicked

2024-03-28 19:22:31.351698   3. Assert_v0
2024-03-28 19:22:31.351779   Start step Check that [Sign up] form is opened
2024-03-28 19:22:31.567121   'Sign up' form opened
2024-03-28 19:22:31.567160   Assert SIGNUP_HEADER =>
2024-03-28 19:22:31.582572   Assert SIGNUP_REF_LOGIN =>
2024-03-28 19:22:31.598445   Assert SIGNUP_PRIVACY_POLICY_ALL_2 =>
2024-03-28 19:22:31.615892   => SIGNUP_PRIVACY_POLICY_ALL
2024-03-28 19:22:31.615930   => 'Signup' form is checked
2024-03-28 19:22:31.616095   Start step Close [Sign up] form =>
2024-03-28 19:22:31.700673   => 'Signup' form closed
2024-03-28 19:22:31.973939   => Focus moved to 'capital*com' logo
