{'width': 1920, 'height': 1080}

2024-08-20 23:45:54.829660   worker_id = master

2024-08-20 23:45:54.829674   0. Allure grouping for US_55


2024-08-20 23:45:54.829869   START NEW PRECONDITIONS =>

2024-08-20 23:45:54.829885   => URL after prev. preconditions - https://capital.com/ar-ae
2024-08-20 23:45:54.829895   => flag_of_bug - True
2024-08-20 23:45:54.829905   => Current URL - https://capital.com/ar-ae/%D9%84%D9%84%D9%85%D8%AA%D8%AF%D8%A7%D9%88%D9%84%D9%8A%D9%86%20%D8%B0%D9%88%D9%8A%20%D8%A7%D9%84%D8%AE%D8%A8%D8%B1%D8%A9
2024-08-20 23:45:54.835104   Current page URL = https://capital.com/ar-ae/%D9%84%D9%84%D9%85%D8%AA%D8%AF%D8%A7%D9%88%D9%84%D9%8A%D9%86%20%D8%B0%D9%88%D9%8A%20%D8%A7%D9%84%D8%AE%D8%A8%D8%B1%D8%A9
2024-08-20 23:45:54.837513   self.link = https://capital.com/ar-ae
2024-08-20 23:45:54.837527   driver.get(https://capital.com/ar-ae) =>
2024-08-20 23:45:56.171684   => Loaded page https://capital.com/ar-ae

2024-08-20 23:45:56.179745   => Windows size: {'width': 1920, 'height': 1080}

2024-08-20 23:45:56.181123   Set windows position at (0, 0) =>

2024-08-20 23:45:56.182796   Set resolution 1920 * 1080 =>

2024-08-20 23:45:56.184420   => Resolution set {'width': 1920, 'height': 1080}

2024-08-20 23:45:56.185694   Работа с куками =>
2024-08-20 23:45:56.185708   Prev. role - 'Auth'
2024-08-20 23:45:56.185718   Current testing role - 'NoAuth'

2024-08-20 23:45:56.185726   All cookies must be delete =>
2024-08-20 23:45:56.264917   => All cookies are deleted
2024-08-20 23:45:56.264968   Current page URL = https://capital.com/ar-ae
2024-08-20 23:45:56.268159   self.link = https://capital.com/ar-ae
2024-08-20 23:45:56.268173   driver.get(https://capital.com/ar-ae) =>
2024-08-20 23:45:57.540282   => Loaded page https://capital.com/ar-ae

2024-08-20 23:45:57.561503   Step 'Click button [Accept all cookies]'
2024-08-20 23:45:57.561515   Is Visible Button [Accept all cookies]? =>
2024-08-20 23:45:58.766434   => Button [Accept all cookies] is visible
2024-08-20 23:45:59.266572   Is clickable Button [Accept all cookies] =>
2024-08-20 23:45:59.286508   => Button [Accept all cookies] is clickable
2024-08-20 23:45:59.286539   Click Button [Accept all cookies] =>
2024-08-20 23:45:59.382058   => Button [Accept all cookies] is clicked
2024-08-20 23:45:59.382101   => Accepted All Cookies

2024-08-20 23:45:59.882229   Prev. role - 'Auth'
2024-08-20 23:45:59.882287   Cur. role - 'NoAuth'

2024-08-20 23:45:59.882516   Start Autorization
2024-08-20 23:45:59.957019   => 'Login' form is opened
2024-08-20 23:46:00.230718   => "login" and "password" are inputted
2024-08-20 23:46:00.230763   Click [Continue] button on [Login] form =>
2024-08-20 23:46:00.303718   => [Continue] button on [Login] form is clicked
2024-08-20 23:46:00.303772   Set timeout = 30
2024-08-20 23:46:01.310587   => Page with 'Trading Platform | Capital.com' title opened

2024-08-20 23:46:01.310676   2. Checking that the LOGO is present on the page =>
2024-08-20 23:46:02.532663   => 'capital*com' logo is present on the current page

2024-08-20 23:46:02.532934   Start DeAuthorisation
2024-08-20 23:46:02.533045   Start Logout from account info menu in top bar =>
2024-08-20 23:46:02.533064   Set timeout = 15
2024-08-20 23:46:02.533083   Is visible account info icon? =>
2024-08-20 23:46:02.765060   => Account info icon is visible on this page
2024-08-20 23:46:02.765117   Account info icon is click =>
2024-08-20 23:46:03.203628   => Account info icon is clicked
2024-08-20 23:46:03.203679   Is visible logout button in account info menu? =>
2024-08-20 23:46:03.218292   => Logout button from account info menu is visible
2024-08-20 23:46:03.218333   Logout button is click =>
2024-08-20 23:46:03.254526   => Logout button from Account info menu is clicked
2024-08-20 23:46:03.254613   => Logout is OK

2024-08-20 23:46:03.254645   => The 'NoAuth' role is set

2024-08-20 23:46:03.254657   Prev. language: ?
2024-08-20 23:46:03.254666   Cur. language - 'ar'

2024-08-20 23:46:03.254676   Prev. country: ?

2024-08-20 23:46:03.254684   Cur. country: ae
2024-08-20 23:46:03.254693   Set 'ar' language and 'ae' country =>
2024-08-20 23:46:03.254856   Set "ar" language and "ae" country =>
2024-08-20 23:46:03.254874   Current page URL = https://capital.com/trading/platform/
2024-08-20 23:46:03.259779   self.link = https://capital.com/ar-ae
2024-08-20 23:46:03.259803   driver.get(https://capital.com/ar-ae) =>
2024-08-20 23:46:04.561934   => Loaded page https://capital.com/ar-ae
2024-08-20 23:46:04.566225   => Language is set to 'ar'
2024-08-20 23:46:04.566241   => Country is set to 'ae'
2024-08-20 23:46:04.566251   => Current URL - https://capital.com/ar-ae

2024-08-20 23:46:04.571167   => Current URL - https://capital.com/ar-ae

2024-08-20 23:46:04.571189   => THE END PRECONDITIONS

2024-08-20 23:46:04.571371   START Open "Learn" menu, "Learn" submenu =>

2024-08-20 23:46:04.571387   1. Cur URL = https://capital.com/ar-ae

2024-08-20 23:46:04.573788   2. Link = https://capital.com/ar-ae
2024-08-20 23:46:04.573804   current_page = https://capital.com/ar-ae
2024-08-20 23:46:04.578992   link = https://capital.com/ar-ae
2024-08-20 23:46:05.090382   => 'Learn' menu is present
2024-08-20 23:46:05.110689   => 'Learn' menu is visible
2024-08-20 23:46:06.470534   => Focus moved to 'Learn' menu
2024-08-20 23:46:06.490587   => 'Learn' submenu is visible
2024-08-20 23:46:07.266883   => 'Learn' sub-menu clicked
2024-08-20 23:46:17.605880   => Focus moved to 'capital*com' logo
2024-08-20 23:46:17.605958   3. Cur URL = https://capital.com/ar-ae/learn

2024-08-20 23:46:17.611372   Click the Learn to trade link =>
2024-08-20 23:46:18.461409   => Done, scrolling to the corresponding block

2024-08-20 23:46:18.461466   Check if scroll to the block Trading for beginners is successful => 
2024-08-20 23:46:24.016224   => The block is not into viewport
