{'width': 1280, 'height': 800}

2024-04-13 01:40:43.666159   worker_id = master

2024-04-13 01:40:43.666172   0. Allure grouping v4

2024-04-13 01:40:43.666351   START PRECONDITIONS =>

2024-04-13 01:40:43.666367   => URL after prev. preconditions - https://capital.com/ro
2024-04-13 01:40:43.666376   => flag_of_bug - False
2024-04-13 01:40:43.666387   => Current URL - https://capital.com/ro/cleanspark-inc-pret-actiune
2024-04-13 01:40:43.671251   Current page URL = https://capital.com/ro/cleanspark-inc-pret-actiune
2024-04-13 01:40:43.673597   self.link = https://capital.com/ro
2024-04-13 01:40:43.673615   driver.get(https://capital.com/ro) =>
2024-04-13 01:40:45.360098   => Loaded page https://capital.com/ro

2024-04-13 01:40:45.364346   => Windows size - {'width': 1280, 'height': 800}
2024-04-13 01:40:45.365677   Set windows position at (0, 0) =>
2024-04-13 01:40:45.467750   Set resolution 1280 * 800 =>
2024-04-13 01:40:45.569796   => Windows size is set to {'width': 1280, 'height': 800}

2024-04-13 01:40:46.616969   Капчи нет. Идем дальше

2024-04-13 01:40:46.617057   Работа с куками =>

2024-04-13 01:40:46.617072   => не требуется

2024-04-13 01:40:46.617081   Prev. country - 'ae'
2024-04-13 01:40:46.617091   Cur. country - 'ae'
2024-04-13 01:40:46.617100   => Country set to 'ae'

2024-04-13 01:40:46.617109   Prev. language - 'ro'
2024-04-13 01:40:46.617117   Cur. language - 'ro'
2024-04-13 01:40:46.617126   => Language is set to 'ro'

2024-04-13 01:40:46.617135   Prev. role - 'NoAuth'
2024-04-13 01:40:46.617143   Cur. role - 'NoAuth'
2024-04-13 01:40:46.617152   => The 'NoAuth' role is set

2024-04-13 01:40:46.619830   => Current URL - https://capital.com/ro

2024-04-13 01:40:46.619854   => THE END PRECONDITIONS

2024-04-13 01:40:46.619901   1. Arrange_v0
2024-04-13 01:40:46.619914   current_page = https://capital.com/ro
2024-04-13 01:40:46.622468   link = https://capital.com/ro/cleanspark-inc-pret-actiune
2024-04-13 01:40:46.624797   Current page URL = https://capital.com/ro
2024-04-13 01:40:46.629861   self.link = https://capital.com/ro/cleanspark-inc-pret-actiune
2024-04-13 01:40:46.629876   driver.get(https://capital.com/ro/cleanspark-inc-pret-actiune) =>
2024-04-13 01:40:48.341186   => Loaded page https://capital.com/ro/cleanspark-inc-pret-actiune
2024-04-13 01:40:48.348190   BUTTON_SELL is located on the page? =>
2024-04-13 01:40:48.356187   => BUTTON_SELL is located on the page!
2024-04-13 01:40:48.356352   Start Checking that form [Sign up] popped up on the page =>
2024-04-13 01:40:49.881969   '[Sign up]' form was not popped up

2024-04-13 01:40:49.882161   2. Act_v0
2024-04-13 01:40:49.887442   BUTTON_SELL is present? =>
2024-04-13 01:40:49.887471   => BUTTON_SELL is present on the page
2024-04-13 01:40:49.887481   BUTTON_SELL scroll =>
2024-04-13 01:40:49.891032   => BUTTON_SELL scrolled
2024-04-13 01:40:49.913324   BUTTON_SELL is clickable? =>
2024-04-13 01:40:49.922985   BUTTON_SELL CLICK =>
2024-04-13 01:40:49.953983   => BUTTON_SELL clicked!

2024-04-13 01:40:49.954286   3. Assert_Login_v0
2024-04-13 01:40:49.954396   Check that 'Login' form is opened
2024-04-13 01:40:50.154494   'Login' form opened
2024-04-13 01:40:50.154556   Assert LOGIN_REF_SIGNUP =>
2024-04-13 01:40:50.167770   Assert LOGIN_CHECKBOX =>
2024-04-13 01:40:50.178391   Assert LOGIN_PASS_FORGOT =>
2024-04-13 01:40:50.188366   => 'Login' form is checked
2024-04-13 01:40:50.207238   Click 'Close' button on 'Login' form =>
2024-04-13 01:40:50.543143   => Focus moved to 'capital*com' logo
2024-04-13 01:40:50.543178   => 'Login' form closed
