{'width': 1280, 'height': 800}

2024-04-13 03:28:51.479231   worker_id = master

2024-04-13 03:28:51.479244   0. Allure grouping v4

2024-04-13 03:28:51.479426   START PRECONDITIONS =>

2024-04-13 03:28:51.479441   => URL after prev. preconditions - https://capital.com/ro
2024-04-13 03:28:51.479451   => flag_of_bug - True
2024-04-13 03:28:51.479462   => Current URL - https://capital.com/ro/tranzactionati-us-crude-oil
2024-04-13 03:28:51.484740   Current page URL = https://capital.com/ro/tranzactionati-us-crude-oil
2024-04-13 03:28:51.487224   self.link = https://capital.com/ro
2024-04-13 03:28:51.487238   driver.get(https://capital.com/ro) =>
2024-04-13 03:28:53.452082   => Loaded page https://capital.com/ro

2024-04-13 03:28:53.456281   => Windows size - {'width': 1280, 'height': 800}
2024-04-13 03:28:53.457623   Set windows position at (0, 0) =>
2024-04-13 03:28:53.559419   Set resolution 1280 * 800 =>
2024-04-13 03:28:53.661398   => Windows size is set to {'width': 1280, 'height': 800}

2024-04-13 03:28:54.681762   Капчи нет. Идем дальше

2024-04-13 03:28:54.681847   Работа с куками =>

2024-04-13 03:28:54.681861   => не требуется

2024-04-13 03:28:54.681871   Prev. country - 'ae'
2024-04-13 03:28:54.681880   Cur. country - 'ae'
2024-04-13 03:28:54.681889   => Country set to 'ae'

2024-04-13 03:28:54.681898   Prev. language - 'ro'
2024-04-13 03:28:54.681908   Cur. language - 'ro'
2024-04-13 03:28:54.681924   => Language is set to 'ro'

2024-04-13 03:28:54.681941   Prev. role - 'NoAuth'
2024-04-13 03:28:54.681955   Cur. role - 'NoAuth'
2024-04-13 03:28:54.681964   => The 'NoAuth' role is set

2024-04-13 03:28:54.684632   => Current URL - https://capital.com/ro

2024-04-13 03:28:54.684652   => THE END PRECONDITIONS

2024-04-13 03:28:54.684693   1. Arrange_v0
2024-04-13 03:28:54.684707   current_page = https://capital.com/ro
2024-04-13 03:28:54.687096   link = https://capital.com/ro/tranzactionati-us-crude-oil
2024-04-13 03:28:54.689478   Current page URL = https://capital.com/ro
2024-04-13 03:28:54.691865   self.link = https://capital.com/ro/tranzactionati-us-crude-oil
2024-04-13 03:28:54.691879   driver.get(https://capital.com/ro/tranzactionati-us-crude-oil) =>
2024-04-13 03:28:56.438363   => Loaded page https://capital.com/ro/tranzactionati-us-crude-oil
2024-04-13 03:28:56.453286   BUTTON_SELL_IN_CONTENT_BLOCK is present? =>
2024-04-13 03:28:56.453322   => BUTTON_SELL_IN_CONTENT_BLOCK is present on the page!
2024-04-13 03:28:56.453338   BUTTON_SELL_IN_CONTENT_BLOCK scroll =>
2024-04-13 03:28:56.456619   => 'Sell' button in Content block scrolled
2024-04-13 03:28:56.456783   Start Checking that form [Sign up] popped up on the page =>
2024-04-13 03:28:57.985270   '[Sign up]' form was not popped up

2024-04-13 03:28:57.985458   2. Act_v0
2024-04-13 03:28:58.014676   => BUTTON_SELL_IN_CONTENT_BLOCK clicked!
2024-04-13 03:28:58.014706   => return trade_instrument = 427748677997764

2024-04-13 03:28:58.014872   3. Assert_Login_v0
2024-04-13 03:28:58.014954   Check that 'Login' form is opened
2024-04-13 03:29:01.095172   'Login' form not opened
2024-04-13 03:29:01.095348   Check that new 'Login' form is opened
2024-04-13 03:29:04.162554   => New 'Login' form not opened
2024-04-13 03:29:04.165272   'Login' page not opened
2024-04-13 03:29:07.220457   'Login' form on trading platform not opened
2024-04-13 03:29:07.220649   Start step Check that [Sign up] form is opened
2024-04-13 03:29:07.230677   'Sign up' form opened
2024-04-13 03:29:07.230700   Assert SIGNUP_HEADER =>
2024-04-13 03:29:07.240303   Assert SIGNUP_REF_LOGIN =>
2024-04-13 03:29:07.249821   Assert SIGNUP_PRIVACY_POLICY_ALL_2 =>
2024-04-13 03:29:07.259169   => SIGNUP_PRIVACY_POLICY_ALL
2024-04-13 03:29:07.259191   => 'Signup' form is checked

Bug: Bid:11.02.03.01_03-ro.ae.NoAuth

2024-04-13 03:29:07.259238   Проверка бага в таблице ретеста  =>

2024-04-13 03:29:07.567273   4. Fixing one row check results into Google Sheet Bugs Report =>
1 cells updated.
2024-04-13 03:29:07.774918   => 4. One row check results into Google Sheet Bugs Report fixed

2024-04-13 03:29:09.701762   4. Fixing one row check results into Google Sheet Bugs Report =>
1 cells updated.
2024-04-13 03:29:09.940681   => 4. One row check results into Google Sheet Bugs Report fixed

2024-04-13 03:29:09.942153   Баг Bid:11.02.03.01_03-ro.ae.NoAuth-05 обнаружен ранее и уже находится в 'Bugs Report Auto detect'
