{'width': 1280, 'height': 800}

2024-04-13 03:45:28.542848   worker_id = master

2024-04-13 03:45:28.542862   0. Allure grouping v4

2024-04-13 03:45:28.543048   START PRECONDITIONS =>

2024-04-13 03:45:28.543064   => URL after prev. preconditions - https://capital.com/ro
2024-04-13 03:45:28.543073   => flag_of_bug - True
2024-04-13 03:45:28.543084   => Current URL - https://capital.com/ro/trade-ripple
2024-04-13 03:45:28.548578   Current page URL = https://capital.com/ro/trade-ripple
2024-04-13 03:45:28.551101   self.link = https://capital.com/ro
2024-04-13 03:45:28.551115   driver.get(https://capital.com/ro) =>
2024-04-13 03:45:30.323009   => Loaded page https://capital.com/ro

2024-04-13 03:45:30.329246   => Windows size - {'width': 1280, 'height': 800}
2024-04-13 03:45:30.330557   Set windows position at (0, 0) =>
2024-04-13 03:45:30.432455   Set resolution 1280 * 800 =>
2024-04-13 03:45:30.534457   => Windows size is set to {'width': 1280, 'height': 800}

2024-04-13 03:45:31.557870   Капчи нет. Идем дальше

2024-04-13 03:45:31.557951   Работа с куками =>

2024-04-13 03:45:31.557964   => не требуется

2024-04-13 03:45:31.557974   Prev. country - 'ae'
2024-04-13 03:45:31.557983   Cur. country - 'ae'
2024-04-13 03:45:31.557992   => Country set to 'ae'

2024-04-13 03:45:31.558001   Prev. language - 'ro'
2024-04-13 03:45:31.558010   Cur. language - 'ro'
2024-04-13 03:45:31.558019   => Language is set to 'ro'

2024-04-13 03:45:31.558027   Prev. role - 'NoAuth'
2024-04-13 03:45:31.558036   Cur. role - 'NoAuth'
2024-04-13 03:45:31.558045   => The 'NoAuth' role is set

2024-04-13 03:45:31.560851   => Current URL - https://capital.com/ro

2024-04-13 03:45:31.560872   => THE END PRECONDITIONS

2024-04-13 03:45:31.561051   1. Arrange_v4
2024-04-13 03:45:31.561069   current_page = https://capital.com/ro
2024-04-13 03:45:31.563540   link = https://capital.com/ro/trade-ripple
2024-04-13 03:45:31.566010   Current page URL = https://capital.com/ro
2024-04-13 03:45:31.568392   self.link = https://capital.com/ro/trade-ripple
2024-04-13 03:45:31.568405   driver.get(https://capital.com/ro/trade-ripple) =>
2024-04-13 03:45:33.425051   => Loaded page https://capital.com/ro/trade-ripple
2024-04-13 03:45:33.432370   MOST_TRADED is present? =>
2024-04-13 03:45:33.440574   => MOST_TRADED widget is present on this page
2024-04-13 03:45:33.440602   => Found 5 elements in block MOST_TRADED
2024-04-13 03:45:33.440615   Most traded widget is scroll =>
2024-04-13 03:45:33.447037   => Most traded widget is scrolled into screen center

2024-04-13 03:45:33.447081   Random indexes = [0]

2024-04-13 03:45:33.447096   Testing Most traded 1 random element with 0 index

2024-04-13 03:45:33.447239   2. Act_v4
2024-04-13 03:45:33.447332   Start Checking that form [Sign up] popped up on the page =>
2024-04-13 03:45:35.006353   '[Sign up]' form was not popped up
2024-04-13 03:45:35.019424   instrument_title = 'Bitcoin to US Dollar'
2024-04-13 03:45:35.024272   Selected Trade button on Most traded widget is scroll =>
2024-04-13 03:45:35.027736   Selected Trade button click for 'Bitcoin to US Dollar' trading instrument =>
2024-04-13 03:45:36.088041   => Selected Trade button clicked!

2024-04-13 03:45:36.088250   3. Assert_Login_v0
2024-04-13 03:45:36.088334   Check that 'Login' form is opened
2024-04-13 03:45:36.284324   'Login' form opened
2024-04-13 03:45:36.284361   Assert LOGIN_REF_SIGNUP =>
2024-04-13 03:45:36.304163   Assert LOGIN_CHECKBOX =>
2024-04-13 03:45:36.363108   Assert LOGIN_PASS_FORGOT =>
2024-04-13 03:45:36.407058   => 'Login' form is checked
2024-04-13 03:45:36.489459   Click 'Close' button on 'Login' form =>
2024-04-13 03:45:36.829696   => Focus moved to 'capital*com' logo
2024-04-13 03:45:36.829739   => 'Login' form closed
