{'width': 1280, 'height': 720}

2024-02-20 22:12:40.989325   worker_id = master

2024-02-20 22:12:40.989342   0. Allure grouping v4


2024-02-20 22:12:40.989541   START PRECONDITIONS =>


2024-02-20 22:12:40.989557   {'width': 1280, 'height': 720}

2024-02-20 22:12:40.990958   Set windows position at (0, 0) =>

2024-02-20 22:12:41.092979   Set resolution 1280 * 720 =>

2024-02-20 22:12:41.195000   => Resolution seted {'width': 1280, 'height': 720}

2024-02-20 22:12:42.244886   Капчи нет. Идем дальше

2024-02-20 22:12:42.244978   Prev. Role: NoReg

2024-02-20 22:12:42.244992   Current role: NoReg

2024-02-20 22:12:43.272866   Капчи нет. Идем дальше

2024-02-20 22:12:43.272958   Prev language: nl

2024-02-20 22:12:43.272972   => Current language: nl

2024-02-20 22:12:44.302685   Капчи нет. Идем дальше

2024-02-20 22:12:44.302777   Prev country: au
2024-02-20 22:12:44.302790   => Current country: au

2024-02-20 22:12:44.302800   => THE END PRECONDITIONS

2024-02-20 22:12:44.302991   START Open "Education" menu, "CFD trading guide" submenu =>

2024-02-20 22:12:44.303006   1. Cur URL = https://capital.com/nl/wat-is-een-optiecontract

2024-02-20 22:12:44.305994   2. Link = https://capital.com/nl
2024-02-20 22:12:44.308546   Current page URL = https://capital.com/nl/wat-is-een-optiecontract
2024-02-20 22:12:45.022317   => Loaded page https://capital.com/nl
2024-02-20 22:12:45.531455   => Education menu is present
2024-02-20 22:12:45.548307   element = <selenium.webdriver.remote.webelement.WebElement (session="72253a6d58123230c25e5acf215c3acf", element="670B022CD68533C46B3AEE765F6E395E_element_3911")>
2024-02-20 22:12:45.548345   => Education menu is visible
2024-02-20 22:12:46.885146   => Focus moved to Education menu

2024-02-20 22:12:48.673628   3. Cur URL = https://capital.com/nl/wat-is-een-optiecontract

2024-02-20 22:12:48.679050   1. Arrange_v0
2024-02-20 22:12:48.681543   BUTTON_CREATE_YOUR_ACCOUNT is located on the page? =>

2024-02-20 22:12:48.691452   2. Act_v0: Define of locator

2024-02-20 22:12:48.691482   2. Act_v0: Go to web element

2024-02-20 22:12:49.736334   2. Act_v0: Click web element
2024-02-20 22:12:49.782874   => BUTTON_CREATE_YOUR_ACCOUNT is clicked

2024-02-20 22:12:49.783092   3. Assert_v0
2024-02-20 22:12:49.783182   Start step Check that [Sign up] form is opened
2024-02-20 22:12:49.958472   'Sign up' form opened
2024-02-20 22:12:49.958513   Assert SIGNUP_HEADER =>
2024-02-20 22:12:49.970868   Assert SIGNUP_REF_LOGIN =>
2024-02-20 22:12:49.982218   Assert SIGNUP_PRIVACY_POLICY_ALL_2 =>
2024-02-20 22:12:49.994831   => SIGNUP_PRIVACY_POLICY_ALL
2024-02-20 22:12:49.994865   => 'Signup' form is checked
2024-02-20 22:12:49.995036   Start step Close [Sign up] form =>
2024-02-20 22:12:50.077409   => 'Signup' form closed
