{'width': 1280, 'height': 800}

2024-05-15 09:25:42.667875   worker_id = master

2024-05-15 09:25:42.667889   0. Allure grouping v4

2024-05-15 09:25:42.668079   START PRECONDITIONS =>

2024-05-15 09:25:42.668095   => URL after prev. preconditions - https://capital.com/nl
2024-05-15 09:25:42.668104   => flag_of_bug - False
2024-05-15 09:25:42.668115   => Current URL - https://capital.com/nl/alibaba-group-holding-limited-aandeelprijs
2024-05-15 09:25:42.673088   Current page URL = https://capital.com/nl/alibaba-group-holding-limited-aandeelprijs
2024-05-15 09:25:42.675503   self.link = https://capital.com/nl
2024-05-15 09:25:42.675516   driver.get(https://capital.com/nl) =>
2024-05-15 09:25:44.376584   => Loaded page https://capital.com/nl

2024-05-15 09:25:44.382778   => Windows size - {'width': 1280, 'height': 800}
2024-05-15 09:25:44.384144   Set windows position at (0, 0) =>
2024-05-15 09:25:44.385742   Set resolution 1280 * 800 =>
2024-05-15 09:25:44.387334   => Windows size is set to {'width': 1280, 'height': 800}

2024-05-15 09:25:45.427382   Капчи нет. Идем дальше

2024-05-15 09:25:45.427486   Работа с куками =>

2024-05-15 09:25:45.427508   => не требуется

2024-05-15 09:25:45.427526   Prev. country - 'de'
2024-05-15 09:25:45.427544   Cur. country - 'de'
2024-05-15 09:25:45.427560   => Country set to 'de'

2024-05-15 09:25:45.427576   Prev. language - 'nl'
2024-05-15 09:25:45.427591   Cur. language - 'nl'
2024-05-15 09:25:45.427607   => Language is set to 'nl'

2024-05-15 09:25:45.427622   Prev. role - 'NoReg'
2024-05-15 09:25:45.427631   Cur. role - 'NoReg'
2024-05-15 09:25:45.427640   => The 'NoReg' role is set

2024-05-15 09:25:45.432111   => Current URL - https://capital.com/nl

2024-05-15 09:25:45.432135   => THE END PRECONDITIONS
Trade instrument from Full test is <pages.Elements.AssertClass.AssertClass object at 0x7fd7f4e64710>

2024-05-15 09:25:45.432430   3. Assert_v0
2024-05-15 09:25:45.432515   Start step Check that [Sign up] form is opened
2024-05-15 09:25:48.514449   'Sign up' form not opened
2024-05-15 09:25:48.514658   Start step Check that new [Sign up] form is opened
2024-05-15 09:25:51.603843   => new 'Sign up' form not opened
2024-05-15 09:25:51.604039   Start method Check that [Sign up] page opened =>
2024-05-15 09:25:52.607978   'Sign up' page not opened
2024-05-15 09:25:52.608183   Check that [Sign up] form on trading platform opened =>
2024-05-15 09:25:55.696998   'Sign up' form on trading platform page not opened

Bug: Bid:01.02.01_010-nl.de.NoReg

2024-05-15 09:25:55.697109   Проверка бага в таблице ретеста  =>

2024-05-15 09:25:56.628427   4. Fixing one row check results into Google Sheet Bugs Report =>
1 cells updated.
2024-05-15 09:25:57.336903   => 4. One row check results into Google Sheet Bugs Report fixed

2024-05-15 09:26:03.725964   4. Fixing one row check results into Google Sheet Bugs Report =>
1 cells updated.
2024-05-15 09:26:04.267870   => 4. One row check results into Google Sheet Bugs Report fixed

2024-05-15 09:26:04.268090   4. Fixing one row check results into Google Sheet Bugs Report =>
1 cells updated.
2024-05-15 09:26:05.129897   => 4. One row check results into Google Sheet Bugs Report fixed

2024-05-15 09:26:05.129971   Баг Bid:01.02.01_010-nl.de.NoReg уже существует, но у него изменился тип с  на 04

2024-05-15 09:26:05.130143   4. Fixing one row check results into Google Sheet Bugs Report =>
1 cells updated.
2024-05-15 09:26:05.456146   => 4. One row check results into Google Sheet Bugs Report fixed

2024-05-15 09:26:05.458042   Баг Bid:01.02.01_010-nl.de.NoReg-04 обнаружен ранее и уже находится в 'Bugs Report Auto detect'
