


Current sorting - Most traded
{'width': 1280, 'height': 800}

2024-05-15 09:51:15.164471   worker_id = master

2024-05-15 09:51:15.164485   0. Allure grouping v4

2024-05-15 09:51:15.164674   START PRECONDITIONS =>

2024-05-15 09:51:15.164690   => URL after prev. preconditions - https://capital.com/nl
2024-05-15 09:51:15.164700   => flag_of_bug - True
2024-05-15 09:51:15.164711   => Current URL - https://capital.com/nl/grootste-indexen-wereldwijd?t=volatile
2024-05-15 09:51:15.170197   Current page URL = https://capital.com/nl/grootste-indexen-wereldwijd?t=volatile
2024-05-15 09:51:15.172733   self.link = https://capital.com/nl
2024-05-15 09:51:15.172747   driver.get(https://capital.com/nl) =>
2024-05-15 09:51:16.955845   => Loaded page https://capital.com/nl

2024-05-15 09:51:16.960169   => Windows size - {'width': 1280, 'height': 800}
2024-05-15 09:51:16.961519   Set windows position at (0, 0) =>
2024-05-15 09:51:16.963129   Set resolution 1280 * 800 =>
2024-05-15 09:51:16.964829   => Windows size is set to {'width': 1280, 'height': 800}

2024-05-15 09:51:18.004140   Капчи нет. Идем дальше

2024-05-15 09:51:18.004230   Работа с куками =>

2024-05-15 09:51:18.004244   => не требуется

2024-05-15 09:51:18.004253   Prev. country - 'de'
2024-05-15 09:51:18.004263   Cur. country - 'de'
2024-05-15 09:51:18.004272   => Country set to 'de'

2024-05-15 09:51:18.004281   Prev. language - 'nl'
2024-05-15 09:51:18.004290   Cur. language - 'nl'
2024-05-15 09:51:18.004298   => Language is set to 'nl'

2024-05-15 09:51:18.004307   Prev. role - 'NoReg'
2024-05-15 09:51:18.004316   Cur. role - 'NoReg'
2024-05-15 09:51:18.004324   => The 'NoReg' role is set

2024-05-15 09:51:18.007081   => Current URL - https://capital.com/nl

2024-05-15 09:51:18.007104   => THE END PRECONDITIONS

2024-05-15 09:51:18.007321   START Open "Markets" menu, "Indices" submenu =>

2024-05-15 09:51:18.007340   1. Cur URL = https://capital.com/nl

2024-05-15 09:51:18.009849   2. Link = https://capital.com/nl
2024-05-15 09:51:18.009864   current_page = https://capital.com/nl
2024-05-15 09:51:18.012467   link = https://capital.com/nl
2024-05-15 09:51:18.522672   => 'Markets' menu is present
2024-05-15 09:51:18.537714   => 'Markets' menu is visible
2024-05-15 09:51:19.821565   => Focus moved to 'Markets' menu


2024-05-15 09:51:21.265040   => 'Indices' submenu clicked
2024-05-15 09:51:21.554120   => Focus moved to 'capital*com' logo

2024-05-15 09:51:21.554161   3. Cur URL = https://capital.com/nl/grootste-indexen-wereldwijd

2024-05-15 09:51:21.559774   1. Arrange for Trading instrument table and "Most traded" cur_sort
2024-05-15 09:51:21.559800   current_page = https://capital.com/nl/grootste-indexen-wereldwijd
2024-05-15 09:51:21.562370   link = https://capital.com/nl/grootste-indexen-wereldwijd
2024-05-15 09:51:21.564858   IS TABLE_TRADING_INSTRUMENTS  present on the  page? =>
2024-05-15 09:51:21.570660   => TABLE_TRADING_INSTRUMENTS is present on the page!
2024-05-15 09:51:21.570683   IS FIELD_DROPDOWN_SORT present in the table? =>
2024-05-15 09:51:21.575318   =>  FIELD_DROPDOWN_SORT is present in the table!
2024-05-15 09:51:21.575340   Start scroll and click FIELD_DROPDOWN_SORT =>
2024-05-15 09:51:21.671311   Is item_sort_list visible on the FIELD_DROPDOWN_SORT ? =>
2024-05-15 09:51:21.725804   => item_sort_list is visible on the FIELD_DROPDOWN_SORT!
2024-05-15 09:51:21.725842   Is cur_sort "Most traded" present in item_sort_list? =>
2024-05-15 09:51:21.736388   => cur_sort "Most traded" is present in item_sort_list!
2024-05-15 09:51:21.736438   Start click cur_sort "Most traded" =>
2024-05-15 09:51:22.936157   => End Click cur_sort "Most traded"

2024-05-15 09:51:22.936208   Buttons [Buy] is visible and quantity buttons not zero? =>
2024-05-15 09:51:22.969931   => Buttons [Buy] is visible and quantity buttons not zero!

2024-05-15 09:51:22.969967   Start find two random buttons [Buy] on cur_sort "Most traded"=>
2024-05-15 09:51:22.975772   => End find 1 random buttons [Buy] on the cur_sort "Most traded"


2024-05-15 09:51:22.975803   Item_list = [8]
2024-05-15 09:51:22.975993   Start Checking that form [Sign up] popped up on the page =>
2024-05-15 09:51:24.513609   '[Sign up]' form was not popped up
2024-05-15 09:51:24.513812   2. Act for trading instrument and "Most traded" cur_sort
2024-05-15 09:51:24.531253   Start click button [Buy] =>
2024-05-15 09:51:24.541573   =>   BUTTON_BUY on item with ID = 6810413677172050
2024-05-15 09:51:24.541596   BUTTON_BUY on item with ID = '6810413677172050' scroll into view =>
2024-05-15 09:51:24.544767   => BUTTON_SELL on item with ID = '6810413677172050' scrolled into view
2024-05-15 09:51:24.544790   Check that BUTTON_BUY with item FR40 clickable =>
2024-05-15 09:51:24.703949   => BUTTON_BUY is clickable
2024-05-15 09:51:25.479358   =>   BUTTON_BUY with item FR40 clicked

2024-05-15 09:51:25.479602   3. Assert_v0
2024-05-15 09:51:25.479700   Start step Check that [Sign up] form is opened
2024-05-15 09:51:28.561304   'Sign up' form not opened
2024-05-15 09:51:28.561498   Start step Check that new [Sign up] form is opened
2024-05-15 09:51:31.649685   => new 'Sign up' form not opened
2024-05-15 09:51:31.649882   Start method Check that [Sign up] page opened =>
2024-05-15 09:51:32.654819   'Sign up' page not opened
2024-05-15 09:51:32.655029   Check that [Sign up] form on trading platform opened =>
2024-05-15 09:51:35.753916   'Sign up' form on trading platform page not opened

Bug: 

2024-05-15 09:51:35.754005   Проверка бага в таблице ретеста  =>

2024-05-15 09:51:35.756782  Для бага: Bid-04 необходимо использовать проверку на ретест!!!
