{'width': 1280, 'height': 720}

2024-02-06 00:53:36.283804   worker_id = master

2024-02-06 00:53:36.283821   0. Allure grouping v4


2024-02-06 00:53:36.283988   START PRECONDITIONS =>


2024-02-06 00:53:36.284003   {'width': 1280, 'height': 720}

2024-02-06 00:53:36.286991   Set windows position at (0, 0) =>

2024-02-06 00:53:36.390309   Set resolution 1280 * 720 =>

2024-02-06 00:53:36.496486   => Resolution seted {'width': 1280, 'height': 720}

2024-02-06 00:53:37.541018   Капчи нет. Идем дальше

2024-02-06 00:53:37.541110   Prev. Role: Auth

2024-02-06 00:53:37.541122   Current role: Auth

2024-02-06 00:53:38.578634   Капчи нет. Идем дальше

2024-02-06 00:53:38.578732   Prev language: de

2024-02-06 00:53:38.578747   => Current language: de

2024-02-06 00:53:39.604524   Капчи нет. Идем дальше

2024-02-06 00:53:39.604607   Prev country: gb
2024-02-06 00:53:39.604619   => Current country: gb

2024-02-06 00:53:39.604628   => THE END PRECONDITIONS

2024-02-06 00:53:39.604658   1. Arrange
2024-02-06 00:53:39.614056   BUTTON_ON_VER_BANNER is present? =>
2024-02-06 00:53:39.629472   => BUTTON_ON_VER_BANNER is present on the page!
2024-02-06 00:53:39.629517   BUTTON_ON_VER_BANNER scroll =>
2024-02-06 00:53:39.653973   BUTTON_ON_VER_BANNER is visible? =>
2024-02-06 00:53:39.819957   => BUTTON_ON_VER_BANNER is visible on the page!
2024-02-06 00:53:39.820126   Start Checking that form [Sign up] popped up on the page =>
2024-02-06 00:53:41.376066   '[Sign up]' form was not popped up

2024-02-06 00:53:41.376249   2. Act
2024-02-06 00:54:15.380085   => BUTTON_ON_VER_BANNER clicked!
2024-02-06 00:54:15.380190   For Vertical banner [type-id=168] Trading platform should be open in Demo Mode =>

2024-02-06 00:54:15.380342   3. Assert_v4
2024-02-06 00:54:15.380432   Checking that the trading platform page has opened (v4) =>
2024-02-06 00:54:18.241489   => Current page title: Trading Platform | Capital.com
2024-02-06 00:54:18.241719   Checking that the Trading platform LOGO is present on the page =>
2024-02-06 00:54:18.636522   Checking that the Trading platform opened in DEMO mode =>
2024-02-06 00:54:18.728104   => The page with https://capital.com/trading/platform/ url was opened in DEMO mode
2024-02-06 00:54:18.728150   Current page URL = https://capital.com/trading/platform/
2024-02-06 00:54:22.610004   => Loaded page https://capital.com/de/trade-asx-200
