


Current test role - NoReg
{'width': 1280, 'height': 720}

2024-02-06 01:42:30.267139   worker_id = master

2024-02-06 01:42:30.267152   0. Allure grouping v4


2024-02-06 01:42:30.267311   START PRECONDITIONS =>


2024-02-06 01:42:30.267326   {'width': 1280, 'height': 720}

2024-02-06 01:42:30.268564   Set windows position at (0, 0) =>

2024-02-06 01:42:30.370856   Set resolution 1280 * 720 =>

2024-02-06 01:42:30.473304   => Resolution seted {'width': 1280, 'height': 720}

2024-02-06 01:42:31.510633   Капчи нет. Идем дальше

2024-02-06 01:42:31.510720   Prev. Role: NoAuth

2024-02-06 01:42:31.510733   Run preconditions: set NoReg Role =>
2024-02-06 01:42:31.510743   Current page URL = https://capital.com/de/trading-strategien-leitfaden
2024-02-06 01:42:32.390316   => Loaded page https://capital.com/en-gb

2024-02-06 01:42:32.688905   => All cookies are deleted
2024-02-06 01:42:32.688954   Current page URL = https://capital.com/en-gb
2024-02-06 01:42:33.362831   => Loaded page https://capital.com/

2024-02-06 01:42:33.366158   Step 'Click button [Accept all cookies]'
2024-02-06 01:42:34.393486   Is Visible Button [Accept all cookies]? =>
2024-02-06 01:42:37.485742   => Button [Accept all cookies] is visible
2024-02-06 01:42:37.985864   Is clickable Button [Accept all cookies] =>
2024-02-06 01:42:38.005049   => Button [Accept all cookies] is clickable
2024-02-06 01:42:38.005088   Click Button [Accept all cookies] =>
2024-02-06 01:42:38.073129   => Button [Accept all cookies] is clicked
2024-02-06 01:42:38.073186   => Accepted All Cookies

2024-02-06 01:42:38.573361   Current role: NoReg

2024-02-06 01:42:39.611756   Капчи нет. Идем дальше

2024-02-06 01:42:39.611845   Prev language: ?

2024-02-06 01:42:39.611857   Run preconditions: set de language =>


2024-02-06 01:42:39.619660   => Language and Country menu is present


2024-02-06 01:42:39.632743   => Language and Country menu is visible


2024-02-06 01:42:40.909626   => Focus is moved on Language and Country menu 
2024-02-06 01:42:40.918378   Move focus on de item and click =>
2024-02-06 01:42:42.322616   => Focus moved on de item and clicked
2024-02-06 01:42:42.322663   => Cur url = https://capital.com/de

2024-02-06 01:42:42.388006   => Current language: de

2024-02-06 01:42:43.413846   Капчи нет. Идем дальше

2024-02-06 01:42:43.413936   Prev country: ?
2024-02-06 01:42:43.413949   Run preconditions: set "gb" country =>


2024-02-06 01:42:43.419066   => Language and Country menu is present


2024-02-06 01:42:43.432710   => Language and Country menu is visible


2024-02-06 01:42:44.699275   => Focus is moved on Language and Country menu 
2024-02-06 01:42:46.977811   => Cur url = https://capital.com/de?country=gb
2024-02-06 01:42:47.124959   => Current country: gb

2024-02-06 01:42:47.124990   => THE END PRECONDITIONS
2024-02-06 01:42:47.631272   => Education menu is present
2024-02-06 01:42:47.647806   element = <selenium.webdriver.remote.webelement.WebElement (session="2ff3afe1135986ae5d4dd4172aaa3323", element="AC4C6332D0A069FAAD129C621AC328AD_element_1079")>
2024-02-06 01:42:47.647845   => Education menu is visible
2024-02-06 01:42:48.924899   => Focus moved to Education menu

2024-02-06 01:42:50.294922   1. Arrange_v0
2024-02-06 01:42:50.305142   BUTTON_START_TRADING scroll =>
2024-02-06 01:42:50.309647   BUTTON_START_TRADING is visible? =>
2024-02-06 01:42:50.325867   => BUTTON_START_TRADING is visible on the page!

2024-02-06 01:42:50.326029   2. Act_v0
2024-02-06 01:42:50.326043   Start Click button [Start Trading] =>
2024-02-06 01:42:50.331078   BUTTON_START_TRADING is clickable? =>
2024-02-06 01:42:50.346199   BUTTON_START_TRADING click =>
2024-02-06 01:42:50.386607   => BUTTON_START_TRADING clicked

2024-02-06 01:42:50.386866   3. Assert_v0
2024-02-06 01:42:50.386961   Start step Check that [Sign up] form is opened
2024-02-06 01:42:50.618696   'Sign up' form opened
2024-02-06 01:42:50.618745   Assert SIGNUP_HEADER =>
2024-02-06 01:42:50.682219   Assert SIGNUP_REF_LOGIN =>
2024-02-06 01:42:50.695998   Assert SIGNUP_PRIVACY_POLICY_ALL_2 =>
2024-02-06 01:42:50.710313   => SIGNUP_PRIVACY_POLICY_ALL
2024-02-06 01:42:50.710358   => 'Signup' form is checked
2024-02-06 01:42:50.710568   Start step Close [Sign up] form =>
2024-02-06 01:42:50.767711   => 'Signup' form closed
