


Current language - ('Germany 40', 'US Tech 100')
{'width': 1920, 'height': 1080}

2025-03-11 22:41:11.425977   worker_id = master

2025-03-11 22:41:11.425988   0. Allure grouping for US_55


2025-03-11 22:41:11.426193   START PRECONDITIONS =>

2025-03-11 22:41:11.426208   => URL after prev. preconditions - https://capital.com/en-gb
2025-03-11 22:41:11.426214   => flag_of_bug - True
2025-03-11 22:41:11.426222   => Current URL - https://capital.com/en-eu
2025-03-11 22:41:11.432759   Current page URL = https://capital.com/en-eu
2025-03-11 22:41:11.435338   self.link = https://capital.com/en-gb
2025-03-11 22:41:11.435348   driver.get(https://capital.com/en-gb) =>
2025-03-11 22:41:13.831038   => Loaded page https://capital.com/en-gb

2025-03-11 22:41:13.837580   => Windows size: {'width': 1920, 'height': 1080}

2025-03-11 22:41:13.838937   Set windows position at (0, 0) =>

2025-03-11 22:41:13.840631   Set resolution 1920 * 1080 =>

2025-03-11 22:41:13.842289   => Resolution set {'width': 1920, 'height': 1080}

2025-03-11 22:41:13.843619   Работа с куками =>
2025-03-11 22:41:13.843630   Prev. role - 'NoReg'
2025-03-11 22:41:13.843636   Current testing role - 'Auth'

2025-03-11 22:41:13.843641   All cookies must be delete =>
2025-03-11 22:41:13.907452   => All cookies are deleted
2025-03-11 22:41:13.907488   Current page URL = https://capital.com/en-gb
2025-03-11 22:41:13.912981   self.link = https://capital.com/en-gb
2025-03-11 22:41:13.912991   driver.get(https://capital.com/en-gb) =>
2025-03-11 22:41:16.271633   => Loaded page https://capital.com/en-gb

2025-03-11 22:41:16.278057   Step 'Click button [Accept all cookies]'
2025-03-11 22:41:16.278065   Is Visible Button [Accept all cookies]? =>
2025-03-11 22:41:17.494508   => Button [Accept all cookies] is visible
2025-03-11 22:41:17.994653   Is clickable Button [Accept all cookies] =>
2025-03-11 22:41:18.011436   => Button [Accept all cookies] is clickable
2025-03-11 22:41:18.011459   Click Button [Accept all cookies] =>
2025-03-11 22:41:18.270347   => Button [Accept all cookies] is clicked
2025-03-11 22:41:18.270384   => Accepted All Cookies

2025-03-11 22:41:18.770489   Prev. role - 'NoReg'
2025-03-11 22:41:18.770546   Cur. role - 'Auth'

2025-03-11 22:41:18.770771   Start Authorization
2025-03-11 22:41:18.895056   => 'Login' form is opened
2025-03-11 22:41:19.131713   => "login" and "password" are inputted
2025-03-11 22:41:19.131748   Click [Continue] button on [Login] form =>
2025-03-11 22:41:19.221586   => [Continue] button on [Login] form is clicked
2025-03-11 22:41:19.221634   Set timeout = 30
2025-03-11 22:41:20.593277   => Page with 'Trading Platform | Capital.com' title opened

2025-03-11 22:41:20.593338   2. Checking that the LOGO is present on the page =>
2025-03-11 22:41:21.664124   => 'capital*com' logo is present on the current page

2025-03-11 22:41:22.115051   => The 'Auth' role is set

2025-03-11 22:41:22.115123   Prev. language: ?
2025-03-11 22:41:22.115142   Cur. language - 'en'

2025-03-11 22:41:22.115157   Prev. country: ?
2025-03-11 22:41:22.115169   Cur. country: de

2025-03-11 22:41:22.115362   Set "en" language and "de" country =>
2025-03-11 22:41:22.115387   Current page URL = https://capital.com/en-gb
2025-03-11 22:41:22.152882   self.link = https://capital.com/en-eu
2025-03-11 22:41:22.152904   driver.get(https://capital.com/en-eu) =>
2025-03-11 22:41:24.534942   => Loaded page https://capital.com/en-eu
2025-03-11 22:41:24.541312   => Language is set to 'en'
2025-03-11 22:41:24.541328   => Country is set to 'de'
2025-03-11 22:41:24.541337   => Current URL - https://capital.com/en-eu

2025-03-11 22:41:24.546359   => Current URL - https://capital.com/en-eu

2025-03-11 22:41:24.546388   => END PRECONDITIONS

2025-03-11 22:41:24.546616   START Open "Markets" menu, "CFD Calculator" submenu =>

2025-03-11 22:41:24.546639   1. Cur URL = https://capital.com/en-eu

2025-03-11 22:41:24.551404   2. Link = https://capital.com/en-eu
2025-03-11 22:41:24.551419   current_page = https://capital.com/en-eu
2025-03-11 22:41:24.554203   link = https://capital.com/en-eu
2025-03-11 22:41:30.099650   => 'Markets' menu not present
