


Current country - de
{'width': 1920, 'height': 1080}

2025-03-11 22:40:14.858878   worker_id = master

2025-03-11 22:40:14.858888   0. Allure grouping for US_55


2025-03-11 22:40:14.859061   START PRECONDITIONS =>

2025-03-11 22:40:14.859094   => URL after prev. preconditions - https://capital.com/en-gb
2025-03-11 22:40:14.859110   => flag_of_bug - True
2025-03-11 22:40:14.859119   => Current URL - https://capital.com/en-eu
2025-03-11 22:40:14.864481   Current page URL = https://capital.com/en-eu
2025-03-11 22:40:14.867909   self.link = https://capital.com/en-gb
2025-03-11 22:40:14.867919   driver.get(https://capital.com/en-gb) =>
2025-03-11 22:40:17.262269   => Loaded page https://capital.com/en-gb

2025-03-11 22:40:17.270943   => Windows size: {'width': 1920, 'height': 1080}

2025-03-11 22:40:17.272380   Set windows position at (0, 0) =>

2025-03-11 22:40:17.274026   Set resolution 1920 * 1080 =>

2025-03-11 22:40:17.275687   => Resolution set {'width': 1920, 'height': 1080}

2025-03-11 22:40:17.277016   Работа с куками =>
2025-03-11 22:40:17.277027   Prev. role - 'NoReg'
2025-03-11 22:40:17.277033   Current testing role - 'Auth'

2025-03-11 22:40:17.277039   All cookies must be delete =>
2025-03-11 22:40:17.336147   => All cookies are deleted
2025-03-11 22:40:17.336172   Current page URL = https://capital.com/en-gb
2025-03-11 22:40:17.338762   self.link = https://capital.com/en-gb
2025-03-11 22:40:17.338772   driver.get(https://capital.com/en-gb) =>
2025-03-11 22:40:19.690051   => Loaded page https://capital.com/en-gb

2025-03-11 22:40:19.696714   Step 'Click button [Accept all cookies]'
2025-03-11 22:40:19.696722   Is Visible Button [Accept all cookies]? =>
2025-03-11 22:40:20.983833   => Button [Accept all cookies] is visible
2025-03-11 22:40:21.483959   Is clickable Button [Accept all cookies] =>
2025-03-11 22:40:21.499639   => Button [Accept all cookies] is clickable
2025-03-11 22:40:21.499664   Click Button [Accept all cookies] =>
2025-03-11 22:40:21.714606   => Button [Accept all cookies] is clicked
2025-03-11 22:40:21.714646   => Accepted All Cookies

2025-03-11 22:40:22.214748   Prev. role - 'NoReg'
2025-03-11 22:40:22.214806   Cur. role - 'Auth'

2025-03-11 22:40:22.215022   Start Authorization
2025-03-11 22:40:22.354214   => 'Login' form is opened
2025-03-11 22:40:22.629161   => "login" and "password" are inputted
2025-03-11 22:40:22.629200   Click [Continue] button on [Login] form =>
2025-03-11 22:40:22.714145   => [Continue] button on [Login] form is clicked
2025-03-11 22:40:22.714185   Set timeout = 30
2025-03-11 22:40:24.165559   => Page with 'Trading Platform | Capital.com' title opened

2025-03-11 22:40:24.165623   2. Checking that the LOGO is present on the page =>
2025-03-11 22:40:25.157179   => 'capital*com' logo is present on the current page

2025-03-11 22:40:25.552351   => The 'Auth' role is set

2025-03-11 22:40:25.552400   Prev. language: ?
2025-03-11 22:40:25.552412   Cur. language - 'en'

2025-03-11 22:40:25.552421   Prev. country: ?
2025-03-11 22:40:25.552430   Cur. country: de

2025-03-11 22:40:25.552598   Set "en" language and "de" country =>
2025-03-11 22:40:25.552615   Current page URL = https://capital.com/en-gb
2025-03-11 22:40:25.604791   self.link = https://capital.com/en-eu
2025-03-11 22:40:25.604811   driver.get(https://capital.com/en-eu) =>
2025-03-11 22:40:27.958629   => Loaded page https://capital.com/en-eu
2025-03-11 22:40:27.965395   => Language is set to 'en'
2025-03-11 22:40:27.965414   => Country is set to 'de'
2025-03-11 22:40:27.965425   => Current URL - https://capital.com/en-eu

2025-03-11 22:40:27.972262   => Current URL - https://capital.com/en-eu

2025-03-11 22:40:27.972281   => END PRECONDITIONS

2025-03-11 22:40:27.972455   START Open "News and Analysis" menu, "Market analysis" submenu =>

2025-03-11 22:40:27.972466   1. Cur URL = https://capital.com/en-eu

2025-03-11 22:40:27.975019   2. Link = https://capital.com/en-eu
2025-03-11 22:40:27.975032   current_page = https://capital.com/en-eu
2025-03-11 22:40:27.977535   link = https://capital.com/en-eu
2025-03-11 22:40:33.517412   => 'News and Analysis' menu not present
