{'width': 1280, 'height': 800}

2024-05-15 15:40:25.116601   worker_id = master

2024-05-15 15:40:25.116616   0. Allure grouping v4

2024-05-15 15:40:25.116925   START PRECONDITIONS =>

2024-05-15 15:40:25.116951   => URL after prev. preconditions - https://capital.com/ro
2024-05-15 15:40:25.116968   => flag_of_bug - False
2024-05-15 15:40:25.116987   => Current URL - https://capital.com/ro

2024-05-15 15:40:25.142763   => Windows size - {'width': 1280, 'height': 800}
2024-05-15 15:40:25.144157   Set windows position at (0, 0) =>
2024-05-15 15:40:25.145796   Set resolution 1280 * 800 =>
2024-05-15 15:40:25.147376   => Windows size is set to {'width': 1280, 'height': 800}

2024-05-15 15:40:26.173445   Капчи нет. Идем дальше

2024-05-15 15:40:26.173540   Работа с куками =>

2024-05-15 15:40:26.173554   => не требуется

2024-05-15 15:40:26.173564   Prev. country - 'au'
2024-05-15 15:40:26.173574   Cur. country - 'au'
2024-05-15 15:40:26.173583   => Country set to 'au'

2024-05-15 15:40:26.173592   Prev. language - 'ro'
2024-05-15 15:40:26.173601   Cur. language - 'ro'
2024-05-15 15:40:26.173610   => Language is set to 'ro'

2024-05-15 15:40:26.173619   Prev. role - 'Auth'
2024-05-15 15:40:26.173628   Cur. role - 'Auth'
2024-05-15 15:40:26.173637   => The 'Auth' role is set

2024-05-15 15:40:26.176474   => Current URL - https://capital.com/ro

2024-05-15 15:40:26.176497   => THE END PRECONDITIONS

2024-05-15 15:40:26.176546   1. Arrange for 'Trade CFDs on Capital.com via TradingView' block
2024-05-15 15:40:26.176561   current_page = https://capital.com/ro
2024-05-15 15:40:26.179029   link = https://capital.com/ro

2024-05-15 15:40:26.181504   IS 'Trade CFDs on Capital.com via TradingView' block present on this page? =>
2024-05-15 15:40:26.192442   => 'Trade CFDs on Capital.com via TradingView' block present on this page!

2024-05-15 15:40:26.204170   IS 'Trade CFDs on Capital.com via TradingView' block visible on this page? =>
2024-05-15 15:40:26.221635   => 'Trade CFDs on Capital.com via TradingView' block is visible on this page!

2024-05-15 15:40:26.221679   IS [Explore features] button present on this page? =>
2024-05-15 15:40:26.260032   => [Explore features] button present on this page!

2024-05-15 15:40:26.277669   IS [Explore features] button visible on this page? =>
2024-05-15 15:40:26.305052   => [Explore features] button is visible on this page!
2024-05-15 15:40:26.305317   2. Act for [Explore features] button on 'Trade CFDs on Capital.com via TradingView' block 
2024-05-15 15:40:26.305337   Start Click [Explore features] button =>
2024-05-15 15:40:26.432776   => [Explore features] button clicked!


2024-05-15 15:40:27.638403   3. Assert_v0
2024-05-15 15:40:27.638584   Checking that the TradingView page has opened =>
2024-05-15 15:40:27.642143   => TradingView page has opened


2024-05-15 15:40:27.642263   Checking that the page has expected title =>
2024-05-15 15:40:27.645152   The title of current page is 'Capital.com — Reviews and Terms — TradingView'
2024-05-15 15:40:27.645176   The expected title is 'Capital.com'
2024-05-15 15:40:27.647534   => The page has expected title.

2024-05-15 15:40:27.647700   Checking that the TradingView site has expected app title =>
2024-05-15 15:40:27.668394   The app title of current page is 'Capital.com'
2024-05-15 15:40:27.668436   The expected app title is 'Capital.com'
2024-05-15 15:40:27.671057   => The app title has expected title.

