{'width': 1280, 'height': 800}

2024-05-15 16:35:30.091645   worker_id = master

2024-05-15 16:35:30.091686   0. Allure grouping v4

2024-05-15 16:35:30.091880   START PRECONDITIONS =>

2024-05-15 16:35:30.091896   => URL after prev. preconditions - https://capital.com/ro
2024-05-15 16:35:30.091906   => flag_of_bug - False
2024-05-15 16:35:30.091916   => Current URL - https://capital.com/ro/usd-jpy-rata
2024-05-15 16:35:30.096946   Current page URL = https://capital.com/ro/usd-jpy-rata
2024-05-15 16:35:30.099361   self.link = https://capital.com/ro
2024-05-15 16:35:30.099374   driver.get(https://capital.com/ro) =>
2024-05-15 16:35:31.840250   => Loaded page https://capital.com/ro

2024-05-15 16:35:31.844931   => Windows size - {'width': 1280, 'height': 800}
2024-05-15 16:35:31.846398   Set windows position at (0, 0) =>
2024-05-15 16:35:31.848172   Set resolution 1280 * 800 =>
2024-05-15 16:35:31.849865   => Windows size is set to {'width': 1280, 'height': 800}

2024-05-15 16:35:32.905518   Капчи нет. Идем дальше

2024-05-15 16:35:32.905612   Работа с куками =>

2024-05-15 16:35:32.905627   => не требуется

2024-05-15 16:35:32.905637   Prev. country - 'au'
2024-05-15 16:35:32.905646   Cur. country - 'au'
2024-05-15 16:35:32.905655   => Country set to 'au'

2024-05-15 16:35:32.905664   Prev. language - 'ro'
2024-05-15 16:35:32.905673   Cur. language - 'ro'
2024-05-15 16:35:32.905681   => Language is set to 'ro'

2024-05-15 16:35:32.905690   Prev. role - 'NoReg'
2024-05-15 16:35:32.905699   Cur. role - 'NoReg'
2024-05-15 16:35:32.905707   => The 'NoReg' role is set

2024-05-15 16:35:32.908610   => Current URL - https://capital.com/ro

2024-05-15 16:35:32.908634   => THE END PRECONDITIONS

2024-05-15 16:35:32.908831   1. Arrange_v0
2024-05-15 16:35:32.908850   current_page = https://capital.com/ro
2024-05-15 16:35:32.911463   link = https://capital.com/ro/usd-jpy-rata
2024-05-15 16:35:32.914078   Current page URL = https://capital.com/ro
2024-05-15 16:35:32.916738   self.link = https://capital.com/ro/usd-jpy-rata
2024-05-15 16:35:32.916757   driver.get(https://capital.com/ro/usd-jpy-rata) =>
2024-05-15 16:35:34.596422   => Loaded page https://capital.com/ro/usd-jpy-rata
2024-05-15 16:35:34.612381   Is button BUTTON_VIEW_DETAILED_CHART present on the page? =>
2024-05-15 16:35:34.612416   => BUTTON_VIEW_DETAILED_CHART is present on the page
2024-05-15 16:35:34.612426   BUTTON_VIEW_DETAILED_CHART scroll =>
2024-05-15 16:35:34.616247   => BUTTON_VIEW_DETAILED_CHART scrolled
2024-05-15 16:35:34.616433   Start Checking that form [Sign up] popped up on the page =>
2024-05-15 16:35:36.148384   '[Sign up]' form was not popped up

2024-05-15 16:35:36.148567   2. Act_v0
2024-05-15 16:35:36.148583   Start Click button [View Detailed Chart] =>
2024-05-15 16:35:36.164942   BUTTON_VIEW_DETAILED_CHART is clickable =>
2024-05-15 16:35:36.198624 => BUTTON_VIEW_DETAILED_CHART clicked

2024-05-15 16:35:36.198932   3. Assert_v0
2024-05-15 16:35:36.199061   Start step Check that [Sign up] form is opened
2024-05-15 16:35:36.470518   'Sign up' form opened
2024-05-15 16:35:36.470569   Assert SIGNUP_HEADER =>
2024-05-15 16:35:36.480899   Assert SIGNUP_REF_LOGIN =>
2024-05-15 16:35:36.493696   Assert SIGNUP_PRIVACY_POLICY_ALL_2 =>
2024-05-15 16:35:36.505469   => SIGNUP_PRIVACY_POLICY_ALL
2024-05-15 16:35:36.505516   => 'Signup' form is checked
2024-05-15 16:35:36.505741   Start step Close [Sign up] form =>
2024-05-15 16:35:36.563602   => 'Signup' form closed
2024-05-15 16:35:36.868575   => Focus moved to 'capital*com' logo
