{'width': 1280, 'height': 800}

2024-05-15 16:36:24.306692   worker_id = master

2024-05-15 16:36:24.306705   0. Allure grouping v4

2024-05-15 16:36:24.306882   START PRECONDITIONS =>

2024-05-15 16:36:24.306897   => URL after prev. preconditions - https://capital.com/ro
2024-05-15 16:36:24.306907   => flag_of_bug - False
2024-05-15 16:36:24.306918   => Current URL - https://capital.com/ro/usd-jpy-rata
2024-05-15 16:36:24.311898   Current page URL = https://capital.com/ro/usd-jpy-rata
2024-05-15 16:36:24.314305   self.link = https://capital.com/ro
2024-05-15 16:36:24.314319   driver.get(https://capital.com/ro) =>
2024-05-15 16:36:26.082244   => Loaded page https://capital.com/ro

2024-05-15 16:36:26.086569   => Windows size - {'width': 1280, 'height': 800}
2024-05-15 16:36:26.087939   Set windows position at (0, 0) =>
2024-05-15 16:36:26.089512   Set resolution 1280 * 800 =>
2024-05-15 16:36:26.091066   => Windows size is set to {'width': 1280, 'height': 800}

2024-05-15 16:36:27.140412   Капчи нет. Идем дальше

2024-05-15 16:36:27.140504   Работа с куками =>

2024-05-15 16:36:27.140520   => не требуется

2024-05-15 16:36:27.140530   Prev. country - 'au'
2024-05-15 16:36:27.140539   Cur. country - 'au'
2024-05-15 16:36:27.140548   => Country set to 'au'

2024-05-15 16:36:27.140557   Prev. language - 'ro'
2024-05-15 16:36:27.140565   Cur. language - 'ro'
2024-05-15 16:36:27.140574   => Language is set to 'ro'

2024-05-15 16:36:27.140583   Prev. role - 'NoReg'
2024-05-15 16:36:27.140592   Cur. role - 'NoReg'
2024-05-15 16:36:27.140600   => The 'NoReg' role is set

2024-05-15 16:36:27.143365   => Current URL - https://capital.com/ro

2024-05-15 16:36:27.143389   => THE END PRECONDITIONS

2024-05-15 16:36:27.143593 1.Arrange_v0
2024-05-15 16:36:27.143611   current_page = https://capital.com/ro
2024-05-15 16:36:27.146220   link = https://capital.com/ro/usd-jpy-rata
2024-05-15 16:36:27.151845   Current page URL = https://capital.com/ro
2024-05-15 16:36:27.154440   self.link = https://capital.com/ro/usd-jpy-rata
2024-05-15 16:36:27.154455   driver.get(https://capital.com/ro/usd-jpy-rata) =>
2024-05-15 16:36:28.850455   => Loaded page https://capital.com/ro/usd-jpy-rata
2024-05-15 16:36:28.854982 BUTTON_NOTIFICATION is located on the page? =>
2024-05-15 16:36:28.863684   Is BUTTON_NOTIFICATION present on the page? =>
2024-05-15 16:36:28.863715 => BUTTON_NOTIFICATION is present on the page
2024-05-15 16:36:28.863725   [Notification] button scroll =>
2024-05-15 16:36:28.869941   Start Checking that form [Sign up] popped up on the page =>
2024-05-15 16:36:30.422542   '[Sign up]' form was not popped up

2024-05-15 16:36:30.422749   2. Act_v0
2024-05-15 16:36:30.422766   Start Click 'Notification' button =>
2024-05-15 16:36:30.456644 BUTTON_NOTIFICATION is clickable =>
2024-05-15 16:36:30.496288 => BUTTON_NOTIFICATION clicked
Trade instrument from Full test is Comerț US Dollar / Japanese Yen CFD
Test element is <pages.Elements.AssertClass.AssertClass object at 0x7fedc99fdca0>

2024-05-15 16:36:30.496548   3. Assert_v0
2024-05-15 16:36:30.496646   Start step Check that [Sign up] form is opened
2024-05-15 16:36:30.746750   'Sign up' form opened
2024-05-15 16:36:30.746788   Assert SIGNUP_HEADER =>
2024-05-15 16:36:30.759682   Assert SIGNUP_REF_LOGIN =>
2024-05-15 16:36:30.773164   Assert SIGNUP_PRIVACY_POLICY_ALL_2 =>
2024-05-15 16:36:30.787946   => SIGNUP_PRIVACY_POLICY_ALL
2024-05-15 16:36:30.787983   => 'Signup' form is checked
2024-05-15 16:36:30.788161   Start step Close [Sign up] form =>
2024-05-15 16:36:30.845536   => 'Signup' form closed
2024-05-15 16:36:31.151037   => Focus moved to 'capital*com' logo
