


Current sort - Most volatile
{'width': 1280, 'height': 800}

2024-05-15 16:27:26.256896   worker_id = master

2024-05-15 16:27:26.256914   0. Allure grouping v4

2024-05-15 16:27:26.257173   START PRECONDITIONS =>

2024-05-15 16:27:26.257190   => URL after prev. preconditions - https://capital.com/ro
2024-05-15 16:27:26.257200   => flag_of_bug - False
2024-05-15 16:27:26.257212   => Current URL - https://capital.com/ro/alte-instrumente
2024-05-15 16:27:26.262339   Current page URL = https://capital.com/ro/alte-instrumente
2024-05-15 16:27:26.264688   self.link = https://capital.com/ro
2024-05-15 16:27:26.264701   driver.get(https://capital.com/ro) =>
2024-05-15 16:27:35.783026   => Loaded page https://capital.com/ro

2024-05-15 16:27:35.790371   => Windows size - {'width': 1280, 'height': 800}
2024-05-15 16:27:35.791763   Set windows position at (0, 0) =>
2024-05-15 16:27:35.793357   Set resolution 1280 * 800 =>
2024-05-15 16:27:35.794915   => Windows size is set to {'width': 1280, 'height': 800}

2024-05-15 16:27:36.846843   Капчи нет. Идем дальше

2024-05-15 16:27:36.846935   Работа с куками =>

2024-05-15 16:27:36.846973   => не требуется

2024-05-15 16:27:36.846983   Prev. country - 'au'
2024-05-15 16:27:36.846992   Cur. country - 'au'
2024-05-15 16:27:36.847001   => Country set to 'au'

2024-05-15 16:27:36.847010   Prev. language - 'ro'
2024-05-15 16:27:36.847019   Cur. language - 'ro'
2024-05-15 16:27:36.847027   => Language is set to 'ro'

2024-05-15 16:27:36.847036   Prev. role - 'NoReg'
2024-05-15 16:27:36.847044   Cur. role - 'NoReg'
2024-05-15 16:27:36.847053   => The 'NoReg' role is set

2024-05-15 16:27:36.850128   => Current URL - https://capital.com/ro

2024-05-15 16:27:36.850151   => THE END PRECONDITIONS

2024-05-15 16:27:36.850334   START Open "Markets" menu, "Forex" submenu =>

2024-05-15 16:27:36.850350   1. Cur URL = https://capital.com/ro

2024-05-15 16:27:36.857240   2. Link = https://capital.com/ro
2024-05-15 16:27:36.857257   current_page = https://capital.com/ro
2024-05-15 16:27:36.859923   link = https://capital.com/ro
2024-05-15 16:27:37.369051   => 'Markets' menu is present
2024-05-15 16:27:37.384865   => 'Markets' menu is visible
2024-05-15 16:27:38.654850   => Focus moved to 'Markets' menu


2024-05-15 16:27:40.221674   => 'Forex' sub-menu clicked
2024-05-15 16:27:40.525250   => Focus moved to 'capital*com' logo

2024-05-15 16:27:40.525293   3. Cur URL = https://capital.com/ro/alte-instrumente

2024-05-15 16:27:40.530727   1. Arrange for TABLE_TRADING_INSTRUMENTS and 'Most volatile' cur_sort
2024-05-15 16:27:40.530753   current_page = https://capital.com/ro/alte-instrumente
2024-05-15 16:27:40.534131   link = https://capital.com/ro/alte-instrumente
2024-05-15 16:27:40.536524   TABLE_TRADING_INSTRUMENTS present on this page? =>
2024-05-15 16:27:40.544616   => Trading Instrument table is present on the page!
2024-05-15 16:27:40.544638   IS FIELD_DROPDOWN_SORT present in the Live TI prices table? =>
2024-05-15 16:27:40.551824   =>  FIELD_DROPDOWN_SORT is present in the Live TI price table!
2024-05-15 16:27:40.551848   Start scroll and click FIELD_DROPDOWN_SORT =>
2024-05-15 16:27:40.668325   Is item_sort_list visible on the FIELD_DROPDOWN_SORT ? =>
2024-05-15 16:27:40.711173   => items_sort_list is visible on the FIELD_DROPDOWN_SORT!
2024-05-15 16:27:40.711214   Is cur_sort "Most volatile" present in items_sort_list? =>
2024-05-15 16:27:40.718966   => cur_sort "Most volatile" is present in item_sort_list!
2024-05-15 16:27:40.718990   Start click cur_sort item - "Most volatile"=>
2024-05-15 16:27:41.333578   => End Click cur_sort "Most volatile"

2024-05-15 16:27:41.333629   Buttons [Sell] is visible and sum buttons no zero? =>
2024-05-15 16:27:41.378564   => Buttons [Sell] is visible and sum buttons no zero!

2024-05-15 16:27:41.378605   Start find 1 random buttons [Sell] on cur_sort "Most volatile"=>
2024-05-15 16:27:41.384291   => End find 1 random buttons [Sell] on the cur_sort "Most volatile"

2024-05-15 16:27:41.384322   List of random items = [5]
2024-05-15 16:27:41.384492   2. Act for trading instrument and "Most volatile" cur_sort
2024-05-15 16:27:41.396079   Start click button [Sell] =>
2024-05-15 16:27:41.405601   =>   BUTTON_SELL on item with ID = '374675767112011' is present
2024-05-15 16:27:41.405626   BUTTON_SELL on item with ID = '374675767112011' scroll into view =>
2024-05-15 16:27:41.409295   => BUTTON_SELL on item with ID = '374675767112011' scrolled into view
2024-05-15 16:27:41.409324   Check that BUTTON_SELL with item 'USD/SEK' clickable =>
2024-05-15 16:27:41.531491   => BUTTON_SELL is clickable
2024-05-15 16:27:42.406981   =>   BUTTON_SELL on item 'USD/SEK' clicked

2024-05-15 16:27:42.407296   3. Assert_v0
2024-05-15 16:27:42.407428   Start step Check that [Sign up] form is opened
2024-05-15 16:27:45.546269   'Sign up' form not opened
2024-05-15 16:27:45.546470   Start step Check that new [Sign up] form is opened
2024-05-15 16:27:48.637837   => new 'Sign up' form not opened
2024-05-15 16:27:48.638038   Start method Check that [Sign up] page opened =>
2024-05-15 16:27:49.641847   'Sign up' page not opened
2024-05-15 16:27:49.642059   Check that [Sign up] form on trading platform opened =>
2024-05-15 16:27:52.732989   'Sign up' form on trading platform page not opened

Bug: Bid:01.03.00_002-ro.au.NoReg

2024-05-15 16:27:52.733074   Проверка бага в таблице ретеста  =>

2024-05-15 16:27:53.270524   4. Fixing one row check results into Google Sheet Bugs Report =>
1 cells updated.
2024-05-15 16:27:53.569581   => 4. One row check results into Google Sheet Bugs Report fixed

2024-05-15 16:27:55.435835   4. Fixing one row check results into Google Sheet Bugs Report =>
1 cells updated.
2024-05-15 16:27:55.677436   => 4. One row check results into Google Sheet Bugs Report fixed

2024-05-15 16:27:55.679440   Баг Bid:01.03.00_002-ro.au.NoReg-04 обнаружен ранее и уже находится в 'Bugs Report Auto detect'
