{'width': 1280, 'height': 800}

2024-04-29 14:28:23.809525   worker_id = master

2024-04-29 14:28:23.809539   0. Allure grouping v4

2024-04-29 14:28:23.809721   START PRECONDITIONS =>

2024-04-29 14:28:23.809737   => URL after prev. preconditions - https://capital.com/ro
2024-04-29 14:28:23.809747   => flag_of_bug - False
2024-04-29 14:28:23.809757   => Current URL - https://capital.com/ro/marfuri-us-natural-gas-spot
2024-04-29 14:28:23.814806   Current page URL = https://capital.com/ro/marfuri-us-natural-gas-spot
2024-04-29 14:28:23.817187   self.link = https://capital.com/ro
2024-04-29 14:28:23.817204   driver.get(https://capital.com/ro) =>
2024-04-29 14:28:25.564205   => Loaded page https://capital.com/ro

2024-04-29 14:28:25.573178   => Windows size - {'width': 1280, 'height': 800}
2024-04-29 14:28:25.574744   Set windows position at (0, 0) =>
2024-04-29 14:28:25.576429   Set resolution 1280 * 800 =>
2024-04-29 14:28:25.578033   => Windows size is set to {'width': 1280, 'height': 800}

2024-04-29 14:28:26.625889   Капчи нет. Идем дальше

2024-04-29 14:28:26.625975   Работа с куками =>

2024-04-29 14:28:26.625989   => не требуется

2024-04-29 14:28:26.625999   Prev. country - 'au'
2024-04-29 14:28:26.626009   Cur. country - 'au'
2024-04-29 14:28:26.626018   => Country set to 'au'

2024-04-29 14:28:26.626027   Prev. language - 'ro'
2024-04-29 14:28:26.626036   Cur. language - 'ro'
2024-04-29 14:28:26.626044   => Language is set to 'ro'

2024-04-29 14:28:26.626053   Prev. role - 'NoAuth'
2024-04-29 14:28:26.626062   Cur. role - 'NoAuth'
2024-04-29 14:28:26.626070   => The 'NoAuth' role is set

2024-04-29 14:28:26.628781   => Current URL - https://capital.com/ro

2024-04-29 14:28:26.628802   => THE END PRECONDITIONS

2024-04-29 14:28:26.628988 1.Arrange_v0
2024-04-29 14:28:26.629006   current_page = https://capital.com/ro
2024-04-29 14:28:26.631535   link = https://capital.com/ro/marfuri-us-natural-gas-spot
2024-04-29 14:28:26.634017   Current page URL = https://capital.com/ro
2024-04-29 14:28:26.639379   self.link = https://capital.com/ro/marfuri-us-natural-gas-spot
2024-04-29 14:28:26.639396   driver.get(https://capital.com/ro/marfuri-us-natural-gas-spot) =>
2024-04-29 14:28:28.387372   => Loaded page https://capital.com/ro/marfuri-us-natural-gas-spot
2024-04-29 14:28:28.391843 BUTTON_NOTIFICATION is located on the page? =>
2024-04-29 14:28:28.400353   Is BUTTON_NOTIFICATION present on the page? =>
2024-04-29 14:28:28.400386 => BUTTON_NOTIFICATION is present on the page
2024-04-29 14:28:28.400396   [Notification] button scroll =>
2024-04-29 14:28:28.407549   Start Checking that form [Sign up] popped up on the page =>
2024-04-29 14:28:29.948458   '[Sign up]' form was not popped up

2024-04-29 14:28:29.948653   2. Act_v0
2024-04-29 14:28:29.948669   Start Click 'Notification' button =>
2024-04-29 14:28:29.976408 BUTTON_NOTIFICATION is clickable =>
2024-04-29 14:28:30.026760 => BUTTON_NOTIFICATION clicked
Trade instrument from Full test is Comerț US Natural Gas Spot CFD
Test element is <pages.Elements.AssertClass.AssertClass object at 0x7fb46e974770>

2024-04-29 14:28:30.027089   3. Assert_Login_v0
2024-04-29 14:28:30.027222   Check that 'Login' form is opened
2024-04-29 14:28:30.249284   'Login' form opened
2024-04-29 14:28:30.249321   Assert LOGIN_REF_SIGNUP =>
2024-04-29 14:28:30.261103   Assert LOGIN_CHECKBOX =>
2024-04-29 14:28:30.272837   Assert LOGIN_PASS_FORGOT =>
2024-04-29 14:28:30.282623   => 'Login' form is checked
2024-04-29 14:28:30.301010   Click 'Close' button on 'Login' form =>
2024-04-29 14:28:30.623074   => Focus moved to 'capital*com' logo
2024-04-29 14:28:30.623117   => 'Login' form closed
