{'width': 1280, 'height': 800}

2024-04-29 14:11:42.116365   worker_id = master

2024-04-29 14:11:42.116378   0. Allure grouping v4

2024-04-29 14:11:42.116558   START PRECONDITIONS =>

2024-04-29 14:11:42.116574   => URL after prev. preconditions - https://capital.com/ro
2024-04-29 14:11:42.116583   => flag_of_bug - False
2024-04-29 14:11:42.116594   => Current URL - https://capital.com/ro

2024-04-29 14:11:42.121841   => Windows size - {'width': 1280, 'height': 800}
2024-04-29 14:11:42.123151   Set windows position at (0, 0) =>
2024-04-29 14:11:42.124746   Set resolution 1280 * 800 =>
2024-04-29 14:11:42.128961   => Windows size is set to {'width': 1280, 'height': 800}

2024-04-29 14:11:43.179384   Капчи нет. Идем дальше

2024-04-29 14:11:43.179477   Работа с куками =>

2024-04-29 14:11:43.179490   => не требуется

2024-04-29 14:11:43.179501   Prev. country - 'au'
2024-04-29 14:11:43.179510   Cur. country - 'au'
2024-04-29 14:11:43.179519   => Country set to 'au'

2024-04-29 14:11:43.179528   Prev. language - 'ro'
2024-04-29 14:11:43.179536   Cur. language - 'ro'
2024-04-29 14:11:43.179545   => Language is set to 'ro'

2024-04-29 14:11:43.179554   Prev. role - 'NoReg'
2024-04-29 14:11:43.179562   Cur. role - 'NoReg'
2024-04-29 14:11:43.179571   => The 'NoReg' role is set

2024-04-29 14:11:43.182459   => Current URL - https://capital.com/ro

2024-04-29 14:11:43.182481   => THE END PRECONDITIONS

2024-04-29 14:11:43.182526   1. Arrange for 'Trade CFDs on Capital.com via TradingView' block
2024-04-29 14:11:43.182541   current_page = https://capital.com/ro
2024-04-29 14:11:43.185143   link = https://capital.com/ro

2024-04-29 14:11:43.187649   IS 'Trade CFDs on Capital.com via TradingView' block present on this page? =>
2024-04-29 14:11:43.197599   => 'Trade CFDs on Capital.com via TradingView' block present on this page!

2024-04-29 14:11:43.205685   IS 'Trade CFDs on Capital.com via TradingView' block visible on this page? =>
2024-04-29 14:11:43.235656   => 'Trade CFDs on Capital.com via TradingView' block is visible on this page!

2024-04-29 14:11:43.235701   IS [Explore features] button present on this page? =>
2024-04-29 14:11:43.249677   => [Explore features] button present on this page!

2024-04-29 14:11:43.263978   IS [Explore features] button visible on this page? =>
2024-04-29 14:11:43.285963   => [Explore features] button is visible on this page!
2024-04-29 14:11:43.286216   2. Act for [Explore features] button on 'Trade CFDs on Capital.com via TradingView' block 
2024-04-29 14:11:43.286236   Start Click [Explore features] button =>
2024-04-29 14:11:43.407297   => [Explore features] button clicked!


2024-04-29 14:11:44.450136   3. Assert_v0
2024-04-29 14:11:44.450257   Checking that the TradingView page has opened =>
2024-04-29 14:11:44.452735   => TradingView page has opened


2024-04-29 14:11:44.452843   Checking that the page has expected title =>
2024-04-29 14:11:44.455789   The title of current page is 'Capital.com — Reviews and Terms — TradingView'
2024-04-29 14:11:44.455812   The expected title is 'Capital.com'
2024-04-29 14:11:44.458208   => The page has expected title.

2024-04-29 14:11:44.458342   Checking that the TradingView site has expected app title =>
2024-04-29 14:11:44.477309   The app title of current page is 'Capital.com'
2024-04-29 14:11:44.477373   The expected app title is 'Capital.com'
2024-04-29 14:11:44.479978   => The app title has expected title.

