{'width': 1280, 'height': 800}

2024-04-29 16:13:33.644582   worker_id = master

2024-04-29 16:13:33.644597   0. Allure grouping v4

2024-04-29 16:13:33.644795   START PRECONDITIONS =>

2024-04-29 16:13:33.644811   => URL after prev. preconditions - https://capital.com/ro
2024-04-29 16:13:33.644821   => flag_of_bug - False
2024-04-29 16:13:33.644832   => Current URL - https://capital.com/ro/tranzactionati-cafea
2024-04-29 16:13:33.658286   Current page URL = https://capital.com/ro/tranzactionati-cafea
2024-04-29 16:13:33.665111   self.link = https://capital.com/ro
2024-04-29 16:13:33.665129   driver.get(https://capital.com/ro) =>
2024-04-29 16:13:36.377477   => Loaded page https://capital.com/ro

2024-04-29 16:13:36.386876   => Windows size - {'width': 1280, 'height': 800}
2024-04-29 16:13:36.390326   Set windows position at (0, 0) =>
2024-04-29 16:13:36.392730   Set resolution 1280 * 800 =>
2024-04-29 16:13:36.395380   => Windows size is set to {'width': 1280, 'height': 800}

2024-04-29 16:13:37.414573   Капчи нет. Идем дальше

2024-04-29 16:13:37.414669   Работа с куками =>

2024-04-29 16:13:37.414684   => не требуется

2024-04-29 16:13:37.414694   Prev. country - 'au'
2024-04-29 16:13:37.414703   Cur. country - 'au'
2024-04-29 16:13:37.414713   => Country set to 'au'

2024-04-29 16:13:37.414722   Prev. language - 'ro'
2024-04-29 16:13:37.414730   Cur. language - 'ro'
2024-04-29 16:13:37.414739   => Language is set to 'ro'

2024-04-29 16:13:37.414748   Prev. role - 'NoReg'
2024-04-29 16:13:37.414756   Cur. role - 'NoReg'
2024-04-29 16:13:37.414765   => The 'NoReg' role is set

2024-04-29 16:13:37.425422   => Current URL - https://capital.com/ro

2024-04-29 16:13:37.425464   => THE END PRECONDITIONS

2024-04-29 16:13:37.425685   1. Arrange_v3
2024-04-29 16:13:37.425704   current_page = https://capital.com/ro
2024-04-29 16:13:37.428577   link = https://capital.com/ro/tranzactionati-cafea
2024-04-29 16:13:37.431258   Current page URL = https://capital.com/ro
2024-04-29 16:13:37.438344   self.link = https://capital.com/ro/tranzactionati-cafea
2024-04-29 16:13:37.438363   driver.get(https://capital.com/ro/tranzactionati-cafea) =>
2024-04-29 16:13:39.757307   => Loaded page https://capital.com/ro/tranzactionati-cafea
2024-04-29 16:13:39.762121   Is visible BUTTON_START_TRADING_IN_ARTICLE? =>
2024-04-29 16:13:39.762139   => BUTTON_START_TRADING_IN_ARTICLE =>
2024-04-29 16:13:40.808203   => BUTTON_START_TRADING_IN_ARTICLE2 =>
2024-04-29 16:13:41.814727   => BUTTON_START_TRADING_IN_ARTICLE3 =>
