{'width': 1280, 'height': 800}

2024-04-29 15:40:13.761700   worker_id = master

2024-04-29 15:40:13.761716   0. Allure grouping v4

2024-04-29 15:40:13.761936   START PRECONDITIONS =>

2024-04-29 15:40:13.761959   => URL after prev. preconditions - https://capital.com/ro
2024-04-29 15:40:13.761969   => flag_of_bug - False
2024-04-29 15:40:13.761980   => Current URL - https://capital.com/ro/what-is-cfd-trading
2024-04-29 15:40:13.767955   Current page URL = https://capital.com/ro/what-is-cfd-trading
2024-04-29 15:40:13.770437   self.link = https://capital.com/ro
2024-04-29 15:40:13.770451   driver.get(https://capital.com/ro) =>
2024-04-29 15:40:15.578845   => Loaded page https://capital.com/ro

2024-04-29 15:40:15.591782   => Windows size - {'width': 1280, 'height': 800}
2024-04-29 15:40:15.593290   Set windows position at (0, 0) =>
2024-04-29 15:40:15.595077   Set resolution 1280 * 800 =>
2024-04-29 15:40:15.599760   => Windows size is set to {'width': 1280, 'height': 800}

2024-04-29 15:40:16.651574   Капчи нет. Идем дальше

2024-04-29 15:40:16.651665   Работа с куками =>

2024-04-29 15:40:16.651679   => не требуется

2024-04-29 15:40:16.651688   Prev. country - 'au'
2024-04-29 15:40:16.651697   Cur. country - 'au'
2024-04-29 15:40:16.651706   => Country set to 'au'

2024-04-29 15:40:16.651715   Prev. language - 'ro'
2024-04-29 15:40:16.651724   Cur. language - 'ro'
2024-04-29 15:40:16.651733   => Language is set to 'ro'

2024-04-29 15:40:16.651741   Prev. role - 'NoReg'
2024-04-29 15:40:16.651750   Cur. role - 'NoReg'
2024-04-29 15:40:16.651758   => The 'NoReg' role is set

2024-04-29 15:40:16.654953   => Current URL - https://capital.com/ro

2024-04-29 15:40:16.654981   => THE END PRECONDITIONS

2024-04-29 15:40:16.657907   START Open "Education" menu, "CFD trading guide" submenu =>

2024-04-29 15:40:16.657934   1. Cur URL = https://capital.com/ro

2024-04-29 15:40:16.660614   2. Link = https://capital.com/ro
2024-04-29 15:40:16.660630   current_page = https://capital.com/ro
2024-04-29 15:40:16.666182   link = https://capital.com/ro
2024-04-29 15:40:17.175795   => Education menu is present in DOM
2024-04-29 15:40:17.184197   => Education menu is visible
2024-04-29 15:40:18.466763   => Focus moved to Education menu
2024-04-29 15:40:27.851359   => CFD trading guide submenu focus moved and clicked
2024-04-29 15:40:28.134089   => Focus moved to 'capital*com' logo

2024-04-29 15:40:28.134135   3. Cur URL = https://capital.com/ro/what-is-cfd-trading

2024-04-29 15:40:28.140192   1. Arrange_v0
2024-04-29 15:40:28.140225   current_page = https://capital.com/ro/what-is-cfd-trading
2024-04-29 15:40:28.143208   link = https://capital.com/ro/what-is-cfd-trading
2024-04-29 15:40:28.146190   BUTTON_CREATE_YOUR_ACCOUNT is located on the page? =>

2024-04-29 15:40:28.155773   2. Act_v0: Define of locator

2024-04-29 15:40:28.155813   2. Act_v0: Go to web element

2024-04-29 15:40:29.198651   2. Act_v0: Click web element
2024-04-29 15:40:29.231934   => BUTTON_CREATE_YOUR_ACCOUNT is clicked

2024-04-29 15:40:29.232203   3. Assert_v0
2024-04-29 15:40:29.232303   Start step Check that [Sign up] form is opened
2024-04-29 15:40:29.495056   'Sign up' form opened
2024-04-29 15:40:29.495099   Assert SIGNUP_HEADER =>
2024-04-29 15:40:29.509451   Assert SIGNUP_REF_LOGIN =>
2024-04-29 15:40:29.521807   Assert SIGNUP_PRIVACY_POLICY_ALL_2 =>
2024-04-29 15:40:29.534070   => SIGNUP_PRIVACY_POLICY_ALL
2024-04-29 15:40:29.534111   => 'Signup' form is checked
2024-04-29 15:40:29.534285   Start step Close [Sign up] form =>
2024-04-29 15:40:29.611153   => 'Signup' form closed
2024-04-29 15:40:29.898212   => Focus moved to 'capital*com' logo
