{'width': 1280, 'height': 800}

2024-04-29 15:15:34.431967   worker_id = master

2024-04-29 15:15:34.431981   0. Allure grouping v4

2024-04-29 15:15:34.432159   START PRECONDITIONS =>

2024-04-29 15:15:34.432174   => URL after prev. preconditions - https://capital.com/ro
2024-04-29 15:15:34.432184   => flag_of_bug - False
2024-04-29 15:15:34.432195   => Current URL - https://capital.com/ro/aud-jpy-rata
2024-04-29 15:15:34.436942   Current page URL = https://capital.com/ro/aud-jpy-rata
2024-04-29 15:15:34.439309   self.link = https://capital.com/ro
2024-04-29 15:15:34.439323   driver.get(https://capital.com/ro) =>
2024-04-29 15:15:36.159303   => Loaded page https://capital.com/ro

2024-04-29 15:15:36.163625   => Windows size - {'width': 1280, 'height': 800}
2024-04-29 15:15:36.171604   Set windows position at (0, 0) =>
2024-04-29 15:15:36.175654   Set resolution 1280 * 800 =>
2024-04-29 15:15:36.177215   => Windows size is set to {'width': 1280, 'height': 800}

2024-04-29 15:15:37.222017   Капчи нет. Идем дальше

2024-04-29 15:15:37.222107   Работа с куками =>

2024-04-29 15:15:37.222121   => не требуется

2024-04-29 15:15:37.222131   Prev. country - 'au'
2024-04-29 15:15:37.222140   Cur. country - 'au'
2024-04-29 15:15:37.222149   => Country set to 'au'

2024-04-29 15:15:37.222158   Prev. language - 'ro'
2024-04-29 15:15:37.222167   Cur. language - 'ro'
2024-04-29 15:15:37.222176   => Language is set to 'ro'

2024-04-29 15:15:37.222184   Prev. role - 'NoAuth'
2024-04-29 15:15:37.222193   Cur. role - 'NoAuth'
2024-04-29 15:15:37.222202   => The 'NoAuth' role is set

2024-04-29 15:15:37.227595   => Current URL - https://capital.com/ro

2024-04-29 15:15:37.227624   => THE END PRECONDITIONS

2024-04-29 15:15:37.227817   1. Arrange_v0
2024-04-29 15:15:37.227835   current_page = https://capital.com/ro
2024-04-29 15:15:37.230320   link = https://capital.com/ro/aud-jpy-rata
2024-04-29 15:15:37.232740   Current page URL = https://capital.com/ro
2024-04-29 15:15:37.235162   self.link = https://capital.com/ro/aud-jpy-rata
2024-04-29 15:15:37.235176   driver.get(https://capital.com/ro/aud-jpy-rata) =>
2024-04-29 15:15:39.165491   => Loaded page https://capital.com/ro/aud-jpy-rata
2024-04-29 15:15:39.169596   IS 'Trading calculator' widget present on this page? =>
2024-04-29 15:15:39.180002   => 'Trading calculator' widget present on this page!

2024-04-29 15:15:39.180036   IS 'Trading calculator' widget visible on this page? =>
2024-04-29 15:15:39.194629   => 'Trading calculator' widget is visible on this page!

2024-04-29 15:15:39.194659   IS [Start Trading] button present on this page? =>
2024-04-29 15:15:39.202282   => [Start Trading] button present on this page!

2024-04-29 15:15:39.202310   IS [Start Trading] button visible on this page? =>
2024-04-29 15:15:39.216539   => [Start Trading] button is visible on this page!

2024-04-29 15:15:39.216573   [Start Trading] button scroll =>

2024-04-29 15:15:39.219912   2. Act_v0
2024-04-29 15:15:39.219933   [Start Trading] button is clickable? =>
2024-04-29 15:15:39.266065   => [Start Trading] button is clickable!

2024-04-29 15:15:39.321316   => [Start Trading] button clicked!

2024-04-29 15:15:39.321564   3. Assert_Login_v0
2024-04-29 15:15:39.321672   Check that 'Login' form is opened
2024-04-29 15:15:39.568068   'Login' form opened
2024-04-29 15:15:39.568107   Assert LOGIN_REF_SIGNUP =>
2024-04-29 15:15:39.581843   Assert LOGIN_CHECKBOX =>
2024-04-29 15:15:39.594741   Assert LOGIN_PASS_FORGOT =>
2024-04-29 15:15:39.608563   => 'Login' form is checked
2024-04-29 15:15:39.632590   Click 'Close' button on 'Login' form =>
2024-04-29 15:15:39.990675   => Focus moved to 'capital*com' logo
2024-04-29 15:15:39.990719   => 'Login' form closed
