{'width': 1280, 'height': 720}

2024-02-05 04:42:45.408374   worker_id = master

2024-02-05 04:42:45.408390   0. Allure grouping v4


2024-02-05 04:42:45.408551   START PRECONDITIONS =>


2024-02-05 04:42:45.408566   {'width': 1280, 'height': 720}

2024-02-05 04:42:45.409788   Set windows position at (0, 0) =>

2024-02-05 04:42:45.511797   Set resolution 1280 * 720 =>

2024-02-05 04:42:45.613772   => Resolution seted {'width': 1280, 'height': 720}

2024-02-05 04:42:46.645424   Капчи нет. Идем дальше

2024-02-05 04:42:46.645505   Prev. Role: NoAuth

2024-02-05 04:42:46.645517   Current role: NoAuth

2024-02-05 04:42:47.672504   Капчи нет. Идем дальше

2024-02-05 04:42:47.672584   Prev language: ru

2024-02-05 04:42:47.672596   => Current language: ru

2024-02-05 04:42:48.702289   Капчи нет. Идем дальше

2024-02-05 04:42:48.702369   Prev country: au
2024-02-05 04:42:48.702381   => Current country: au

2024-02-05 04:42:48.702390   => THE END PRECONDITIONS

2024-02-05 04:42:48.702418   1. Arrange_v0
2024-02-05 04:42:48.705202   BUTTON_BUY_IN_CONTENT_BLOCK is located on the page? =>
2024-02-05 04:42:48.712617   => BUTTON_BUY_IN_CONTENT_BLOCK is located on the page!
2024-02-05 04:42:48.712751   Start Checking that form [Sign up] popped up on the page =>
2024-02-05 04:42:48.723273   'Sign up' form opened
2024-02-05 04:42:48.723363   Start step Close [Sign up] form =>
2024-02-05 04:42:48.773288   => 'Signup' form closed

2024-02-05 04:42:49.053933   2. Act_v0
2024-02-05 04:42:49.059845   BUTTON_BUY_IN_CONTENT_BLOCK is present? =>
2024-02-05 04:42:49.059873   => BUTTON_BUY_IN_CONTENT_BLOCK is present on the page
2024-02-05 04:42:49.059882   BUTTON_BUY_IN_CONTENT_BLOCK scroll =>
2024-02-05 04:42:49.063231   => BUTTON_BUY_IN_CONTENT_BLOCK scrolled
2024-02-05 04:42:49.067054   BUTTON_BUY_IN_CONTENT_BLOCK is clickable? =>
2024-02-05 04:42:49.077662   BUTTON_BUY_IN_CONTENT_BLOCK CLICK =>
2024-02-05 04:42:49.107649   => BUTTON_BUY_IN_CONTENT_BLOCK clicked!

2024-02-05 04:42:49.107921   3. Assert_Login_v0
2024-02-05 04:42:49.108004   Check that 'Login' form is opened
2024-02-05 04:42:52.184903   'Login' form not opened
2024-02-05 04:42:52.187643   'Login' page not opened
2024-02-05 04:42:55.254418   'Login' form on trading platform not opened
2024-02-05 04:42:55.254591   Start step Check that [Sign up] form is opened
2024-02-05 04:42:55.265612   'Sign up' form opened
2024-02-05 04:42:55.265634   Assert SIGNUP_HEADER =>
2024-02-05 04:42:55.275930   Assert SIGNUP_REF_LOGIN =>
2024-02-05 04:42:55.286284   Assert SIGNUP_PRIVACY_POLICY_ALL_2 =>
2024-02-05 04:42:55.296788   => SIGNUP_PRIVACY_POLICY_ALL
2024-02-05 04:42:55.296809   => 'Signup' form is checked

Bug: Bid:11.02.03.01_04-ru.au.NoAuth

2024-02-05 04:42:55.296854   Проверка бага в таблице ретеста  =>

2024-02-05 04:42:55.301129   4. Fixing one row check results into Google Sheet Bugs Report =>
1 cells updated.
2024-02-05 04:42:55.561537   => 4. One row check results into Google Sheet Bugs Report fixed

2024-02-05 04:42:55.877312   Bug: Bid:11.02.03.01_04-ru.au.NoAuth-05 уже существует

2024-02-05 04:42:55.877481   4. Fixing one row check results into Google Sheet Bugs Report =>
1 cells updated.
2024-02-05 04:42:56.035577   => 4. One row check results into Google Sheet Bugs Report fixed
