{'width': 1280, 'height': 800}

2024-03-19 18:26:27.722169   worker_id = master

2024-03-19 18:26:27.722186   0. Allure grouping v4


2024-03-19 18:26:27.722383   START PRECONDITIONS =>


2024-03-19 18:26:27.722399   => flag_of_bug - True
2024-03-19 18:26:27.722411   Current page URL = https://capital.com/de/online-finance-courses
2024-03-19 18:26:28.399413   => Loaded page https://capital.com/

2024-03-19 18:26:28.429160   => Windows size - {'width': 1280, 'height': 800}
2024-03-19 18:26:28.430584   Set windows position at (0, 0) =>
2024-03-19 18:26:28.534500   Set resolution 1280 * 800 =>
2024-03-19 18:26:28.636764   => Windows size is set to {'width': 1280, 'height': 800}

2024-03-19 18:26:29.668986   Капчи нет. Идем дальше

2024-03-19 18:26:29.669074   Работа с куками

2024-03-19 18:26:29.669088   => Prev. country - 'de'
2024-03-19 18:26:29.669098   => Country set to 'de'

2024-03-19 18:26:29.669107   => Prev. language - 'de'
2024-03-19 18:26:29.669116   Set 'de' language =>
2024-03-19 18:26:29.676365   => Language and Country menu is present
2024-03-19 18:26:29.688649   => Language and Country menu is visible
2024-03-19 18:26:30.969328   => Focus is moved on Language and Country menu 
2024-03-19 18:26:30.975000   Move focus on de item and click =>
2024-03-19 18:26:32.504425   => Focus moved on de item and clicked
2024-03-19 18:26:32.504474   => Cur url = https://capital.com/de
2024-03-19 18:26:32.528651   => Language is set to 'de'

2024-03-19 18:26:32.528688   => Prev. role - 'NoReg'
2024-03-19 18:26:32.528698   => The 'NoReg' role is set

2024-03-19 18:26:32.531166   => THE END PRECONDITIONS
2024-03-19 18:26:33.046566   => Education menu is present in DOM
2024-03-19 18:26:33.068818   element = <selenium.webdriver.remote.webelement.WebElement (session="4c2528259eba8e79f7f874de25477928", element="f.C399CBA1ACD3EB37EE19651DB934DF1F.d.CEE80C6C21275434B7981E7522B4FB17.e.1534")>
2024-03-19 18:26:33.068856   => Education menu is visible
2024-03-19 18:26:34.334434   => Focus moved to Education menu

2024-03-19 18:26:35.772357   1. Arrange_v0
2024-03-19 18:26:35.775403   BUTTON_CREATE_YOUR_ACCOUNT is located on the page? =>

2024-03-19 18:26:35.800539   2. Act_v0: Define of locator

2024-03-19 18:26:35.800575   2. Act_v0: Go to web element

2024-03-19 18:26:36.851623   2. Act_v0: Click web element
2024-03-19 18:26:36.877838   => BUTTON_CREATE_YOUR_ACCOUNT is clicked

2024-03-19 18:26:36.878044   3. Assert_v0
2024-03-19 18:26:36.878130   Start step Check that [Sign up] form is opened
2024-03-19 18:26:37.117946   'Sign up' form opened
2024-03-19 18:26:37.117985   Assert SIGNUP_HEADER =>
2024-03-19 18:26:37.129413   Assert SIGNUP_REF_LOGIN =>
2024-03-19 18:26:37.141255   Assert SIGNUP_PRIVACY_POLICY_ALL_2 =>
2024-03-19 18:26:37.152241   => SIGNUP_PRIVACY_POLICY_ALL
2024-03-19 18:26:37.152266   => 'Signup' form is checked
2024-03-19 18:26:37.152452   Start step Close [Sign up] form =>
2024-03-19 18:26:37.225960   => 'Signup' form closed
