


Current language - ro
{'width': 1280, 'height': 800}

2024-07-16 11:44:00.377843   worker_id = master

2024-07-16 11:44:00.377859   0. Allure grouping for US_55

2024-07-16 11:44:01.042514   START PRECONDITIONS =>

2024-07-16 11:44:01.042561   => URL after prev. preconditions - https://capital.com/ro?country=ua
2024-07-16 11:44:01.042578   => flag_of_bug - False
2024-07-16 11:44:01.042595   => Current URL - https://capital.com/ro?country=ua

2024-07-16 11:44:01.059311   => Windows size: {'width': 1280, 'height': 800}
2024-07-16 11:44:01.060777   Set windows position at (0, 0) =>
2024-07-16 11:44:01.062655   Set resolution 1280 * 800 =>
2024-07-16 11:44:01.087771   => Windows size is set to {'width': 1280, 'height': 800}

2024-07-16 11:44:02.143392   Капчи нет. Идем дальше

2024-07-16 11:44:02.143494   Работа с куками =>
2024-07-16 11:44:02.143509   Prev. role - 'NoReg'
2024-07-16 11:44:02.143519   Current testing role - 'NoAuth'

2024-07-16 11:44:02.143528   All cookies must be delete =>
2024-07-16 11:44:02.196980   => All cookies are deleted
2024-07-16 11:44:02.197031   Current page URL = https://capital.com/ro?country=ua
2024-07-16 11:44:02.202225   self.link = https://capital.com/
2024-07-16 11:44:02.202240   driver.get(https://capital.com/) =>
2024-07-16 11:44:03.874487   => Loaded page https://capital.com/

2024-07-16 11:44:03.878228   Step 'Click button [Accept all cookies]'
2024-07-16 11:44:03.878240   Is Visible Button [Accept all cookies]? =>
2024-07-16 11:44:03.894790   => Button [Accept all cookies] is visible
2024-07-16 11:44:04.394919   Is clickable Button [Accept all cookies] =>
2024-07-16 11:44:04.417788   => Button [Accept all cookies] is clickable
2024-07-16 11:44:04.417835   Click Button [Accept all cookies] =>
2024-07-16 11:44:04.552317   => Button [Accept all cookies] is clicked
2024-07-16 11:44:04.552377   => Accepted All Cookies

2024-07-16 11:44:06.101302   Капчи нет. Идем дальше

2024-07-16 11:44:06.101401   Prev. country - '?'
2024-07-16 11:44:06.101415   Cur. country - 'de'
2024-07-16 11:44:06.101425   Set 'de' country =>
2024-07-16 11:44:06.109338   => Language and Country menu is present
2024-07-16 11:44:06.123504   => Language and Country menu is visible
2024-07-16 11:44:07.403046   => Focus is moved on Language and Country menu 
2024-07-16 11:44:09.971489   => Cur url = https://capital.com/?country=de
2024-07-16 11:44:09.978844   => Country set to 'de'

2024-07-16 11:44:10.994768   Капчи нет. Идем дальше

2024-07-16 11:44:10.994864   Prev. language - '?'
2024-07-16 11:44:10.994879   Cur. language - 'ro'
2024-07-16 11:44:10.994888   Set 'ro' language =>
2024-07-16 11:44:11.005357   => Language and Country menu is present
2024-07-16 11:44:11.017180   => Language and Country menu is visible
2024-07-16 11:44:12.285647   => Focus is moved on Language and Country menu 
2024-07-16 11:44:12.294952   Move focus on ro item and click =>
2024-07-16 11:44:13.799984   => Focus moved on ro item and clicked
2024-07-16 11:44:13.800034   => Cur url = https://capital.com/ro
2024-07-16 11:44:13.813430   => Language is set to 'ro'

2024-07-16 11:44:14.822155   Капчи нет. Идем дальше

2024-07-16 11:44:14.822249   Prev. role - 'NoReg'
2024-07-16 11:44:14.822263   Cur. role - 'NoAuth'
2024-07-16 11:44:14.825444   Start Autorization

2024-07-16 11:44:14.825468   => Current URL - https://capital.com/ro

2024-07-16 11:44:14.828249   2. Act
2024-07-16 11:44:14.828265   Start Click button [Log in] =>
2024-07-16 11:44:14.838663   BUTTON_LOGIN scroll =>
2024-07-16 11:44:14.842917   Is BUTTON_LOGIN clickable? =>
2024-07-16 11:44:14.856414   => BUTTON_LOGIN is clickable
2024-07-16 11:44:14.856452   BUTTON_LOGIN click =>
2024-07-16 11:44:14.906180   => BUTTON_LOGIN is clicked!
2024-07-16 11:44:14.906422   Check that 'Login' form is opened
2024-07-16 11:44:15.107003   'Login' form opened
2024-07-16 11:44:15.107047   Assert LOGIN_REF_SIGNUP =>
2024-07-16 11:44:15.122838   Assert LOGIN_CHECKBOX =>
2024-07-16 11:44:15.138378   Assert LOGIN_PASS_FORGOT =>
2024-07-16 11:44:15.157085   => 'Login' form is checked
2024-07-16 11:44:15.157195   => 'Login' form is opened
2024-07-16 11:44:15.374059   => "login" and "password" are inputted
2024-07-16 11:44:15.374102   Click [Continue] button on [Login] form =>
2024-07-16 11:44:15.447727   => [Continue] button on [Login] form is clicked

2024-07-16 11:44:15.447783   1. Checking that the Page opened with 'Trading Platform | Capital.com' title
2024-07-16 11:44:15.447802   Set timeout = 30
2024-07-16 11:44:15.447818   Wait Trading platform page with 'Trading Platform | Capital.com' title open =>
2024-07-16 11:44:17.177164   => Trading platform page with 'Trading Platform | Capital.com' title opened

2024-07-16 11:44:17.177319   2. Checking that the LOGO is present on the page =>
2024-07-16 11:44:19.097042   => 'capital*com' logo is present on the current page
2024-07-16 11:44:20.147780   => Driver.back
https://capital.com/ro

2024-07-16 11:44:20.178799   => Current URL - https://capital.com/ro
2024-07-16 11:44:20.189005   Start DeAuthorisation

2024-07-16 11:44:20.189032   => Current URL - https://capital.com/ro
2024-07-16 11:44:20.191705   1. BUTTON_MY_ACCOUNT is present? =>
2024-07-16 11:44:20.205386   => BUTTON_MY_ACCOUNT is present on this page
2024-07-16 11:44:21.483846   => Move to BUTTON_MY_ACCOUNT
2024-07-16 11:44:21.483890   2. BUTTON_MY_ACCOUNT is clickable? =>
2024-07-16 11:44:21.502410   => BUTTON_MY_ACCOUNT is clickable
2024-07-16 11:44:21.502449   BUTTON_MY_ACCOUNT Click =>
2024-07-16 11:44:22.334205   => User panel [My account] is opened

2024-07-16 11:44:22.334486   Start Click [Logout] button:
2024-07-16 11:44:22.334513   BUTTON_LOGOUT is present? =>
2024-07-16 11:44:22.344832   => BUTTON_LOGOUT is present
2024-07-16 11:44:22.344860   Is BUTTON_LOGOUT visible? =>
2024-07-16 11:44:22.356246   => BUTTON_LOGOUT is visible
2024-07-16 11:44:22.356286   BUTTON_LOGOUT is clickable? =>
2024-07-16 11:44:22.367142   => BUTTON_LOGOUT is clickable
2024-07-16 11:44:22.367179   BUTTON_LOGOUT click =>
2024-07-16 11:44:22.422832   => BUTTON_LOGOUT is clicked

2024-07-16 11:44:22.422975   => Current URL - https://capital.com/ro
2024-07-16 11:44:22.438474   => The 'NoAuth' role is set

2024-07-16 11:44:22.441102   => Current URL - https://capital.com/ro

2024-07-16 11:44:22.441127   => THE END PRECONDITIONS

2024-07-16 11:44:22.441477   1. Arrange
2024-07-16 11:44:22.441498   IS [Sign up] button present on this page? =>
2024-07-16 11:44:22.450015   => [Sign up] button present on this page!

2024-07-16 11:44:22.458239   IS [Sign up] button visible on this page? =>
2024-07-16 11:44:22.472011   => [Sign up] button is visible on this page!


2024-07-16 11:44:22.472236   2. Act_v0
2024-07-16 11:44:22.472254   IS [Sign up] clickable on the page? =>
2024-07-16 11:44:22.486585   => [Sign up] is clickable on the page!


2024-07-16 11:44:22.486615   Start Click button [Sign up] =>
2024-07-16 11:44:23.353061   => End Click button [Sign up] 
2024-07-16 11:44:23.353389   Start step Check that [Sign up] form is opened
2024-07-16 11:44:23.561565   'Sign up' form opened
2024-07-16 11:44:23.561605   Assert SIGNUP_HEADER =>
2024-07-16 11:44:23.577050   Assert SIGNUP_REF_LOGIN =>
2024-07-16 11:44:23.591344   Assert SIGNUP_PRIVACY_POLICY_ALL_2 =>
2024-07-16 11:44:23.609830   => SIGNUP_PRIVACY_POLICY_ALL
2024-07-16 11:44:23.609869   => 'Signup' form is checked
2024-07-16 11:44:23.609925   => 'Sign up' form is opened

2024-07-16 11:44:23.610099   3. Assert
2024-07-16 11:44:23.610118   Is 'Please enter a valid Email' message displayed on this page after putting invalid email? =>
2024-07-16 11:44:23.610128   => Start fill out 'Email address' field.
2024-07-16 11:44:23.705644   => 'Email address' is inputted

2024-07-16 11:44:23.823084   => Switch to 'Password' field

get_attribute:  display: block;
2024-07-16 11:44:23.862321   => 'Please enter a valid Email' message is displayed

2024-07-16 11:44:23.862355   Save current screenshot into PNG file
2024-07-16 11:44:23.984037   Is [Continue] button active after putting invalid email? =>
2024-07-16 11:44:23.984078   => Start fill out 'Password' field.
2024-07-16 11:44:24.072464   => 'Password' is inputted

continue_button:  btn btn--md btn--wide s2_btn disabled hasPointer
2024-07-16 11:44:24.094456   => '[Continue] button is not active after putting invalid email

2024-07-16 11:44:24.094493   Save current screenshot into PNG file
