Current test role - NoReg

{'width': 1280, 'height': 800}

2024-03-19 20:09:32.824865   worker_id = master

2024-03-19 20:09:32.824881   0. Allure grouping v4


2024-03-19 20:09:32.825075   START PRECONDITIONS =>


2024-03-19 20:09:32.825091   => flag_of_bug - True
2024-03-19 20:09:32.825103   Current page URL = https://capital.com/de/trade-etfs
2024-03-19 20:09:34.610805   => Loaded page https://capital.com/

2024-03-19 20:09:34.613791   => Windows size - {'width': 1280, 'height': 800}
2024-03-19 20:09:34.615775   Set windows position at (0, 0) =>
2024-03-19 20:09:34.732260   Set resolution 1280 * 800 =>
2024-03-19 20:09:34.834738   => Windows size is set to {'width': 1280, 'height': 800}

2024-03-19 20:09:35.877515   Капчи нет. Идем дальше

2024-03-19 20:09:35.877598   Работа с куками
2024-03-19 20:09:35.877612   => Prev. role - 'NoAuth'
2024-03-19 20:09:35.877622   => Current testing role - 'NoReg'
2024-03-19 20:09:35.877631   All cookies must be delete =>

2024-03-19 20:09:35.992584   => All cookies are deleted
2024-03-19 20:09:35.992614   Current page URL = https://capital.com/
2024-03-19 20:09:36.497811   => Loaded page https://capital.com/

2024-03-19 20:09:36.500254   Step 'Click button [Accept all cookies]'
2024-03-19 20:09:36.500271   Is Visible Button [Accept all cookies]? =>
2024-03-19 20:09:36.659366   => Button [Accept all cookies] is visible
2024-03-19 20:09:37.159493   Is clickable Button [Accept all cookies] =>
2024-03-19 20:09:37.179133   => Button [Accept all cookies] is clickable
2024-03-19 20:09:37.179165   Click Button [Accept all cookies] =>
2024-03-19 20:09:37.332083   => Button [Accept all cookies] is clicked
2024-03-19 20:09:37.332133   => Accepted All Cookies

2024-03-19 20:09:37.832364   => Prev. country - '?'
2024-03-19 20:09:37.832419   Set 'de' country =>
2024-03-19 20:09:37.846600   => Language and Country menu is present
2024-03-19 20:09:37.861319   => Language and Country menu is visible
2024-03-19 20:09:39.138184   => Focus is moved on Language and Country menu 
2024-03-19 20:09:41.689544   => Cur url = https://capital.com/?country=de
2024-03-19 20:09:41.715426   => Country set to 'de'

2024-03-19 20:09:41.715462   => Prev. language - '?'
2024-03-19 20:09:41.715472   Set 'de' language =>
2024-03-19 20:09:41.725941   => Language and Country menu is present
2024-03-19 20:09:41.738009   => Language and Country menu is visible
2024-03-19 20:09:43.005582   => Focus is moved on Language and Country menu 
2024-03-19 20:09:43.013868   Move focus on de item and click =>
2024-03-19 20:09:44.531825   => Focus moved on de item and clicked
2024-03-19 20:09:44.531873   => Cur url = https://capital.com/de
2024-03-19 20:09:44.564172   => Language is set to 'de'

2024-03-19 20:09:44.564212   => Prev. role - 'NoAuth'
2024-03-19 20:09:44.564223   => The 'NoReg' role is set

2024-03-19 20:09:44.566472   => THE END PRECONDITIONS
2024-03-19 20:09:45.077877   => Education menu is present in DOM
2024-03-19 20:09:45.086495   element = <selenium.webdriver.remote.webelement.WebElement (session="6812035c4a5b769d6f6bee7a0604fb69", element="f.FA4C1FEBBCE936A8A2979D5F08334E79.d.2F077187FF7C1F890BA1C926D2D3BDE2.e.1904")>
2024-03-19 20:09:45.086524   => Education menu is visible
2024-03-19 20:09:46.352255   => Focus moved to Education menu

2024-03-19 20:09:48.024891   1. Arrange_v0
2024-03-19 20:09:48.054352   BUTTON_START_TRADING scroll =>
2024-03-19 20:09:48.057693   BUTTON_START_TRADING is visible? =>
2024-03-19 20:09:48.073635   => BUTTON_START_TRADING is visible on the page!

2024-03-19 20:09:48.073790   2. Act_v0
2024-03-19 20:09:48.073806   Start Click button [Start Trading] =>
2024-03-19 20:09:48.078497   BUTTON_START_TRADING is clickable? =>
2024-03-19 20:09:48.090313   BUTTON_START_TRADING click =>
2024-03-19 20:09:48.132215   => BUTTON_START_TRADING clicked

2024-03-19 20:09:48.132526   3. Assert_v0
2024-03-19 20:09:48.132646   Start step Check that [Sign up] form is opened
2024-03-19 20:09:48.337898   'Sign up' form opened
2024-03-19 20:09:48.337937   Assert SIGNUP_HEADER =>
2024-03-19 20:09:48.354224   Assert SIGNUP_REF_LOGIN =>
2024-03-19 20:09:48.369699   Assert SIGNUP_PRIVACY_POLICY_ALL_2 =>
2024-03-19 20:09:48.388558   => SIGNUP_PRIVACY_POLICY_ALL
2024-03-19 20:09:48.388598   => 'Signup' form is checked
2024-03-19 20:09:48.388767   Start step Close [Sign up] form =>
2024-03-19 20:09:48.478273   => 'Signup' form closed
