{'width': 1280, 'height': 720}

2023-12-18 08:22:34.742410   browser = chrome

2023-12-18 08:22:34.742427   worker_id = master

2023-12-18 08:22:34.742435   Start TC_11.02.05_06

2023-12-18 08:22:34.742443   <us_11-02-05_cryptocurrency_trading_test.TestCryptocurrencyTrading object at 0x7f0a77974ad0>.None

2023-12-18 08:22:34.742453   0. Arrange


2023-12-18 08:22:34.742592   START PRECONDITIONS =>


2023-12-18 08:22:34.742611   {'width': 1280, 'height': 720}

2023-12-18 08:22:34.743879   Set windows position at (320, 180) =>

2023-12-18 08:22:34.845736   Set resolution 1280 * 720 =>

2023-12-18 08:22:34.947809   => Resolution seted {'width': 1280, 'height': 720}

2023-12-18 08:22:38.952019   Капчи нет. Тестим дальше

2023-12-18 08:22:38.952064   Prev. Role: NoReg

2023-12-18 08:22:38.952073   Current role: NoReg

2023-12-18 08:22:38.952081   Prev language: zh

2023-12-18 08:22:38.952089   => Current language: zh

2023-12-18 08:22:38.952097   Prev country: au

2023-12-18 08:22:38.952104   => Current country: au

2023-12-18 08:22:38.952112   => THE END PRECONDITIONS

2023-12-18 08:22:38.952164   1. Arrange_v0
2023-12-18 08:22:38.954976   Is present BUTTON_START_TRADING_IN_ARTICLE? =>
2023-12-18 08:22:38.962574   => BUTTON_START_TRADING_IN_ARTICLE is present
2023-12-18 08:22:38.962595   Is visible BUTTON_START_TRADING_IN_ARTICLE? =>

2023-12-18 08:22:38.976655   2. Act_v0
2023-12-18 08:22:38.976675   Start Click button BUTTON_START_TRADING_IN_ARTICLE =>
2023-12-18 08:22:38.995748   BUTTON_START_TRADING_IN_ARTICLE_#1 scroll =>
2023-12-18 08:22:39.001981   Is BUTTON_START_TRADING_IN_ARTICLE_#1 clickable? =>
2023-12-18 08:22:39.031038   => BUTTON_START_TRADING_IN_ARTICLE_#1 is clickable
2023-12-18 08:22:39.031070   BUTTON_START_TRADING_IN_ARTICLE_#1 click =>
2023-12-18 08:22:39.100985   => BUTTON_START_TRADING_IN_ARTICLE_#1 clicked!

2023-12-18 08:22:39.101215   3. Assert_v0
2023-12-18 08:22:39.101307   Start step Check that [Sign up] form is opened
2023-12-18 08:22:39.116436   'Sign up' form opened
2023-12-18 08:22:39.116471   Assert SIGNUP_HEADER =>
2023-12-18 08:22:39.128576   Assert SIGNUP_REF_LOGIN =>
2023-12-18 08:22:39.140804   Assert SIGNUP_PRIVACY_POLICY_ALL_2 =>
2023-12-18 08:22:39.152384   => SIGNUP_PRIVACY_POLICY_ALL
2023-12-18 08:22:39.152410   => 'Signup' form is checked
2023-12-18 08:22:39.152554   Start step Close [Sign up] form =>
2023-12-18 08:22:39.219652   => 'Signup' form closed
