


Current language - ro
{'width': 1280, 'height': 800}

2024-07-16 11:43:15.271979   worker_id = master

2024-07-16 11:43:15.271995   0. Allure grouping for US_55

2024-07-16 11:43:16.133505   START PRECONDITIONS =>

2024-07-16 11:43:16.133555   => URL after prev. preconditions - https://capital.com/ro?country=au
2024-07-16 11:43:16.133573   => flag_of_bug - True
2024-07-16 11:43:16.133593   => Current URL - https://capital.com/ro?country=au

2024-07-16 11:43:16.145641   => Windows size: {'width': 1280, 'height': 800}
2024-07-16 11:43:16.147079   Set windows position at (0, 0) =>
2024-07-16 11:43:16.148732   Set resolution 1280 * 800 =>
2024-07-16 11:43:16.154260   => Windows size is set to {'width': 1280, 'height': 800}

2024-07-16 11:43:17.228466   Капчи нет. Идем дальше

2024-07-16 11:43:17.228559   Работа с куками =>

2024-07-16 11:43:17.228573   => не требуется

2024-07-16 11:43:18.276813   Капчи нет. Идем дальше

2024-07-16 11:43:18.276922   Prev. country - 'au'
2024-07-16 11:43:18.276936   Cur. country - 'ua'
2024-07-16 11:43:18.276946   Set 'ua' country =>
2024-07-16 11:43:18.288129   => Language and Country menu is present
2024-07-16 11:43:18.297968   => Language and Country menu is visible
2024-07-16 11:43:19.571175   => Focus is moved on Language and Country menu 
2024-07-16 11:43:22.254422   => Cur url = https://capital.com/ro?country=ua
2024-07-16 11:43:22.273479   => Country set to 'ua'

2024-07-16 11:43:23.293599   Капчи нет. Идем дальше

2024-07-16 11:43:23.293698   Prev. language - 'ro'
2024-07-16 11:43:23.293712   Cur. language - 'ro'
2024-07-16 11:43:23.293721   => Language is set to 'ro'

2024-07-16 11:43:24.335062   Капчи нет. Идем дальше

2024-07-16 11:43:24.335156   Prev. role - 'NoAuth'
2024-07-16 11:43:24.335169   Cur. role - 'NoAuth'
2024-07-16 11:43:24.335179   => The 'NoAuth' role is set

2024-07-16 11:43:24.338154   => Current URL - https://capital.com/ro?country=ua

2024-07-16 11:43:24.338177   => THE END PRECONDITIONS

2024-07-16 11:43:24.338445   1. Arrange
2024-07-16 11:43:24.338461   IS [Sign up] button present on this page? =>
2024-07-16 11:43:24.343132   => [Sign up] button present on this page!

2024-07-16 11:43:24.351004   IS [Sign up] button visible on this page? =>
2024-07-16 11:43:24.360550   => [Sign up] button is visible on this page!


2024-07-16 11:43:24.360756   2. Act_v0
2024-07-16 11:43:24.360772   IS [Sign up] clickable on the page? =>
2024-07-16 11:43:24.375121   => [Sign up] is clickable on the page!


2024-07-16 11:43:24.375155   Start Click button [Sign up] =>
2024-07-16 11:43:24.416113   => End Click button [Sign up] 
2024-07-16 11:43:24.416369   Start step Check that [Sign up] form is opened
2024-07-16 11:43:24.623108   'Sign up' form opened
2024-07-16 11:43:24.623152   Assert SIGNUP_HEADER =>
2024-07-16 11:43:24.634673   Assert SIGNUP_REF_LOGIN =>
2024-07-16 11:43:24.646528   Assert SIGNUP_PRIVACY_POLICY_ALL_2 =>
2024-07-16 11:43:24.662195   => SIGNUP_PRIVACY_POLICY_ALL
2024-07-16 11:43:24.662237   => 'Signup' form is checked
2024-07-16 11:43:24.662297   => 'Sign up' form is opened

2024-07-16 11:43:24.662476   3. Assert
2024-07-16 11:43:24.662496   Is 'Please enter a valid Email' message displayed on this page after putting invalid email? =>
2024-07-16 11:43:24.662506   => Start fill out 'Email address' field.
2024-07-16 11:43:24.751593   => 'Email address' is inputted

2024-07-16 11:43:24.862418   => Switch to 'Password' field

get_attribute:  
