{'width': 1280, 'height': 800}

2024-05-15 17:56:00.017418   worker_id = master

2024-05-15 17:56:00.017433   0. Allure grouping v4

2024-05-15 17:56:00.017657   START PRECONDITIONS =>

2024-05-15 17:56:00.017676   => URL after prev. preconditions - https://capital.com/ro
2024-05-15 17:56:00.017686   => flag_of_bug - False
2024-05-15 17:56:00.017696   => Current URL - https://capital.com/ro/marfuri-brent-crude-oil-spot
2024-05-15 17:56:00.022712   Current page URL = https://capital.com/ro/marfuri-brent-crude-oil-spot
2024-05-15 17:56:00.025126   self.link = https://capital.com/ro
2024-05-15 17:56:00.025139   driver.get(https://capital.com/ro) =>
2024-05-15 17:56:01.850427   => Loaded page https://capital.com/ro

2024-05-15 17:56:01.854922   => Windows size - {'width': 1280, 'height': 800}
2024-05-15 17:56:01.856353   Set windows position at (0, 0) =>
2024-05-15 17:56:01.858065   Set resolution 1280 * 800 =>
2024-05-15 17:56:01.859775   => Windows size is set to {'width': 1280, 'height': 800}

2024-05-15 17:56:02.901928   Капчи нет. Идем дальше

2024-05-15 17:56:02.902029   Работа с куками =>

2024-05-15 17:56:02.902044   => не требуется

2024-05-15 17:56:02.902054   Prev. country - 'ae'
2024-05-15 17:56:02.902063   Cur. country - 'ae'
2024-05-15 17:56:02.902072   => Country set to 'ae'

2024-05-15 17:56:02.902081   Prev. language - 'ro'
2024-05-15 17:56:02.902090   Cur. language - 'ro'
2024-05-15 17:56:02.902099   => Language is set to 'ro'

2024-05-15 17:56:02.902108   Prev. role - 'NoReg'
2024-05-15 17:56:02.902117   Cur. role - 'NoReg'
2024-05-15 17:56:02.902126   => The 'NoReg' role is set

2024-05-15 17:56:02.904887   => Current URL - https://capital.com/ro

2024-05-15 17:56:02.904908   => THE END PRECONDITIONS

2024-05-15 17:56:02.905102 1.Arrange_v0
2024-05-15 17:56:02.905120   current_page = https://capital.com/ro
2024-05-15 17:56:02.907612   link = https://capital.com/ro/marfuri-brent-crude-oil-spot
2024-05-15 17:56:02.910120   Current page URL = https://capital.com/ro
2024-05-15 17:56:02.914226   self.link = https://capital.com/ro/marfuri-brent-crude-oil-spot
2024-05-15 17:56:02.914241   driver.get(https://capital.com/ro/marfuri-brent-crude-oil-spot) =>
2024-05-15 17:56:04.586426   => Loaded page https://capital.com/ro/marfuri-brent-crude-oil-spot
2024-05-15 17:56:04.590875 BUTTON_NOTIFICATION is located on the page? =>
2024-05-15 17:56:04.600916   Is BUTTON_NOTIFICATION present on the page? =>
2024-05-15 17:56:04.600945 => BUTTON_NOTIFICATION is present on the page
2024-05-15 17:56:04.600955   [Notification] button scroll =>
2024-05-15 17:56:04.604405   Start Checking that form [Sign up] popped up on the page =>
2024-05-15 17:56:06.145008   '[Sign up]' form was not popped up

2024-05-15 17:56:06.145210   2. Act_v0
2024-05-15 17:56:06.145225   Start Click 'Notification' button =>
2024-05-15 17:56:06.173125 BUTTON_NOTIFICATION is clickable =>
2024-05-15 17:56:06.206164 => BUTTON_NOTIFICATION clicked
Trade instrument from Full test is Comerț Brent Crude Oil Spot CFD
Test element is <pages.Elements.AssertClass.AssertClass object at 0x7fa9064415e0>

2024-05-15 17:56:06.206419   3. Assert_v0
2024-05-15 17:56:06.206508   Start step Check that [Sign up] form is opened
2024-05-15 17:56:06.550535   'Sign up' form opened
2024-05-15 17:56:06.550580   Assert SIGNUP_HEADER =>
2024-05-15 17:56:06.562541   Assert SIGNUP_REF_LOGIN =>
2024-05-15 17:56:06.572891   Assert SIGNUP_PRIVACY_POLICY_ALL_2 =>
2024-05-15 17:56:06.587138   => SIGNUP_PRIVACY_POLICY_ALL
2024-05-15 17:56:06.587176   => 'Signup' form is checked
2024-05-15 17:56:06.587355   Start step Close [Sign up] form =>
2024-05-15 17:56:06.640625   => 'Signup' form closed
2024-05-15 17:56:06.928631   => Focus moved to 'capital*com' logo
