{'width': 1280, 'height': 720}

2024-02-13 05:56:21.048959   worker_id = master

2024-02-13 05:56:21.048976   0. Allure grouping v4


2024-02-13 05:56:21.049174   START PRECONDITIONS =>


2024-02-13 05:56:21.049190   {'width': 1280, 'height': 720}

2024-02-13 05:56:21.050502   Set windows position at (0, 0) =>

2024-02-13 05:56:21.152528   Set resolution 1280 * 720 =>

2024-02-13 05:56:21.254850   => Resolution seted {'width': 1280, 'height': 720}

2024-02-13 05:56:22.288506   Капчи нет. Идем дальше

2024-02-13 05:56:22.288601   Prev. Role: NoAuth

2024-02-13 05:56:22.288614   Current role: NoAuth

2024-02-13 05:56:23.323266   Капчи нет. Идем дальше

2024-02-13 05:56:23.323365   Prev language: ro

2024-02-13 05:56:23.323379   => Current language: ro

2024-02-13 05:56:24.355129   Капчи нет. Идем дальше

2024-02-13 05:56:24.355222   Prev country: ae
2024-02-13 05:56:24.355236   => Current country: ae

2024-02-13 05:56:24.355245   => THE END PRECONDITIONS

2024-02-13 05:56:24.355281   1. Arrange
2024-02-13 05:56:24.358297   BUTTON_ON_HOR_BANNER is present? =>
2024-02-13 05:56:24.365917   => BUTTON_ON_HOR_BANNER is present on this page
2024-02-13 05:56:24.365940   BUTTON_ON_HOR_BANNER scroll =>
2024-02-13 05:56:24.370394   BUTTON_ON_HOR_BANNER is visible? =>
2024-02-13 05:56:24.384460   => BUTTON_ON_HOR_BANNER is visible on the page!
2024-02-13 05:56:24.384637   Start Checking that form [Sign up] popped up on the page =>
2024-02-13 05:56:25.928452   '[Sign up]' form was not popped up

2024-02-13 05:56:25.928636   2. Act

2024-02-13 05:56:25.945674   => Button on Horizontal banner clickable

2024-02-13 05:56:25.950101   data_id = 379
2024-02-13 05:56:25.982021   => BUTTON_ON_HOR_BANNER clicked!

2024-02-13 05:56:25.982337   3. Assert_Login_v0
2024-02-13 05:56:25.982451   Check that 'Login' form is opened
2024-02-13 05:56:29.064963   'Login' form not opened
2024-02-13 05:56:29.065197   Check that new 'Login' form is opened
2024-02-13 05:56:32.155582   => New 'Login' form not opened
2024-02-13 05:56:32.158457   'Login' page not opened
2024-02-13 05:56:35.254472   'Login' form on trading platform not opened
2024-02-13 05:56:35.254678   Start step Check that [Sign up] form is opened
2024-02-13 05:56:35.265747   'Sign up' form opened
2024-02-13 05:56:35.265772   Assert SIGNUP_HEADER =>
2024-02-13 05:56:35.276587   Assert SIGNUP_REF_LOGIN =>
2024-02-13 05:56:35.287558   Assert SIGNUP_PRIVACY_POLICY_ALL_2 =>
2024-02-13 05:56:35.298373   => SIGNUP_PRIVACY_POLICY_ALL
2024-02-13 05:56:35.298397   => 'Signup' form is checked

Bug: Bid:11.02.03.01_09-ro.ae.NoAuth

2024-02-13 05:56:35.298459   Проверка бага в таблице ретеста  =>

2024-02-13 05:56:35.303539   4. Fixing one row check results into Google Sheet Bugs Report =>
1 cells updated.
2024-02-13 05:56:35.560472   => 4. One row check results into Google Sheet Bugs Report fixed

2024-02-13 05:56:36.184382   4. Fixing one row check results into Google Sheet Bugs Report =>
1 cells updated.
2024-02-13 05:56:36.307432   => 4. One row check results into Google Sheet Bugs Report fixed

2024-02-13 05:56:36.307537   Bug: Bid:11.02.03.01_09-ro.ae.NoAuth уже существует, но тип бага изменился с failed на 05

2024-02-13 05:56:36.308592   Bug: Bid:11.02.03.01_09-ro.ae.NoAuth-05 уже существует

2024-02-13 05:56:36.308748   4. Fixing one row check results into Google Sheet Bugs Report =>
1 cells updated.
2024-02-13 05:56:36.482462   => 4. One row check results into Google Sheet Bugs Report fixed
