{'width': 1280, 'height': 800}

2024-05-15 17:22:38.265157   worker_id = master

2024-05-15 17:22:38.265170   0. Allure grouping v4

2024-05-15 17:22:38.265352   START PRECONDITIONS =>

2024-05-15 17:22:38.265368   => URL after prev. preconditions - https://capital.com/ro
2024-05-15 17:22:38.265377   => flag_of_bug - False
2024-05-15 17:22:38.265388   => Current URL - https://capital.com/ro/cad-jpy-rata
2024-05-15 17:22:38.270484   Current page URL = https://capital.com/ro/cad-jpy-rata
2024-05-15 17:22:38.272894   self.link = https://capital.com/ro
2024-05-15 17:22:38.272907   driver.get(https://capital.com/ro) =>
2024-05-15 17:22:40.338485   => Loaded page https://capital.com/ro

2024-05-15 17:22:40.344997   => Windows size - {'width': 1280, 'height': 800}
2024-05-15 17:22:40.346390   Set windows position at (0, 0) =>
2024-05-15 17:22:40.347980   Set resolution 1280 * 800 =>
2024-05-15 17:22:40.349578   => Windows size is set to {'width': 1280, 'height': 800}

2024-05-15 17:22:41.380342   Капчи нет. Идем дальше

2024-05-15 17:22:41.380434   Работа с куками =>

2024-05-15 17:22:41.380448   => не требуется

2024-05-15 17:22:41.380458   Prev. country - 'ae'
2024-05-15 17:22:41.380468   Cur. country - 'ae'
2024-05-15 17:22:41.380477   => Country set to 'ae'

2024-05-15 17:22:41.380486   Prev. language - 'ro'
2024-05-15 17:22:41.380495   Cur. language - 'ro'
2024-05-15 17:22:41.380504   => Language is set to 'ro'

2024-05-15 17:22:41.380513   Prev. role - 'NoAuth'
2024-05-15 17:22:41.380522   Cur. role - 'NoAuth'
2024-05-15 17:22:41.380531   => The 'NoAuth' role is set

2024-05-15 17:22:41.383237   => Current URL - https://capital.com/ro

2024-05-15 17:22:41.383259   => THE END PRECONDITIONS

2024-05-15 17:22:41.383304   1. Arrange_v0
2024-05-15 17:22:41.383319   current_page = https://capital.com/ro
2024-05-15 17:22:41.385785   link = https://capital.com/ro/cad-jpy-rata
2024-05-15 17:22:41.388187   Current page URL = https://capital.com/ro
2024-05-15 17:22:41.390748   self.link = https://capital.com/ro/cad-jpy-rata
2024-05-15 17:22:41.390762   driver.get(https://capital.com/ro/cad-jpy-rata) =>
2024-05-15 17:22:43.169554   => Loaded page https://capital.com/ro/cad-jpy-rata
2024-05-15 17:22:43.176043   BUTTON_SELL is located on the page? =>
2024-05-15 17:22:43.184536   => BUTTON_SELL is located on the page!
2024-05-15 17:22:43.184718   Start Checking that form [Sign up] popped up on the page =>
2024-05-15 17:22:44.739616   '[Sign up]' form was not popped up

2024-05-15 17:22:44.739823   2. Act_v0
2024-05-15 17:22:44.747136   BUTTON_SELL is present? =>
2024-05-15 17:22:44.747161   => BUTTON_SELL is present on the page
2024-05-15 17:22:44.747171   BUTTON_SELL scroll =>
2024-05-15 17:22:44.750455   => BUTTON_SELL scrolled
2024-05-15 17:22:44.755279   BUTTON_SELL is clickable? =>
2024-05-15 17:22:44.785467   BUTTON_SELL CLICK =>
2024-05-15 17:22:44.827328   => BUTTON_SELL clicked!

2024-05-15 17:22:44.827574   3. Assert_Login_v0
2024-05-15 17:22:44.827658   Check that 'Login' form is opened
2024-05-15 17:22:45.035116   'Login' form opened
2024-05-15 17:22:45.035167   Assert LOGIN_REF_SIGNUP =>
2024-05-15 17:22:45.047531   Assert LOGIN_CHECKBOX =>
2024-05-15 17:22:45.059813   Assert LOGIN_PASS_FORGOT =>
2024-05-15 17:22:45.075747   => 'Login' form is checked
2024-05-15 17:22:45.094027   Click 'Close' button on 'Login' form =>
2024-05-15 17:22:45.443750   => Focus moved to 'capital*com' logo
2024-05-15 17:22:45.443797   => 'Login' form closed
