{'width': 1280, 'height': 800}

2024-04-13 14:24:44.382494   worker_id = master

2024-04-13 14:24:44.382509   0. Allure grouping v4

2024-04-13 14:24:44.382693   START PRECONDITIONS =>

2024-04-13 14:24:44.382709   => URL after prev. preconditions - https://capital.com/
2024-04-13 14:24:44.382719   => flag_of_bug - False
2024-04-13 14:24:44.382729   => Current URL - https://capital.com/trade-bp-share
2024-04-13 14:24:44.388097   Current page URL = https://capital.com/trade-bp-share
2024-04-13 14:24:44.390624   self.link = https://capital.com/
2024-04-13 14:24:44.390637   driver.get(https://capital.com/) =>
2024-04-13 14:24:46.625045   => Loaded page https://capital.com/

2024-04-13 14:24:46.629511   => Windows size - {'width': 1280, 'height': 800}
2024-04-13 14:24:46.632280   Set windows position at (0, 0) =>
2024-04-13 14:24:46.734236   Set resolution 1280 * 800 =>
2024-04-13 14:24:46.836276   => Windows size is set to {'width': 1280, 'height': 800}

2024-04-13 14:24:47.857261   Капчи нет. Идем дальше

2024-04-13 14:24:47.857349   Работа с куками =>

2024-04-13 14:24:47.857363   => не требуется

2024-04-13 14:24:47.857373   Prev. country - 'de'
2024-04-13 14:24:47.857382   Cur. country - 'de'
2024-04-13 14:24:47.857392   => Country set to 'de'

2024-04-13 14:24:47.857401   Prev. language - 'en'
2024-04-13 14:24:47.857410   Cur. language - 'en'
2024-04-13 14:24:47.857419   => Language is set to 'en'

2024-04-13 14:24:47.857428   Prev. role - 'NoReg'
2024-04-13 14:24:47.857436   Cur. role - 'NoReg'
2024-04-13 14:24:47.857445   => The 'NoReg' role is set

2024-04-13 14:24:47.860115   => Current URL - https://capital.com/

2024-04-13 14:24:47.860137   => THE END PRECONDITIONS

2024-04-13 14:24:47.860320   1. Arrange_v4
2024-04-13 14:24:47.860338   current_page = https://capital.com/
2024-04-13 14:24:47.862903   link = https://capital.com/trade-bp-share
2024-04-13 14:24:47.865365   Current page URL = https://capital.com/
2024-04-13 14:24:47.867844   self.link = https://capital.com/trade-bp-share
2024-04-13 14:24:47.867858   driver.get(https://capital.com/trade-bp-share) =>
2024-04-13 14:24:50.238750   => Loaded page https://capital.com/trade-bp-share
2024-04-13 14:24:50.243033   MOST_TRADED is present? =>
2024-04-13 14:24:50.254039   => MOST_TRADED widget is present on this page
2024-04-13 14:24:50.254063   => Found 5 elements in block MOST_TRADED
2024-04-13 14:24:50.254074   Most traded widget is scroll =>
2024-04-13 14:24:50.257328   => Most traded widget is scrolled into screen center

2024-04-13 14:24:50.257368   Random indexes = [1]

2024-04-13 14:24:50.257383   Testing Most traded 1 random element with 1 index

2024-04-13 14:24:50.257538   2. Act_v4
2024-04-13 14:24:50.257633   Start Checking that form [Sign up] popped up on the page =>
2024-04-13 14:24:51.791040   '[Sign up]' form was not popped up
2024-04-13 14:24:51.803275   instrument_title = 'NVIDIA Corp'
2024-04-13 14:24:51.808255   Selected Trade button on Most traded widget is scroll =>
2024-04-13 14:24:51.812265   Selected Trade button click for 'NVIDIA Corp' trading instrument =>
2024-04-13 14:24:52.847382   => Selected Trade button clicked!

2024-04-13 14:24:52.847599   3. Assert_v0
2024-04-13 14:24:52.847688   Start step Check that [Sign up] form is opened
2024-04-13 14:24:53.037568   'Sign up' form opened
2024-04-13 14:24:53.037618   Assert SIGNUP_HEADER =>
2024-04-13 14:24:53.048643   Assert SIGNUP_REF_LOGIN =>
2024-04-13 14:24:53.058751   Assert SIGNUP_PRIVACY_POLICY_ALL_2 =>
2024-04-13 14:24:53.069415   => SIGNUP_PRIVACY_POLICY_ALL
2024-04-13 14:24:53.069448   => 'Signup' form is checked
2024-04-13 14:24:53.069652   Start step Close [Sign up] form =>
2024-04-13 14:24:53.166487   => 'Signup' form closed
2024-04-13 14:24:53.432369   => Focus moved to 'capital*com' logo
