


Current sort - Top fallers
{'width': 1280, 'height': 800}

2024-04-13 12:49:15.887888   worker_id = master

2024-04-13 12:49:15.887902   0. Allure grouping v4

2024-04-13 12:49:15.888084   START PRECONDITIONS =>

2024-04-13 12:49:15.888100   => URL after prev. preconditions - https://capital.com/
2024-04-13 12:49:15.888110   => flag_of_bug - True
2024-04-13 12:49:15.888120   => Current URL - https://capital.com/live-currency-prices?t=risers
2024-04-13 12:49:15.893761   Current page URL = https://capital.com/live-currency-prices?t=risers
2024-04-13 12:49:15.896366   self.link = https://capital.com/
2024-04-13 12:49:15.896380   driver.get(https://capital.com/) =>
2024-04-13 12:49:17.656597   => Loaded page https://capital.com/

2024-04-13 12:49:17.664051   => Windows size - {'width': 1280, 'height': 800}
2024-04-13 12:49:17.665540   Set windows position at (0, 0) =>
2024-04-13 12:49:17.767978   Set resolution 1280 * 800 =>
2024-04-13 12:49:17.870522   => Windows size is set to {'width': 1280, 'height': 800}

2024-04-13 12:49:18.907945   Капчи нет. Идем дальше

2024-04-13 12:49:18.908033   Работа с куками =>

2024-04-13 12:49:18.908048   => не требуется

2024-04-13 12:49:18.908057   Prev. country - 'de'
2024-04-13 12:49:18.908066   Cur. country - 'de'
2024-04-13 12:49:18.908075   => Country set to 'de'

2024-04-13 12:49:18.908084   Prev. language - 'en'
2024-04-13 12:49:18.908093   Cur. language - 'en'
2024-04-13 12:49:18.908124   => Language is set to 'en'

2024-04-13 12:49:18.908140   Prev. role - 'NoAuth'
2024-04-13 12:49:18.908156   Cur. role - 'NoAuth'
2024-04-13 12:49:18.908171   => The 'NoAuth' role is set

2024-04-13 12:49:18.911014   => Current URL - https://capital.com/

2024-04-13 12:49:18.911038   => THE END PRECONDITIONS

2024-04-13 12:49:18.911217   START Open "Markets" menu, "Forex" submenu =>

2024-04-13 12:49:18.911233   1. Cur URL = https://capital.com/

2024-04-13 12:49:18.913818   2. Link = https://capital.com/
2024-04-13 12:49:18.913834   current_page = https://capital.com/
2024-04-13 12:49:18.916424   link = https://capital.com/
2024-04-13 12:49:19.428159   => 'Markets' menu is present
2024-04-13 12:49:19.445925   => 'Markets' menu is visible
2024-04-13 12:49:20.726979   => Focus moved to 'Markets' menu


2024-04-13 12:49:22.121268   => 'Forex' sub-menu clicked
2024-04-13 12:49:22.397819   => Focus moved to 'capital*com' logo

2024-04-13 12:49:22.397863   3. Cur URL = https://capital.com/live-currency-prices

2024-04-13 12:49:22.403694   1. Arrange for TABLE_TRADING_INSTRUMENTS and 'Top fallers' cur_sort
2024-04-13 12:49:22.403723   current_page = https://capital.com/live-currency-prices
2024-04-13 12:49:22.406270   link = https://capital.com/live-currency-prices
2024-04-13 12:49:22.408768   TABLE_TRADING_INSTRUMENTS present on this page? =>
2024-04-13 12:49:22.416616   => TABLE_TRADING_INSTRUMENTS is present on the page!
2024-04-13 12:49:22.416642   IS FIELD_DROPDOWN_SORT present in the Live prices table? =>
2024-04-13 12:49:22.423950   =>  FIELD_DROPDOWN_SORT is present in the table!
2024-04-13 12:49:22.423982   Start scroll and click FIELD_DROPDOWN_SORT =>
2024-04-13 12:49:22.524490   Is item_sort_list visible on the FIELD_DROPDOWN_SORT ? =>
2024-04-13 12:49:22.569024   => item_sort_list is visible on the FIELD_DROPDOWN_SORT!
2024-04-13 12:49:22.569082   Is cur_sort "Top fallers" present in item_sort_list? =>
2024-04-13 12:49:22.593142   => cur_sort "Top fallers" is present in item_sort_list!
2024-04-13 12:49:22.593192   Start click cur_sort "Top fallers" =>
2024-04-13 12:49:23.213094   => End Click cur_sort "Top fallers"

2024-04-13 12:49:23.213141   Buttons [Sell] is visible and sum buttons no zero? =>
2024-04-13 12:49:23.226524   => Buttons [Sell] is visible and sum buttons no zero!

2024-04-13 12:49:23.226563   Start find 1 random buttons [Sell] on cur_sort "Top fallers"=>
2024-04-13 12:49:23.232656   => End find 1 random buttons [Sell] on the cur_sort "Top fallers"

2024-04-13 12:49:23.232686   List of random items = [17]
2024-04-13 12:49:23.232852   2. Act for trading instrument and "Top fallers" cur_sort
2024-04-13 12:49:23.262297   Start click button [Sell] =>
2024-04-13 12:49:23.273881   =>   BUTTON_SELL on item with ID = '55001351275673' is present
2024-04-13 12:49:23.273932   BUTTON_SELL on item with ID = '55001351275673' scroll into view =>
2024-04-13 12:49:23.281937   => BUTTON_SELL on item with ID = '55001351275673' scrolled into view
2024-04-13 12:49:23.281985   Check that BUTTON_SELL with item 'CHF/TRY' clickable =>
2024-04-13 12:49:23.375153   => BUTTON_SELL is clickable
2024-04-13 12:49:24.155979   =>   BUTTON_SELL on item 'CHF/TRY' clicked

2024-04-13 12:49:24.156209   3. Assert_Login_v0
2024-04-13 12:49:24.156293   Check that 'Login' form is opened
2024-04-13 12:49:24.338521   'Login' form opened
2024-04-13 12:49:24.338568   Assert LOGIN_REF_SIGNUP =>
2024-04-13 12:49:24.352813   Assert LOGIN_CHECKBOX =>
2024-04-13 12:49:24.368534   Assert LOGIN_PASS_FORGOT =>
2024-04-13 12:49:24.382647   => 'Login' form is checked
2024-04-13 12:49:24.404325   Click 'Close' button on 'Login' form =>
2024-04-13 12:49:24.726382   => Focus moved to 'capital*com' logo
2024-04-13 12:49:24.726426   => 'Login' form closed
