{'width': 1280, 'height': 800}

2024-04-13 15:53:09.675300   worker_id = master

2024-04-13 15:53:09.675315   0. Allure grouping v4

2024-04-13 15:53:09.675506   START PRECONDITIONS =>

2024-04-13 15:53:09.675522   => URL after prev. preconditions - https://capital.com/
2024-04-13 15:53:09.675532   => flag_of_bug - False
2024-04-13 15:53:09.675543   => Current URL - https://capital.com/loss-aversion-bias-explained
2024-04-13 15:53:09.681536   Current page URL = https://capital.com/loss-aversion-bias-explained
2024-04-13 15:53:09.685320   self.link = https://capital.com/
2024-04-13 15:53:09.685334   driver.get(https://capital.com/) =>
2024-04-13 15:53:11.589024   => Loaded page https://capital.com/

2024-04-13 15:53:11.623099   => Windows size - {'width': 1280, 'height': 800}
2024-04-13 15:53:11.624699   Set windows position at (0, 0) =>
2024-04-13 15:53:11.726954   Set resolution 1280 * 800 =>
2024-04-13 15:53:11.829370   => Windows size is set to {'width': 1280, 'height': 800}

2024-04-13 15:53:12.869968   Капчи нет. Идем дальше

2024-04-13 15:53:12.870058   Работа с куками =>

2024-04-13 15:53:12.870072   => не требуется

2024-04-13 15:53:12.870082   Prev. country - 'de'
2024-04-13 15:53:12.870092   Cur. country - 'de'
2024-04-13 15:53:12.870101   => Country set to 'de'

2024-04-13 15:53:12.870110   Prev. language - 'en'
2024-04-13 15:53:12.870119   Cur. language - 'en'
2024-04-13 15:53:12.870127   => Language is set to 'en'

2024-04-13 15:53:12.870136   Prev. role - 'NoReg'
2024-04-13 15:53:12.870145   Cur. role - 'NoReg'
2024-04-13 15:53:12.870154   => The 'NoReg' role is set

2024-04-13 15:53:12.873195   => Current URL - https://capital.com/

2024-04-13 15:53:12.873218   => THE END PRECONDITIONS

2024-04-13 15:53:12.873410   1. Arrange_v4
2024-04-13 15:53:12.873428   current_page = https://capital.com/
2024-04-13 15:53:12.876262   link = https://capital.com/loss-aversion-bias-explained
2024-04-13 15:53:12.879050   Current page URL = https://capital.com/
2024-04-13 15:53:12.881692   self.link = https://capital.com/loss-aversion-bias-explained
2024-04-13 15:53:12.881706   driver.get(https://capital.com/loss-aversion-bias-explained) =>
2024-04-13 15:53:14.948614   => Loaded page https://capital.com/loss-aversion-bias-explained
2024-04-13 15:53:14.955327   MOST_TRADED is present? =>
2024-04-13 15:53:14.964582   => MOST_TRADED widget is present on this page
2024-04-13 15:53:14.964611   => Found 5 elements in block MOST_TRADED
2024-04-13 15:53:14.964621   Most traded widget is scroll =>
2024-04-13 15:53:14.970562   => Most traded widget is scrolled into screen center

2024-04-13 15:53:14.970605   Random indexes = [3]

2024-04-13 15:53:14.970620   Testing Most traded 1 random element with 3 index

2024-04-13 15:53:14.970771   2. Act_v4
2024-04-13 15:53:14.970908   Start Checking that form [Sign up] popped up on the page =>
2024-04-13 15:53:16.510952   '[Sign up]' form was not popped up
2024-04-13 15:53:16.527129   instrument_title = 'Ripple to US Dollar'
2024-04-13 15:53:16.532597   Selected Trade button on Most traded widget is scroll =>
2024-04-13 15:53:16.544459   Selected Trade button click for 'Ripple to US Dollar' trading instrument =>
2024-04-13 15:53:17.606923   => Selected Trade button clicked!

2024-04-13 15:53:17.607201   3. Assert_v0
2024-04-13 15:53:17.607302   Start step Check that [Sign up] form is opened
2024-04-13 15:53:17.863813   'Sign up' form opened
2024-04-13 15:53:17.863868   Assert SIGNUP_HEADER =>
2024-04-13 15:53:17.887808   Assert SIGNUP_REF_LOGIN =>
2024-04-13 15:53:17.904699   Assert SIGNUP_PRIVACY_POLICY_ALL_2 =>
2024-04-13 15:53:17.921810   => SIGNUP_PRIVACY_POLICY_ALL
2024-04-13 15:53:17.921840   => 'Signup' form is checked
2024-04-13 15:53:17.922010   Start step Close [Sign up] form =>
2024-04-13 15:53:18.015485   => 'Signup' form closed
2024-04-13 15:53:18.285252   => Focus moved to 'capital*com' logo
