{'width': 1280, 'height': 800}

2024-05-15 13:52:09.849967   worker_id = master

2024-05-15 13:52:09.849981   0. Allure grouping v4

2024-05-15 13:52:09.850176   START PRECONDITIONS =>

2024-05-15 13:52:09.850193   => URL after prev. preconditions - https://capital.com/ro
2024-05-15 13:52:09.850203   => flag_of_bug - True
2024-05-15 13:52:09.850214   => Current URL - https://capital.com/trading/platform/
2024-05-15 13:52:09.855740   Current page URL = https://capital.com/trading/platform/
2024-05-15 13:52:09.858266   self.link = https://capital.com/ro
2024-05-15 13:52:09.858280   driver.get(https://capital.com/ro) =>
2024-05-15 13:52:11.958321   => Loaded page https://capital.com/ro

2024-05-15 13:52:11.961946   => Windows size - {'width': 1280, 'height': 800}
2024-05-15 13:52:11.963478   Set windows position at (0, 0) =>
2024-05-15 13:52:11.965218   Set resolution 1280 * 800 =>
2024-05-15 13:52:11.966981   => Windows size is set to {'width': 1280, 'height': 800}

2024-05-15 13:52:13.025942   Капчи нет. Идем дальше

2024-05-15 13:52:13.026059   Работа с куками =>

2024-05-15 13:52:13.026084   => не требуется

2024-05-15 13:52:13.026101   Prev. country - 'de'
2024-05-15 13:52:13.026117   Cur. country - 'de'
2024-05-15 13:52:13.026130   => Country set to 'de'

2024-05-15 13:52:13.026144   Prev. language - 'ro'
2024-05-15 13:52:13.026157   Cur. language - 'ro'
2024-05-15 13:52:13.026170   => Language is set to 'ro'

2024-05-15 13:52:13.026183   Prev. role - 'Auth'
2024-05-15 13:52:13.026196   Cur. role - 'Auth'
2024-05-15 13:52:13.026208   => The 'Auth' role is set

2024-05-15 13:52:13.029598   => Current URL - https://capital.com/ro

2024-05-15 13:52:13.029626   => THE END PRECONDITIONS

2024-05-15 13:52:13.029902   1. Arrange_v0
2024-05-15 13:52:13.029927   current_page = https://capital.com/ro
2024-05-15 13:52:13.033114   link = https://capital.com/ro/apple-inc-pret-actiune
2024-05-15 13:52:13.038989   Current page URL = https://capital.com/ro
2024-05-15 13:52:13.041592   self.link = https://capital.com/ro/apple-inc-pret-actiune
2024-05-15 13:52:13.041607   driver.get(https://capital.com/ro/apple-inc-pret-actiune) =>
2024-05-15 13:52:14.934409   => Loaded page https://capital.com/ro/apple-inc-pret-actiune
2024-05-15 13:52:14.951120   Is button BUTTON_VIEW_DETAILED_CHART present on the page? =>
2024-05-15 13:52:14.951156   => BUTTON_VIEW_DETAILED_CHART is present on the page
2024-05-15 13:52:14.951166   BUTTON_VIEW_DETAILED_CHART scroll =>
2024-05-15 13:52:14.957630   => BUTTON_VIEW_DETAILED_CHART scrolled
2024-05-15 13:52:14.957823   Start Checking that form [Sign up] popped up on the page =>
2024-05-15 13:52:16.522570   '[Sign up]' form was not popped up

2024-05-15 13:52:16.522765   2. Act_v0
2024-05-15 13:52:16.522782   Start Click button [View Detailed Chart] =>
2024-05-15 13:52:16.541987   BUTTON_VIEW_DETAILED_CHART is clickable =>
2024-05-15 13:52:16.872963 => BUTTON_VIEW_DETAILED_CHART clicked

2024-05-15 13:52:16.873306   3. Assert_v4

2024-05-15 13:52:16.873338   
2024-05-15 13:52:16.873503   Checking that the trading platform page has opened (v4) =>
2024-05-15 13:52:16.883355   Checking way # 1 => 

2024-05-15 13:52:16.883582   1. Checking that the Trading platform (or TradingView site) page has valid title =>
2024-05-15 13:52:16.889337   => The title of current page is 'Trading Platform | Capital.com'

2024-05-15 13:52:16.889468   2. Checking that the LOGO is present on the page =>
2024-05-15 13:52:18.550314   => 'capital*com' logo is present on the current page

2024-05-15 13:52:18.550365   tpd = False
2024-05-15 13:52:18.856203   => Driver.backed
2024-05-15 13:52:19.214996   => Driver.backed
2024-05-15 13:52:20.334332   => Driver.backed
