Current test role - NoAuth

{'width': 1280, 'height': 800}

2024-05-15 15:33:17.069152   worker_id = master

2024-05-15 15:33:17.069168   0. Allure grouping v4

2024-05-15 15:33:17.069368   START PRECONDITIONS =>

2024-05-15 15:33:17.069383   => URL after prev. preconditions - https://capital.com/ro
2024-05-15 15:33:17.069393   => flag_of_bug - False
2024-05-15 15:33:17.069403   => Current URL - https://capital.com/ro/trade-neo
2024-05-15 15:33:17.074565   Current page URL = https://capital.com/ro/trade-neo
2024-05-15 15:33:17.082150   self.link = https://capital.com/ro
2024-05-15 15:33:17.082167   driver.get(https://capital.com/ro) =>
2024-05-15 15:33:18.993572   => Loaded page https://capital.com/ro

2024-05-15 15:33:18.999037   => Windows size - {'width': 1280, 'height': 800}
2024-05-15 15:33:19.000429   Set windows position at (0, 0) =>
2024-05-15 15:33:19.002022   Set resolution 1280 * 800 =>
2024-05-15 15:33:19.003637   => Windows size is set to {'width': 1280, 'height': 800}

2024-05-15 15:33:20.066795   Капчи нет. Идем дальше

2024-05-15 15:33:20.066921   Работа с куками =>
2024-05-15 15:33:20.066942   Prev. role - 'Auth'
2024-05-15 15:33:20.066958   Current testing role - 'NoAuth'

2024-05-15 15:33:20.066972   All cookies must be delete =>
2024-05-15 15:33:20.145577   => All cookies are deleted
2024-05-15 15:33:20.145619   Current page URL = https://capital.com/ro
2024-05-15 15:33:20.148363   self.link = https://capital.com/
2024-05-15 15:33:20.148377   driver.get(https://capital.com/) =>
2024-05-15 15:33:21.654726   => Loaded page https://capital.com/

2024-05-15 15:33:21.658351   Step 'Click button [Accept all cookies]'
2024-05-15 15:33:21.658364   Is Visible Button [Accept all cookies]? =>
2024-05-15 15:33:21.674580   => Button [Accept all cookies] is visible
2024-05-15 15:33:22.174704   Is clickable Button [Accept all cookies] =>
2024-05-15 15:33:22.191816   => Button [Accept all cookies] is clickable
2024-05-15 15:33:22.191849   Click Button [Accept all cookies] =>
2024-05-15 15:33:22.375431   => Button [Accept all cookies] is clicked
2024-05-15 15:33:22.375476   => Accepted All Cookies

2024-05-15 15:33:22.875591   Prev. country - '?'
2024-05-15 15:33:22.875658   Cur. country - 'de'
2024-05-15 15:33:22.875673   Set 'de' country =>
2024-05-15 15:33:22.890729   => Language and Country menu is present
2024-05-15 15:33:22.903988   => Language and Country menu is visible
2024-05-15 15:33:24.181787   => Focus is moved on Language and Country menu 
2024-05-15 15:33:26.976221   => Cur url = https://capital.com/?country=de
2024-05-15 15:33:26.987602   => Country set to 'de'

2024-05-15 15:33:26.987636   Prev. language - '?'
2024-05-15 15:33:26.987652   Cur. language - 'ro'
2024-05-15 15:33:26.987667   Set 'ro' language =>
2024-05-15 15:33:26.996882   => Language and Country menu is present
2024-05-15 15:33:27.024803   => Language and Country menu is visible
2024-05-15 15:33:28.323298   => Focus is moved on Language and Country menu 
2024-05-15 15:33:28.332729   Move focus on ro item and click =>
2024-05-15 15:33:30.068614   => Focus moved on ro item and clicked
2024-05-15 15:33:30.068663   => Cur url = https://capital.com/ro
2024-05-15 15:33:30.075575   => Language is set to 'ro'

2024-05-15 15:33:30.075606   Prev. role - 'Auth'
2024-05-15 15:33:30.075622   Cur. role - 'NoAuth'
2024-05-15 15:33:30.080819   Start Autorization

2024-05-15 15:33:30.080841   => Current URL - https://capital.com/ro

2024-05-15 15:33:30.083422   2. Act
2024-05-15 15:33:30.083439   Start Click button [Log in] =>
2024-05-15 15:33:30.108313   BUTTON_LOGIN scroll =>
2024-05-15 15:33:30.116236   Is BUTTON_LOGIN clickable? =>
2024-05-15 15:33:30.129079   => BUTTON_LOGIN is clickable
2024-05-15 15:33:30.129110   BUTTON_LOGIN click =>
2024-05-15 15:33:30.187232   => BUTTON_LOGIN is clicked!
2024-05-15 15:33:30.187521   Check that 'Login' form is opened
2024-05-15 15:33:30.440609   'Login' form opened
2024-05-15 15:33:30.440645   Assert LOGIN_REF_SIGNUP =>
2024-05-15 15:33:30.456595   Assert LOGIN_CHECKBOX =>
2024-05-15 15:33:30.473693   Assert LOGIN_PASS_FORGOT =>
2024-05-15 15:33:30.489534   => 'Login' form is checked
2024-05-15 15:33:30.489612   => 'Login' form is opened
2024-05-15 15:33:30.693385   => "login" and "password" are inputted
2024-05-15 15:33:30.693439   Click [Continue] button on [Login] form =>
2024-05-15 15:33:30.741412   => [Continue] button on [Login] form is clicked

2024-05-15 15:33:30.741450   1. Checking that the Page opened with 'Trading Platform | Capital.com' title
2024-05-15 15:33:30.741461   Set timeout = 30
2024-05-15 15:33:30.741471   Wait Trading platform page with 'Trading Platform | Capital.com' title open =>
2024-05-15 15:33:32.288167   => Trading platform page with 'Trading Platform | Capital.com' title opened

2024-05-15 15:33:32.288249   2. Checking that the LOGO is present on the page =>
2024-05-15 15:33:33.906072   => 'capital*com' logo is present on the current page
2024-05-15 15:33:34.775209   => Driver.back
https://capital.com/ro

2024-05-15 15:33:34.857788   => Current URL - https://capital.com/ro
2024-05-15 15:33:34.866176   Start DeAuthorisation

2024-05-15 15:33:34.866202   => Current URL - https://capital.com/ro
2024-05-15 15:33:34.871068   1. BUTTON_MY_ACCOUNT is present? =>
2024-05-15 15:33:34.884130   => BUTTON_MY_ACCOUNT is present on this page
2024-05-15 15:33:36.161825   => Move to BUTTON_MY_ACCOUNT
2024-05-15 15:33:36.161874   2. BUTTON_MY_ACCOUNT is clickable? =>
2024-05-15 15:33:36.179206   => BUTTON_MY_ACCOUNT is clickable
2024-05-15 15:33:36.179239   BUTTON_MY_ACCOUNT Click =>
2024-05-15 15:33:36.991336   => User panel [My account] is opened

2024-05-15 15:33:36.991553   Start Click [Logout] button:
2024-05-15 15:33:36.991569   BUTTON_LOGOUT is present? =>
2024-05-15 15:33:37.001261   => BUTTON_LOGOUT is present
2024-05-15 15:33:37.001288   Is BUTTON_LOGOUT visible? =>
2024-05-15 15:33:37.012785   => BUTTON_LOGOUT is visible
2024-05-15 15:33:37.012818   BUTTON_LOGOUT is clickable? =>
2024-05-15 15:33:37.021892   => BUTTON_LOGOUT is clickable
2024-05-15 15:33:37.021917   BUTTON_LOGOUT click =>
2024-05-15 15:33:37.084348   => BUTTON_LOGOUT is clicked

2024-05-15 15:33:37.084493   => Current URL - https://capital.com/ro
2024-05-15 15:33:37.100317   => The 'NoAuth' role is set

2024-05-15 15:33:37.102904   => Current URL - https://capital.com/ro

2024-05-15 15:33:37.102929   => THE END PRECONDITIONS

2024-05-15 15:33:37.102985   1. Arrange_v0
2024-05-15 15:33:37.103000   current_page = https://capital.com/ro
2024-05-15 15:33:37.105480   link = https://capital.com/ro/trade-neo
2024-05-15 15:33:37.107881   => current_url != cur_item_link
2024-05-15 15:33:38.107991   Current page URL = https://capital.com/ro
2024-05-15 15:33:38.122759   self.link = https://capital.com/ro/trade-neo
2024-05-15 15:33:38.122780   driver.get(https://capital.com/ro/trade-neo) =>
2024-05-15 15:33:40.089984   => Loaded page https://capital.com/ro/trade-neo
2024-05-15 15:33:40.105879   BUTTON_START_TRADING scroll =>
2024-05-15 15:33:40.114225   BUTTON_START_TRADING is visible? =>
2024-05-15 15:33:40.138802   => BUTTON_START_TRADING is visible on the page!

2024-05-15 15:33:40.138977   2. Act_v0
2024-05-15 15:33:40.138993   Start Click button [Start Trading] =>
2024-05-15 15:33:40.147635   BUTTON_START_TRADING is clickable? =>
2024-05-15 15:33:40.157779   BUTTON_START_TRADING click =>
2024-05-15 15:33:40.200664   => BUTTON_START_TRADING clicked

2024-05-15 15:33:40.200904   3. Assert_Login_v0
2024-05-15 15:33:40.200992   Check that 'Login' form is opened
2024-05-15 15:33:46.384526   'Login' form not opened
2024-05-15 15:33:46.384726   Check that new 'Login' form is opened
2024-05-15 15:33:49.468289   => New 'Login' form not opened
2024-05-15 15:33:49.471264   'Login' page not opened
2024-05-15 15:33:52.568972   'Login' form on trading platform not opened
2024-05-15 15:33:52.569200   Start step Check that [Sign up] form is opened
2024-05-15 15:33:52.585647   'Sign up' form opened
2024-05-15 15:33:52.585673   Assert SIGNUP_HEADER =>
2024-05-15 15:33:52.601548   Assert SIGNUP_REF_LOGIN =>
2024-05-15 15:33:52.618081   Assert SIGNUP_PRIVACY_POLICY_ALL_2 =>
2024-05-15 15:33:52.633724   => SIGNUP_PRIVACY_POLICY_ALL
2024-05-15 15:33:52.633759   => 'Signup' form is checked

Bug: 

2024-05-15 15:33:52.633829   Проверка бага в таблице ретеста  =>

2024-05-15 15:33:52.636868  Для бага: Bid-05 необходимо использовать проверку на ретест!!!
