


Current sort - Most volatile
{'width': 1280, 'height': 800}

2024-05-15 13:51:07.794281   worker_id = master

2024-05-15 13:51:07.794296   0. Allure grouping v4

2024-05-15 13:51:07.794523   START PRECONDITIONS =>

2024-05-15 13:51:07.794542   => URL after prev. preconditions - https://capital.com/ro
2024-05-15 13:51:07.794552   => flag_of_bug - False
2024-05-15 13:51:07.794562   => Current URL - https://capital.com/ro/live-actiuni-preturi
2024-05-15 13:51:07.799846   Current page URL = https://capital.com/ro/live-actiuni-preturi
2024-05-15 13:51:07.802294   self.link = https://capital.com/ro
2024-05-15 13:51:07.802308   driver.get(https://capital.com/ro) =>
2024-05-15 13:51:09.620852   => Loaded page https://capital.com/ro

2024-05-15 13:51:09.628589   => Windows size - {'width': 1280, 'height': 800}
2024-05-15 13:51:09.630011   Set windows position at (0, 0) =>
2024-05-15 13:51:09.631593   Set resolution 1280 * 800 =>
2024-05-15 13:51:09.633472   => Windows size is set to {'width': 1280, 'height': 800}

2024-05-15 13:51:10.687320   Капчи нет. Идем дальше

2024-05-15 13:51:10.687414   Работа с куками =>

2024-05-15 13:51:10.687428   => не требуется

2024-05-15 13:51:10.687438   Prev. country - 'de'
2024-05-15 13:51:10.687448   Cur. country - 'de'
2024-05-15 13:51:10.687457   => Country set to 'de'

2024-05-15 13:51:10.687466   Prev. language - 'ro'
2024-05-15 13:51:10.687475   Cur. language - 'ro'
2024-05-15 13:51:10.687483   => Language is set to 'ro'

2024-05-15 13:51:10.687492   Prev. role - 'NoReg'
2024-05-15 13:51:10.687501   Cur. role - 'NoReg'
2024-05-15 13:51:10.687509   => The 'NoReg' role is set

2024-05-15 13:51:10.692920   => Current URL - https://capital.com/ro

2024-05-15 13:51:10.692944   => THE END PRECONDITIONS

2024-05-15 13:51:10.693139   START Open "Markets" menu, "Shares" submenu =>
2024-05-15 13:51:10.693154   1. Cur URL = https://capital.com/ro
2024-05-15 13:51:10.695701   2. Link = https://capital.com/ro
2024-05-15 13:51:10.695716   current_page = https://capital.com/ro
2024-05-15 13:51:10.698155   link = https://capital.com/ro
2024-05-15 13:51:11.212002   => 'Markets' menu is present
2024-05-15 13:51:11.229175   => 'Markets' menu is visible
2024-05-15 13:51:12.508859   => Focus moved to 'Markets' menu
2024-05-15 13:51:14.068521   => Focus moved to 'Shares' submenu and clicked
2024-05-15 13:51:14.342182   => Focus moved to 'capital*com' logo
2024-05-15 13:51:14.342229   3. Cur URL = https://capital.com/ro/live-actiuni-preturi

2024-05-15 13:51:14.348285   1. Arrange for Trading instrument table and "Most volatile" cur_sort
2024-05-15 13:51:14.348312   current_page = https://capital.com/ro/live-actiuni-preturi
2024-05-15 13:51:14.351122   link = https://capital.com/ro/live-actiuni-preturi
2024-05-15 13:51:14.353811   IS TABLE_TRADING_INSTRUMENTS  present on the  page? =>
2024-05-15 13:51:14.360207   => TABLE_TRADING_INSTRUMENTS is present on the page!
2024-05-15 13:51:14.360239   IS FIELD_DROPDOWN_SORT present in the table? =>
2024-05-15 13:51:14.365328   =>  FIELD_DROPDOWN_SORT is present in the table!
2024-05-15 13:51:14.365355   Start scroll and click FIELD_DROPDOWN_SORT =>
2024-05-15 13:51:14.469275   Is item_sort_list visible on the FIELD_DROPDOWN_SORT ? =>
2024-05-15 13:51:14.504337   => item_sort_list is visible on the FIELD_DROPDOWN_SORT!
2024-05-15 13:51:14.504391   Is cur_sort "Most volatile" present in item_sort_list? =>
2024-05-15 13:51:14.551254   => cur_sort "Most volatile" is present in item_sort_list!
2024-05-15 13:51:14.551306   Start click cur_sort "Most volatile" =>
2024-05-15 13:51:15.272577   => End Click cur_sort "Most volatile"

2024-05-15 13:51:15.272624   Buttons [Buy] is visible and quantity buttons not zero? =>
2024-05-15 13:51:15.320433   => Buttons [Buy] is visible and quantity buttons not zero!

2024-05-15 13:51:15.320476   Start find two random buttons [Buy] on cur_sort "Most volatile"=>
2024-05-15 13:51:15.327301   => End find 1 random buttons [Buy] on the cur_sort "Most volatile"


2024-05-15 13:51:15.327336   Item_list = [13]
2024-05-15 13:51:15.327499   Start Checking that form [Sign up] popped up on the page =>
2024-05-15 13:51:16.892955   '[Sign up]' form was not popped up
2024-05-15 13:51:16.893166   2. Act for trading instrument and "Most volatile" cur_sort
2024-05-15 13:51:16.905949   Start click button [Buy] =>
2024-05-15 13:51:16.916060   =>   BUTTON_BUY on item with ID = 11511092173952196
2024-05-15 13:51:16.916091   BUTTON_BUY on item with ID = '11511092173952196' scroll into view =>
2024-05-15 13:51:16.919522   => BUTTON_SELL on item with ID = '11511092173952196' scrolled into view
2024-05-15 13:51:16.919550   Check that BUTTON_BUY with item JNUG clickable =>
2024-05-15 13:51:17.078529   => BUTTON_BUY is clickable
2024-05-15 13:51:17.851285   =>   BUTTON_BUY with item JNUG clicked

2024-05-15 13:51:17.851517   3. Assert_v0
2024-05-15 13:51:17.851605   Start step Check that [Sign up] form is opened
2024-05-15 13:51:20.945371   'Sign up' form not opened
2024-05-15 13:51:20.945565   Start step Check that new [Sign up] form is opened
2024-05-15 13:51:24.066332   => new 'Sign up' form not opened
2024-05-15 13:51:24.066573   Start method Check that [Sign up] page opened =>
2024-05-15 13:51:25.092836   'Sign up' page not opened
2024-05-15 13:51:25.093123   Check that [Sign up] form on trading platform opened =>
2024-05-15 13:51:28.207122   'Sign up' form on trading platform page not opened

Bug: 

2024-05-15 13:51:28.207213   Проверка бага в таблице ретеста  =>

2024-05-15 13:51:28.210166  Для бага: Bid-04 необходимо использовать проверку на ретест!!!
