{'width': 1280, 'height': 800}

2024-05-15 15:27:34.535493   worker_id = master

2024-05-15 15:27:34.535508   0. Allure grouping v4

2024-05-15 15:27:34.535697   START PRECONDITIONS =>

2024-05-15 15:27:34.535713   => URL after prev. preconditions - https://capital.com/ro
2024-05-15 15:27:34.535722   => flag_of_bug - False
2024-05-15 15:27:34.535732   => Current URL - https://capital.com/ro/cryptocurrency-trading
2024-05-15 15:27:34.542080   Current page URL = https://capital.com/ro/cryptocurrency-trading
2024-05-15 15:27:34.544539   self.link = https://capital.com/ro
2024-05-15 15:27:34.544553   driver.get(https://capital.com/ro) =>
2024-05-15 15:27:36.638759   => Loaded page https://capital.com/ro

2024-05-15 15:27:36.644739   => Windows size - {'width': 1280, 'height': 800}
2024-05-15 15:27:36.646129   Set windows position at (0, 0) =>
2024-05-15 15:27:36.647835   Set resolution 1280 * 800 =>
2024-05-15 15:27:36.649776   => Windows size is set to {'width': 1280, 'height': 800}

2024-05-15 15:27:37.707003   Капчи нет. Идем дальше

2024-05-15 15:27:37.707099   Работа с куками =>

2024-05-15 15:27:37.707113   => не требуется

2024-05-15 15:27:37.707124   Prev. country - 'de'
2024-05-15 15:27:37.707133   Cur. country - 'de'
2024-05-15 15:27:37.707142   => Country set to 'de'

2024-05-15 15:27:37.707151   Prev. language - 'ro'
2024-05-15 15:27:37.707160   Cur. language - 'ro'
2024-05-15 15:27:37.707169   => Language is set to 'ro'

2024-05-15 15:27:37.707178   Prev. role - 'Auth'
2024-05-15 15:27:37.707187   Cur. role - 'Auth'
2024-05-15 15:27:37.707196   => The 'Auth' role is set

2024-05-15 15:27:37.711492   => Current URL - https://capital.com/ro

2024-05-15 15:27:37.711519   => THE END PRECONDITIONS

2024-05-15 15:27:37.711715   1. Cur URL = https://capital.com/ro

2024-05-15 15:27:37.714314   2. Link = https://capital.com/ro
2024-05-15 15:27:37.714330   current_page = https://capital.com/ro
2024-05-15 15:27:37.716836   link = https://capital.com/ro
2024-05-15 15:27:38.231130   => Education menu is present in DOM
2024-05-15 15:27:38.236832   => Education menu is visible
2024-05-15 15:27:39.509808   => Focus moved to Education menu
2024-05-15 15:27:41.841687   => Cryptocurrency trading submenu focus moved and clicked
2024-05-15 15:27:42.125336   => Focus moved to 'capital*com' logo

2024-05-15 15:27:42.125379   3. Cur URL = https://capital.com/ro/cryptocurrency-trading

2024-05-15 15:27:42.131513   1. Arrange_v0
2024-05-15 15:27:42.131545   current_page = https://capital.com/ro/cryptocurrency-trading
2024-05-15 15:27:42.134538   link = https://capital.com/ro/cryptocurrency-trading
2024-05-15 15:27:42.137437   BUTTON_CREATE_YOUR_ACCOUNT is located on the page? =>

2024-05-15 15:27:42.147934   2. Act_v0: Define of locator

2024-05-15 15:27:42.147981   2. Act_v0: Go to web element

2024-05-15 15:27:43.308418   2. Act_v0: Click web element
2024-05-15 15:27:43.806346   => BUTTON_CREATE_YOUR_ACCOUNT is clicked

2024-05-15 15:27:43.806719   3. Assert_v4

2024-05-15 15:27:43.806748   
2024-05-15 15:27:43.806907   Checking that the trading platform page has opened (v4) =>
2024-05-15 15:27:44.321019   Checking way # 1 => 

2024-05-15 15:27:44.321215   1. Checking that the Trading platform (or TradingView site) page has valid title =>
2024-05-15 15:27:44.324045   => The title of current page is 'Trading Platform | Capital.com'

2024-05-15 15:27:44.324129   2. Checking that the LOGO is present on the page =>
2024-05-15 15:27:44.994380   => 'capital*com' logo is present on the current page

2024-05-15 15:27:44.994463   tpd = False
2024-05-15 15:27:46.647624   => Driver.backed
