{'width': 1280, 'height': 800}

2024-05-15 15:23:43.669768   worker_id = master

2024-05-15 15:23:43.669782   0. Allure grouping v4

2024-05-15 15:23:43.669966   START PRECONDITIONS =>

2024-05-15 15:23:43.669981   => URL after prev. preconditions - https://capital.com/ro
2024-05-15 15:23:43.669991   => flag_of_bug - True
2024-05-15 15:23:43.670001   => Current URL - https://capital.com/ro/tranzactionati-gold
2024-05-15 15:23:43.675416   Current page URL = https://capital.com/ro/tranzactionati-gold
2024-05-15 15:23:43.677867   self.link = https://capital.com/ro
2024-05-15 15:23:43.677881   driver.get(https://capital.com/ro) =>
2024-05-15 15:23:45.502880   => Loaded page https://capital.com/ro

2024-05-15 15:23:45.507184   => Windows size - {'width': 1280, 'height': 800}
2024-05-15 15:23:45.508560   Set windows position at (0, 0) =>
2024-05-15 15:23:45.510201   Set resolution 1280 * 800 =>
2024-05-15 15:23:45.511848   => Windows size is set to {'width': 1280, 'height': 800}

2024-05-15 15:23:46.558952   Капчи нет. Идем дальше

2024-05-15 15:23:46.559044   Работа с куками =>

2024-05-15 15:23:46.559058   => не требуется

2024-05-15 15:23:46.559068   Prev. country - 'de'
2024-05-15 15:23:46.559077   Cur. country - 'de'
2024-05-15 15:23:46.559086   => Country set to 'de'

2024-05-15 15:23:46.559095   Prev. language - 'ro'
2024-05-15 15:23:46.559104   Cur. language - 'ro'
2024-05-15 15:23:46.559113   => Language is set to 'ro'

2024-05-15 15:23:46.559122   Prev. role - 'NoAuth'
2024-05-15 15:23:46.559130   Cur. role - 'NoAuth'
2024-05-15 15:23:46.559139   => The 'NoAuth' role is set

2024-05-15 15:23:46.561793   => Current URL - https://capital.com/ro

2024-05-15 15:23:46.561814   => THE END PRECONDITIONS

2024-05-15 15:23:46.562000   1. Arrange_v0
2024-05-15 15:23:46.562018   current_page = https://capital.com/ro
2024-05-15 15:23:46.564461   link = https://capital.com/ro/tranzactionati-gold
2024-05-15 15:23:46.568360   Current page URL = https://capital.com/ro
2024-05-15 15:23:46.570807   self.link = https://capital.com/ro/tranzactionati-gold
2024-05-15 15:23:46.570820   driver.get(https://capital.com/ro/tranzactionati-gold) =>
2024-05-15 15:23:48.341782   => Loaded page https://capital.com/ro/tranzactionati-gold
2024-05-15 15:23:48.346324   BUTTON_CREATE_YOUR_ACCOUNT is located on the page? =>

2024-05-15 15:23:48.358359   2. Act_v0: Define of locator

2024-05-15 15:23:48.358419   2. Act_v0: Go to web element

2024-05-15 15:23:49.465053   2. Act_v0: Click web element
2024-05-15 15:23:49.496851   => BUTTON_CREATE_YOUR_ACCOUNT is clicked

2024-05-15 15:23:49.497072   3. Assert_v0
2024-05-15 15:23:49.497168   Start step Check that [Sign up] form is opened
2024-05-15 15:23:49.746140   'Sign up' form opened
2024-05-15 15:23:49.746181   Assert SIGNUP_HEADER =>
2024-05-15 15:23:49.762191   Assert SIGNUP_REF_LOGIN =>
2024-05-15 15:23:49.778781   Assert SIGNUP_PRIVACY_POLICY_ALL_2 =>
2024-05-15 15:23:49.793147   => SIGNUP_PRIVACY_POLICY_ALL
2024-05-15 15:23:49.793184   => 'Signup' form is checked
2024-05-15 15:23:49.793358   Start step Close [Sign up] form =>
2024-05-15 15:23:49.920412   => 'Signup' form closed
2024-05-15 15:23:50.203148   => Focus moved to 'capital*com' logo
