{'width': 1280, 'height': 800}

2024-05-15 13:41:29.287837   worker_id = master

2024-05-15 13:41:29.287852   0. Allure grouping v4

2024-05-15 13:41:29.288055   START PRECONDITIONS =>

2024-05-15 13:41:29.288070   => URL after prev. preconditions - https://capital.com/ro
2024-05-15 13:41:29.288080   => flag_of_bug - False
2024-05-15 13:41:29.288090   => Current URL - https://capital.com/ro/grafic-eth-usd
2024-05-15 13:41:29.293524   Current page URL = https://capital.com/ro/grafic-eth-usd
2024-05-15 13:41:29.299510   self.link = https://capital.com/ro
2024-05-15 13:41:29.299529   driver.get(https://capital.com/ro) =>
2024-05-15 13:41:31.071564   => Loaded page https://capital.com/ro

2024-05-15 13:41:31.076289   => Windows size - {'width': 1280, 'height': 800}
2024-05-15 13:41:31.077740   Set windows position at (0, 0) =>
2024-05-15 13:41:31.083744   Set resolution 1280 * 800 =>
2024-05-15 13:41:31.085419   => Windows size is set to {'width': 1280, 'height': 800}

2024-05-15 13:41:32.141368   Капчи нет. Идем дальше

2024-05-15 13:41:32.141472   Работа с куками =>

2024-05-15 13:41:32.141489   => не требуется

2024-05-15 13:41:32.141498   Prev. country - 'de'
2024-05-15 13:41:32.141507   Cur. country - 'de'
2024-05-15 13:41:32.141517   => Country set to 'de'

2024-05-15 13:41:32.141526   Prev. language - 'ro'
2024-05-15 13:41:32.141535   Cur. language - 'ro'
2024-05-15 13:41:32.141544   => Language is set to 'ro'

2024-05-15 13:41:32.141552   Prev. role - 'NoReg'
2024-05-15 13:41:32.141561   Cur. role - 'NoReg'
2024-05-15 13:41:32.141570   => The 'NoReg' role is set

2024-05-15 13:41:32.144548   => Current URL - https://capital.com/ro

2024-05-15 13:41:32.144578   => THE END PRECONDITIONS

2024-05-15 13:41:32.144834   1. Arrange_v0
2024-05-15 13:41:32.144857   current_page = https://capital.com/ro
2024-05-15 13:41:32.150720   link = https://capital.com/ro/grafic-eth-usd
2024-05-15 13:41:32.153299   Current page URL = https://capital.com/ro
2024-05-15 13:41:32.155872   self.link = https://capital.com/ro/grafic-eth-usd
2024-05-15 13:41:32.155886   driver.get(https://capital.com/ro/grafic-eth-usd) =>
2024-05-15 13:41:33.889570   => Loaded page https://capital.com/ro/grafic-eth-usd
2024-05-15 13:41:33.905570   Is button BUTTON_VIEW_DETAILED_CHART present on the page? =>
2024-05-15 13:41:33.905609   => BUTTON_VIEW_DETAILED_CHART is present on the page
2024-05-15 13:41:33.905619   BUTTON_VIEW_DETAILED_CHART scroll =>
2024-05-15 13:41:33.909052   => BUTTON_VIEW_DETAILED_CHART scrolled
2024-05-15 13:41:33.909223   Start Checking that form [Sign up] popped up on the page =>
2024-05-15 13:41:35.434339   '[Sign up]' form was not popped up

2024-05-15 13:41:35.434569   2. Act_v0
2024-05-15 13:41:35.434589   Start Click button [View Detailed Chart] =>
2024-05-15 13:41:35.454927   BUTTON_VIEW_DETAILED_CHART is clickable =>
2024-05-15 13:41:35.495845 => BUTTON_VIEW_DETAILED_CHART clicked

2024-05-15 13:41:35.496188   3. Assert_v0
2024-05-15 13:41:35.496342   Start step Check that [Sign up] form is opened
2024-05-15 13:41:35.753842   'Sign up' form opened
2024-05-15 13:41:35.753888   Assert SIGNUP_HEADER =>
2024-05-15 13:41:35.767333   Assert SIGNUP_REF_LOGIN =>
2024-05-15 13:41:35.777808   Assert SIGNUP_PRIVACY_POLICY_ALL_2 =>
2024-05-15 13:41:35.791950   => SIGNUP_PRIVACY_POLICY_ALL
2024-05-15 13:41:35.791994   => 'Signup' form is checked
2024-05-15 13:41:35.792175   Start step Close [Sign up] form =>
2024-05-15 13:41:35.886246   => 'Signup' form closed
2024-05-15 13:41:36.165737   => Focus moved to 'capital*com' logo
