{'width': 1280, 'height': 800}

2024-05-15 14:46:20.413295   worker_id = master

2024-05-15 14:46:20.413309   0. Allure grouping v4

2024-05-15 14:46:20.413495   START PRECONDITIONS =>

2024-05-15 14:46:20.413511   => URL after prev. preconditions - https://capital.com/ro
2024-05-15 14:46:20.413521   => flag_of_bug - False
2024-05-15 14:46:20.413531   => Current URL - https://capital.com/ro/marfuri-wheat-spot
2024-05-15 14:46:20.418690   Current page URL = https://capital.com/ro/marfuri-wheat-spot
2024-05-15 14:46:20.421104   self.link = https://capital.com/ro
2024-05-15 14:46:20.421118   driver.get(https://capital.com/ro) =>
2024-05-15 14:46:22.586565   => Loaded page https://capital.com/ro

2024-05-15 14:46:22.593619   => Windows size - {'width': 1280, 'height': 800}
2024-05-15 14:46:22.595056   Set windows position at (0, 0) =>
2024-05-15 14:46:22.596704   Set resolution 1280 * 800 =>
2024-05-15 14:46:22.598306   => Windows size is set to {'width': 1280, 'height': 800}

2024-05-15 14:46:23.637604   Капчи нет. Идем дальше

2024-05-15 14:46:23.637692   Работа с куками =>

2024-05-15 14:46:23.637707   => не требуется

2024-05-15 14:46:23.637716   Prev. country - 'de'
2024-05-15 14:46:23.637726   Cur. country - 'de'
2024-05-15 14:46:23.637735   => Country set to 'de'

2024-05-15 14:46:23.637744   Prev. language - 'ro'
2024-05-15 14:46:23.637753   Cur. language - 'ro'
2024-05-15 14:46:23.637762   => Language is set to 'ro'

2024-05-15 14:46:23.637771   Prev. role - 'NoReg'
2024-05-15 14:46:23.637779   Cur. role - 'NoReg'
2024-05-15 14:46:23.637788   => The 'NoReg' role is set

2024-05-15 14:46:23.642577   => Current URL - https://capital.com/ro

2024-05-15 14:46:23.642602   => THE END PRECONDITIONS
Trade instrument from Full test is <pages.Elements.AssertClass.AssertClass object at 0x7f3fd1ea6c90>

2024-05-15 14:46:23.642907   3. Assert_v0
2024-05-15 14:46:23.642994   Start step Check that [Sign up] form is opened
2024-05-15 14:46:26.738415   'Sign up' form not opened
2024-05-15 14:46:26.738634   Start step Check that new [Sign up] form is opened
2024-05-15 14:46:29.851125   => new 'Sign up' form not opened
2024-05-15 14:46:29.851326   Start method Check that [Sign up] page opened =>
2024-05-15 14:46:30.855096   'Sign up' page not opened
2024-05-15 14:46:30.855315   Check that [Sign up] form on trading platform opened =>
2024-05-15 14:46:33.967443   'Sign up' form on trading platform page not opened

Bug: Bid:01.05.01_010-ro.de.NoReg

2024-05-15 14:46:33.967537   Проверка бага в таблице ретеста  =>

2024-05-15 14:46:34.505783   4. Fixing one row check results into Google Sheet Bugs Report =>
1 cells updated.
2024-05-15 14:46:34.777418   => 4. One row check results into Google Sheet Bugs Report fixed

2024-05-15 14:46:36.446273   4. Fixing one row check results into Google Sheet Bugs Report =>
1 cells updated.
2024-05-15 14:46:36.670060   => 4. One row check results into Google Sheet Bugs Report fixed

2024-05-15 14:46:36.670306   4. Fixing one row check results into Google Sheet Bugs Report =>
1 cells updated.
2024-05-15 14:46:36.931559   => 4. One row check results into Google Sheet Bugs Report fixed

2024-05-15 14:46:36.931634   Баг Bid:01.05.01_010-ro.de.NoReg уже существует, но у него изменился тип с  на 04

2024-05-15 14:46:36.931795   4. Fixing one row check results into Google Sheet Bugs Report =>
1 cells updated.
2024-05-15 14:46:37.191962   => 4. One row check results into Google Sheet Bugs Report fixed

2024-05-15 14:46:37.193797   Баг Bid:01.05.01_010-ro.de.NoReg-04 обнаружен ранее и уже находится в 'Bugs Report Auto detect'
