{'width': 1280, 'height': 800}

2024-05-15 13:57:07.063177   worker_id = master

2024-05-15 13:57:07.063197   0. Allure grouping v4

2024-05-15 13:57:07.063463   START PRECONDITIONS =>

2024-05-15 13:57:07.063480   => URL after prev. preconditions - https://capital.com/ro
2024-05-15 13:57:07.063489   => flag_of_bug - False
2024-05-15 13:57:07.063501   => Current URL - https://capital.com/ro/apple-inc-pret-actiune
2024-05-15 13:57:07.070157   Current page URL = https://capital.com/ro/apple-inc-pret-actiune
2024-05-15 13:57:07.072590   self.link = https://capital.com/ro
2024-05-15 13:57:07.072603   driver.get(https://capital.com/ro) =>
2024-05-15 13:57:10.497897   => Loaded page https://capital.com/ro

2024-05-15 13:57:10.502537   => Windows size - {'width': 1280, 'height': 800}
2024-05-15 13:57:10.503896   Set windows position at (0, 0) =>
2024-05-15 13:57:10.505556   Set resolution 1280 * 800 =>
2024-05-15 13:57:10.509377   => Windows size is set to {'width': 1280, 'height': 800}

2024-05-15 13:57:11.556269   Капчи нет. Идем дальше

2024-05-15 13:57:11.556356   Работа с куками =>

2024-05-15 13:57:11.556370   => не требуется

2024-05-15 13:57:11.556380   Prev. country - 'de'
2024-05-15 13:57:11.556389   Cur. country - 'de'
2024-05-15 13:57:11.556398   => Country set to 'de'

2024-05-15 13:57:11.556407   Prev. language - 'ro'
2024-05-15 13:57:11.556416   Cur. language - 'ro'
2024-05-15 13:57:11.556425   => Language is set to 'ro'

2024-05-15 13:57:11.556433   Prev. role - 'NoReg'
2024-05-15 13:57:11.556442   Cur. role - 'NoReg'
2024-05-15 13:57:11.556450   => The 'NoReg' role is set

2024-05-15 13:57:11.561636   => Current URL - https://capital.com/ro

2024-05-15 13:57:11.561658   => THE END PRECONDITIONS

2024-05-15 13:57:11.561851   1. Arrange_v2
2024-05-15 13:57:11.561868   current_page = https://capital.com/ro
2024-05-15 13:57:11.564416   link = https://capital.com/ro/apple-inc-pret-actiune
2024-05-15 13:57:11.566913   Current page URL = https://capital.com/ro
2024-05-15 13:57:11.569405   self.link = https://capital.com/ro/apple-inc-pret-actiune
2024-05-15 13:57:11.569418   driver.get(https://capital.com/ro/apple-inc-pret-actiune) =>
2024-05-15 13:57:13.532657   => Loaded page https://capital.com/ro/apple-inc-pret-actiune
2024-05-15 13:57:13.537010 Is SHORT_POSITION_OVERNIGHT_FEE present on the page? =>
2024-05-15 13:57:13.547035   => SHORT_POSITION_OVERNIGHT_FEE is present on the page
2024-05-15 13:57:13.547062   SHORT_POSITION_OVERNIGHT_FEE  scroll =>
2024-05-15 13:57:13.550779   => SHORT_POSITION_OVERNIGHT_FEE  scrolled

2024-05-15 13:57:13.550931   2. Act_v2
2024-05-15 13:57:13.550946   SHORT_POSITION_OVERNIGHT_FEE open =>
2024-05-15 13:57:14.341810   Is SHORT_POSITION_OVERNIGHT_FEE open?  =>
2024-05-15 13:57:14.355317   => TOOLTIP_SHORT_POSITION_FEE is open
2024-05-15 13:57:14.355346   Move focus to button [Go to platform] and click on =>
2024-05-15 13:57:15.136793   => BUTTON_GO_TO_PLATFORM is clickable
2024-05-15 13:57:15.621373 => BUTTON_GO_TO_PLATFORM clicked

2024-05-15 13:57:15.621691   3. Assert_v0
2024-05-15 13:57:15.621832   Start step Check that [Sign up] form is opened
2024-05-15 13:57:18.684914   'Sign up' form not opened
2024-05-15 13:57:18.685109   Start step Check that new [Sign up] form is opened
2024-05-15 13:57:21.801962   => new 'Sign up' form not opened
2024-05-15 13:57:21.802155   Start method Check that [Sign up] page opened =>
2024-05-15 13:57:22.805779   'Sign up' page not opened
2024-05-15 13:57:22.806042   Check that [Sign up] form on trading platform opened =>
2024-05-15 13:57:22.821562   => 'Sign up' form on trading platform page opened
2024-05-15 13:57:22.821598   Assert SIGNUP_HEADER =>
2024-05-15 13:57:22.834417   => SIGNUP_HEADER is OK
2024-05-15 13:57:22.834451   Assert SIGNUP_PRIVACY_POLICY_ALL_1 =>
2024-05-15 13:57:22.847846   => SIGNUP_PRIVACY_POLICY_ALL_1 is OK
2024-05-15 13:57:22.847883   Assert SIGNUP_REF_LOGIN =>
2024-05-15 13:57:22.860349   => SIGNUP_REF_LOGIN is OK
2024-05-15 13:57:22.860378   => 'Signup' form on trading platform page is checked
2024-05-15 13:57:22.860558   Close [Sign up] form with trading platform page =>
2024-05-15 13:57:23.614823   => [Sign up] form with trading platform page is closed
