


Current sort - Top fallers
{'width': 1280, 'height': 800}

2024-05-15 14:38:20.341528   worker_id = master

2024-05-15 14:38:20.341542   0. Allure grouping v4

2024-05-15 14:38:20.341721   START PRECONDITIONS =>

2024-05-15 14:38:20.341737   => URL after prev. preconditions - https://capital.com/ro
2024-05-15 14:38:20.341747   => flag_of_bug - True
2024-05-15 14:38:20.341757   => Current URL - https://capital.com/ro/live-marfuri-preturi?t=risers
2024-05-15 14:38:20.347482   Current page URL = https://capital.com/ro/live-marfuri-preturi?t=risers
2024-05-15 14:38:20.349979   self.link = https://capital.com/ro
2024-05-15 14:38:20.349992   driver.get(https://capital.com/ro) =>
2024-05-15 14:38:22.211385   => Loaded page https://capital.com/ro

2024-05-15 14:38:22.215859   => Windows size - {'width': 1280, 'height': 800}
2024-05-15 14:38:22.217314   Set windows position at (0, 0) =>
2024-05-15 14:38:22.219021   Set resolution 1280 * 800 =>
2024-05-15 14:38:22.220616   => Windows size is set to {'width': 1280, 'height': 800}

2024-05-15 14:38:23.225068   Капчи нет. Идем дальше

2024-05-15 14:38:23.225160   Работа с куками =>

2024-05-15 14:38:23.225175   => не требуется

2024-05-15 14:38:23.225184   Prev. country - 'de'
2024-05-15 14:38:23.225194   Cur. country - 'de'
2024-05-15 14:38:23.225203   => Country set to 'de'

2024-05-15 14:38:23.225212   Prev. language - 'ro'
2024-05-15 14:38:23.225221   Cur. language - 'ro'
2024-05-15 14:38:23.225230   => Language is set to 'ro'

2024-05-15 14:38:23.225238   Prev. role - 'NoReg'
2024-05-15 14:38:23.225247   Cur. role - 'NoReg'
2024-05-15 14:38:23.225261   => The 'NoReg' role is set

2024-05-15 14:38:23.229136   => Current URL - https://capital.com/ro

2024-05-15 14:38:23.229160   => THE END PRECONDITIONS

2024-05-15 14:38:23.229357   START Open "Markets" menu, "Commodities" submenu =>

2024-05-15 14:38:23.229372   1. Cur URL = https://capital.com/ro

2024-05-15 14:38:23.231927   2. Link = https://capital.com/ro
2024-05-15 14:38:23.231943   current_page = https://capital.com/ro
2024-05-15 14:38:23.234435   link = https://capital.com/ro
2024-05-15 14:38:23.745500   => 'Markets' menu is present
2024-05-15 14:38:23.760907   => 'Markets' menu is visible
2024-05-15 14:38:25.028251   => Focus moved to 'Markets' menu
2024-05-15 14:38:25.034756   => 'Markets > Commodities' submenu is present
2024-05-15 14:38:26.743296   => Focus moved to 'capital*com' logo

2024-05-15 14:38:26.743348   3. Cur URL = https://capital.com/ro/live-marfuri-preturi

2024-05-15 14:38:26.749423   1. Arrange for TABLE_TRADING_INSTRUMENTS and 'Top fallers' cur_sort
2024-05-15 14:38:26.749446   current_page = https://capital.com/ro/live-marfuri-preturi
2024-05-15 14:38:26.752297   link = https://capital.com/ro/live-marfuri-preturi
2024-05-15 14:38:26.755257   TABLE_TRADING_INSTRUMENTS present on this page? =>
2024-05-15 14:38:26.761580   => Trading Instrument table is present on the page!
2024-05-15 14:38:26.761603   IS FIELD_DROPDOWN_SORT present in the Live TI prices table? =>
2024-05-15 14:38:26.766850   =>  FIELD_DROPDOWN_SORT is present in the Live TI price table!
2024-05-15 14:38:26.766872   Start scroll and click FIELD_DROPDOWN_SORT =>
2024-05-15 14:38:26.882803   Is item_sort_list visible on the FIELD_DROPDOWN_SORT ? =>
2024-05-15 14:38:26.927076   => items_sort_list is visible on the FIELD_DROPDOWN_SORT!
2024-05-15 14:38:26.927124   Is cur_sort "Top fallers" present in items_sort_list? =>
2024-05-15 14:38:26.936398   => cur_sort "Top fallers" is present in item_sort_list!
2024-05-15 14:38:26.936425   Start click cur_sort item - "Top fallers"=>
2024-05-15 14:38:27.550268   => End Click cur_sort "Top fallers"

2024-05-15 14:38:27.550321   Buttons [Sell] is visible and sum buttons no zero? =>
2024-05-15 14:38:27.599138   => Buttons [Sell] is visible and sum buttons no zero!

2024-05-15 14:38:27.599180   Start find 1 random buttons [Sell] on cur_sort "Top fallers"=>
2024-05-15 14:38:27.605339   => End find 1 random buttons [Sell] on the cur_sort "Top fallers"

2024-05-15 14:38:27.605370   List of random items = [2]
2024-05-15 14:38:27.605554   2. Act for trading instrument and "Top fallers" cur_sort
2024-05-15 14:38:27.617107   Start click button [Sell] =>
2024-05-15 14:38:27.630526   =>   BUTTON_SELL on item with ID = '453949400050390212' is present
2024-05-15 14:38:27.630551   BUTTON_SELL on item with ID = '453949400050390212' scroll into view =>
2024-05-15 14:38:27.634134   => BUTTON_SELL on item with ID = '453949400050390212' scrolled into view
2024-05-15 14:38:27.634159   Check that BUTTON_SELL with item 'Lumber' clickable =>
2024-05-15 14:38:27.740643   => BUTTON_SELL is clickable
2024-05-15 14:38:28.016196   =>   BUTTON_SELL on item 'Lumber' clicked

2024-05-15 14:38:28.016517   3. Assert_v0
2024-05-15 14:38:28.016643   Start step Check that [Sign up] form is opened
2024-05-15 14:38:28.256396   'Sign up' form opened
2024-05-15 14:38:28.256433   Assert SIGNUP_HEADER =>
2024-05-15 14:38:28.272322   Assert SIGNUP_REF_LOGIN =>
2024-05-15 14:38:28.286909   Assert SIGNUP_PRIVACY_POLICY_ALL_2 =>
2024-05-15 14:38:28.303310   => SIGNUP_PRIVACY_POLICY_ALL
2024-05-15 14:38:28.303347   => 'Signup' form is checked
2024-05-15 14:38:28.303515   Start step Close [Sign up] form =>
2024-05-15 14:38:28.385291   => 'Signup' form closed
2024-05-15 14:38:28.659404   => Focus moved to 'capital*com' logo
