Current test role - NoReg

{'width': 1280, 'height': 800}

2024-03-19 21:34:13.096055   worker_id = master

2024-03-19 21:34:13.096072   0. Allure grouping v4


2024-03-19 21:34:13.096266   START PRECONDITIONS =>


2024-03-19 21:34:13.096283   => flag_of_bug - True
2024-03-19 21:34:13.096294   Current page URL = https://capital.com/trading/platform/
2024-03-19 21:34:13.977269   => Loaded page https://capital.com/

2024-03-19 21:34:13.979660   => Windows size - {'width': 1280, 'height': 800}
2024-03-19 21:34:13.980955   Set windows position at (0, 0) =>
2024-03-19 21:34:14.085526   Set resolution 1280 * 800 =>
2024-03-19 21:34:14.187889   => Windows size is set to {'width': 1280, 'height': 800}

2024-03-19 21:34:15.197445   Капчи нет. Идем дальше

2024-03-19 21:34:15.197540   Работа с куками
2024-03-19 21:34:15.197565   => Prev. role - 'Auth'
2024-03-19 21:34:15.197583   => Current testing role - 'NoReg'
2024-03-19 21:34:15.197593   All cookies must be delete =>

2024-03-19 21:34:15.269585   => All cookies are deleted
2024-03-19 21:34:15.269619   Current page URL = https://capital.com/
2024-03-19 21:34:15.805231   => Loaded page https://capital.com/

2024-03-19 21:34:15.839852   Step 'Click button [Accept all cookies]'
2024-03-19 21:34:15.839875   Is Visible Button [Accept all cookies]? =>
2024-03-19 21:34:15.859505   => Button [Accept all cookies] is visible
2024-03-19 21:34:16.359655   Is clickable Button [Accept all cookies] =>
2024-03-19 21:34:16.378550   => Button [Accept all cookies] is clickable
2024-03-19 21:34:16.378588   Click Button [Accept all cookies] =>
2024-03-19 21:34:16.526786   => Button [Accept all cookies] is clicked
2024-03-19 21:34:16.526828   => Accepted All Cookies

2024-03-19 21:34:17.027010   => Prev. country - '?'
2024-03-19 21:34:17.027065   Set 'au' country =>
2024-03-19 21:34:17.039625   => Language and Country menu is present
2024-03-19 21:34:17.053308   => Language and Country menu is visible
2024-03-19 21:34:18.336010   => Focus is moved on Language and Country menu 
2024-03-19 21:34:20.834268   => Cur url = https://capital.com/?country=au
2024-03-19 21:34:20.871434   => Country set to 'au'

2024-03-19 21:34:20.871482   => Prev. language - '?'
2024-03-19 21:34:20.871498   Set 'zh' language =>
2024-03-19 21:34:20.879890   => Language and Country menu is present
2024-03-19 21:34:20.895752   => Language and Country menu is visible
2024-03-19 21:34:22.168329   => Focus is moved on Language and Country menu 
2024-03-19 21:34:22.176843   Move focus on zh item and click =>
2024-03-19 21:34:23.683642   => Focus moved on zh item and clicked
2024-03-19 21:34:23.683708   => Cur url = https://capital.com/zh
2024-03-19 21:34:23.725612   => Language is set to 'zh'

2024-03-19 21:34:23.725638   => Prev. role - 'Auth'
2024-03-19 21:34:23.725649   => The 'NoReg' role is set

2024-03-19 21:34:23.727907   => THE END PRECONDITIONS

2024-03-19 21:34:23.727959   1. Arrange_v0
2024-03-19 21:34:23.730196   Current page URL = https://capital.com/zh
2024-03-19 21:34:24.353272   => Loaded page https://capital.com/de/rohstoff-soybean-spot
2024-03-19 21:34:24.355875   BUTTON_ADD_TO_FAVOURITE is located on the page? =>
2024-03-19 21:34:24.363940   => BUTTON_ADD_TO_FAVOURITE is located on the page!
2024-03-19 21:34:24.364120   Start Checking that form [Sign up] popped up on the page =>
2024-03-19 21:34:25.911086   '[Sign up]' form was not popped up

2024-03-19 21:34:25.911274   2. Act_v0
2024-03-19 21:34:25.916583   BUTTON_ADD_TO_FAVOURITE is present? =>
2024-03-19 21:34:25.916605   => BUTTON_ADD_TO_FAVOURITE is present on the page
2024-03-19 21:34:25.916614   BUTTON_ADD_TO_FAVOURITE scroll =>
2024-03-19 21:34:25.920209   => BUTTON_ADD_TO_FAVOURITE scrolled
2024-03-19 21:34:25.924871   BUTTON_ADD_TO_FAVOURITE is clickable? =>
2024-03-19 21:34:25.935515   BUTTON_ADD_TO_FAVOURITE CLICK =>
2024-03-19 21:34:25.969158   => BUTTON_ADD_TO_FAVOURITE clicked!

2024-03-19 21:34:25.969394   3. Assert_v0
2024-03-19 21:34:25.969482   Start step Check that [Sign up] form is opened
2024-03-19 21:34:26.985048   'Sign up' form opened
2024-03-19 21:34:26.985111   Assert SIGNUP_HEADER =>
2024-03-19 21:34:27.003101   Assert SIGNUP_REF_LOGIN =>
2024-03-19 21:34:27.022657   Assert SIGNUP_PRIVACY_POLICY_ALL_2 =>
2024-03-19 21:34:27.038426   => SIGNUP_PRIVACY_POLICY_ALL
2024-03-19 21:34:27.038465   => 'Signup' form is checked
2024-03-19 21:34:27.038628   Start step Close [Sign up] form =>
2024-03-19 21:34:27.134913   => 'Signup' form closed
