
2023-12-18 12:36:30.037050   Работает obj <us_11-02-03_commodities_trading_test.TestCommoditiesTrading object at 0x7f996066e6d0> с именем TC_11.02.03_04
{'width': 1280, 'height': 720}

2023-12-18 12:36:30.043147   browser = chrome

2023-12-18 12:36:30.043163   worker_id = master

2023-12-18 12:36:30.043171   Start TC_11.02.03_04

2023-12-18 12:36:30.043179   <us_11-02-03_commodities_trading_test.TestCommoditiesTrading object at 0x7f996066e6d0>.None

2023-12-18 12:36:30.043188   0. Arrange


2023-12-18 12:36:30.043358   START PRECONDITIONS =>


2023-12-18 12:36:30.043373   {'width': 1280, 'height': 720}

2023-12-18 12:36:30.044685   Set windows position at (320, 180) =>

2023-12-18 12:36:30.146738   Set resolution 1280 * 720 =>

2023-12-18 12:36:30.248886   => Resolution seted {'width': 1280, 'height': 720}

2023-12-18 12:36:34.287413   Капчи нет. Тестим дальше

2023-12-18 12:36:34.287457   Prev. Role: NoReg

2023-12-18 12:36:34.287466   Current role: NoReg

2023-12-18 12:36:34.287475   Prev language: ro

2023-12-18 12:36:34.287483   => Current language: ro

2023-12-18 12:36:34.287490   Prev country: au

2023-12-18 12:36:34.287498   => Current country: au

2023-12-18 12:36:34.287506   => THE END PRECONDITIONS

2023-12-18 12:36:34.287559   1. Arrange
2023-12-18 12:36:34.293406   BUTTON_BUY_IN_CONTENT_BLOCK is visible? =>
2023-12-18 12:36:34.298522   => BUTTON_BUY_IN_CONTENT_BLOCK is visible on the page!

2023-12-18 12:36:34.315511   2. Act
2023-12-18 12:36:34.315535   BUTTON_BUY_IN_CONTENT_BLOCK is present? =>
2023-12-18 12:36:34.315546   => BUTTON_BUY_IN_CONTENT_BLOCK is present on the page
2023-12-18 12:36:34.315554   BUTTON_BUY_IN_CONTENT_BLOCK scroll =>
2023-12-18 12:36:34.318735   => BUTTON_BUY_IN_CONTENT_BLOCK scrolled
2023-12-18 12:36:34.318758   BUTTON_BUY_IN_CONTENT_BLOCK is clickable? =>
2023-12-18 12:36:34.330921   BUTTON_BUY_IN_CONTENT_BLOCK CLICK =>
2023-12-18 12:36:34.353651   => BUTTON_BUY_IN_CONTENT_BLOCK clicked!

2023-12-18 12:36:34.366094   3. Assert_v0
2023-12-18 12:36:34.366189   Start step Check that [Sign up] form is opened
2023-12-18 12:36:34.381972   'Sign up' form opened
2023-12-18 12:36:34.382005   Assert SIGNUP_HEADER =>
2023-12-18 12:36:34.396786   Assert SIGNUP_REF_LOGIN =>
2023-12-18 12:36:34.411831   Assert SIGNUP_PRIVACY_POLICY_ALL_2 =>
2023-12-18 12:36:34.426657   => SIGNUP_PRIVACY_POLICY_ALL
2023-12-18 12:36:34.426689   => 'Signup' form is checked
2023-12-18 12:36:34.426834   Start step Close [Sign up] form =>
2023-12-18 12:36:34.484411   => 'Signup' form closed
