{'width': 1280, 'height': 800}

2024-03-19 22:04:49.974603   worker_id = master

2024-03-19 22:04:49.974617   0. Allure grouping v4


2024-03-19 22:04:49.974805   START PRECONDITIONS =>


2024-03-19 22:04:49.974821   => flag_of_bug - True
2024-03-19 22:04:49.974832   Current page URL = https://capital.com/zh/trade-canopygrowth
2024-03-19 22:04:50.705053   => Loaded page https://capital.com/

2024-03-19 22:04:50.707550   => Windows size - {'width': 1280, 'height': 800}
2024-03-19 22:04:50.711173   Set windows position at (0, 0) =>
2024-03-19 22:04:50.813633   Set resolution 1280 * 800 =>
2024-03-19 22:04:50.915958   => Windows size is set to {'width': 1280, 'height': 800}

2024-03-19 22:04:51.963368   Капчи нет. Идем дальше

2024-03-19 22:04:51.963450   Работа с куками

2024-03-19 22:04:51.963463   => Prev. country - 'au'
2024-03-19 22:04:51.963473   => Country set to 'au'

2024-03-19 22:04:51.963483   => Prev. language - 'zh'
2024-03-19 22:04:51.963492   Set 'zh' language =>
2024-03-19 22:04:51.970904   => Language and Country menu is present
2024-03-19 22:04:51.984035   => Language and Country menu is visible
2024-03-19 22:04:53.261511   => Focus is moved on Language and Country menu 
2024-03-19 22:04:53.267290   Move focus on zh item and click =>
2024-03-19 22:04:54.826467   => Focus moved on zh item and clicked
2024-03-19 22:04:54.826524   => Cur url = https://capital.com/zh
2024-03-19 22:04:54.843307   => Language is set to 'zh'

2024-03-19 22:04:54.843334   => Prev. role - 'NoReg'
2024-03-19 22:04:54.843344   => The 'NoReg' role is set

2024-03-19 22:04:54.845757   => THE END PRECONDITIONS

2024-03-19 22:04:54.845949   1. Arrange_v3
2024-03-19 22:04:54.848355   Current page URL = https://capital.com/zh
2024-03-19 22:04:55.939012   => Loaded page https://capital.com/zh/trade-canopygrowth
2024-03-19 22:04:55.943747   Is visible BUTTON_START_TRADING_IN_ARTICLE? =>
2024-03-19 22:04:55.943763   => BUTTON_START_TRADING_IN_ARTICLE =>

2024-03-19 22:04:55.951992   2. Act_v3
2024-03-19 22:04:55.952019   Start Click button BUTTON_START_TRADING_IN_ARTICLE =>
2024-03-19 22:04:56.024157   => BUTTON_START_TRADING_IN_ARTICLE is clicked

2024-03-19 22:04:56.024397   3. Assert_v0
2024-03-19 22:04:56.024504   Start step Check that [Sign up] form is opened
2024-03-19 22:04:56.189238   'Sign up' form opened
2024-03-19 22:04:56.189273   Assert SIGNUP_HEADER =>
2024-03-19 22:04:56.203156   Assert SIGNUP_REF_LOGIN =>
2024-03-19 22:04:56.216404   Assert SIGNUP_PRIVACY_POLICY_ALL_2 =>
2024-03-19 22:04:56.228721   => SIGNUP_PRIVACY_POLICY_ALL
2024-03-19 22:04:56.228752   => 'Signup' form is checked
2024-03-19 22:04:56.228927   Start step Close [Sign up] form =>
2024-03-19 22:04:56.302227   => 'Signup' form closed
