


Current country - ['', 'gb']
{'width': 1920, 'height': 1080}

2024-10-26 01:23:41.943849   worker_id = master

2024-10-26 01:23:41.943863   0. Allure grouping for US_55


2024-10-26 01:23:41.944056   START PRECONDITIONS =>

2024-10-26 01:23:41.944072   => URL after prev. preconditions - https://capital.com/en-gb
2024-10-26 01:23:41.944081   => flag_of_bug - True
2024-10-26 01:23:41.944092   => Current URL - https://capital.com/en-gb

2024-10-26 01:23:41.949609   => Windows size: {'width': 1920, 'height': 1080}

2024-10-26 01:23:41.950929   Set windows position at (0, 0) =>

2024-10-26 01:23:41.952685   Set resolution 1920 * 1080 =>

2024-10-26 01:23:41.954457   => Resolution set {'width': 1920, 'height': 1080}

2024-10-26 01:23:41.955789   Работа с куками =>
2024-10-26 01:23:41.955803   Prev. role - 'NoReg'
2024-10-26 01:23:41.955813   Current testing role - 'Auth'

2024-10-26 01:23:41.955822   All cookies must be delete =>
2024-10-26 01:23:42.019029   => All cookies are deleted
2024-10-26 01:23:42.019064   Current page URL = https://capital.com/en-gb
2024-10-26 01:23:42.022015   self.link = https://capital.com/en-gb
2024-10-26 01:23:42.022029   driver.get(https://capital.com/en-gb) =>
2024-10-26 01:23:43.355277   => Loaded page https://capital.com/en-gb

2024-10-26 01:23:43.361152   Step 'Click button [Accept all cookies]'
2024-10-26 01:23:43.361164   Is Visible Button [Accept all cookies]? =>
2024-10-26 01:23:44.569713   => Button [Accept all cookies] is visible
2024-10-26 01:23:45.069858   Is clickable Button [Accept all cookies] =>
2024-10-26 01:23:45.085996   => Button [Accept all cookies] is clickable
2024-10-26 01:23:45.086027   Click Button [Accept all cookies] =>
2024-10-26 01:23:45.265589   => Button [Accept all cookies] is clicked
2024-10-26 01:23:45.265637   => Accepted All Cookies

2024-10-26 01:23:45.765764   Prev. role - 'NoReg'
2024-10-26 01:23:45.765824   Cur. role - 'Auth'

2024-10-26 01:23:45.766039   Start Authorization
2024-10-26 01:23:45.864043   => 'Login' form is opened
2024-10-26 01:23:46.084249   => "login" and "password" are inputted
2024-10-26 01:23:46.084300   Click [Continue] button on [Login] form =>
2024-10-26 01:23:46.157871   => [Continue] button on [Login] form is clicked
2024-10-26 01:23:46.157918   Set timeout = 30
2024-10-26 01:23:47.310470   => Page with 'Trading Platform | Capital.com' title opened

2024-10-26 01:23:47.310543   2. Checking that the LOGO is present on the page =>
2024-10-26 01:23:48.458373   => 'capital*com' logo is present on the current page

2024-10-26 01:23:48.849883   => The 'Auth' role is set

2024-10-26 01:23:48.849939   Prev. language: en
2024-10-26 01:23:48.849953   Cur. language - 'en'

2024-10-26 01:23:48.849966   Prev. country: ua
2024-10-26 01:23:48.849979   Cur. country: gb

2024-10-26 01:23:48.850203   Set "en" language and "gb" country =>
2024-10-26 01:23:48.850231   Current page URL = https://capital.com/en-gb
2024-10-26 01:23:48.910073   self.link = https://capital.com/en-gb
2024-10-26 01:23:48.910101   driver.get(https://capital.com/en-gb) =>
2024-10-26 01:23:50.127747   => Loaded page https://capital.com/en-gb
2024-10-26 01:23:50.132285   => Language is set to 'en'
2024-10-26 01:23:50.132301   => Country is set to 'gb'
2024-10-26 01:23:50.132311   => Current URL - https://capital.com/en-gb

2024-10-26 01:23:50.140945   => Current URL - https://capital.com/en-gb

2024-10-26 01:23:50.140968   => END PRECONDITIONS

2024-10-26 01:23:50.141151   1. Start Arrange: open dropdown [Regional settings]
2024-10-26 01:23:50.141170   current_page = https://capital.com/en-gb
2024-10-26 01:23:50.143769   link = https://capital.com/en-gb
2024-10-26 01:23:50.146285   Start to check link country to open dropdown [Regional settings] in DOM on the Main page

2024-10-26 01:23:50.151931   The main page have link country to open dropdown in DOM


2024-10-26 01:23:50.377771   Link country to open dropdown [Regional settings] clicked


2024-10-26 01:23:50.378066   2. Start Act. Select 'Search' input field and enter value 'Honk'
2024-10-26 01:23:50.378091   Start check field country in Regional settings
2024-10-26 01:23:50.415707   Field country in Regional settings is in DOM

2024-10-26 01:23:54.064342   3. Start Assert. Start to check presenting HONK_KONG_TAIWAN_LOCATOR in DOM
2024-10-26 01:23:54.064382   Start to check presenting HONK_KONG_TAIWAN_LOCATOR in DOM
2024-10-26 01:23:59.084392   => The page don't have HONK_KONG_TAIWAN_LOCATOR in DOM
