


Current country - ['', 'au']
{'width': 1920, 'height': 1080}

2024-10-25 23:07:36.013655   worker_id = master

2024-10-25 23:07:36.013670   0. Allure grouping for US_55


2024-10-25 23:07:36.013864   START PRECONDITIONS =>

2024-10-25 23:07:36.013880   => URL after prev. preconditions - https://capital.com/en-gb
2024-10-25 23:07:36.013889   => flag_of_bug - True
2024-10-25 23:07:36.013900   => Current URL - https://capital.com/en-au
2024-10-25 23:07:36.019431   Current page URL = https://capital.com/en-au
2024-10-25 23:07:36.021963   self.link = https://capital.com/en-gb
2024-10-25 23:07:36.021976   driver.get(https://capital.com/en-gb) =>
2024-10-25 23:07:37.291416   => Loaded page https://capital.com/en-gb

2024-10-25 23:07:37.296286   => Windows size: {'width': 1920, 'height': 1080}

2024-10-25 23:07:37.300550   Set windows position at (0, 0) =>

2024-10-25 23:07:37.302282   Set resolution 1920 * 1080 =>

2024-10-25 23:07:37.303992   => Resolution set {'width': 1920, 'height': 1080}

2024-10-25 23:07:37.305296   Работа с куками =>
2024-10-25 23:07:37.305310   Prev. role - 'Auth'
2024-10-25 23:07:37.305320   Current testing role - 'NoAuth'

2024-10-25 23:07:37.305328   All cookies must be delete =>
2024-10-25 23:07:37.378461   => All cookies are deleted
2024-10-25 23:07:37.378499   Current page URL = https://capital.com/en-gb
2024-10-25 23:07:37.385957   self.link = https://capital.com/en-gb
2024-10-25 23:07:37.385973   driver.get(https://capital.com/en-gb) =>
2024-10-25 23:07:38.677355   => Loaded page https://capital.com/en-gb

2024-10-25 23:07:38.685144   Step 'Click button [Accept all cookies]'
2024-10-25 23:07:38.685156   Is Visible Button [Accept all cookies]? =>
2024-10-25 23:07:39.874077   => Button [Accept all cookies] is visible
2024-10-25 23:07:40.374227   Is clickable Button [Accept all cookies] =>
2024-10-25 23:07:40.390397   => Button [Accept all cookies] is clickable
2024-10-25 23:07:40.390427   Click Button [Accept all cookies] =>
2024-10-25 23:07:40.601287   => Button [Accept all cookies] is clicked
2024-10-25 23:07:40.601335   => Accepted All Cookies

2024-10-25 23:07:41.101438   Prev. role - 'Auth'
2024-10-25 23:07:41.101494   Cur. role - 'NoAuth'

2024-10-25 23:07:41.101735   Start Authorization
2024-10-25 23:07:41.188346   => 'Login' form is opened
2024-10-25 23:07:41.394978   => "login" and "password" are inputted
2024-10-25 23:07:41.395014   Click [Continue] button on [Login] form =>
2024-10-25 23:07:41.455708   => [Continue] button on [Login] form is clicked
2024-10-25 23:07:41.455768   Set timeout = 30
2024-10-25 23:07:42.358844   => Page with 'Trading Platform | Capital.com' title opened

2024-10-25 23:07:42.358935   2. Checking that the LOGO is present on the page =>
2024-10-25 23:07:43.536228   => 'capital*com' logo is present on the current page

2024-10-25 23:07:43.536526   Start Deauthorization
2024-10-25 23:07:43.536641   Start Logout from account info menu in top bar =>
2024-10-25 23:07:43.536663   Set timeout = 15
2024-10-25 23:07:43.536682   Is visible account info icon? =>
2024-10-25 23:07:43.827548   => Account info icon is visible on this page
2024-10-25 23:07:43.827589   Account info icon is click =>
2024-10-25 23:07:43.943422   => Account info icon is clicked
2024-10-25 23:07:43.943464   Is visible logout button in account info menu? =>
2024-10-25 23:07:43.957868   => Logout button from account info menu is visible
2024-10-25 23:07:43.957904   Logout button is click =>
2024-10-25 23:07:43.994663   => Logout button from Account info menu is clicked
2024-10-25 23:07:43.994752   => Logout is OK

2024-10-25 23:07:43.994784   => The 'NoAuth' role is set

2024-10-25 23:07:43.994796   Prev. language: en
2024-10-25 23:07:43.994805   Cur. language - 'en'

2024-10-25 23:07:43.994814   Prev. country: ua
2024-10-25 23:07:43.994823   Cur. country: au

2024-10-25 23:07:43.994972   Set "en" language and "au" country =>
2024-10-25 23:07:43.994989   Current page URL = https://capital.com/trading/platform/
2024-10-25 23:07:44.001098   self.link = https://capital.com/en-au
2024-10-25 23:07:44.001113   driver.get(https://capital.com/en-au) =>
2024-10-25 23:07:45.367971   => Loaded page https://capital.com/en-au
2024-10-25 23:07:45.372575   => Language is set to 'en'
2024-10-25 23:07:45.372591   => Country is set to 'au'
2024-10-25 23:07:45.372601   => Current URL - https://capital.com/en-au

2024-10-25 23:07:45.377689   => Current URL - https://capital.com/en-au

2024-10-25 23:07:45.377715   => END PRECONDITIONS

2024-10-25 23:07:45.377941   1. Start Arrange: open dropdown [Regional settings]
2024-10-25 23:07:45.377965   current_page = https://capital.com/en-au
2024-10-25 23:07:45.384368   link = https://capital.com/en-au
2024-10-25 23:07:45.386854   Start to check link country to open dropdown [Regional settings] in DOM on the Main page

2024-10-25 23:07:50.428930   => The main page don't have link country to open dropdown [Regional settings] in DOM
