{'width': 1920, 'height': 1080}

2024-10-25 23:32:03.166485   worker_id = master

2024-10-25 23:32:03.166507   0. Allure grouping for US_55


2024-10-25 23:32:03.166857   START PRECONDITIONS =>

2024-10-25 23:32:03.166882   => URL after prev. preconditions - https://capital.com/en-gb
2024-10-25 23:32:03.166898   => flag_of_bug - True
2024-10-25 23:32:03.166915   => Current URL - https://capital.com/en-gb

2024-10-25 23:32:03.175503   => Windows size: {'width': 1920, 'height': 1080}

2024-10-25 23:32:03.177612   Set windows position at (0, 0) =>

2024-10-25 23:32:03.180036   Set resolution 1920 * 1080 =>

2024-10-25 23:32:03.182501   => Resolution set {'width': 1920, 'height': 1080}

2024-10-25 23:32:03.184426   Работа с куками =>
2024-10-25 23:32:03.184447   Prev. role - 'Auth'
2024-10-25 23:32:03.184463   Current testing role - 'NoAuth'

2024-10-25 23:32:03.184478   All cookies must be delete =>
2024-10-25 23:32:03.261757   => All cookies are deleted
2024-10-25 23:32:03.261808   Current page URL = https://capital.com/en-gb
2024-10-25 23:32:03.265870   self.link = https://capital.com/en-gb
2024-10-25 23:32:03.265891   driver.get(https://capital.com/en-gb) =>
2024-10-25 23:32:04.579519   => Loaded page https://capital.com/en-gb

2024-10-25 23:32:04.584202   Step 'Click button [Accept all cookies]'
2024-10-25 23:32:04.584214   Is Visible Button [Accept all cookies]? =>
2024-10-25 23:32:05.806630   => Button [Accept all cookies] is visible
2024-10-25 23:32:06.306755   Is clickable Button [Accept all cookies] =>
2024-10-25 23:32:06.322722   => Button [Accept all cookies] is clickable
2024-10-25 23:32:06.322759   Click Button [Accept all cookies] =>
2024-10-25 23:32:06.521375   => Button [Accept all cookies] is clicked
2024-10-25 23:32:06.521421   => Accepted All Cookies

2024-10-25 23:32:07.021524   Prev. role - 'Auth'
2024-10-25 23:32:07.021598   Cur. role - 'NoAuth'

2024-10-25 23:32:07.021823   Start Authorization
2024-10-25 23:32:07.115027   => 'Login' form is opened
2024-10-25 23:32:07.337779   => "login" and "password" are inputted
2024-10-25 23:32:07.337834   Click [Continue] button on [Login] form =>
2024-10-25 23:32:07.401132   => [Continue] button on [Login] form is clicked
2024-10-25 23:32:07.401180   Set timeout = 30
2024-10-25 23:32:08.246964   => Page with 'Trading Platform | Capital.com' title opened

2024-10-25 23:32:08.247063   2. Checking that the LOGO is present on the page =>
2024-10-25 23:32:09.216164   => 'capital*com' logo is present on the current page

2024-10-25 23:32:09.216392   Start Deauthorization
2024-10-25 23:32:09.216473   Start Logout from account info menu in top bar =>
2024-10-25 23:32:09.216488   Set timeout = 15
2024-10-25 23:32:09.216501   Is visible account info icon? =>
2024-10-25 23:32:09.426177   => Account info icon is visible on this page
2024-10-25 23:32:09.426233   Account info icon is click =>
2024-10-25 23:32:09.863157   => Account info icon is clicked
2024-10-25 23:32:09.863202   Is visible logout button in account info menu? =>
2024-10-25 23:32:09.879650   => Logout button from account info menu is visible
2024-10-25 23:32:09.879691   Logout button is click =>
2024-10-25 23:32:09.917154   => Logout button from Account info menu is clicked
2024-10-25 23:32:09.917246   => Logout is OK

2024-10-25 23:32:09.917279   => The 'NoAuth' role is set

2024-10-25 23:32:09.917291   Prev. language: cn
2024-10-25 23:32:09.917301   Cur. language - 'hu'

2024-10-25 23:32:09.917310   Prev. country: ua
2024-10-25 23:32:09.917319   Cur. country: de

2024-10-25 23:32:09.917471   Set "hu" language and "de" country =>
2024-10-25 23:32:09.917488   Stop! Указанный язык 'hu' не обрабатывается. Stop running
