{'width': 1280, 'height': 720}

2024-03-07 16:38:30.152020   worker_id = master

2024-03-07 16:38:30.152034   0. Allure grouping v4


2024-03-07 16:38:30.152234   START PRECONDITIONS =>


2024-03-07 16:38:30.152250   => Windows size - {'width': 1280, 'height': 720}
2024-03-07 16:38:30.153534   Set windows position at (0, 0) =>
2024-03-07 16:38:30.255598   Set resolution 1280 * 720 =>
2024-03-07 16:38:30.357646   => Windows size is set to {'width': 1280, 'height': 720}

2024-03-07 16:38:31.382386   Капчи нет. Идем дальше

2024-03-07 16:38:31.382470   Работа с куками

2024-03-07 16:38:31.382484   => Prev. country - 'au'
2024-03-07 16:38:31.382494   => Country set to 'au'

2024-03-07 16:38:31.382503   => Prev. language - 'ro'
2024-03-07 16:38:31.382511   => Language is set to 'ro'

2024-03-07 16:38:31.382520   => Prev. role - 'NoAuth'
2024-03-07 16:38:31.382529   => The 'NoAuth' role is set

2024-03-07 16:38:31.385467   => THE END PRECONDITIONS

2024-03-07 16:38:31.385658   START Open "Education" menu, "CFD trading guide" submenu =>

2024-03-07 16:38:31.385674   1. Cur URL = https://capital.com/ro/what-is-cfd-trading

2024-03-07 16:38:31.388317   2. Link = https://capital.com/ro/what-is-cfd-trading
2024-03-07 16:38:31.896641   => Education menu is present in DOM
2024-03-07 16:38:31.903079   element = <selenium.webdriver.remote.webelement.WebElement (session="26144217571cc285548d67a411b27a46", element="f.7F5872B5215D13AA0FD8DAAAFF37B545.d.08D444691D83184358E430E16F3F4E08.e.1128")>
2024-03-07 16:38:31.903104   => Education menu is visible
2024-03-07 16:38:33.172698   => Focus moved to Education menu

2024-03-07 16:38:35.170342   3. Cur URL = https://capital.com/ro/what-is-cfd-trading

2024-03-07 16:38:35.179805   1. Arrange_v0
2024-03-07 16:38:35.183672   BUTTON_CREATE_YOUR_ACCOUNT is located on the page? =>

2024-03-07 16:38:35.193686   2. Act_v0: Define of locator

2024-03-07 16:38:35.193712   2. Act_v0: Go to web element

2024-03-07 16:38:36.274278   2. Act_v0: Click web element
2024-03-07 16:38:36.300377   => BUTTON_CREATE_YOUR_ACCOUNT is clicked

2024-03-07 16:38:36.300587   3. Assert_v0
2024-03-07 16:38:36.300673   Start step Check that [Sign up] form is opened
2024-03-07 16:38:37.064235   'Sign up' form opened
2024-03-07 16:38:37.064277   Assert SIGNUP_HEADER =>
2024-03-07 16:38:37.078405   Assert SIGNUP_REF_LOGIN =>
2024-03-07 16:38:37.090087   Assert SIGNUP_PRIVACY_POLICY_ALL_2 =>
2024-03-07 16:38:37.101478   => SIGNUP_PRIVACY_POLICY_ALL
2024-03-07 16:38:37.101503   => 'Signup' form is checked
2024-03-07 16:38:37.101672   Start step Close [Sign up] form =>
2024-03-07 16:38:37.182715   => 'Signup' form closed
