{'width': 1280, 'height': 720}

2024-03-01 12:39:42.404880   worker_id = master

2024-03-01 12:39:42.404897   0. Allure grouping v4


2024-03-01 12:39:42.405095   START PRECONDITIONS =>


2024-03-01 12:39:42.405111   {'width': 1280, 'height': 720}

2024-03-01 12:39:42.406404   Set windows position at (0, 0) =>

2024-03-01 12:39:42.509760   Set resolution 1280 * 720 =>

2024-03-01 12:39:42.612488   => Resolution seted {'width': 1280, 'height': 720}

2024-03-01 12:39:43.641311   Капчи нет. Идем дальше

2024-03-01 12:39:43.641394   Prev. Role: Auth

2024-03-01 12:39:43.641407   Current role: Auth

2024-03-01 12:39:44.661488   Капчи нет. Идем дальше

2024-03-01 12:39:44.661575   Prev language: en

2024-03-01 12:39:44.661588   => Current language: en

2024-03-01 12:39:45.679318   Капчи нет. Идем дальше

2024-03-01 12:39:45.679399   Prev country: de
2024-03-01 12:39:45.679412   => Current country: de

2024-03-01 12:39:45.679421   => THE END PRECONDITIONS

2024-03-01 12:39:45.679593   1. Arrange_v0
2024-03-01 12:39:45.682235   BUTTON_CREATE_YOUR_ACCOUNT is located on the page? =>

2024-03-01 12:39:45.689701   2. Act_v0: Define of locator

2024-03-01 12:39:45.689722   2. Act_v0: Go to web element

2024-03-01 12:39:46.737678   2. Act_v0: Click web element
2024-03-01 12:39:47.039305   => BUTTON_CREATE_YOUR_ACCOUNT is clicked

2024-03-01 12:39:47.039637   3. Assert_v4
2024-03-01 12:39:47.039799   Checking that the trading platform page has opened (v4) =>
2024-03-01 12:39:47.555026   => Current page title: Trading Platform | Capital.com
2024-03-01 12:39:47.555156   Checking that the Trading platform LOGO is present on the page =>
2024-03-01 12:39:48.152120   Checking that the Trading platform opened in LIVE mode =>
2024-03-01 12:39:48.165655   => The page with https://capital.com/trading/platform/ url was opened in lIVE mode
2024-03-01 12:39:49.130348   => Driver.backed
