{'width': 1280, 'height': 720}

2024-02-23 10:25:38.144872   worker_id = master

2024-02-23 10:25:38.144889   0. Allure grouping v4


2024-02-23 10:25:38.145091   START PRECONDITIONS =>


2024-02-23 10:25:38.145107   {'width': 1280, 'height': 720}

2024-02-23 10:25:38.146456   Set windows position at (0, 0) =>

2024-02-23 10:25:38.248708   Set resolution 1280 * 720 =>

2024-02-23 10:25:38.351031   => Resolution seted {'width': 1280, 'height': 720}

2024-02-23 10:25:39.399358   Капчи нет. Идем дальше

2024-02-23 10:25:39.399450   Prev. Role: Auth

2024-02-23 10:25:39.399463   Current role: Auth

2024-02-23 10:25:40.424617   Капчи нет. Идем дальше

2024-02-23 10:25:40.424700   Prev language: en

2024-02-23 10:25:40.424713   => Current language: en

2024-02-23 10:25:41.447921   Капчи нет. Идем дальше

2024-02-23 10:25:41.448009   Prev country: au
2024-02-23 10:25:41.448023   => Current country: au

2024-02-23 10:25:41.448033   => THE END PRECONDITIONS

2024-02-23 10:25:41.448212   1. Arrange_v0
2024-02-23 10:25:41.450928   BUTTON_CREATE_YOUR_ACCOUNT is located on the page? =>

2024-02-23 10:25:41.458502   2. Act_v0: Define of locator

2024-02-23 10:25:41.458524   2. Act_v0: Go to web element

2024-02-23 10:25:42.529181   2. Act_v0: Click web element
2024-02-23 10:25:42.795113   => BUTTON_CREATE_YOUR_ACCOUNT is clicked

2024-02-23 10:25:42.795452   3. Assert_v4
2024-02-23 10:25:42.795611   Checking that the trading platform page has opened (v4) =>
2024-02-23 10:25:43.309330   => Current page title: Trading Platform | Capital.com
2024-02-23 10:25:43.309466   Checking that the Trading platform LOGO is present on the page =>
2024-02-23 10:25:44.266598   Checking that the Trading platform opened in LIVE mode =>
2024-02-23 10:25:44.277368   => The page with https://capital.com/trading/platform/ url was opened in lIVE mode
2024-02-23 10:25:45.719518   => Driver.backed
