{'width': 1280, 'height': 720}

2024-02-23 10:42:19.907039   worker_id = master

2024-02-23 10:42:19.907056   0. Allure grouping v4


2024-02-23 10:42:19.907232   START PRECONDITIONS =>


2024-02-23 10:42:19.907247   {'width': 1280, 'height': 720}

2024-02-23 10:42:19.908421   Set windows position at (0, 0) =>

2024-02-23 10:42:20.010235   Set resolution 1280 * 720 =>

2024-02-23 10:42:20.112305   => Resolution seted {'width': 1280, 'height': 720}

2024-02-23 10:42:21.148096   Капчи нет. Идем дальше

2024-02-23 10:42:21.148184   Prev. Role: NoAuth

2024-02-23 10:42:21.148198   Current role: NoAuth

2024-02-23 10:42:22.181429   Капчи нет. Идем дальше

2024-02-23 10:42:22.181516   Prev language: en

2024-02-23 10:42:22.181530   => Current language: en

2024-02-23 10:42:23.222922   Капчи нет. Идем дальше

2024-02-23 10:42:23.223055   Prev country: au
2024-02-23 10:42:23.223076   => Current country: au

2024-02-23 10:42:23.223090   => THE END PRECONDITIONS

2024-02-23 10:42:23.223292   1. Arrange_v0
2024-02-23 10:42:23.226448   BUTTON_CREATE_YOUR_ACCOUNT is located on the page? =>

2024-02-23 10:42:23.234596   2. Act_v0: Define of locator

2024-02-23 10:42:23.234630   2. Act_v0: Go to web element

2024-02-23 10:42:24.313999   2. Act_v0: Click web element
2024-02-23 10:42:24.347044   => BUTTON_CREATE_YOUR_ACCOUNT is clicked

2024-02-23 10:42:24.347266   3. Assert_v0
2024-02-23 10:42:24.347354   Start step Check that [Sign up] form is opened
2024-02-23 10:42:24.359224   'Sign up' form opened
2024-02-23 10:42:24.359248   Assert SIGNUP_HEADER =>
2024-02-23 10:42:24.372783   Assert SIGNUP_REF_LOGIN =>
2024-02-23 10:42:24.384502   Assert SIGNUP_PRIVACY_POLICY_ALL_2 =>
2024-02-23 10:42:24.396354   => SIGNUP_PRIVACY_POLICY_ALL
2024-02-23 10:42:24.396381   => 'Signup' form is checked
2024-02-23 10:42:24.396540   Start step Close [Sign up] form =>
2024-02-23 10:42:24.461731   => 'Signup' form closed
