


Current market - ETFs



Current instrument - Last
{'width': 1280, 'height': 800}

2024-04-06 06:57:27.504641   worker_id = master

2024-04-06 06:57:27.504655   0. Allure grouping v4


2024-04-06 06:57:27.504840   START NEW PRECONDITIONS =>

2024-04-06 06:57:27.504856   Current page URL = https://capital.com/trading/platform/
2024-04-06 06:57:27.507731   self.link = https://capital.com/en-gb
2024-04-06 06:57:27.507745   link = https://capital.com/en-gb
2024-04-06 06:57:28.713260   => Loaded page https://capital.com/en-gb

2024-04-06 06:57:28.720189   {'width': 1280, 'height': 800}

2024-04-06 06:57:28.722080   Set windows position at (0, 0) =>

2024-04-06 06:57:28.824879   Set resolution 1280 * 800 =>

2024-04-06 06:57:28.931091   => Resolution seted {'width': 1280, 'height': 800}

2024-04-06 06:57:29.975607   Капчи нет. Идем дальше

2024-04-06 06:57:29.975708   Prev. Role: Auth

2024-04-06 06:57:29.975733   Current role: Auth

2024-04-06 06:57:29.975745   => Current language: ?

2024-04-06 06:57:31.001645   Капчи нет. Идем дальше
2024-04-06 06:57:31.001739   => Current country: gb

2024-04-06 06:57:31.001752   => THE END PRECONDITIONS

2024-04-06 06:57:31.001786   1. Arrange for Our Markets block: 'ETFs' market, 'Last' instrument
2024-04-06 06:57:31.001800   current_page = https://capital.com/en-gb
2024-04-06 06:57:31.004683   link = https://capital.com/en-gb
2024-04-06 06:57:31.007273   IS Our markets block present on this page? =>
2024-04-06 06:57:31.012098   => Our markets block present on this page!

2024-04-06 06:57:31.012122   IS Our markets block visible on this page? =>
2024-04-06 06:57:31.021510   => Our markets block is visible on this page!

2024-04-06 06:57:31.021536   IS MARKET 'ETFs' present on this page? =>
2024-04-06 06:57:31.026506   => MARKET 'ETFs' present on this page!

2024-04-06 06:57:31.026529   IS MARKET 'ETFs' visible on this page? =>
2024-04-06 06:57:31.035907   => MARKET 'ETFs' is visible on this page!

2024-04-06 06:57:31.035932   Start Click button 'ETFs' MARKET =>
2024-04-06 06:57:31.107123   => End Click button 'ETFs' MARKET

2024-04-06 06:57:31.107179   Is Instruments present? =>
2024-04-06 06:57:31.129034   => Instruments is present on this page!

2024-04-06 06:57:31.129092   Is Instruments visible? =>
2024-04-06 06:57:31.138988   => Instruments is visible on this page!

2024-04-06 06:57:31.139018   => Start Find and Click button 'Last' instrument=>
2024-04-06 06:57:34.283811   => End Click button 'Last' instrument=>

2024-04-06 06:57:34.284105   2. Act for 'ETFs' Market and 'Last' Instrument
2024-04-06 06:57:34.284130   IS button [Buy] for 'ETFs' Market and 'Last' Instrumentpresent on this page? =>
2024-04-06 06:57:34.290504   => Button [Buy] for 'ETFs' Market and 'Last' Instrument present on this page!

2024-04-06 06:57:34.290529   IS button [Buy] for 'ETFs' Market and 'Last' Instrument visible on this page? =>
2024-04-06 06:57:34.300423   => Button [Buy] for 'ETFs' Market and 'Last' Instrument visible on this page!

2024-04-06 06:57:34.300455   Start click button [Buy] =>
2024-04-06 06:57:34.570752   => End Click button [Buy]

2024-04-06 06:57:34.571089   3. Assert_v4
2024-04-06 06:57:34.571280   Checking that the trading platform page has opened (v4) =>
2024-04-06 06:57:34.579068   Checking way # 1 => 

2024-04-06 06:57:34.579230   1. Checking that the Trading platform (or TradingView site) page has valid title =>
2024-04-06 06:57:34.582013   => The title of current page is 'Trading Platform | Capital.com'

2024-04-06 06:57:34.582088   2. Checking that the LOGO is present on the page =>
2024-04-06 06:57:35.601551   => 'capital*com' logo is present on the current page

2024-04-06 06:57:35.601588   tpd = False

2024-04-06 06:57:35.601600   4. Check that opened page with https://capital.com/trading/platform/ url
with selected corresponding trading instrument 'Energy Select Sector SPDR Fund' =>

2024-04-06 06:57:35.604296   trade_instrument = 'Energy Select Sector SPDR Fund'

2024-04-06 06:57:35.604307   4.1. Check that Trading Platform is opened in Chart mode
2024-04-06 06:57:36.634099   => Trading Platform opened, but not Chart mode

Bug: 

2024-04-06 06:57:36.634188   Проверка бага в таблице ретеста  =>

 gs = GoogleSheet() - создаем объект gs # 1: <tests.ReTestsAuto.GoogleSheets.googlesheets.GoogleSheet object at 0x7f25d8c0ef90>

2024-04-06 06:57:36.637203  Для бага: Bid-14 необходимо использовать проверку на ретест!!!
