{'width': 1280, 'height': 720}

2023-12-22 04:57:11.514992   worker_id = master

2023-12-22 04:57:11.515015   0. Allure grouping v4


2023-12-22 04:57:11.515320   START PRECONDITIONS =>


2023-12-22 04:57:11.515345   {'width': 1280, 'height': 720}

2023-12-22 04:57:11.623305   Set windows position at (320, 180) =>

2023-12-22 04:57:11.745544   Set resolution 1280 * 720 =>

2023-12-22 04:57:11.851351   => Resolution seted {'width': 1280, 'height': 720}

2023-12-22 04:57:15.890415   Капчи нет. Тестим дальше

2023-12-22 04:57:15.890455   Prev. Role: Auth

2023-12-22 04:57:15.890494   Current role: Auth

2023-12-22 04:57:15.890508   Prev language: en

2023-12-22 04:57:15.890516   => Current language: en

2023-12-22 04:57:15.890524   Prev country: au

2023-12-22 04:57:15.890532   => Current country: au

2023-12-22 04:57:15.890540   => THE END PRECONDITIONS

2023-12-22 04:57:15.890596   1. Arrange_v0

2023-12-22 04:57:15.901180   2. Act_v0
2023-12-22 04:57:15.901200   BUTTON_GET_STARTED_ON_STICKY_BAR is present? =>
2023-12-22 04:57:15.905941   => BUTTON_GET_STARTED_ON_STICKY_BAR is present on the page!
2023-12-22 04:57:15.905962   BUTTON_GET_STARTED_ON_STICKY_BAR scroll =>
2023-12-22 04:57:16.212544   => BUTTON_GET_STARTED_ON_STICKY_BAR clicked!

2023-12-22 04:57:16.212808   3. Assert_v4
2023-12-22 04:57:16.212920   Checking that the trading platform page has opened (v4) =>
2023-12-22 04:57:16.741868   => Current page title: Trading Platform | Capital.com
2023-12-22 04:57:16.742024   Checking that the Trading platform LOGO is present on the page =>
2023-12-22 04:57:17.297545   Checking that the Trading platform opened in LIVE mode =>
2023-12-22 04:57:17.323540   => The page with https://capital.com/trading/platform url was opened in lIVE mode
2023-12-22 04:57:17.778270   Load page https://capital.com/trade-ftsemib
