{'width': 1280, 'height': 800}

2024-04-18 04:59:11.396963   worker_id = master

2024-04-18 04:59:11.396982   0. Allure grouping v4

2024-04-18 04:59:11.397227   START PRECONDITIONS =>

2024-04-18 04:59:11.397242   => URL after prev. preconditions - https://capital.com/cn
2024-04-18 04:59:11.397252   => flag_of_bug - False
2024-04-18 04:59:11.397263   => Current URL - https://capital.com/cn/swiss-franc-japanese-yen-rate
2024-04-18 04:59:11.402707   Current page URL = https://capital.com/cn/swiss-franc-japanese-yen-rate
2024-04-18 04:59:11.418154   self.link = https://capital.com/cn
2024-04-18 04:59:11.418171   driver.get(https://capital.com/cn) =>
2024-04-18 04:59:13.355863   => Loaded page https://capital.com/cn

2024-04-18 04:59:13.360238   => Windows size - {'width': 1280, 'height': 800}
2024-04-18 04:59:13.361656   Set windows position at (0, 0) =>
2024-04-18 04:59:13.463818   Set resolution 1280 * 800 =>
2024-04-18 04:59:13.566282   => Windows size is set to {'width': 1280, 'height': 800}

2024-04-18 04:59:14.602514   Капчи нет. Идем дальше

2024-04-18 04:59:14.602607   Работа с куками =>

2024-04-18 04:59:14.602623   => не требуется

2024-04-18 04:59:14.602633   Prev. country - 'au'
2024-04-18 04:59:14.602644   Cur. country - 'au'
2024-04-18 04:59:14.602661   => Country set to 'au'

2024-04-18 04:59:14.602678   Prev. language - 'cn'
2024-04-18 04:59:14.602696   Cur. language - 'cn'
2024-04-18 04:59:14.602707   => Language is set to 'cn'

2024-04-18 04:59:14.602716   Prev. role - 'Auth'
2024-04-18 04:59:14.602725   Cur. role - 'Auth'
2024-04-18 04:59:14.602734   => The 'Auth' role is set

2024-04-18 04:59:14.605606   => Current URL - https://capital.com/cn

2024-04-18 04:59:14.605628   => THE END PRECONDITIONS

2024-04-18 04:59:14.605670   1. Arrange_v0
2024-04-18 04:59:14.605684   current_page = https://capital.com/cn
2024-04-18 04:59:14.608239   link = https://capital.com/cn/swiss-franc-japanese-yen-rate
2024-04-18 04:59:14.610745   Current page URL = https://capital.com/cn
2024-04-18 04:59:14.613275   self.link = https://capital.com/cn/swiss-franc-japanese-yen-rate
2024-04-18 04:59:14.613289   driver.get(https://capital.com/cn/swiss-franc-japanese-yen-rate) =>
2024-04-18 04:59:16.568382   => Loaded page https://capital.com/cn/swiss-franc-japanese-yen-rate
2024-04-18 04:59:16.574997   BUTTON_BUY is located on the page? =>
2024-04-18 04:59:16.584580   => BUTTON_BUY is located on the page!
2024-04-18 04:59:16.584746   Start Checking that form [Sign up] popped up on the page =>
2024-04-18 04:59:18.120365   '[Sign up]' form was not popped up

2024-04-18 04:59:18.120546   2. Act_v0
2024-04-18 04:59:18.125821   BUTTON_BUY is present? =>
2024-04-18 04:59:18.125844   => BUTTON_BUY is present on the page
2024-04-18 04:59:18.125854   BUTTON_BUY scroll =>
2024-04-18 04:59:18.129099   => BUTTON_BUY scrolled
2024-04-18 04:59:18.167436   BUTTON_BUY is clickable? =>
2024-04-18 04:59:18.179048   BUTTON_BUY CLICK =>
2024-04-18 04:59:18.699629   => BUTTON_BUY clicked!

2024-04-18 04:59:18.699935   3. Assert_v4

2024-04-18 04:59:18.699956   
2024-04-18 04:59:18.700081   Checking that the trading platform page has opened (v4) =>
2024-04-18 04:59:18.706363   Checking way # 1 => 

2024-04-18 04:59:18.706515   1. Checking that the Trading platform (or TradingView site) page has valid title =>
2024-04-18 04:59:18.709284   => The title of current page is 'Trading Platform | Capital.com'

2024-04-18 04:59:18.709351   2. Checking that the LOGO is present on the page =>
2024-04-18 04:59:19.418918   => 'capital*com' logo is present on the current page

2024-04-18 04:59:19.418958   tpd = False

2024-04-18 04:59:19.418977   4. Check that opened page with https://capital.com/trading/platform/charting/55001351234585?side=buy&ids=15839732013552836,426090820621508,93810675766468,12241936693896217,1387370618105648466,389605073441988,374675767088654,23381802001433,1658839089815835844,22855552501634244,27041281599427780,1496662958757060,21680337780298948,3644116541985988,374675767046662,21182778791108,123763777688772,1679716659553719492,322264281208004,10500838556456274,93810675692038,53068615951385,18425409712196,27045129890124996,93810675713350,6003982027805892,55001351234585,253454610158788,2604592722433220,427748677997764,374675767067974,123763777643545,23381802018436,123763777606980,5983666832495812,508931114652423506,93810675721241,93810675708048,23381801971780,69768638462207001,70913517829530649,22770954530804932,16150730595456196,20337752478405828,318914206651730,374675767075865,23381802046660,305243519000335556,2306899949212868,3315714839748,7096862226076868,422839530378436,7096896585815236,27342779713672388,145998823326404,14677440848736774,3594075878020292,7096810686469316,14659243072378052,93810675684676,7090488494609604,7094972440466628,374675767046212,7090561509053636,357105055839112,10384900209333444,453930102762329284,356898897437721,7096879405946052,7089977393501380,1657857463492,7096849341174980,1147941679092932,15871553426248900,426627691533508,21178483823812,1361805280629956,21621659937100996,68501459901129753,55001351226694,18421114754386,126465312052562,1434519098706,287256002712914,4986457052498,1129576420690,320572064027986,123763777635654,426696411010244,109148003915090,336746910864722,160082021078354,74865574958418,71150428247378,36597416351058,142150532617554,35540854396242,67517667577209881,67429706646987801,12408590014960836,248828930380996,93810675762329,1250479728317636,3534607760839876,374675767092171,7091880064013508,15959415572223172,284833641178137,7093817094264004,283137129083024,2302102557892,25985050357018692,253454610113561,70913522124497945,24037630580708548,123763777684633,374675767116953,15989072321336658 url
with selected corresponding trading instrument 'Swiss Franc / Japanese Yen' =>

2024-04-18 04:59:19.422770   trade_instrument = 'Swiss Franc / Japanese Yen'

2024-04-18 04:59:19.422782   4.1. Check that Trading Platform is opened in Chart mode
2024-04-18 04:59:19.700971   => Trading Platform opened in Chart mode

2024-04-18 04:59:19.701012   4.2. Check that Top Charts List of Trading Platform not empty =>

2024-04-18 04:59:19.709556   4.3. Check that opened trade instrument info page =>
2024-04-18 04:59:20.742530   => Trading platform was opened, but does not contain any trading info

Bug: Bid:01.03.01_005-cn.au.Auth

2024-04-18 04:59:20.742584   Проверка бага в таблице ретеста  =>

2024-04-18 04:59:21.211734   4. Fixing one row check results into Google Sheet Bugs Report =>
1 cells updated.
2024-04-18 04:59:21.353934   => 4. One row check results into Google Sheet Bugs Report fixed

2024-04-18 04:59:22.095977   4. Fixing one row check results into Google Sheet Bugs Report =>
1 cells updated.
2024-04-18 04:59:22.220421   => 4. One row check results into Google Sheet Bugs Report fixed

2024-04-18 04:59:22.815436   4. Fixing one row check results into Google Sheet Bugs Report =>
1 cells updated.
2024-04-18 04:59:22.945241   => 4. One row check results into Google Sheet Bugs Report fixed

2024-04-18 04:59:22.947627   Добавление новой строки =>

2024-04-18 04:59:23.718073   => Новая строка добавлена

2024-04-18 04:59:24.789476   4. Fixing one row check results into Google Sheet Bugs Report =>
1 cells updated.
2024-04-18 04:59:24.916134   => 4. One row check results into Google Sheet Bugs Report fixed

2024-04-18 04:59:24.918676   4. Fixing one row check results into Google Sheet Bugs Report =>
7 cells updated.
2024-04-18 04:59:25.157103   => 4. One row check results into Google Sheet Bugs Report fixed

2024-04-18 04:59:25.157320   4. Fixing one row check results into Google Sheet Bugs Report =>
2 cells updated.
2024-04-18 04:59:25.292672   => 4. One row check results into Google Sheet Bugs Report fixed

2024-04-18 04:59:25.292905   4. Fixing one row check results into Google Sheet Bugs Report =>
1 cells updated.
2024-04-18 04:59:25.416130   => 4. One row check results into Google Sheet Bugs Report fixed

2024-04-18 04:59:25.416300   4. Fixing one row check results into Google Sheet Bugs Report =>
1 cells updated.
2024-04-18 04:59:25.549254   => 4. One row check results into Google Sheet Bugs Report fixed

2024-04-18 04:59:25.549329   Баг Bid:01.03.01_005-cn.au.Auth-16 добавлен в таблицу 'Bugs Report Auto detect' (для ретестов)
