


Current sort - Most volatile
{'width': 1280, 'height': 800}

2024-04-18 04:57:10.540547   worker_id = master

2024-04-18 04:57:10.540561   0. Allure grouping v4

2024-04-18 04:57:10.540737   START PRECONDITIONS =>

2024-04-18 04:57:10.540752   => URL after prev. preconditions - https://capital.com/cn
2024-04-18 04:57:10.540793   => flag_of_bug - True
2024-04-18 04:57:10.540805   => Current URL - https://capital.com/cn/live-currency-prices?t=fallers
2024-04-18 04:57:10.546410   Current page URL = https://capital.com/cn/live-currency-prices?t=fallers
2024-04-18 04:57:10.549275   self.link = https://capital.com/cn
2024-04-18 04:57:10.549288   driver.get(https://capital.com/cn) =>
2024-04-18 04:57:12.334172   => Loaded page https://capital.com/cn

2024-04-18 04:57:12.338652   => Windows size - {'width': 1280, 'height': 800}
2024-04-18 04:57:12.340094   Set windows position at (0, 0) =>
2024-04-18 04:57:12.443276   Set resolution 1280 * 800 =>
2024-04-18 04:57:12.545279   => Windows size is set to {'width': 1280, 'height': 800}

2024-04-18 04:57:13.573788   Капчи нет. Идем дальше

2024-04-18 04:57:13.573869   Работа с куками =>

2024-04-18 04:57:13.573882   => не требуется

2024-04-18 04:57:13.573892   Prev. country - 'au'
2024-04-18 04:57:13.573901   Cur. country - 'au'
2024-04-18 04:57:13.573910   => Country set to 'au'

2024-04-18 04:57:13.573919   Prev. language - 'cn'
2024-04-18 04:57:13.573927   Cur. language - 'cn'
2024-04-18 04:57:13.573936   => Language is set to 'cn'

2024-04-18 04:57:13.573945   Prev. role - 'NoReg'
2024-04-18 04:57:13.573953   Cur. role - 'NoReg'
2024-04-18 04:57:13.573962   => The 'NoReg' role is set

2024-04-18 04:57:13.576678   => Current URL - https://capital.com/cn

2024-04-18 04:57:13.576699   => THE END PRECONDITIONS

2024-04-18 04:57:13.576896   START Open "Markets" menu, "Forex" submenu =>

2024-04-18 04:57:13.576914   1. Cur URL = https://capital.com/cn

2024-04-18 04:57:13.579400   2. Link = https://capital.com/cn
2024-04-18 04:57:13.579415   current_page = https://capital.com/cn
2024-04-18 04:57:13.582178   link = https://capital.com/cn
2024-04-18 04:57:14.090738   => 'Markets' menu is present
2024-04-18 04:57:14.103357   => 'Markets' menu is visible
2024-04-18 04:57:15.376838   => Focus moved to 'Markets' menu


2024-04-18 04:57:17.023561   => 'Forex' sub-menu clicked
2024-04-18 04:57:17.326186   => Focus moved to 'capital*com' logo

2024-04-18 04:57:17.326230   3. Cur URL = https://capital.com/cn/live-currency-prices

2024-04-18 04:57:17.331675   1. Arrange for Trading instrument table and "Most volatile" cur_sort
2024-04-18 04:57:17.331696   current_page = https://capital.com/cn/live-currency-prices
2024-04-18 04:57:17.334212   link = https://capital.com/cn/live-currency-prices
2024-04-18 04:57:17.336659   IS TABLE_TRADING_INSTRUMENTS  present on the  page? =>
2024-04-18 04:57:17.343172   => TABLE_TRADING_INSTRUMENTS is present on the page!
2024-04-18 04:57:17.343194   IS FIELD_DROPDOWN_SORT present in the table? =>
2024-04-18 04:57:17.347701   =>  FIELD_DROPDOWN_SORT is present in the table!
2024-04-18 04:57:17.347723   Start scroll and click FIELD_DROPDOWN_SORT =>
2024-04-18 04:57:17.441479   Is item_sort_list visible on the FIELD_DROPDOWN_SORT ? =>
2024-04-18 04:57:17.479987   => item_sort_list is visible on the FIELD_DROPDOWN_SORT!
2024-04-18 04:57:17.480028   Is cur_sort "Most volatile" present in item_sort_list? =>
2024-04-18 04:57:17.488106   => cur_sort "Most volatile" is present in item_sort_list!
2024-04-18 04:57:17.488135   Start click cur_sort "Most volatile" =>
2024-04-18 04:57:18.208572   => End Click cur_sort "Most volatile"

2024-04-18 04:57:18.208620   Buttons [Buy] is visible and quantity buttons not zero? =>
2024-04-18 04:57:18.233794   => Buttons [Buy] is visible and quantity buttons not zero!

2024-04-18 04:57:18.233838   Start find two random buttons [Buy] on cur_sort "Most volatile"=>
2024-04-18 04:57:18.239973   => End find 1 random buttons [Buy] on the cur_sort "Most volatile"


2024-04-18 04:57:18.239999   Item_list = [14]
2024-04-18 04:57:18.240151   Start Checking that form [Sign up] popped up on the page =>
2024-04-18 04:57:19.771281   '[Sign up]' form was not popped up
2024-04-18 04:57:19.771474   2. Act for trading instrument and "Most volatile" cur_sort
2024-04-18 04:57:19.782761   Start click button [Buy] =>
2024-04-18 04:57:19.792538   =>   BUTTON_BUY on item with ID = 23979347874456601
2024-04-18 04:57:19.792560   BUTTON_BUY on item with ID = '23979347874456601' scroll into view =>
2024-04-18 04:57:19.797909   => BUTTON_SELL on item with ID = '23979347874456601' scrolled into view
2024-04-18 04:57:19.797942   Check that BUTTON_BUY with item USD/JPY_W clickable =>
2024-04-18 04:57:19.917922   => BUTTON_BUY is clickable
2024-04-18 04:57:20.691038   =>   BUTTON_BUY with item USD/JPY_W clicked

2024-04-18 04:57:20.691260   3. Assert_v0
2024-04-18 04:57:20.691347   Start step Check that [Sign up] form is opened
2024-04-18 04:57:23.748135   'Sign up' form not opened
2024-04-18 04:57:23.748317   Start step Check that new [Sign up] form is opened
2024-04-18 04:57:26.805070   => new 'Sign up' form not opened
2024-04-18 04:57:26.805258   Start method Check that [Sign up] page opened =>
2024-04-18 04:57:27.809728   'Sign up' page not opened
2024-04-18 04:57:27.809928   Check that [Sign up] form on trading platform opened =>
2024-04-18 04:57:30.884087   'Sign up' form on trading platform page not opened

Bug: 

2024-04-18 04:57:30.884171   Проверка бага в таблице ретеста  =>

2024-04-18 04:57:30.887924  Для бага: Bid-04 необходимо использовать проверку на ретест!!!
