{'width': 1280, 'height': 800}

2024-04-18 06:17:54.770909   worker_id = master

2024-04-18 06:17:54.770924   0. Allure grouping v4

2024-04-18 06:17:54.771119   START PRECONDITIONS =>

2024-04-18 06:17:54.771135   => URL after prev. preconditions - https://capital.com/cn
2024-04-18 06:17:54.771145   => flag_of_bug - False
2024-04-18 06:17:54.771155   => Current URL - https://capital.com/cn/trade-indices
2024-04-18 06:17:54.776556   Current page URL = https://capital.com/cn/trade-indices
2024-04-18 06:17:54.779041   self.link = https://capital.com/cn
2024-04-18 06:17:54.779055   driver.get(https://capital.com/cn) =>
2024-04-18 06:17:56.858426   => Loaded page https://capital.com/cn

2024-04-18 06:17:56.862905   => Windows size - {'width': 1280, 'height': 800}
2024-04-18 06:17:56.866712   Set windows position at (0, 0) =>
2024-04-18 06:17:56.974181   Set resolution 1280 * 800 =>
2024-04-18 06:17:57.077366   => Windows size is set to {'width': 1280, 'height': 800}

2024-04-18 06:17:58.125734   Капчи нет. Идем дальше

2024-04-18 06:17:58.125822   Работа с куками =>

2024-04-18 06:17:58.125837   => не требуется

2024-04-18 06:17:58.125846   Prev. country - 'au'
2024-04-18 06:17:58.125856   Cur. country - 'au'
2024-04-18 06:17:58.125865   => Country set to 'au'

2024-04-18 06:17:58.125873   Prev. language - 'cn'
2024-04-18 06:17:58.125882   Cur. language - 'cn'
2024-04-18 06:17:58.125891   => Language is set to 'cn'

2024-04-18 06:17:58.125899   Prev. role - 'NoReg'
2024-04-18 06:17:58.125908   Cur. role - 'NoReg'
2024-04-18 06:17:58.125917   => The 'NoReg' role is set

2024-04-18 06:17:58.128715   => Current URL - https://capital.com/cn

2024-04-18 06:17:58.128737   => THE END PRECONDITIONS

2024-04-18 06:17:58.128953   1. Cur URL = https://capital.com/cn

2024-04-18 06:17:58.134299   2. Link = https://capital.com/cn
2024-04-18 06:17:58.134315   current_page = https://capital.com/cn
2024-04-18 06:17:58.136952   link = https://capital.com/cn
2024-04-18 06:17:58.645869   => Education menu is present in DOM
2024-04-18 06:17:58.653537   => Education menu is visible
2024-04-18 06:17:59.934064   => Focus moved to Education menu
2024-04-18 06:18:01.965765   => Focus moved to 'capital*com' logo

2024-04-18 06:18:01.965814   3. Cur URL = https://capital.com/cn/trade-indices

2024-04-18 06:18:01.971422   1. Arrange_v4
2024-04-18 06:18:01.971445   current_page = https://capital.com/cn/trade-indices
2024-04-18 06:18:01.973921   link = https://capital.com/cn/trade-indices
2024-04-18 06:18:01.976280   MOST_TRADED is present? =>
2024-04-18 06:18:01.985803   => MOST_TRADED widget is present on this page
2024-04-18 06:18:01.985842   => Found 5 elements in block MOST_TRADED
2024-04-18 06:18:01.985853   Most traded widget is scroll =>
2024-04-18 06:18:01.989316   => Most traded widget is scrolled into screen center

2024-04-18 06:18:01.989356   Random indexes = [1]

2024-04-18 06:18:01.989371   Testing Most traded 1 random element with 1 index

2024-04-18 06:18:01.989512   2. Act_v4
2024-04-18 06:18:01.989604   Start Checking that form [Sign up] popped up on the page =>
2024-04-18 06:18:03.519217   '[Sign up]' form was not popped up
2024-04-18 06:18:03.532180   instrument_title = 'US Wall Street 30'
2024-04-18 06:18:03.537387   Selected Trade button on Most traded widget is scroll =>
2024-04-18 06:18:03.541458   Selected Trade button click for 'US Wall Street 30' trading instrument =>
2024-04-18 06:18:04.586725   => Selected Trade button clicked!

2024-04-18 06:18:04.587008   3. Assert_v0
2024-04-18 06:18:04.587153   Start step Check that [Sign up] form is opened
2024-04-18 06:18:04.769015   'Sign up' form opened
2024-04-18 06:18:04.769057   Assert SIGNUP_HEADER =>
2024-04-18 06:18:04.779281   Assert SIGNUP_REF_LOGIN =>
2024-04-18 06:18:04.791956   Assert SIGNUP_PRIVACY_POLICY_ALL_2 =>
2024-04-18 06:18:04.802714   => SIGNUP_PRIVACY_POLICY_ALL
2024-04-18 06:18:04.802761   => 'Signup' form is checked
2024-04-18 06:18:04.802975   Start step Close [Sign up] form =>
2024-04-18 06:18:04.888074   => 'Signup' form closed
2024-04-18 06:18:05.165414   => Focus moved to 'capital*com' logo
