{'width': 1280, 'height': 800}

2024-04-18 05:44:27.095939   worker_id = master

2024-04-18 05:44:27.095968   0. Allure grouping v4

2024-04-18 05:44:27.096331   START PRECONDITIONS =>

2024-04-18 05:44:27.096357   => URL after prev. preconditions - https://capital.com/cn
2024-04-18 05:44:27.096375   => flag_of_bug - False
2024-04-18 05:44:27.096395   => Current URL - https://capital.com/cn/cotton-no-2-spot-commodity
2024-04-18 05:44:27.220821   Current page URL = https://capital.com/cn/cotton-no-2-spot-commodity
2024-04-18 05:44:27.223304   self.link = https://capital.com/cn
2024-04-18 05:44:27.223318   driver.get(https://capital.com/cn) =>
2024-04-18 05:44:29.129005   => Loaded page https://capital.com/cn

2024-04-18 05:44:29.134057   => Windows size - {'width': 1280, 'height': 800}
2024-04-18 05:44:29.135422   Set windows position at (0, 0) =>
2024-04-18 05:44:29.237413   Set resolution 1280 * 800 =>
2024-04-18 05:44:29.339426   => Windows size is set to {'width': 1280, 'height': 800}

2024-04-18 05:44:30.376714   Капчи нет. Идем дальше

2024-04-18 05:44:30.376828   Работа с куками =>

2024-04-18 05:44:30.376845   => не требуется

2024-04-18 05:44:30.376856   Prev. country - 'au'
2024-04-18 05:44:30.376865   Cur. country - 'au'
2024-04-18 05:44:30.376874   => Country set to 'au'

2024-04-18 05:44:30.376882   Prev. language - 'cn'
2024-04-18 05:44:30.376891   Cur. language - 'cn'
2024-04-18 05:44:30.376900   => Language is set to 'cn'

2024-04-18 05:44:30.376908   Prev. role - 'Auth'
2024-04-18 05:44:30.376917   Cur. role - 'Auth'
2024-04-18 05:44:30.376926   => The 'Auth' role is set

2024-04-18 05:44:30.381374   => Current URL - https://capital.com/cn

2024-04-18 05:44:30.381399   => THE END PRECONDITIONS

2024-04-18 05:44:30.381590   1. Arrange_v0
2024-04-18 05:44:30.381608   current_page = https://capital.com/cn
2024-04-18 05:44:30.384403   link = https://capital.com/cn/cotton-no-2-spot-commodity
2024-04-18 05:44:30.386835   Current page URL = https://capital.com/cn
2024-04-18 05:44:30.389261   self.link = https://capital.com/cn/cotton-no-2-spot-commodity
2024-04-18 05:44:30.389275   driver.get(https://capital.com/cn/cotton-no-2-spot-commodity) =>
2024-04-18 05:44:32.173636   => Loaded page https://capital.com/cn/cotton-no-2-spot-commodity
2024-04-18 05:44:32.179755   BUTTON_CREATE_YOUR_ACCOUNT is located on the page? =>

2024-04-18 05:44:32.188072   2. Act_v0: Define of locator

2024-04-18 05:44:32.188098   2. Act_v0: Go to web element

2024-04-18 05:44:33.226873   2. Act_v0: Click web element
2024-04-18 05:44:33.487186   => BUTTON_CREATE_YOUR_ACCOUNT is clicked

2024-04-18 05:44:33.487460   3. Assert_v4

2024-04-18 05:44:33.487482   
2024-04-18 05:44:33.487588   Checking that the trading platform page has opened (v4) =>
2024-04-18 05:44:33.998076   Checking way # 1 => 

2024-04-18 05:44:33.998252   1. Checking that the Trading platform (or TradingView site) page has valid title =>
2024-04-18 05:44:34.000680   => The title of current page is 'Trading Platform | Capital.com'

2024-04-18 05:44:34.000745   2. Checking that the LOGO is present on the page =>
2024-04-18 05:44:34.470305   => 'capital*com' logo is present on the current page

2024-04-18 05:44:34.470347   tpd = False
2024-04-18 05:44:36.301950   => Driver.backed
