{'width': 1280, 'height': 800}

2024-04-18 04:46:21.056982   worker_id = master

2024-04-18 04:46:21.056996   0. Allure grouping v4

2024-04-18 04:46:21.057172   START PRECONDITIONS =>

2024-04-18 04:46:21.057188   => URL after prev. preconditions - https://capital.com/cn
2024-04-18 04:46:21.057197   => flag_of_bug - False
2024-04-18 04:46:21.057208   => Current URL - https://capital.com/cn/amc-entertainment-holdings-cl-a-share-price
2024-04-18 04:46:21.062290   Current page URL = https://capital.com/cn/amc-entertainment-holdings-cl-a-share-price
2024-04-18 04:46:21.064666   self.link = https://capital.com/cn
2024-04-18 04:46:21.064679   driver.get(https://capital.com/cn) =>
2024-04-18 04:46:22.864291   => Loaded page https://capital.com/cn

2024-04-18 04:46:22.870834   => Windows size - {'width': 1280, 'height': 800}
2024-04-18 04:46:22.872184   Set windows position at (0, 0) =>
2024-04-18 04:46:22.974356   Set resolution 1280 * 800 =>
2024-04-18 04:46:23.076662   => Windows size is set to {'width': 1280, 'height': 800}

2024-04-18 04:46:24.107647   Капчи нет. Идем дальше

2024-04-18 04:46:24.107733   Работа с куками =>

2024-04-18 04:46:24.107747   => не требуется

2024-04-18 04:46:24.107756   Prev. country - 'au'
2024-04-18 04:46:24.107765   Cur. country - 'au'
2024-04-18 04:46:24.107774   => Country set to 'au'

2024-04-18 04:46:24.107783   Prev. language - 'cn'
2024-04-18 04:46:24.107792   Cur. language - 'cn'
2024-04-18 04:46:24.107800   => Language is set to 'cn'

2024-04-18 04:46:24.107809   Prev. role - 'NoReg'
2024-04-18 04:46:24.107818   Cur. role - 'NoReg'
2024-04-18 04:46:24.107826   => The 'NoReg' role is set

2024-04-18 04:46:24.110497   => Current URL - https://capital.com/cn

2024-04-18 04:46:24.110520   => THE END PRECONDITIONS

2024-04-18 04:46:24.110563   1. Arrange_v0
2024-04-18 04:46:24.110577   current_page = https://capital.com/cn
2024-04-18 04:46:24.112998   link = https://capital.com/cn/amc-entertainment-holdings-cl-a-share-price
2024-04-18 04:46:24.115393   Current page URL = https://capital.com/cn
2024-04-18 04:46:24.119912   self.link = https://capital.com/cn/amc-entertainment-holdings-cl-a-share-price
2024-04-18 04:46:24.119926   driver.get(https://capital.com/cn/amc-entertainment-holdings-cl-a-share-price) =>
2024-04-18 04:46:25.882847   => Loaded page https://capital.com/cn/amc-entertainment-holdings-cl-a-share-price
2024-04-18 04:46:25.889027   BUTTON_SELL is located on the page? =>
2024-04-18 04:46:25.897216   => BUTTON_SELL is located on the page!
2024-04-18 04:46:25.897383   Start Checking that form [Sign up] popped up on the page =>
2024-04-18 04:46:27.428285   '[Sign up]' form was not popped up

2024-04-18 04:46:27.428476   2. Act_v0
2024-04-18 04:46:27.433676   BUTTON_SELL is present? =>
2024-04-18 04:46:27.433702   => BUTTON_SELL is present on the page
2024-04-18 04:46:27.433715   BUTTON_SELL scroll =>
2024-04-18 04:46:27.437867   => BUTTON_SELL scrolled
2024-04-18 04:46:27.442738   BUTTON_SELL is clickable? =>
2024-04-18 04:46:27.466809   BUTTON_SELL CLICK =>
2024-04-18 04:46:27.502645   => BUTTON_SELL clicked!

2024-04-18 04:46:27.502909   3. Assert_v0
2024-04-18 04:46:27.503022   Start step Check that [Sign up] form is opened
2024-04-18 04:46:27.695575   'Sign up' form opened
2024-04-18 04:46:27.695622   Assert SIGNUP_HEADER =>
2024-04-18 04:46:27.710358   Assert SIGNUP_REF_LOGIN =>
2024-04-18 04:46:27.727067   Assert SIGNUP_PRIVACY_POLICY_ALL_2 =>
2024-04-18 04:46:27.739509   => SIGNUP_PRIVACY_POLICY_ALL
2024-04-18 04:46:27.739547   => 'Signup' form is checked
2024-04-18 04:46:27.739720   Start step Close [Sign up] form =>
2024-04-18 04:46:27.839496   => 'Signup' form closed
2024-04-18 04:46:28.118473   => Focus moved to 'capital*com' logo
