Current test role - NoReg

{'width': 1280, 'height': 800}

2024-04-18 04:23:37.727508   worker_id = master

2024-04-18 04:23:37.727528   0. Allure grouping v4

2024-04-18 04:23:37.727769   START PRECONDITIONS =>

2024-04-18 04:23:37.727787   => URL after prev. preconditions - https://capital.com/cn
2024-04-18 04:23:37.727796   => flag_of_bug - False
2024-04-18 04:23:37.727807   => Current URL - https://capital.com/cn/us-wall-street-30-usa-30-dow-jones-index
2024-04-18 04:23:37.732706   Current page URL = https://capital.com/cn/us-wall-street-30-usa-30-dow-jones-index
2024-04-18 04:23:37.735116   self.link = https://capital.com/cn
2024-04-18 04:23:37.735137   driver.get(https://capital.com/cn) =>
2024-04-18 04:23:39.716223   => Loaded page https://capital.com/cn

2024-04-18 04:23:39.720557   => Windows size - {'width': 1280, 'height': 800}
2024-04-18 04:23:39.723777   Set windows position at (0, 0) =>
2024-04-18 04:23:39.825769   Set resolution 1280 * 800 =>
2024-04-18 04:23:39.927912   => Windows size is set to {'width': 1280, 'height': 800}

2024-04-18 04:23:40.948551   Капчи нет. Идем дальше

2024-04-18 04:23:40.948636   Работа с куками =>
2024-04-18 04:23:40.948650   Prev. role - 'Auth'
2024-04-18 04:23:40.948659   Current testing role - 'NoReg'

2024-04-18 04:23:40.948668   All cookies must be delete =>
2024-04-18 04:23:41.024289   => All cookies are deleted
2024-04-18 04:23:41.024318   Current page URL = https://capital.com/cn
2024-04-18 04:23:41.026949   self.link = https://capital.com/
2024-04-18 04:23:41.026963   driver.get(https://capital.com/) =>
2024-04-18 04:23:42.549443   => Loaded page https://capital.com/

2024-04-18 04:23:42.552697   Step 'Click button [Accept all cookies]'
2024-04-18 04:23:42.552708   Is Visible Button [Accept all cookies]? =>
2024-04-18 04:23:42.567328   => Button [Accept all cookies] is visible
2024-04-18 04:23:43.067441   Is clickable Button [Accept all cookies] =>
2024-04-18 04:23:43.082720   => Button [Accept all cookies] is clickable
2024-04-18 04:23:43.082747   Click Button [Accept all cookies] =>
2024-04-18 04:23:43.218106   => Button [Accept all cookies] is clicked
2024-04-18 04:23:43.218143   => Accepted All Cookies

2024-04-18 04:23:43.718266   Prev. country - '?'
2024-04-18 04:23:43.718326   Cur. country - 'au'
2024-04-18 04:23:43.718339   Set 'au' country =>
2024-04-18 04:23:43.733316   => Language and Country menu is present
2024-04-18 04:23:43.746657   => Language and Country menu is visible
2024-04-18 04:23:45.025244   => Focus is moved on Language and Country menu 
2024-04-18 04:23:47.538438   => Cur url = https://capital.com/?country=au
2024-04-18 04:23:47.567674   => Country set to 'au'

2024-04-18 04:23:47.567702   Prev. language - '?'
2024-04-18 04:23:47.567712   Cur. language - 'cn'
2024-04-18 04:23:47.567721   Set 'cn' language =>
2024-04-18 04:23:47.586721   => Language and Country menu is present
2024-04-18 04:23:47.598960   => Language and Country menu is visible
2024-04-18 04:23:48.875125   => Focus is moved on Language and Country menu 
2024-04-18 04:23:48.883600   Move focus on cn item and click =>
2024-04-18 04:23:50.826947   => Focus moved on cn item and clicked
2024-04-18 04:23:50.826999   => Cur url = https://capital.com/cn
2024-04-18 04:23:50.864176   => Language is set to 'cn'

2024-04-18 04:23:50.864219   Prev. role - 'Auth'
2024-04-18 04:23:50.864229   Cur. role - 'NoReg'
2024-04-18 04:23:50.864239   => The 'NoReg' role is set

2024-04-18 04:23:50.866649   => Current URL - https://capital.com/cn

2024-04-18 04:23:50.866671   => THE END PRECONDITIONS

2024-04-18 04:23:50.866851   1. Arrange_v0
2024-04-18 04:23:50.866868   current_page = https://capital.com/cn
2024-04-18 04:23:50.869882   link = https://capital.com/cn/us-wall-street-30-usa-30-dow-jones-index
2024-04-18 04:23:50.874805   Current page URL = https://capital.com/cn
2024-04-18 04:23:50.877257   self.link = https://capital.com/cn/us-wall-street-30-usa-30-dow-jones-index
2024-04-18 04:23:50.877271   driver.get(https://capital.com/cn/us-wall-street-30-usa-30-dow-jones-index) =>
2024-04-18 04:23:52.690639   => Loaded page https://capital.com/cn/us-wall-street-30-usa-30-dow-jones-index
2024-04-18 04:23:52.694787   BUTTON_ADD_TO_FAVOURITE is located on the page? =>
2024-04-18 04:23:52.703061   => BUTTON_ADD_TO_FAVOURITE is located on the page!
2024-04-18 04:23:52.703223   Start Checking that form [Sign up] popped up on the page =>
2024-04-18 04:23:54.233679   '[Sign up]' form was not popped up

2024-04-18 04:23:54.233859   2. Act_v0
2024-04-18 04:23:54.238973   BUTTON_ADD_TO_FAVOURITE is present? =>
2024-04-18 04:23:54.238996   => BUTTON_ADD_TO_FAVOURITE is present on the page
2024-04-18 04:23:54.239005   BUTTON_ADD_TO_FAVOURITE scroll =>
2024-04-18 04:23:54.242580   => BUTTON_ADD_TO_FAVOURITE scrolled
2024-04-18 04:23:54.259006   BUTTON_ADD_TO_FAVOURITE is clickable? =>
2024-04-18 04:23:54.268322   BUTTON_ADD_TO_FAVOURITE CLICK =>
2024-04-18 04:23:54.301032   => BUTTON_ADD_TO_FAVOURITE clicked!
2024-04-18 04:23:54.301067   Trade instrument from element click is US Wall Street 30
2024-04-18 04:23:54.301120   Trade instrument from Full test is 'US Wall Street 30'

2024-04-18 04:23:54.301269   3. Assert_v0
2024-04-18 04:23:54.301356   Start step Check that [Sign up] form is opened
2024-04-18 04:23:54.503956   'Sign up' form opened
2024-04-18 04:23:54.504002   Assert SIGNUP_HEADER =>
2024-04-18 04:23:54.520174   Assert SIGNUP_REF_LOGIN =>
2024-04-18 04:23:54.537222   Assert SIGNUP_PRIVACY_POLICY_ALL_2 =>
2024-04-18 04:23:54.551175   => SIGNUP_PRIVACY_POLICY_ALL
2024-04-18 04:23:54.551208   => 'Signup' form is checked
2024-04-18 04:23:54.551365   Start step Close [Sign up] form =>
2024-04-18 04:23:54.635422   => 'Signup' form closed
2024-04-18 04:23:54.923637   => Focus moved to 'capital*com' logo
