{'width': 1920, 'height': 1080}

2024-10-24 00:26:31.775006   worker_id = master

2024-10-24 00:26:31.775021   0. Allure grouping for US_55


2024-10-24 00:26:31.775252   START NEW PRECONDITIONS =>

2024-10-24 00:26:31.775271   => URL after prev. preconditions - https://capital.com/en-gb
2024-10-24 00:26:31.775281   => flag_of_bug - True
2024-10-24 00:26:31.775292   => Current URL - https://capital.com/ar-ae/markets/cryptocurrencies/btc-usd-chart
2024-10-24 00:26:31.780795   Current page URL = https://capital.com/ar-ae/markets/cryptocurrencies/btc-usd-chart
2024-10-24 00:26:31.783320   self.link = https://capital.com/en-gb
2024-10-24 00:26:31.783333   driver.get(https://capital.com/en-gb) =>
2024-10-24 00:26:33.058128   => Loaded page https://capital.com/en-gb

2024-10-24 00:26:33.062734   => Windows size: {'width': 1920, 'height': 1080}

2024-10-24 00:26:33.064216   Set windows position at (0, 0) =>

2024-10-24 00:26:33.065922   Set resolution 1920 * 1080 =>

2024-10-24 00:26:33.067613   => Resolution set {'width': 1920, 'height': 1080}

2024-10-24 00:26:33.068927   Работа с куками =>
2024-10-24 00:26:33.068942   Prev. role - 'Auth'
2024-10-24 00:26:33.068951   Current testing role - 'NoAuth'

2024-10-24 00:26:33.068960   All cookies must be delete =>
2024-10-24 00:26:33.178731   => All cookies are deleted
2024-10-24 00:26:33.178778   Current page URL = https://capital.com/en-gb
2024-10-24 00:26:33.191713   self.link = https://capital.com/en-gb
2024-10-24 00:26:33.191732   driver.get(https://capital.com/en-gb) =>
2024-10-24 00:26:34.449790   => Loaded page https://capital.com/en-gb

2024-10-24 00:26:34.458271   Step 'Click button [Accept all cookies]'
2024-10-24 00:26:34.458283   Is Visible Button [Accept all cookies]? =>
2024-10-24 00:26:35.685230   => Button [Accept all cookies] is visible
2024-10-24 00:26:36.185352   Is clickable Button [Accept all cookies] =>
2024-10-24 00:26:36.202508   => Button [Accept all cookies] is clickable
2024-10-24 00:26:36.202551   Click Button [Accept all cookies] =>
2024-10-24 00:26:36.440593   => Button [Accept all cookies] is clicked
2024-10-24 00:26:36.440643   => Accepted All Cookies

2024-10-24 00:26:36.940749   Prev. role - 'Auth'
2024-10-24 00:26:36.940817   Cur. role - 'NoAuth'

2024-10-24 00:26:36.941050   Start Autorization
2024-10-24 00:26:37.023021   => 'Login' form is opened
2024-10-24 00:26:37.274624   => "login" and "password" are inputted
2024-10-24 00:26:37.274664   Click [Continue] button on [Login] form =>
2024-10-24 00:26:37.337355   => [Continue] button on [Login] form is clicked
2024-10-24 00:26:37.337414   Set timeout = 30
2024-10-24 00:26:38.387359   => Page with 'Trading Platform | Capital.com' title opened

2024-10-24 00:26:38.387449   2. Checking that the LOGO is present on the page =>
2024-10-24 00:26:39.632432   => 'capital*com' logo is present on the current page

2024-10-24 00:26:39.632736   Start DeAuthorisation
2024-10-24 00:26:39.632881   Start Logout from account info menu in top bar =>
2024-10-24 00:26:39.632908   Set timeout = 15
2024-10-24 00:26:39.632931   Is visible account info icon? =>
2024-10-24 00:26:39.885387   => Account info icon is visible on this page
2024-10-24 00:26:39.885442   Account info icon is click =>
2024-10-24 00:26:40.255079   => Account info icon is clicked
2024-10-24 00:26:40.255129   Is visible logout button in account info menu? =>
2024-10-24 00:26:40.270265   => Logout button from account info menu is visible
2024-10-24 00:26:40.270316   Logout button is click =>
2024-10-24 00:26:40.311572   => Logout button from Account info menu is clicked
2024-10-24 00:26:40.311679   => Logout is OK

2024-10-24 00:26:40.311724   => The 'NoAuth' role is set

2024-10-24 00:26:40.311740   Prev. language: ?
2024-10-24 00:26:40.311753   Cur. language - 'en'

2024-10-24 00:26:40.311765   Prev. country: ?

2024-10-24 00:26:40.311777   Cur. country: ae
2024-10-24 00:26:40.311790   Set 'en' language and 'ae' country =>
2024-10-24 00:26:40.311984   Set "en" language and "ae" country =>
2024-10-24 00:26:40.312006   Current page URL = https://capital.com/trading/platform/
2024-10-24 00:26:40.315691   self.link = https://capital.com/en-ae
2024-10-24 00:26:40.315707   driver.get(https://capital.com/en-ae) =>
2024-10-24 00:26:41.597029   => Loaded page https://capital.com/en-ae
2024-10-24 00:26:41.601660   => Language is set to 'en'
2024-10-24 00:26:41.601678   => Country is set to 'ae'
2024-10-24 00:26:41.601688   => Current URL - https://capital.com/en-ae

2024-10-24 00:26:41.606825   => Current URL - https://capital.com/en-ae

2024-10-24 00:26:41.606846   => THE END PRECONDITIONS

2024-10-24 00:26:41.607050   START Open "Markets" menu, "Markets" submenu =>

2024-10-24 00:26:41.607074   1. Cur URL = https://capital.com/en-ae

2024-10-24 00:26:41.609596   2. Link = https://capital.com/en-ae
2024-10-24 00:26:41.609611   current_page = https://capital.com/en-ae
2024-10-24 00:26:41.612139   link = https://capital.com/en-ae
2024-10-24 00:26:42.122220   => 'Markets' menu is present
2024-10-24 00:26:42.135577   => 'Markets' menu is visible
2024-10-24 00:26:43.770462   => Focus moved to 'Markets' menu
2024-10-24 00:26:43.786598   => 'Markets' submenu is visible
2024-10-24 00:26:44.567145   => 'Markets' sub-menu clicked
2024-10-24 00:26:49.887846   => Focus moved to 'capital*com' logo
2024-10-24 00:26:49.887897   3. Cur URL = https://capital.com/en-ae/markets

2024-10-24 00:26:49.893697   1. Arrange
2024-10-24 00:26:49.893721   current_page = https://capital.com/en-ae/markets
2024-10-24 00:26:49.896341   link = https://capital.com/en-ae/markets
2024-10-24 00:26:49.898912   Is the Trading Instruments Table presented on the page? =>
2024-10-24 00:26:49.907873   => Trading Instruments Table is presented on the page
2024-10-24 00:26:49.907895   Are trading instruments presented in the table? =>
2024-10-24 00:26:49.913388   => Trading instruments are presented in the table

2024-10-24 00:26:49.913453   2. Act for button 'Buy'
2024-10-24 00:26:49.913469   Start clicking the random 'Buy' button
2024-10-24 00:26:49.937570   => End find a random trading instrument in the trading_instruments_table
2024-10-24 00:26:49.937622   Scroll and click random button 'Buy'
2024-10-24 00:26:49.994555   =>   Button 'Buy' (1) of trading instrument 'Bitcoin to US Dollar' is clicked!

2024-10-24 00:26:49.994622   3. Assert
2024-10-24 00:26:55.028251   Login form is not opened
