


Current test role - NoReg
{'width': 1280, 'height': 720}

2024-02-13 00:31:29.464274   worker_id = master

2024-02-13 00:31:29.464288   0. Allure grouping v4


2024-02-13 00:31:29.464534   START PRECONDITIONS =>


2024-02-13 00:31:29.464553   {'width': 1280, 'height': 720}

2024-02-13 00:31:29.465910   Set windows position at (0, 0) =>

2024-02-13 00:31:29.568128   Set resolution 1280 * 720 =>

2024-02-13 00:31:29.670533   => Resolution seted {'width': 1280, 'height': 720}

2024-02-13 00:31:30.699937   Капчи нет. Идем дальше

2024-02-13 00:31:30.700029   Prev. Role: NoAuth

2024-02-13 00:31:30.700043   Run preconditions: set NoReg Role =>
2024-02-13 00:31:30.700054   Current page URL = https://capital.com/ro/trade-stocks
2024-02-13 00:31:31.304272   => Loaded page https://capital.com/

2024-02-13 00:31:31.437190   => All cookies are deleted
2024-02-13 00:31:31.437228   Current page URL = https://capital.com/
2024-02-13 00:31:32.173310   => Loaded page https://capital.com/

2024-02-13 00:31:32.176290   Step 'Click button [Accept all cookies]'
2024-02-13 00:31:38.309400   Is Visible Button [Accept all cookies]? =>
2024-02-13 00:31:38.326335   => Button [Accept all cookies] is visible
2024-02-13 00:31:38.826470   Is clickable Button [Accept all cookies] =>
2024-02-13 00:31:38.842925   => Button [Accept all cookies] is clickable
2024-02-13 00:31:38.842952   Click Button [Accept all cookies] =>
2024-02-13 00:31:38.889024   => Button [Accept all cookies] is clicked
2024-02-13 00:31:38.889063   => Accepted All Cookies

2024-02-13 00:31:39.389269   Current role: NoReg

2024-02-13 00:31:40.416157   Капчи нет. Идем дальше

2024-02-13 00:31:40.416252   Prev language: ?

2024-02-13 00:31:40.416265   Run preconditions: set ro language =>


2024-02-13 00:31:40.423821   => Language and Country menu is present


2024-02-13 00:31:40.436560   => Language and Country menu is visible


2024-02-13 00:31:41.718198   => Focus is moved on Language and Country menu 
2024-02-13 00:31:41.726804   Move focus on ro item and click =>
2024-02-13 00:31:43.112078   => Focus moved on ro item and clicked
2024-02-13 00:31:43.112124   => Cur url = https://capital.com/ro

2024-02-13 00:31:43.124277   => Current language: ro

2024-02-13 00:31:44.139342   Капчи нет. Идем дальше

2024-02-13 00:31:44.139459   Prev country: ?
2024-02-13 00:31:44.139479   Run preconditions: set "de" country =>


2024-02-13 00:31:44.146466   => Language and Country menu is present


2024-02-13 00:31:44.170123   => Language and Country menu is visible


2024-02-13 00:31:45.451087   => Focus is moved on Language and Country menu 
2024-02-13 00:31:48.010930   => Cur url = https://capital.com/ro?country=de
2024-02-13 00:31:48.028744   => Current country: de

2024-02-13 00:31:48.028776   => THE END PRECONDITIONS

2024-02-13 00:31:48.028810   1. Cur URL = https://capital.com/ro?country=de

2024-02-13 00:31:48.036218   2. Link = https://capital.com/ro
2024-02-13 00:31:48.039462   Current page URL = https://capital.com/ro?country=de
2024-02-13 00:31:48.653445   => Loaded page https://capital.com/ro
2024-02-13 00:31:49.180795   => Education menu is present
2024-02-13 00:31:49.197302   element = <selenium.webdriver.remote.webelement.WebElement (session="e8256dc05a436d6c44b02ee5f6d8e682", element="50D7A81C590FABA9C8B97629D0A05787_element_2197")>
2024-02-13 00:31:49.197338   => Education menu is visible
2024-02-13 00:31:50.482657   => Focus moved to Education menu


2024-02-13 00:31:52.180571   => Shares trading sub-menu clicked

2024-02-13 00:31:52.189626   1. Arrange_v0
2024-02-13 00:31:52.255144   BUTTON_START_TRADING scroll =>
2024-02-13 00:31:52.260227   BUTTON_START_TRADING is visible? =>
2024-02-13 00:31:52.321971   => BUTTON_START_TRADING is visible on the page!

2024-02-13 00:31:52.322196   2. Act_v0
2024-02-13 00:31:52.322218   Start Click button [Start Trading] =>
2024-02-13 00:31:52.346931   BUTTON_START_TRADING is clickable? =>
2024-02-13 00:31:52.367102   BUTTON_START_TRADING click =>
2024-02-13 00:31:52.437037   => BUTTON_START_TRADING clicked

2024-02-13 00:31:52.437281   3. Assert_v0
2024-02-13 00:31:52.437417   Start step Check that [Sign up] form is opened
2024-02-13 00:31:52.646286   'Sign up' form opened
2024-02-13 00:31:52.646326   Assert SIGNUP_HEADER =>
2024-02-13 00:31:52.661219   Assert SIGNUP_REF_LOGIN =>
2024-02-13 00:31:52.686975   Assert SIGNUP_PRIVACY_POLICY_ALL_2 =>
2024-02-13 00:31:52.702089   => SIGNUP_PRIVACY_POLICY_ALL
2024-02-13 00:31:52.702128   => 'Signup' form is checked
2024-02-13 00:31:52.702351   Start step Close [Sign up] form =>
2024-02-13 00:31:52.796762   => 'Signup' form closed
