


Current sort - Most traded
{'width': 1280, 'height': 800}

2024-05-15 10:40:22.250989   worker_id = master

2024-05-15 10:40:22.251003   0. Allure grouping v4

2024-05-15 10:40:22.251188   START PRECONDITIONS =>

2024-05-15 10:40:22.251204   => URL after prev. preconditions - https://capital.com/nl
2024-05-15 10:40:22.251214   => flag_of_bug - False
2024-05-15 10:40:22.251224   => Current URL - https://capital.com/nl/live-aandelen-koersen
2024-05-15 10:40:22.256129   Current page URL = https://capital.com/nl/live-aandelen-koersen
2024-05-15 10:40:22.258457   self.link = https://capital.com/nl
2024-05-15 10:40:22.258470   driver.get(https://capital.com/nl) =>
2024-05-15 10:40:24.009296   => Loaded page https://capital.com/nl

2024-05-15 10:40:24.015960   => Windows size - {'width': 1280, 'height': 800}
2024-05-15 10:40:24.017317   Set windows position at (0, 0) =>
2024-05-15 10:40:24.018874   Set resolution 1280 * 800 =>
2024-05-15 10:40:24.020426   => Windows size is set to {'width': 1280, 'height': 800}

2024-05-15 10:40:25.057466   Капчи нет. Идем дальше

2024-05-15 10:40:25.057562   Работа с куками =>

2024-05-15 10:40:25.057576   => не требуется

2024-05-15 10:40:25.057586   Prev. country - 'ae'
2024-05-15 10:40:25.057595   Cur. country - 'ae'
2024-05-15 10:40:25.057604   => Country set to 'ae'

2024-05-15 10:40:25.057613   Prev. language - 'nl'
2024-05-15 10:40:25.057621   Cur. language - 'nl'
2024-05-15 10:40:25.057630   => Language is set to 'nl'

2024-05-15 10:40:25.057638   Prev. role - 'NoReg'
2024-05-15 10:40:25.057647   Cur. role - 'NoReg'
2024-05-15 10:40:25.057655   => The 'NoReg' role is set

2024-05-15 10:40:25.060493   => Current URL - https://capital.com/nl

2024-05-15 10:40:25.060525   => THE END PRECONDITIONS

2024-05-15 10:40:25.060768   START Open "Markets" menu, "Shares" submenu =>
2024-05-15 10:40:25.060788   1. Cur URL = https://capital.com/nl
2024-05-15 10:40:25.065055   2. Link = https://capital.com/nl
2024-05-15 10:40:25.065071   current_page = https://capital.com/nl
2024-05-15 10:40:25.067492   link = https://capital.com/nl
2024-05-15 10:40:25.576238   => 'Markets' menu is present
2024-05-15 10:40:25.591230   => 'Markets' menu is visible
2024-05-15 10:40:26.879035   => Focus moved to 'Markets' menu
2024-05-15 10:40:28.364618   => Focus moved to 'Shares' submenu and clicked
2024-05-15 10:40:28.662064   => Focus moved to 'capital*com' logo
2024-05-15 10:40:28.662105   3. Cur URL = https://capital.com/nl/live-aandelen-koersen

2024-05-15 10:40:28.667391   1. Arrange for TABLE_TRADING_INSTRUMENTS and 'Most traded' cur_sort
2024-05-15 10:40:28.667415   current_page = https://capital.com/nl/live-aandelen-koersen
2024-05-15 10:40:28.669808   link = https://capital.com/nl/live-aandelen-koersen
2024-05-15 10:40:28.672176   TABLE_TRADING_INSTRUMENTS present on this page? =>
2024-05-15 10:40:28.679863   => Trading Instrument table is present on the page!
2024-05-15 10:40:28.679885   IS FIELD_DROPDOWN_SORT present in the Live TI prices table? =>
2024-05-15 10:40:28.686795   =>  FIELD_DROPDOWN_SORT is present in the Live TI price table!
2024-05-15 10:40:28.686817   Start scroll and click FIELD_DROPDOWN_SORT =>
2024-05-15 10:40:28.787880   Is item_sort_list visible on the FIELD_DROPDOWN_SORT ? =>
2024-05-15 10:40:28.829475   => items_sort_list is visible on the FIELD_DROPDOWN_SORT!
2024-05-15 10:40:28.829527   Is cur_sort "Most traded" present in items_sort_list? =>
2024-05-15 10:40:28.837495   => cur_sort "Most traded" is present in item_sort_list!
2024-05-15 10:40:28.837518   Start click cur_sort item - "Most traded"=>
2024-05-15 10:40:29.502791   => End Click cur_sort "Most traded"

2024-05-15 10:40:29.502843   Buttons [Sell] is visible and sum buttons no zero? =>
2024-05-15 10:40:29.534177   => Buttons [Sell] is visible and sum buttons no zero!

2024-05-15 10:40:29.534217   Start find 1 random buttons [Sell] on cur_sort "Most traded"=>
2024-05-15 10:40:29.540118   => End find 1 random buttons [Sell] on the cur_sort "Most traded"

2024-05-15 10:40:29.540148   List of random items = [6]
2024-05-15 10:40:29.540313   2. Act for trading instrument and "Most traded" cur_sort
2024-05-15 10:40:29.558647   Start click button [Sell] =>
2024-05-15 10:40:29.568919   =>   BUTTON_SELL on item with ID = '1147941679092932' is present
2024-05-15 10:40:29.568945   BUTTON_SELL on item with ID = '1147941679092932' scroll into view =>
2024-05-15 10:40:29.575540   => BUTTON_SELL on item with ID = '1147941679092932' scrolled into view
2024-05-15 10:40:29.575574   Check that BUTTON_SELL with item 'AAPL' clickable =>
2024-05-15 10:40:29.691856   => BUTTON_SELL is clickable
2024-05-15 10:40:29.976867   =>   BUTTON_SELL on item 'AAPL' clicked

2024-05-15 10:40:29.977182   3. Assert_v0
2024-05-15 10:40:29.977308   Start step Check that [Sign up] form is opened
2024-05-15 10:40:33.044381   'Sign up' form not opened
2024-05-15 10:40:33.044598   Start step Check that new [Sign up] form is opened
2024-05-15 10:40:36.108677   => new 'Sign up' form not opened
2024-05-15 10:40:36.108864   Start method Check that [Sign up] page opened =>
2024-05-15 10:40:37.112514   'Sign up' page not opened
2024-05-15 10:40:37.112716   Check that [Sign up] form on trading platform opened =>
2024-05-15 10:40:40.178704   'Sign up' form on trading platform page not opened

Bug: Bid:01.02.00_002-nl.ae.NoReg

2024-05-15 10:40:40.178791   Проверка бага в таблице ретеста  =>

2024-05-15 10:40:40.526721   4. Fixing one row check results into Google Sheet Bugs Report =>
1 cells updated.
2024-05-15 10:40:40.738348   => 4. One row check results into Google Sheet Bugs Report fixed

2024-05-15 10:40:42.494610   4. Fixing one row check results into Google Sheet Bugs Report =>
1 cells updated.
2024-05-15 10:40:42.697076   => 4. One row check results into Google Sheet Bugs Report fixed

2024-05-15 10:40:42.699875   Баг Bid:01.02.00_002-nl.ae.NoReg-04 обнаружен ранее и уже находится в 'Bugs Report Auto detect'
