


Current market - Forex



Current sort - Most traded
{'width': 1280, 'height': 800}

2024-05-15 10:18:44.093617   worker_id = master

2024-05-15 10:18:44.093630   0. Allure grouping v4

2024-05-15 10:18:44.093812   START PRECONDITIONS =>

2024-05-15 10:18:44.093828   => URL after prev. preconditions - https://capital.com/nl
2024-05-15 10:18:44.093838   => flag_of_bug - True
2024-05-15 10:18:44.093848   => Current URL - https://capital.com/trading/platform/
2024-05-15 10:18:44.099214   Current page URL = https://capital.com/trading/platform/
2024-05-15 10:18:44.101695   self.link = https://capital.com/nl
2024-05-15 10:18:44.101708   driver.get(https://capital.com/nl) =>
2024-05-15 10:18:46.290402   => Loaded page https://capital.com/nl

2024-05-15 10:18:46.294701   => Windows size - {'width': 1280, 'height': 800}
2024-05-15 10:18:46.296110   Set windows position at (0, 0) =>
2024-05-15 10:18:46.299419   Set resolution 1280 * 800 =>
2024-05-15 10:18:46.301069   => Windows size is set to {'width': 1280, 'height': 800}

2024-05-15 10:18:47.337836   Капчи нет. Идем дальше

2024-05-15 10:18:47.337929   Работа с куками =>

2024-05-15 10:18:47.337943   => не требуется

2024-05-15 10:18:47.337953   Prev. country - 'ae'
2024-05-15 10:18:47.337962   Cur. country - 'ae'
2024-05-15 10:18:47.337971   => Country set to 'ae'

2024-05-15 10:18:47.337980   Prev. language - 'nl'
2024-05-15 10:18:47.337989   Cur. language - 'nl'
2024-05-15 10:18:47.337997   => Language is set to 'nl'

2024-05-15 10:18:47.338006   Prev. role - 'Auth'
2024-05-15 10:18:47.338014   Cur. role - 'Auth'
2024-05-15 10:18:47.338023   => The 'Auth' role is set

2024-05-15 10:18:47.340745   => Current URL - https://capital.com/nl

2024-05-15 10:18:47.340767   => THE END PRECONDITIONS

2024-05-15 10:18:47.340949   START Open "Markets" menu, "All Markets" submenu =>

2024-05-15 10:18:47.340964   1. Cur URL = https://capital.com/nl

2024-05-15 10:18:47.343382   2. Link = https://capital.com/nl
2024-05-15 10:18:47.343398   current_page = https://capital.com/nl
2024-05-15 10:18:47.345900   link = https://capital.com/nl
2024-05-15 10:18:47.856851   => 'Markets' menu is present
2024-05-15 10:18:47.871476   => 'Markets' menu is visible
2024-05-15 10:18:49.147959   => Focus moved to 'Markets' menu
2024-05-15 10:18:49.155259   => 'Markets > All Markets' submenu is present
2024-05-15 10:18:50.947341   => Focus moved to 'capital*com' logo

2024-05-15 10:18:50.947388   3. Cur URL = https://capital.com/nl/derivaat-financieel-instrument

2024-05-15 10:18:50.952960   1. Arrange for TABLE_TRADING_INSTRUMENTS and 'Most traded' cur_sort
2024-05-15 10:18:50.952983   current_page = https://capital.com/nl/derivaat-financieel-instrument
2024-05-15 10:18:50.955443   link = https://capital.com/nl/derivaat-financieel-instrument
2024-05-15 10:18:50.957885   TABLE_TRADING_INSTRUMENTS present on this page? =>
2024-05-15 10:18:50.963390   => TABLE_TRADING_INSTRUMENTS is present on the page!
2024-05-15 10:18:50.963412   IS MARKETS_LIST present on this page? =>
2024-05-15 10:18:50.968863   Start scroll to markets list =>
2024-05-15 10:18:50.972874   => MARKETS_LIST is present on the page!
2024-05-15 10:18:50.972907   Start scroll and click cur_market 'Forex' =>
2024-05-15 10:18:51.029532   => End Click cur_market "Forex"
2024-05-15 10:18:51.029588   IS FIELD_DROPDOWN_SORT present in the Live prices table? =>
2024-05-15 10:18:51.041423   =>  FIELD_DROPDOWN_SORT is present in the table!
2024-05-15 10:18:51.041463   Start scroll and click FIELD_DROPDOWN_SORT =>
2024-05-15 10:18:51.092290   Is item_sort_list visible on the FIELD_DROPDOWN_SORT ? =>
2024-05-15 10:18:51.108134   => item_sort_list is visible on the FIELD_DROPDOWN_SORT!
2024-05-15 10:18:51.108164   Is cur_sort "Most traded" present in item_sort_list? =>
2024-05-15 10:18:51.114122   => cur_sort "Most traded" is present in item_sort_list!
2024-05-15 10:18:51.114156   Start click cur_sort "Most traded" =>
2024-05-15 10:18:51.153183   => End Click cur_sort "Most traded"

2024-05-15 10:18:51.153237   Buttons [Buy] is visible and sum buttons no zero? =>
2024-05-15 10:18:51.160459   => Buttons [Buy] is visible and sum buttons no zero!

2024-05-15 10:18:51.160508   Start find 1 random buttons [Buy] on cur_sort "Most traded"=>
2024-05-15 10:18:51.166076   => End find 1 random buttons [Buy] on the cur_sort "Most traded"

2024-05-15 10:18:51.166113   List of random items = [6]
2024-05-15 10:18:51.166302   2. Act for trading instrument, cur_market Forex and "Most traded" cur_sort
2024-05-15 10:18:51.176322   Start click button [Buy] =>
2024-05-15 10:18:51.447705   Check that BUTTON_BUY with item 'AUD/USD_zero' clickable =>
2024-05-15 10:18:51.466439   => BUTTON_BUY is clickable
2024-05-15 10:18:51.932261   =>   BUTTON_BUY on item 'AUD/USD_zero' clicked

2024-05-15 10:18:51.932615   3. Assert_v4

2024-05-15 10:18:51.932646   
2024-05-15 10:18:51.932809   Checking that the trading platform page has opened (v4) =>
2024-05-15 10:18:52.443857   Checking way # 1 => 

2024-05-15 10:18:52.444080   1. Checking that the Trading platform (or TradingView site) page has valid title =>
2024-05-15 10:18:52.446706   => The title of current page is 'Trading Platform | Capital.com'

2024-05-15 10:18:52.446814   2. Checking that the LOGO is present on the page =>
2024-05-15 10:18:52.924900   => 'capital*com' logo is present on the current page

2024-05-15 10:18:52.924933   tpd = False

2024-05-15 10:18:52.924945   4. Check that opened page with https://capital.com/trading/platform/ url
with selected corresponding trading instrument 'AUD/USD_zero' =>

2024-05-15 10:18:52.927662   trade_instrument = 'AUD/USD_zero'

2024-05-15 10:18:52.927673   4.1. Check that Trading Platform is opened in Chart mode
2024-05-15 10:18:53.952499   => Bug # 14. Trading platform opened, but not Chart mode
Bid: Bid:01.01.00_002-nl.ae.Auth

2024-05-15 10:18:53.952552   Проверка бага в таблице ретеста  =>

2024-05-15 10:18:54.290862   4. Fixing one row check results into Google Sheet Bugs Report =>
1 cells updated.
2024-05-15 10:18:54.511099   => 4. One row check results into Google Sheet Bugs Report fixed

2024-05-15 10:18:56.088882   4. Fixing one row check results into Google Sheet Bugs Report =>
1 cells updated.
2024-05-15 10:18:56.385783   => 4. One row check results into Google Sheet Bugs Report fixed

2024-05-15 10:18:56.386020   4. Fixing one row check results into Google Sheet Bugs Report =>
1 cells updated.
2024-05-15 10:18:56.600337   => 4. One row check results into Google Sheet Bugs Report fixed

2024-05-15 10:18:56.600413   Баг Bid:01.01.00_002-nl.ae.Auth уже существует, но у него изменился тип с  на 14

2024-05-15 10:18:56.600565   4. Fixing one row check results into Google Sheet Bugs Report =>
1 cells updated.
2024-05-15 10:18:56.897323   => 4. One row check results into Google Sheet Bugs Report fixed

2024-05-15 10:18:56.899855   Баг Bid:01.01.00_002-nl.ae.Auth-14 обнаружен ранее и уже находится в 'Bugs Report Auto detect'
