{'width': 1280, 'height': 800}

2024-05-15 11:17:51.860825   worker_id = master

2024-05-15 11:17:51.860839   0. Allure grouping v4

2024-05-15 11:17:51.861014   START PRECONDITIONS =>

2024-05-15 11:17:51.861029   => URL after prev. preconditions - https://capital.com/nl
2024-05-15 11:17:51.861038   => flag_of_bug - False
2024-05-15 11:17:51.861049   => Current URL - https://capital.com/nl/usd-jpy-koers
2024-05-15 11:17:51.865983   Current page URL = https://capital.com/nl/usd-jpy-koers
2024-05-15 11:17:51.868387   self.link = https://capital.com/nl
2024-05-15 11:17:51.868400   driver.get(https://capital.com/nl) =>
2024-05-15 11:17:53.584338   => Loaded page https://capital.com/nl

2024-05-15 11:17:53.590147   => Windows size - {'width': 1280, 'height': 800}
2024-05-15 11:17:53.591525   Set windows position at (0, 0) =>
2024-05-15 11:17:53.593159   Set resolution 1280 * 800 =>
2024-05-15 11:17:53.594730   => Windows size is set to {'width': 1280, 'height': 800}

2024-05-15 11:17:54.637424   Капчи нет. Идем дальше

2024-05-15 11:17:54.637533   Работа с куками =>

2024-05-15 11:17:54.637551   => не требуется

2024-05-15 11:17:54.637564   Prev. country - 'ae'
2024-05-15 11:17:54.637577   Cur. country - 'ae'
2024-05-15 11:17:54.637590   => Country set to 'ae'

2024-05-15 11:17:54.637603   Prev. language - 'nl'
2024-05-15 11:17:54.637615   Cur. language - 'nl'
2024-05-15 11:17:54.637628   => Language is set to 'nl'

2024-05-15 11:17:54.637640   Prev. role - 'NoReg'
2024-05-15 11:17:54.637653   Cur. role - 'NoReg'
2024-05-15 11:17:54.637665   => The 'NoReg' role is set

2024-05-15 11:17:54.641920   => Current URL - https://capital.com/nl

2024-05-15 11:17:54.641943   => THE END PRECONDITIONS

2024-05-15 11:17:54.642122 1.Arrange_v0
2024-05-15 11:17:54.642139   current_page = https://capital.com/nl
2024-05-15 11:17:54.644548   link = https://capital.com/nl/usd-jpy-koers
2024-05-15 11:17:54.646904   Current page URL = https://capital.com/nl
2024-05-15 11:17:54.649270   self.link = https://capital.com/nl/usd-jpy-koers
2024-05-15 11:17:54.649283   driver.get(https://capital.com/nl/usd-jpy-koers) =>
2024-05-15 11:17:56.247815   => Loaded page https://capital.com/nl/usd-jpy-koers
2024-05-15 11:17:56.252190 BUTTON_NOTIFICATION is located on the page? =>
2024-05-15 11:17:56.260987   Is BUTTON_NOTIFICATION present on the page? =>
2024-05-15 11:17:56.261012 => BUTTON_NOTIFICATION is present on the page
2024-05-15 11:17:56.261022   [Notification] button scroll =>
2024-05-15 11:17:56.264339   Start Checking that form [Sign up] popped up on the page =>
2024-05-15 11:17:57.803298   '[Sign up]' form was not popped up

2024-05-15 11:17:57.803482   2. Act_v0
2024-05-15 11:17:57.803498   Start Click 'Notification' button =>
2024-05-15 11:17:57.831684 BUTTON_NOTIFICATION is clickable =>
2024-05-15 11:17:57.868895 => BUTTON_NOTIFICATION clicked
Trade instrument from Full test is Handelen US Dollar / Japanese Yen CFD
Test element is <pages.Elements.AssertClass.AssertClass object at 0x7fc5eca24f20>

2024-05-15 11:17:57.869185   3. Assert_v0
2024-05-15 11:17:57.869279   Start step Check that [Sign up] form is opened
2024-05-15 11:17:58.035881   'Sign up' form opened
2024-05-15 11:17:58.035949   Assert SIGNUP_HEADER =>
2024-05-15 11:17:58.048614   Assert SIGNUP_REF_LOGIN =>
2024-05-15 11:17:58.059943   Assert SIGNUP_PRIVACY_POLICY_ALL_2 =>
2024-05-15 11:17:58.069705   => SIGNUP_PRIVACY_POLICY_ALL
2024-05-15 11:17:58.069731   => 'Signup' form is checked
2024-05-15 11:17:58.069893   Start step Close [Sign up] form =>
2024-05-15 11:17:58.148932   => 'Signup' form closed
2024-05-15 11:17:58.438967   => Focus moved to 'capital*com' logo
