


Current market - Commodities



Current sort - Most traded
{'width': 1280, 'height': 800}

2024-05-15 10:26:38.428709   worker_id = master

2024-05-15 10:26:38.428724   0. Allure grouping v4

2024-05-15 10:26:38.428912   START PRECONDITIONS =>

2024-05-15 10:26:38.428929   => URL after prev. preconditions - https://capital.com/nl
2024-05-15 10:26:38.428938   => flag_of_bug - False
2024-05-15 10:26:38.428948   => Current URL - https://capital.com/nl/derivaat-financieel-instrument
2024-05-15 10:26:38.434175   Current page URL = https://capital.com/nl/derivaat-financieel-instrument
2024-05-15 10:26:38.436483   self.link = https://capital.com/nl
2024-05-15 10:26:38.436496   driver.get(https://capital.com/nl) =>
2024-05-15 10:26:40.145068   => Loaded page https://capital.com/nl

2024-05-15 10:26:40.150133   => Windows size - {'width': 1280, 'height': 800}
2024-05-15 10:26:40.151423   Set windows position at (0, 0) =>
2024-05-15 10:26:40.153018   Set resolution 1280 * 800 =>
2024-05-15 10:26:40.154597   => Windows size is set to {'width': 1280, 'height': 800}

2024-05-15 10:26:41.191349   Капчи нет. Идем дальше

2024-05-15 10:26:41.191436   Работа с куками =>

2024-05-15 10:26:41.191450   => не требуется

2024-05-15 10:26:41.191459   Prev. country - 'ae'
2024-05-15 10:26:41.191468   Cur. country - 'ae'
2024-05-15 10:26:41.191477   => Country set to 'ae'

2024-05-15 10:26:41.191486   Prev. language - 'nl'
2024-05-15 10:26:41.191495   Cur. language - 'nl'
2024-05-15 10:26:41.191503   => Language is set to 'nl'

2024-05-15 10:26:41.191512   Prev. role - 'NoReg'
2024-05-15 10:26:41.191520   Cur. role - 'NoReg'
2024-05-15 10:26:41.191529   => The 'NoReg' role is set

2024-05-15 10:26:41.196215   => Current URL - https://capital.com/nl

2024-05-15 10:26:41.196245   => THE END PRECONDITIONS

2024-05-15 10:26:41.196452   START Open "Markets" menu, "All Markets" submenu =>

2024-05-15 10:26:41.196469   1. Cur URL = https://capital.com/nl

2024-05-15 10:26:41.198901   2. Link = https://capital.com/nl
2024-05-15 10:26:41.198915   current_page = https://capital.com/nl
2024-05-15 10:26:41.201328   link = https://capital.com/nl
2024-05-15 10:26:41.710234   => 'Markets' menu is present
2024-05-15 10:26:41.724388   => 'Markets' menu is visible
2024-05-15 10:26:43.000366   => Focus moved to 'Markets' menu
2024-05-15 10:26:43.006360   => 'Markets > All Markets' submenu is present
2024-05-15 10:26:44.630121   => Focus moved to 'capital*com' logo

2024-05-15 10:26:44.630165   3. Cur URL = https://capital.com/nl/derivaat-financieel-instrument

2024-05-15 10:26:44.635369   1. Arrange for TABLE_TRADING_INSTRUMENTS and 'Most traded' cur_sort
2024-05-15 10:26:44.635390   current_page = https://capital.com/nl/derivaat-financieel-instrument
2024-05-15 10:26:44.637784   link = https://capital.com/nl/derivaat-financieel-instrument
2024-05-15 10:26:44.640151   TABLE_TRADING_INSTRUMENTS present on this page? =>
2024-05-15 10:26:44.645143   => TABLE_TRADING_INSTRUMENTS is present on the page!
2024-05-15 10:26:44.645165   IS MARKETS_LIST present on this page? =>
2024-05-15 10:26:44.649834   Start scroll to markets list =>
2024-05-15 10:26:44.653896   => MARKETS_LIST is present on the page!
2024-05-15 10:26:44.653921   Start scroll and click cur_market 'Commodities' =>
2024-05-15 10:26:44.696090   => End Click cur_market "Commodities"
2024-05-15 10:26:44.696136   IS FIELD_DROPDOWN_SORT present in the Live prices table? =>
2024-05-15 10:26:44.714069   =>  FIELD_DROPDOWN_SORT is present in the table!
2024-05-15 10:26:44.714119   Start scroll and click FIELD_DROPDOWN_SORT =>
2024-05-15 10:26:44.771623   Is item_sort_list visible on the FIELD_DROPDOWN_SORT ? =>
2024-05-15 10:26:44.787075   => item_sort_list is visible on the FIELD_DROPDOWN_SORT!
2024-05-15 10:26:44.787106   Is cur_sort "Most traded" present in item_sort_list? =>
2024-05-15 10:26:44.791861   => cur_sort "Most traded" is present in item_sort_list!
2024-05-15 10:26:44.791887   Start click cur_sort "Most traded" =>
2024-05-15 10:26:44.832215   => End Click cur_sort "Most traded"

2024-05-15 10:26:44.832255   Buttons [Buy] is visible and sum buttons no zero? =>
2024-05-15 10:26:44.837951   => Buttons [Buy] is visible and sum buttons no zero!

2024-05-15 10:26:44.837974   Start find 1 random buttons [Buy] on cur_sort "Most traded"=>
2024-05-15 10:26:44.842765   => End find 1 random buttons [Buy] on the cur_sort "Most traded"

2024-05-15 10:26:44.842789   List of random items = [8]
2024-05-15 10:26:44.842957   2. Act for trading instrument, cur_market Commodities and "Most traded" cur_sort
2024-05-15 10:26:44.854590   Start click button [Buy] =>
2024-05-15 10:26:45.128914   Check that BUTTON_BUY with item 'US Cotton' clickable =>
2024-05-15 10:26:45.144298   => BUTTON_BUY is clickable
2024-05-15 10:26:45.413743   =>   BUTTON_BUY on item 'US Cotton' clicked

2024-05-15 10:26:45.413965   3. Assert_v0
2024-05-15 10:26:45.414051   Start step Check that [Sign up] form is opened
2024-05-15 10:26:45.618062   'Sign up' form opened
2024-05-15 10:26:45.618110   Assert SIGNUP_HEADER =>
2024-05-15 10:26:45.629360   Assert SIGNUP_REF_LOGIN =>
2024-05-15 10:26:45.639040   Assert SIGNUP_PRIVACY_POLICY_ALL_2 =>
2024-05-15 10:26:45.649127   => SIGNUP_PRIVACY_POLICY_ALL
2024-05-15 10:26:45.649156   => 'Signup' form is checked
2024-05-15 10:26:45.649322   Start step Close [Sign up] form =>
2024-05-15 10:26:45.724034   => 'Signup' form closed
2024-05-15 10:26:45.995026   => Focus moved to 'capital*com' logo
