{'width': 1280, 'height': 800}

2024-05-05 20:16:46.695033   worker_id = master

2024-05-05 20:16:46.695047   0. Allure grouping v4

2024-05-05 20:16:46.695229   START PRECONDITIONS =>

2024-05-05 20:16:46.695245   => URL after prev. preconditions - https://capital.com/cn
2024-05-05 20:16:46.695254   => flag_of_bug - False
2024-05-05 20:16:46.695265   => Current URL - https://capital.com/cn/margin-trading
2024-05-05 20:16:46.700151   Current page URL = https://capital.com/cn/margin-trading
2024-05-05 20:16:46.702572   self.link = https://capital.com/cn
2024-05-05 20:16:46.702586   driver.get(https://capital.com/cn) =>
2024-05-05 20:16:49.732829   => Loaded page https://capital.com/cn

2024-05-05 20:16:49.737248   => Windows size - {'width': 1280, 'height': 800}
2024-05-05 20:16:49.738584   Set windows position at (0, 0) =>
2024-05-05 20:16:49.740193   Set resolution 1280 * 800 =>
2024-05-05 20:16:49.741758   => Windows size is set to {'width': 1280, 'height': 800}

2024-05-05 20:16:50.772408   Капчи нет. Идем дальше

2024-05-05 20:16:50.772496   Работа с куками =>

2024-05-05 20:16:50.772510   => не требуется

2024-05-05 20:16:50.772520   Prev. country - 'au'
2024-05-05 20:16:50.772529   Cur. country - 'au'
2024-05-05 20:16:50.772538   => Country set to 'au'

2024-05-05 20:16:50.772547   Prev. language - 'cn'
2024-05-05 20:16:50.772556   Cur. language - 'cn'
2024-05-05 20:16:50.772565   => Language is set to 'cn'

2024-05-05 20:16:50.772573   Prev. role - 'NoAuth'
2024-05-05 20:16:50.772582   Cur. role - 'NoAuth'
2024-05-05 20:16:50.772591   => The 'NoAuth' role is set

2024-05-05 20:16:50.775315   => Current URL - https://capital.com/cn

2024-05-05 20:16:50.775338   => THE END PRECONDITIONS

2024-05-05 20:16:50.775384   1. Arrange_v0
2024-05-05 20:16:50.775399   current_page = https://capital.com/cn
2024-05-05 20:16:50.777763   link = https://capital.com/cn/margin-trading
2024-05-05 20:16:50.780149   Current page URL = https://capital.com/cn
2024-05-05 20:16:50.782496   self.link = https://capital.com/cn/margin-trading
2024-05-05 20:16:50.782510   driver.get(https://capital.com/cn/margin-trading) =>
2024-05-05 20:16:52.860634   => Loaded page https://capital.com/cn/margin-trading
2024-05-05 20:16:52.865012   BUTTON_CREATE_YOUR_ACCOUNT is located on the page? =>

2024-05-05 20:16:52.873405   2. Act_v0: Define of locator

2024-05-05 20:16:52.873429   2. Act_v0: Go to web element

2024-05-05 20:16:54.049141   2. Act_v0: Click web element
2024-05-05 20:16:54.075190   => BUTTON_CREATE_YOUR_ACCOUNT is clicked

2024-05-05 20:16:54.075405   3. Assert_v0
2024-05-05 20:16:54.075497   Start step Check that [Sign up] form is opened
2024-05-05 20:16:54.252180   'Sign up' form opened
2024-05-05 20:16:54.252223   Assert SIGNUP_HEADER =>
2024-05-05 20:16:54.265340   Assert SIGNUP_REF_LOGIN =>
2024-05-05 20:16:54.278907   Assert SIGNUP_PRIVACY_POLICY_ALL_2 =>
2024-05-05 20:16:54.291934   => SIGNUP_PRIVACY_POLICY_ALL
2024-05-05 20:16:54.291966   => 'Signup' form is checked
2024-05-05 20:16:54.292132   Start step Close [Sign up] form =>
2024-05-05 20:16:54.376483   => 'Signup' form closed
2024-05-05 20:16:54.650330   => Focus moved to 'capital*com' logo
