Current test role - NoReg

{'width': 1280, 'height': 800}

2024-05-05 19:35:19.622611   worker_id = master

2024-05-05 19:35:19.622625   0. Allure grouping v4

2024-05-05 19:35:19.622805   START PRECONDITIONS =>

2024-05-05 19:35:19.622821   => URL after prev. preconditions - https://capital.com/cn
2024-05-05 19:35:19.622830   => flag_of_bug - False
2024-05-05 19:35:19.622841   => Current URL - https://capital.com/cn/silver-spot-commodity
2024-05-05 19:35:19.627892   Current page URL = https://capital.com/cn/silver-spot-commodity
2024-05-05 19:35:19.630302   self.link = https://capital.com/cn
2024-05-05 19:35:19.630315   driver.get(https://capital.com/cn) =>
2024-05-05 19:35:21.488565   => Loaded page https://capital.com/cn

2024-05-05 19:35:21.492962   => Windows size - {'width': 1280, 'height': 800}
2024-05-05 19:35:21.494330   Set windows position at (0, 0) =>
2024-05-05 19:35:21.495973   Set resolution 1280 * 800 =>
2024-05-05 19:35:21.497570   => Windows size is set to {'width': 1280, 'height': 800}

2024-05-05 19:35:22.525645   Капчи нет. Идем дальше

2024-05-05 19:35:22.525734   Работа с куками =>
2024-05-05 19:35:22.525747   Prev. role - 'NoAuth'
2024-05-05 19:35:22.525757   Current testing role - 'NoReg'

2024-05-05 19:35:22.525766   All cookies must be delete =>
2024-05-05 19:35:22.610593   => All cookies are deleted
2024-05-05 19:35:22.610630   Current page URL = https://capital.com/cn
2024-05-05 19:35:22.613273   self.link = https://capital.com/
2024-05-05 19:35:22.613287   driver.get(https://capital.com/) =>
2024-05-05 19:35:24.101960   => Loaded page https://capital.com/

2024-05-05 19:35:24.105292   Step 'Click button [Accept all cookies]'
2024-05-05 19:35:24.105303   Is Visible Button [Accept all cookies]? =>
2024-05-05 19:35:24.120426   => Button [Accept all cookies] is visible
2024-05-05 19:35:24.620541   Is clickable Button [Accept all cookies] =>
2024-05-05 19:35:24.638666   => Button [Accept all cookies] is clickable
2024-05-05 19:35:24.638706   Click Button [Accept all cookies] =>
2024-05-05 19:35:24.791407   => Button [Accept all cookies] is clicked
2024-05-05 19:35:24.791460   => Accepted All Cookies

2024-05-05 19:35:25.291569   Prev. country - '?'
2024-05-05 19:35:25.291628   Cur. country - 'au'
2024-05-05 19:35:25.291642   Set 'au' country =>
2024-05-05 19:35:25.304111   => Language and Country menu is present
2024-05-05 19:35:25.316128   => Language and Country menu is visible
2024-05-05 19:35:26.583526   => Focus is moved on Language and Country menu 
2024-05-05 19:35:29.157596   => Cur url = https://capital.com/?country=au
2024-05-05 19:35:29.186278   => Country set to 'au'

2024-05-05 19:35:29.186313   Prev. language - '?'
2024-05-05 19:35:29.186323   Cur. language - 'cn'
2024-05-05 19:35:29.186332   Set 'cn' language =>
2024-05-05 19:35:29.194291   => Language and Country menu is present
2024-05-05 19:35:29.206382   => Language and Country menu is visible
2024-05-05 19:35:30.487454   => Focus is moved on Language and Country menu 
2024-05-05 19:35:30.496259   Move focus on cn item and click =>
2024-05-05 19:35:32.136954   => Focus moved on cn item and clicked
2024-05-05 19:35:32.136997   => Cur url = https://capital.com/cn
2024-05-05 19:35:32.164947   => Language is set to 'cn'

2024-05-05 19:35:32.164973   Prev. role - 'NoAuth'
2024-05-05 19:35:32.164982   Cur. role - 'NoReg'
2024-05-05 19:35:32.164992   => The 'NoReg' role is set

2024-05-05 19:35:32.167790   => Current URL - https://capital.com/cn

2024-05-05 19:35:32.167813   => THE END PRECONDITIONS

2024-05-05 19:35:32.167999   1. Arrange_v0
2024-05-05 19:35:32.168016   current_page = https://capital.com/cn
2024-05-05 19:35:32.170573   link = https://capital.com/cn/silver-spot-commodity
2024-05-05 19:35:32.172933   Current page URL = https://capital.com/cn
2024-05-05 19:35:32.175943   self.link = https://capital.com/cn/silver-spot-commodity
2024-05-05 19:35:32.175957   driver.get(https://capital.com/cn/silver-spot-commodity) =>
2024-05-05 19:35:33.886097   => Loaded page https://capital.com/cn/silver-spot-commodity
2024-05-05 19:35:33.890354   BUTTON_ADD_TO_FAVOURITE is located on the page? =>
2024-05-05 19:35:33.901153   => BUTTON_ADD_TO_FAVOURITE is located on the page!
2024-05-05 19:35:33.901325   Start Checking that form [Sign up] popped up on the page =>
2024-05-05 19:35:35.439114   '[Sign up]' form was not popped up

2024-05-05 19:35:35.439307   2. Act_v0
2024-05-05 19:35:35.444422   BUTTON_ADD_TO_FAVOURITE is present? =>
2024-05-05 19:35:35.444445   => BUTTON_ADD_TO_FAVOURITE is present on the page
2024-05-05 19:35:35.444455   BUTTON_ADD_TO_FAVOURITE scroll =>
2024-05-05 19:35:35.447704   => BUTTON_ADD_TO_FAVOURITE scrolled
2024-05-05 19:35:35.463644   BUTTON_ADD_TO_FAVOURITE is clickable? =>
2024-05-05 19:35:35.472866   BUTTON_ADD_TO_FAVOURITE CLICK =>
2024-05-05 19:35:35.508767   => BUTTON_ADD_TO_FAVOURITE clicked!
2024-05-05 19:35:35.508804   Trade instrument from element click is Silver
2024-05-05 19:35:35.508859   Trade instrument from Full test is 'Silver'

2024-05-05 19:35:35.509011   3. Assert_v0
2024-05-05 19:35:35.509098   Start step Check that [Sign up] form is opened
2024-05-05 19:35:35.686148   'Sign up' form opened
2024-05-05 19:35:35.686200   Assert SIGNUP_HEADER =>
2024-05-05 19:35:35.696545   Assert SIGNUP_REF_LOGIN =>
2024-05-05 19:35:35.707474   Assert SIGNUP_PRIVACY_POLICY_ALL_2 =>
2024-05-05 19:35:35.719439   => SIGNUP_PRIVACY_POLICY_ALL
2024-05-05 19:35:35.719474   => 'Signup' form is checked
2024-05-05 19:35:35.719641   Start step Close [Sign up] form =>
2024-05-05 19:35:35.817623   => 'Signup' form closed
2024-05-05 19:35:36.082943   => Focus moved to 'capital*com' logo
