{'width': 1280, 'height': 800}

2024-03-24 05:27:39.026216   worker_id = master

2024-03-24 05:27:39.026234   0. Allure grouping v4


2024-03-24 05:27:39.026434   START PRECONDITIONS =>


2024-03-24 05:27:39.026450   => flag_of_bug - False

2024-03-24 05:27:39.026460   => Windows size - {'width': 1280, 'height': 800}
2024-03-24 05:27:39.027733   Set windows position at (0, 0) =>
2024-03-24 05:27:39.129953   Set resolution 1280 * 800 =>
2024-03-24 05:27:39.232212   => Windows size is set to {'width': 1280, 'height': 800}

2024-03-24 05:27:40.261050   Капчи нет. Идем дальше

2024-03-24 05:27:40.261138   Работа с куками

2024-03-24 05:27:40.261152   => Prev. country - 'de'
2024-03-24 05:27:40.261162   => Country set to 'de'

2024-03-24 05:27:40.261171   => Prev. language - 'pl'
2024-03-24 05:27:40.261181   => Language is set to 'pl'

2024-03-24 05:27:40.261190   => Prev. role - 'NoAuth'
2024-03-24 05:27:40.261199   => The 'NoAuth' role is set

2024-03-24 05:27:40.264770   => THE END PRECONDITIONS

2024-03-24 05:27:40.265029   1. Arrange_v0
2024-03-24 05:27:40.265049   current_page = https://capital.com/pl
2024-03-24 05:27:40.267678   link = https://capital.com/pl/gbp-aud-kurs
2024-03-24 05:27:40.270182   Current page URL = https://capital.com/pl
2024-03-24 05:27:40.272651   self.link = https://capital.com/pl/gbp-aud-kurs
2024-03-24 05:27:40.272665   link = https://capital.com/pl/gbp-aud-kurs
2024-03-24 05:27:42.018149   => Loaded page https://capital.com/pl/gbp-aud-kurs
2024-03-24 05:27:42.022362 Is TOOLINFO_SHORT_POSITION_OVERNIGHT_FEE present on the page? =>
