{'width': 1280, 'height': 800}

2024-03-24 06:24:45.531190   worker_id = master

2024-03-24 06:24:45.531206   0. Allure grouping v4


2024-03-24 06:24:45.531424   START PRECONDITIONS =>


2024-03-24 06:24:45.531440   => flag_of_bug - False

2024-03-24 06:24:45.531453   => Windows size - {'width': 1280, 'height': 800}
2024-03-24 06:24:45.532774   Set windows position at (0, 0) =>
2024-03-24 06:24:45.637454   Set resolution 1280 * 800 =>
2024-03-24 06:24:45.739699   => Windows size is set to {'width': 1280, 'height': 800}

2024-03-24 06:24:46.795856   Капчи нет. Идем дальше

2024-03-24 06:24:46.795956   Работа с куками

2024-03-24 06:24:46.795975   => Prev. country - 'de'
2024-03-24 06:24:46.795989   => Country set to 'de'

2024-03-24 06:24:46.796003   => Prev. language - 'pl'
2024-03-24 06:24:46.796017   => Language is set to 'pl'

2024-03-24 06:24:46.796030   => Prev. role - 'Auth'
2024-03-24 06:24:46.796043   => The 'Auth' role is set

2024-03-24 06:24:46.799820   => THE END PRECONDITIONS

2024-03-24 06:24:46.799878   1. Cur URL = https://capital.com/pl/trade-commodities

2024-03-24 06:24:46.802412   2. Link = https://capital.com/pl/trade-commodities
2024-03-24 06:24:46.802429   current_page = https://capital.com/pl/trade-commodities
2024-03-24 06:24:46.804901   link = https://capital.com/pl/trade-commodities
2024-03-24 06:24:47.315483   => Education menu is present in DOM
2024-03-24 06:24:47.323171   element = <selenium.webdriver.remote.webelement.WebElement (session="5198556891bbea85639aa2f385fb5a7f", element="f.643E6BC06EC3D94A5EFA10E2B1E0A08E.d.08FC08CAF5D76B6CA181ED361C6C45A5.e.501")>
2024-03-24 06:24:47.323208   => Education menu is visible
2024-03-24 06:24:48.587720   => Focus moved to Education menu

2024-03-24 06:24:50.475357   1. Arrange_v0
2024-03-24 06:24:50.475393   current_page = https://capital.com/pl/trade-commodities
2024-03-24 06:24:50.480046   link = https://capital.com/pl/trade-commodities
2024-03-24 06:24:50.490798   => BUTTON_TRY_DEMO is present on this page
2024-03-24 06:24:50.490823   BUTTON_TRY_DEMO scroll =>
2024-03-24 06:24:50.495422   BUTTON_TRY_DEMO is visible? =>
2024-03-24 06:24:50.539094   => BUTTON_TRY_DEMO is visible on this page

2024-03-24 06:24:50.539266   2. Act_v0
2024-03-24 06:24:50.545359   BUTTON_TRY_DEMO is clickable? =>
2024-03-24 06:24:50.569713   => BUTTON_TRY_DEMO clicked!

2024-03-24 06:24:50.569941   3. Assert_v4
2024-03-24 06:24:50.570057   Checking that the trading platform page has opened (v4) =>
2024-03-24 06:24:51.453424   Checking way # 1 => 
2024-03-24 06:24:51.456096   => Current page title: Trading Platform | Capital.com
2024-03-24 06:24:51.456216   Checking that the Trading platform LOGO is present on the page =>
2024-03-24 06:24:52.147269   => Trading platform LOGO is present on the page
2024-03-24 06:24:52.147352   tpd = True
2024-03-24 06:24:52.147509   Checking that the Trading platform opened in DEMO mode =>
2024-03-24 06:24:52.161362   => The page with https://capital.com/trading/platform/?mode=demo url was opened in DEMO mode
2024-03-24 06:24:53.251628   => Driver.backed
