{'width': 1280, 'height': 720}

2023-12-21 15:48:58.152334   worker_id = master

2023-12-21 15:48:58.152359   0. Allure grouping v4


2023-12-21 15:48:58.152654   START PRECONDITIONS =>


2023-12-21 15:48:58.152676   {'width': 1280, 'height': 720}

2023-12-21 15:48:58.154362   Set windows position at (320, 180) =>

2023-12-21 15:48:58.267915   Set resolution 1280 * 720 =>

2023-12-21 15:48:58.374701   => Resolution seted {'width': 1280, 'height': 720}

2023-12-21 15:49:02.427069   Капчи нет. Тестим дальше

2023-12-21 15:49:02.427118   Prev. Role: Auth

2023-12-21 15:49:02.427128   Current role: Auth

2023-12-21 15:49:02.427137   Prev language: hu

2023-12-21 15:49:02.427145   => Current language: hu

2023-12-21 15:49:02.427153   Prev country: au

2023-12-21 15:49:02.427161   => Current country: au

2023-12-21 15:49:02.427169   => THE END PRECONDITIONS

2023-12-21 15:49:02.427229   1. Arrange_v0
2023-12-21 15:49:02.900456   Load page https://capital.com/hu/elsodleges-nyilvanos-forgalomba-hozatal
2023-12-21 15:49:02.900505   BUTTON_CREATE_YOUR_ACCOUNT is located on the page? =>

2023-12-21 15:49:03.041814   2. Act_v0
2023-12-21 15:49:03.278048   => BUTTON_CREATE_YOUR_ACCOUNT is clicked

2023-12-21 15:49:03.278451   3. Assert_v4
2023-12-21 15:49:03.278597   Checking that the trading platform page has opened (v4) =>
2023-12-21 15:49:03.811417   => Current page title: Trading Platform | Capital.com
2023-12-21 15:49:03.811549   Checking that the Trading platform LOGO is present on the page =>
2023-12-21 15:49:04.518620   Checking that the Trading platform opened in LIVE mode =>
2023-12-21 15:49:04.537135   => The page with https://capital.com/trading/platform url was opened in lIVE mode
2023-12-21 15:49:04.984432   Load page https://capital.com/hu/elsodleges-nyilvanos-forgalomba-hozatal
