{'width': 1920, 'height': 1080}

2025-01-29 01:49:15.439472   worker_id = master

2025-01-29 01:49:15.439504   0. Allure grouping for US_55


2025-01-29 01:49:15.439700   START PRECONDITIONS =>

2025-01-29 01:49:15.439710   => URL after prev. preconditions - https://capital.com/en-gb
2025-01-29 01:49:15.439717   => flag_of_bug - False
2025-01-29 01:49:15.439724   => Current URL - https://capital.com/en-ae/ways-to-trade/cfd-trading/cfd-calculator
2025-01-29 01:49:15.445643   Current page URL = https://capital.com/en-ae/ways-to-trade/cfd-trading/cfd-calculator
2025-01-29 01:49:15.448209   self.link = https://capital.com/en-gb
2025-01-29 01:49:15.448219   driver.get(https://capital.com/en-gb) =>
2025-01-29 01:49:18.082005   => Loaded page https://capital.com/en-gb

2025-01-29 01:49:18.086575   => Windows size: {'width': 1920, 'height': 1080}

2025-01-29 01:49:18.090607   Set windows position at (0, 0) =>

2025-01-29 01:49:18.092320   Set resolution 1920 * 1080 =>

2025-01-29 01:49:18.094015   => Resolution set {'width': 1920, 'height': 1080}

2025-01-29 01:49:18.095310   Работа с куками =>

2025-01-29 01:49:18.095321   => не требуется

2025-01-29 01:49:18.095327   Prev. role - 'NoAuth'
2025-01-29 01:49:18.095333   Cur. role - 'NoAuth'

2025-01-29 01:49:18.095338   => The 'NoAuth' role is set

2025-01-29 01:49:18.095344   Prev. language: ru
2025-01-29 01:49:18.095349   Cur. language - 'en'

2025-01-29 01:49:18.095355   Prev. country: ua
2025-01-29 01:49:18.095360   Cur. country: au

2025-01-29 01:49:18.095529   Set "en" language and "au" country =>
2025-01-29 01:49:18.095549   Current page URL = https://capital.com/en-gb
2025-01-29 01:49:18.098083   self.link = https://capital.com/en-au
2025-01-29 01:49:18.098092   driver.get(https://capital.com/en-au) =>
2025-01-29 01:49:20.751708   => Loaded page https://capital.com/en-au
2025-01-29 01:49:20.758733   => Language is set to 'en'
2025-01-29 01:49:20.758745   => Country is set to 'au'
2025-01-29 01:49:20.758752   => Current URL - https://capital.com/en-au

2025-01-29 01:49:20.763706   => Current URL - https://capital.com/en-au

2025-01-29 01:49:20.763723   => END PRECONDITIONS

2025-01-29 01:49:20.763891   START Open "Trading" menu, "CFD trading calculator" submenu =>

2025-01-29 01:49:20.763903   1. Cur URL = https://capital.com/en-au

2025-01-29 01:49:20.766377   2. Link = https://capital.com/en-au
2025-01-29 01:49:20.766388   current_page = https://capital.com/en-au
2025-01-29 01:49:20.768837   link = https://capital.com/en-au
2025-01-29 01:49:21.283457   => 'Trading' menu is present
2025-01-29 01:49:21.302906   => 'Trading' menu is visible
2025-01-29 01:49:22.807835   => Focus moved to 'Trading' menu
2025-01-29 01:49:22.828951   => 'CFD trading calculator' submenu is visible
2025-01-29 01:49:23.626967   => 'CFD trading calculator' sub-menu clicked
2025-01-29 01:49:28.906179   => Focus moved to 'capital*com' logo
2025-01-29 01:49:28.906221   3. Cur URL = https://capital.com/en-au/ways-to-trade/cfd-trading/cfd-calculator

2025-01-29 01:49:28.911747   1. Arrange
2025-01-29 01:49:28.911767   current_page = https://capital.com/en-au/ways-to-trade/cfd-trading/cfd-calculator
2025-01-29 01:49:28.914326   link = https://capital.com/en-au/ways-to-trade/cfd-trading/cfd-calculator
2025-01-29 01:49:28.916909   Scroll down to the 'How to start trading' block
2025-01-29 01:49:28.926195   Click on the [Sign up] button

2025-01-29 01:49:29.061697   2. Act
2025-01-29 01:49:29.061741   Close the “Sign up” form
2025-01-29 01:49:29.146585   3.Assert
2025-01-29 01:49:34.201954   Spinner is not visible
