{'width': 1920, 'height': 1080}

2025-03-30 23:40:03.321977   worker_id = master

2025-03-30 23:40:03.321987   0. Allure grouping for US_55


2025-03-30 23:40:03.322187   START PRECONDITIONS =>

2025-03-30 23:40:03.322200   => URL after prev. preconditions - https://capital.com/en-gb
2025-03-30 23:40:03.322206   => flag_of_bug - True
2025-03-30 23:40:03.322213   => Current URL - https://capital.com/en-gb

2025-03-30 23:40:03.327700   => Windows size: {'width': 1920, 'height': 1080}

2025-03-30 23:40:03.329045   Set windows position at (0, 0) =>

2025-03-30 23:40:03.330718   Set resolution 1920 * 1080 =>

2025-03-30 23:40:03.332396   => Resolution set {'width': 1920, 'height': 1080}

2025-03-30 23:40:03.333703   Работа с куками =>

2025-03-30 23:40:03.333714   => не требуется

2025-03-30 23:40:03.333720   Prev. role - 'NoReg'
2025-03-30 23:40:03.333726   Cur. role - 'NoReg'

2025-03-30 23:40:03.333731   => The 'NoReg' role is set

2025-03-30 23:40:03.333737   Prev. language: pl
2025-03-30 23:40:03.333742   Cur. language - 'ar'

2025-03-30 23:40:03.333747   Prev. country: ua
2025-03-30 23:40:03.333752   Cur. country: ae

2025-03-30 23:40:03.333843   Set "ar" language and "ae" country =>
2025-03-30 23:40:03.333855   Current page URL = https://capital.com/en-gb
2025-03-30 23:40:03.336424   self.link = https://capital.com/ar-ae
2025-03-30 23:40:03.336433   driver.get(https://capital.com/ar-ae) =>
2025-03-30 23:40:05.709213   => Loaded page https://capital.com/ar-ae
2025-03-30 23:40:05.715896   => Language is set to 'ar'
2025-03-30 23:40:05.715907   => Country is set to 'ae'
2025-03-30 23:40:05.715914   => Current URL - https://capital.com/ar-ae

2025-03-30 23:40:05.720795   => Current URL - https://capital.com/ar-ae

2025-03-30 23:40:05.720813   => END PRECONDITIONS

2025-03-30 23:40:05.720985   START Open "Learn" menu, "Learn" submenu =>

2025-03-30 23:40:05.720997   1. Cur URL = https://capital.com/ar-ae

2025-03-30 23:40:05.725711   2. Link = https://capital.com/ar-ae
2025-03-30 23:40:05.725723   current_page = https://capital.com/ar-ae
2025-03-30 23:40:05.728186   link = https://capital.com/ar-ae
2025-03-30 23:40:06.236687   => 'Learn' menu is present
2025-03-30 23:40:06.251291   => 'Learn' menu is visible
2025-03-30 23:40:07.944635   => Focus moved to 'Learn' menu
2025-03-30 23:40:13.084720   => 'Learn' submenu not visible
2025-03-30 23:40:13.084750   Save current screenshot into PNG file
