{'width': 1920, 'height': 1080}

2025-03-30 23:11:31.442044   worker_id = master

2025-03-30 23:11:31.442055   0. Allure grouping for US_55


2025-03-30 23:11:31.442235   START PRECONDITIONS =>

2025-03-30 23:11:31.442246   => URL after prev. preconditions - https://capital.com/en-gb
2025-03-30 23:11:31.442252   => flag_of_bug - True
2025-03-30 23:11:31.442259   => Current URL - https://capital.com/en-gb

2025-03-30 23:11:31.447806   => Windows size: {'width': 1920, 'height': 1080}

2025-03-30 23:11:31.449132   Set windows position at (0, 0) =>

2025-03-30 23:11:31.450858   Set resolution 1920 * 1080 =>

2025-03-30 23:11:31.452542   => Resolution set {'width': 1920, 'height': 1080}

2025-03-30 23:11:31.453849   Работа с куками =>

2025-03-30 23:11:31.453860   => не требуется

2025-03-30 23:11:31.453866   Prev. role - 'NoReg'
2025-03-30 23:11:31.453872   Cur. role - 'NoReg'

2025-03-30 23:11:31.453877   => The 'NoReg' role is set

2025-03-30 23:11:31.453883   Prev. language: ?
2025-03-30 23:11:31.453888   Cur. language - 'en'

2025-03-30 23:11:31.453894   Prev. country: ua
2025-03-30 23:11:31.453899   Cur. country: ae

2025-03-30 23:11:31.453993   Set "en" language and "ae" country =>
2025-03-30 23:11:31.454005   Current page URL = https://capital.com/en-gb
2025-03-30 23:11:31.456618   self.link = https://capital.com/en-ae
2025-03-30 23:11:31.456628   driver.get(https://capital.com/en-ae) =>
2025-03-30 23:11:33.829907   => Loaded page https://capital.com/en-ae
2025-03-30 23:11:33.836449   => Language is set to 'en'
2025-03-30 23:11:33.836462   => Country is set to 'ae'
2025-03-30 23:11:33.836468   => Current URL - https://capital.com/en-ae

2025-03-30 23:11:33.865407   => Current URL - https://capital.com/en-ae

2025-03-30 23:11:33.865433   => END PRECONDITIONS

2025-03-30 23:11:33.865640   START Open "Markets" menu, "Market analysis" submenu =>

2025-03-30 23:11:33.865652   1. Cur URL = https://capital.com/en-ae

2025-03-30 23:11:33.869751   2. Link = https://capital.com/en-ae
2025-03-30 23:11:33.869762   current_page = https://capital.com/en-ae
2025-03-30 23:11:33.872210   link = https://capital.com/en-ae
2025-03-30 23:11:34.386129   => 'Markets' menu is present
2025-03-30 23:11:34.403772   => 'Markets' menu is visible
2025-03-30 23:11:35.732180   => Focus moved to 'Markets' menu
2025-03-30 23:11:40.862609   => 'Market analysis' submenu not visible
2025-03-30 23:11:40.862647   Save current screenshot into PNG file
