{'width': 1280, 'height': 800}

2024-04-06 14:58:20.321966   worker_id = master

2024-04-06 14:58:20.321980   0. Allure grouping v4

2024-04-06 14:58:20.322159   START PRECONDITIONS =>

2024-04-06 14:58:20.322174   => Current URL - https://capital.com/brent-crude-oil-price

2024-04-06 14:58:20.324691   => URL after prev. preconditions - https://capital.com/iron-ore-spot-commodity

2024-04-06 14:58:20.324704   => flag_of_bug - False

2024-04-06 14:58:20.324715   => Windows size - {'width': 1280, 'height': 800}
2024-04-06 14:58:20.326021   Set windows position at (0, 0) =>
2024-04-06 14:58:20.428014   Set resolution 1280 * 800 =>
2024-04-06 14:58:20.530185   => Windows size is set to {'width': 1280, 'height': 800}

2024-04-06 14:58:21.563236   Капчи нет. Идем дальше

2024-04-06 14:58:21.563326   Работа с куками

2024-04-06 14:58:21.563339   Prev. country - 'ae'
2024-04-06 14:58:21.563349   Cur. country - 'ae'
2024-04-06 14:58:21.563359   => Country set to 'ae'

2024-04-06 14:58:21.563368   Prev. language - 'en'
2024-04-06 14:58:21.563377   Cur. language - 'en'
2024-04-06 14:58:21.563385   => Language is set to 'en'

2024-04-06 14:58:21.563394   Prev. role - 'NoAuth'
2024-04-06 14:58:21.563403   Cur. role - 'NoAuth'
2024-04-06 14:58:21.563411   => The 'NoAuth' role is set

2024-04-06 14:58:21.566237   => Current URL - https://capital.com/brent-crude-oil-price

2024-04-06 14:58:21.566259   => THE END PRECONDITIONS

2024-04-06 14:58:21.566438   1. Arrange_v0
2024-04-06 14:58:21.566455   current_page = https://capital.com/brent-crude-oil-price
2024-04-06 14:58:21.568929   link = https://capital.com/brent-crude-oil-price
2024-04-06 14:58:21.578864   Is button BUTTON_VIEW_DETAILED_CHART present on the page? =>
2024-04-06 14:58:21.578887   => BUTTON_VIEW_DETAILED_CHART is present on the page
2024-04-06 14:58:21.578898   BUTTON_VIEW_DETAILED_CHART scroll =>
2024-04-06 14:58:21.583409   => BUTTON_VIEW_DETAILED_CHART scrolled
2024-04-06 14:58:21.583587   Start Checking that form [Sign up] popped up on the page =>
2024-04-06 14:58:23.127161   '[Sign up]' form was not popped up

2024-04-06 14:58:23.127340   2. Act_v0
2024-04-06 14:58:23.127355   Start Click button [View Detailed Chart] =>
2024-04-06 14:58:23.164492   BUTTON_VIEW_DETAILED_CHART is clickable =>
2024-04-06 14:58:23.229375 => BUTTON_VIEW_DETAILED_CHART clicked

2024-04-06 14:58:23.229689   3. Assert_Login_v0
2024-04-06 14:58:23.229817   Check that 'Login' form is opened
2024-04-06 14:58:23.244438   'Login' form opened
2024-04-06 14:58:23.244479   Assert LOGIN_REF_SIGNUP =>
2024-04-06 14:58:23.254721   Assert LOGIN_CHECKBOX =>
2024-04-06 14:58:23.263866   Assert LOGIN_PASS_FORGOT =>
2024-04-06 14:58:23.274709   => 'Login' form is checked
2024-04-06 14:58:23.290090   Click 'Close' button on 'Login' form =>
2024-04-06 14:58:23.615916   => Focus moved to 'capital*com' logo
2024-04-06 14:58:23.615953   => 'Login' form closed
