{'width': 1280, 'height': 800}

2024-04-06 15:43:30.684077   worker_id = master

2024-04-06 15:43:30.684090   0. Allure grouping v4

2024-04-06 15:43:30.684269   START PRECONDITIONS =>

2024-04-06 15:43:30.684285   => Current URL - https://capital.com/trade-copper

2024-04-06 15:43:30.687053   => URL after prev. preconditions - https://capital.com/trade-copper

2024-04-06 15:43:30.687067   => flag_of_bug - False

2024-04-06 15:43:30.687079   => Windows size - {'width': 1280, 'height': 800}
2024-04-06 15:43:30.688369   Set windows position at (0, 0) =>
2024-04-06 15:43:30.793553   Set resolution 1280 * 800 =>
2024-04-06 15:43:30.895924   => Windows size is set to {'width': 1280, 'height': 800}

2024-04-06 15:43:31.934797   Капчи нет. Идем дальше

2024-04-06 15:43:31.934888   Работа с куками

2024-04-06 15:43:31.934901   Prev. country - 'ae'
2024-04-06 15:43:31.934911   Cur. country - 'ae'
2024-04-06 15:43:31.934920   => Country set to 'ae'

2024-04-06 15:43:31.934930   Prev. language - 'en'
2024-04-06 15:43:31.934938   Cur. language - 'en'
2024-04-06 15:43:31.934947   => Language is set to 'en'

2024-04-06 15:43:31.934956   Prev. role - 'NoAuth'
2024-04-06 15:43:31.934965   Cur. role - 'NoAuth'
2024-04-06 15:43:31.934973   => The 'NoAuth' role is set

2024-04-06 15:43:31.937774   => Current URL - https://capital.com/trade-copper

2024-04-06 15:43:31.937797   => THE END PRECONDITIONS

2024-04-06 15:43:31.937982   1. Arrange_v0
2024-04-06 15:43:31.938000   current_page = https://capital.com/trade-copper
2024-04-06 15:43:31.940638   link = https://capital.com/trade-uscrude-oil
2024-04-06 15:43:31.943240   => current_url != cur_item_link
2024-04-06 15:43:31.943262   Current page URL = https://capital.com/trade-copper
2024-04-06 15:43:31.945869   self.link = https://capital.com/trade-uscrude-oil
2024-04-06 15:43:31.945883   link = https://capital.com/trade-uscrude-oil
2024-04-06 15:43:33.695654   => Loaded page https://capital.com/trade-uscrude-oil
2024-04-06 15:43:33.713346   BUTTON_START_TRADING scroll =>
2024-04-06 15:43:33.716688   BUTTON_START_TRADING is visible? =>
2024-04-06 15:43:33.751675   => BUTTON_START_TRADING is visible on the page!

2024-04-06 15:43:33.751852   2. Act_v0
2024-04-06 15:43:33.751868   Start Click button [Start Trading] =>
2024-04-06 15:43:33.764107   BUTTON_START_TRADING is clickable? =>
2024-04-06 15:43:33.780142   BUTTON_START_TRADING click =>
2024-04-06 15:43:33.823290   => BUTTON_START_TRADING clicked

2024-04-06 15:43:33.823520   3. Assert_Login_v0
2024-04-06 15:43:33.823605   Check that 'Login' form is opened
2024-04-06 15:43:36.906732   'Login' form not opened
2024-04-06 15:43:36.906916   Check that new 'Login' form is opened
2024-04-06 15:43:39.971848   => New 'Login' form not opened
2024-04-06 15:43:39.974710   'Login' page not opened
2024-04-06 15:43:43.029854   'Login' form on trading platform not opened
2024-04-06 15:43:43.030075   Start step Check that [Sign up] form is opened
2024-04-06 15:43:43.040134   'Sign up' form opened
2024-04-06 15:43:43.040158   Assert SIGNUP_HEADER =>
2024-04-06 15:43:43.049571   Assert SIGNUP_REF_LOGIN =>
2024-04-06 15:43:43.059016   Assert SIGNUP_PRIVACY_POLICY_ALL_2 =>
2024-04-06 15:43:43.068264   => SIGNUP_PRIVACY_POLICY_ALL
2024-04-06 15:43:43.068286   => 'Signup' form is checked

Bug: Bid:11.02.03.01_01-en.ae.NoAuth

2024-04-06 15:43:43.068334   Проверка бага в таблице ретеста  =>

 gs = GoogleSheet() - создаем объект gs # 1: <tests.ReTestsAuto.GoogleSheets.googlesheets.GoogleSheet object at 0x7f7c66a01e20>

2024-04-06 15:43:43.399751   4. Fixing one row check results into Google Sheet Bugs Report =>
1 cells updated.
2024-04-06 15:43:43.645446   => 4. One row check results into Google Sheet Bugs Report fixed

2024-04-06 15:43:44.564435   4. Fixing one row check results into Google Sheet Bugs Report =>
1 cells updated.
2024-04-06 15:43:44.784542   => 4. One row check results into Google Sheet Bugs Report fixed

2024-04-06 15:43:44.785976   Баг Bid:11.02.03.01_01-en.ae.NoAuth-05 обнаружен ранее и уже находится в 'Bugs Report Auto detect'
