{'width': 1280, 'height': 800}

2024-04-06 16:32:44.350076   worker_id = master

2024-04-06 16:32:44.350091   0. Allure grouping v4

2024-04-06 16:32:44.350282   START PRECONDITIONS =>

2024-04-06 16:32:44.350297   => Current URL - https://capital.com/position-trading

2024-04-06 16:32:44.352945   => URL after prev. preconditions - https://capital.com/position-trading

2024-04-06 16:32:44.352959   => flag_of_bug - False

2024-04-06 16:32:44.352971   => Windows size - {'width': 1280, 'height': 800}
2024-04-06 16:32:44.354388   Set windows position at (0, 0) =>
2024-04-06 16:32:44.456712   Set resolution 1280 * 800 =>
2024-04-06 16:32:44.559235   => Windows size is set to {'width': 1280, 'height': 800}

2024-04-06 16:32:45.589261   Капчи нет. Идем дальше

2024-04-06 16:32:45.589353   Работа с куками

2024-04-06 16:32:45.589366   Prev. country - 'ae'
2024-04-06 16:32:45.589376   Cur. country - 'ae'
2024-04-06 16:32:45.589385   => Country set to 'ae'

2024-04-06 16:32:45.589395   Prev. language - 'en'
2024-04-06 16:32:45.589403   Cur. language - 'en'
2024-04-06 16:32:45.589412   => Language is set to 'en'

2024-04-06 16:32:45.589421   Prev. role - 'Auth'
2024-04-06 16:32:45.589430   Cur. role - 'Auth'
2024-04-06 16:32:45.589438   => The 'Auth' role is set

2024-04-06 16:32:45.592270   => Current URL - https://capital.com/position-trading

2024-04-06 16:32:45.592292   => THE END PRECONDITIONS

2024-04-06 16:32:45.592342   1. Arrange
2024-04-06 16:32:45.592357   current_page = https://capital.com/position-trading
2024-04-06 16:32:45.594949   link = https://capital.com/position-trading
2024-04-06 16:32:45.597606   Is visible BUTTON_GET_IT_ON_GOOGLE_PLAY? =>
2024-04-06 16:32:45.612117   => BUTTON_GET_IT_ON_GOOGLE_PLAY is visible on the page!

2024-04-06 16:32:45.612288   2. Act
2024-04-06 16:32:45.620587   1 checking element(s) with current CSS locator is(are) present(s) on this page
2024-04-06 16:32:45.713730   => BUTTON_GET_IT_ON_GOOGLE_PLAY IS CLICKED

2024-04-06 16:32:45.713954   3. Assert_v0
2024-04-06 16:32:45.714045   Checking that the Google Play page has opened

Bug: Bid:11.03.04.00_05-en.ae.Auth
