{'width': 1280, 'height': 800}

2024-04-06 14:40:39.848421   worker_id = master

2024-04-06 14:40:39.848435   0. Allure grouping v4

2024-04-06 14:40:39.848611   START PRECONDITIONS =>

2024-04-06 14:40:39.848626   => Current URL - https://capital.com/usd-jpy-rate

2024-04-06 14:40:39.851313   => URL after prev. preconditions - https://capital.com/usd-jpy-rate

2024-04-06 14:40:39.851327   => flag_of_bug - False

2024-04-06 14:40:39.851338   => Windows size - {'width': 1280, 'height': 800}
2024-04-06 14:40:39.852592   Set windows position at (0, 0) =>
2024-04-06 14:40:39.954648   Set resolution 1280 * 800 =>
2024-04-06 14:40:40.056784   => Windows size is set to {'width': 1280, 'height': 800}

2024-04-06 14:40:41.084418   Капчи нет. Идем дальше

2024-04-06 14:40:41.084505   Работа с куками

2024-04-06 14:40:41.084519   Prev. country - 'ae'
2024-04-06 14:40:41.084529   Cur. country - 'ae'
2024-04-06 14:40:41.084538   => Country set to 'ae'

2024-04-06 14:40:41.084547   Prev. language - 'en'
2024-04-06 14:40:41.084555   Cur. language - 'en'
2024-04-06 14:40:41.084564   => Language is set to 'en'

2024-04-06 14:40:41.084573   Prev. role - 'NoAuth'
2024-04-06 14:40:41.084582   Cur. role - 'NoAuth'
2024-04-06 14:40:41.084590   => The 'NoAuth' role is set

2024-04-06 14:40:41.087482   => Current URL - https://capital.com/usd-jpy-rate

2024-04-06 14:40:41.087504   => THE END PRECONDITIONS

2024-04-06 14:40:41.087683 1.Arrange_v0
2024-04-06 14:40:41.087700   current_page = https://capital.com/usd-jpy-rate
2024-04-06 14:40:41.090301   link = https://capital.com/usd-jpy-rate
2024-04-06 14:40:41.092897 BUTTON_NOTIFICATION is located on the page? =>
2024-04-06 14:40:41.100527   Is BUTTON_NOTIFICATION present on the page? =>
2024-04-06 14:40:41.100555   => BUTTON_NOTIFICATION is present on the page
2024-04-06 14:40:41.100685   Start Checking that form [Sign up] popped up on the page =>
2024-04-06 14:40:42.630223   '[Sign up]' form was not popped up

2024-04-06 14:40:42.630405   2. Act_v0
2024-04-06 14:40:42.630420   Start Click button [Notification] =>
2024-04-06 14:40:42.646765 BUTTON_NOTIFICATION is clickable =>
2024-04-06 14:40:43.699852 => BUTTON_NOTIFICATION not clicked
2024-04-06 14:40:43.699893   'Signup' or 'Login' form is automatically opened
2024-04-06 14:40:43.700040   Start step Close [Sign up] form =>
2024-04-06 14:40:45.751419   => Close button on 'Sign up' form is not clickable
