{'width': 1920, 'height': 1080}

2024-12-15 23:42:04.287071   worker_id = master

2024-12-15 23:42:04.287085   0. Allure grouping for US_55


2024-12-15 23:42:04.287283   START PRECONDITIONS =>

2024-12-15 23:42:04.287299   => URL after prev. preconditions - https://capital.com/en-gb
2024-12-15 23:42:04.287309   => flag_of_bug - True
2024-12-15 23:42:04.287321   => Current URL - https://capital.com/en-au
2024-12-15 23:42:04.292860   Current page URL = https://capital.com/en-au
2024-12-15 23:42:04.295494   self.link = https://capital.com/en-gb
2024-12-15 23:42:04.295508   driver.get(https://capital.com/en-gb) =>
2024-12-15 23:42:06.637656   => Loaded page https://capital.com/en-gb

2024-12-15 23:42:06.642198   => Windows size: {'width': 1920, 'height': 1080}

2024-12-15 23:42:06.643578   Set windows position at (0, 0) =>

2024-12-15 23:42:06.645286   Set resolution 1920 * 1080 =>

2024-12-15 23:42:06.646944   => Resolution set {'width': 1920, 'height': 1080}

2024-12-15 23:42:06.650584   Работа с куками =>

2024-12-15 23:42:06.650599   => не требуется

2024-12-15 23:42:06.650609   Prev. role - 'Auth'
2024-12-15 23:42:06.650618   Cur. role - 'Auth'

2024-12-15 23:42:06.650627   => The 'Auth' role is set

2024-12-15 23:42:06.650636   Prev. language: ro
2024-12-15 23:42:06.650645   Cur. language - 'ar'

2024-12-15 23:42:06.650654   Prev. country: ua
2024-12-15 23:42:06.650662   Cur. country: au

2024-12-15 23:42:06.650815   Set "ar" language and "au" country =>
2024-12-15 23:42:06.650833   Current page URL = https://capital.com/en-gb
2024-12-15 23:42:06.653285   self.link = https://capital.com/ar-au
2024-12-15 23:42:06.653299   driver.get(https://capital.com/ar-au) =>
2024-12-15 23:42:09.832924   => Loaded page https://capital.com/ar-au
2024-12-15 23:42:09.837609   => Language is set to 'ar'
2024-12-15 23:42:09.837625   => Country is set to 'au'
2024-12-15 23:42:09.837634   => Current URL - https://capital.com/ar-au

2024-12-15 23:42:09.843335   => Current URL - https://capital.com/ar-au

2024-12-15 23:42:09.843364   => END PRECONDITIONS

2024-12-15 23:42:09.843549   1. Start Arrange: find block 'For learner traders'. 
2024-12-15 23:42:09.843568   current_page = https://capital.com/ar-au
2024-12-15 23:42:09.846270   link = https://capital.com/ar-au
2024-12-15 23:42:14.906074   => Page don't have block 'Dedicated help, 24/7' in DOM
