


Current country - ['', 'gb']
{'width': 1920, 'height': 1080}

2024-12-16 01:48:20.340877   worker_id = master

2024-12-16 01:48:20.340891   0. Allure grouping for US_55


2024-12-16 01:48:20.341087   START PRECONDITIONS =>

2024-12-16 01:48:20.341103   => URL after prev. preconditions - https://capital.com/en-gb
2024-12-16 01:48:20.341112   => flag_of_bug - True
2024-12-16 01:48:20.341123   => Current URL - https://capital.com/en-eu
2024-12-16 01:48:20.347086   Current page URL = https://capital.com/en-eu
2024-12-16 01:48:20.349693   self.link = https://capital.com/en-gb
2024-12-16 01:48:20.349706   driver.get(https://capital.com/en-gb) =>
2024-12-16 01:48:22.597740   => Loaded page https://capital.com/en-gb

2024-12-16 01:48:22.601952   => Windows size: {'width': 1920, 'height': 1080}

2024-12-16 01:48:22.603305   Set windows position at (0, 0) =>

2024-12-16 01:48:22.604959   Set resolution 1920 * 1080 =>

2024-12-16 01:48:22.607989   => Resolution set {'width': 1920, 'height': 1080}

2024-12-16 01:48:22.609364   Работа с куками =>

2024-12-16 01:48:22.609379   => не требуется

2024-12-16 01:48:22.609389   Prev. role - 'NoReg'
2024-12-16 01:48:22.609398   Cur. role - 'NoReg'

2024-12-16 01:48:22.609407   => The 'NoReg' role is set

2024-12-16 01:48:22.609416   Prev. language: en
2024-12-16 01:48:22.609425   Cur. language - 'en'

2024-12-16 01:48:22.609433   Prev. country: ua
2024-12-16 01:48:22.609442   Cur. country: gb

2024-12-16 01:48:22.609595   Set "en" language and "gb" country =>
2024-12-16 01:48:22.609614   Current page URL = https://capital.com/en-gb
2024-12-16 01:48:22.614867   self.link = https://capital.com/en-gb
2024-12-16 01:48:22.614881   driver.get(https://capital.com/en-gb) =>
2024-12-16 01:48:24.848658   => Loaded page https://capital.com/en-gb
2024-12-16 01:48:24.852966   => Language is set to 'en'
2024-12-16 01:48:24.852982   => Country is set to 'gb'
2024-12-16 01:48:24.852992   => Current URL - https://capital.com/en-gb

2024-12-16 01:48:24.857896   => Current URL - https://capital.com/en-gb

2024-12-16 01:48:24.857918   => END PRECONDITIONS

2024-12-16 01:48:24.858086   1. Start Arrange: open dropdown [Regional settings]
2024-12-16 01:48:24.858104   current_page = https://capital.com/en-gb
2024-12-16 01:48:24.860573   link = https://capital.com/en-gb
2024-12-16 01:48:24.865012   Start to check link country to open dropdown [Regional settings] in DOM on the Main page

2024-12-16 01:48:29.898983   => The main page don't have link country to open dropdown in DOM
