


Current market - Forex
{'width': 1280, 'height': 800}

2024-04-02 03:35:58.187351   worker_id = master

2024-04-02 03:35:58.187373   0. Allure grouping v4

2024-04-02 03:35:58.187509   START PRECONDITIONS =>

2024-04-02 03:35:58.187521   => flag_of_bug - False

2024-04-02 03:35:58.187533   => Windows size - {'width': 1280, 'height': 800}
2024-04-02 03:35:58.192769   Set windows position at (0, 0) =>
2024-04-02 03:35:58.295241   Set resolution 1280 * 800 =>
2024-04-02 03:35:58.397798   => Windows size is set to {'width': 1280, 'height': 800}

2024-04-02 03:35:59.434861   Капчи нет. Идем дальше

2024-04-02 03:35:59.434950   Работа с куками

2024-04-02 03:35:59.434964   Prev. country - 'au'
2024-04-02 03:35:59.434974   Cur. country - 'au'
2024-04-02 03:35:59.434983   => Country set to 'au'

2024-04-02 03:35:59.434992   Prev. language - 'ro'
2024-04-02 03:35:59.435001   Cur. language - 'ro'
2024-04-02 03:35:59.435010   => Language is set to 'ro'

2024-04-02 03:35:59.435019   Prev. role - 'NoAuth'
2024-04-02 03:35:59.435027   Cur. role - 'NoAuth'
2024-04-02 03:35:59.435036   => The 'NoAuth' role is set

2024-04-02 03:35:59.437717   => THE END PRECONDITIONS

2024-04-02 03:35:59.437743   1. Arrange for 'Trading instrument' widget: 'Forex' market
2024-04-02 03:35:59.437756   current_page = https://capital.com/ro
2024-04-02 03:35:59.442678   link = https://capital.com/ro

2024-04-02 03:35:59.445128   IS 'Trading instrument' widget present on this page? =>
2024-04-02 03:35:59.450236   => 'Trading instrument' widget present on this page!

2024-04-02 03:35:59.460004   IS 'Trading instrument' widget visible on this page? =>
2024-04-02 03:35:59.469902   => 'Trading instrument' widget is visible on this page!

2024-04-02 03:35:59.469927   IS MARKET 'Forex' present on this page? =>
2024-04-02 03:35:59.489253   => MARKET 'Forex' present on this page!

2024-04-02 03:35:59.494967   IS MARKET 'Forex' visible on this page? =>
2024-04-02 03:36:01.549361   => MARKET 'Forex' is NOT visible right now on page, but need to check in 'Meatballs menu'!
2024-04-02 03:36:01.557240   => 'Meatballs menu' button is present
2024-04-02 03:36:01.566177   => 'Meatballs menu' button is visible
2024-04-02 03:36:02.841928   => Focus is moved on 'Meatballs menu' button
2024-04-02 03:36:02.864041   => MARKET 'Forex' is visible on this page!

2024-04-02 03:36:02.864081   Start Click Tab 'Forex' MARKET =>
2024-04-02 03:36:02.864092   Check that Tab 'Forex' MARKET is clickable =>
2024-04-02 03:36:02.883169   => Tab 'Forex' MARKET is clickable
2024-04-02 03:36:02.928679   => End Click Tab 'Forex' MARKET

2024-04-02 03:36:02.928734   Is Instruments present? =>
2024-04-02 03:36:02.935082   => Instruments is present on this page

2024-04-02 03:36:02.935107   Is Instruments visible? =>
2024-04-02 03:36:02.950269   => Instruments is visible on this page

2024-04-02 03:36:02.950317   Start find random buttons [Trade] on the TAB 'Forex'=>
2024-04-02 03:36:02.950353   => End find '1' random buttons [Trade] from list [4] on the TAB 'Forex'
2024-04-02 03:36:02.950583   2. Act for 'Trading instrument' widget and 'Forex' tab 4-item from item list [4]
2024-04-02 03:36:02.950606   Start Click button TAB 'Forex' in METHOD: element_click =>
2024-04-02 03:36:02.962435   IS MARKET 'Forex' visible on this page? =>
2024-04-02 03:36:02.971977   Check that MARKET 'Forex' is visible on this page =>
2024-04-02 03:36:02.982801   => MARKET 'Forex' is visible on this page!
2024-04-02 03:36:02.982825   Tab 'Forex' MARKET is scroll =>
2024-04-02 03:36:02.993157   => Tab 'Forex' MARKET is scrolled
2024-04-02 03:36:02.993181   Check that Tab 'Forex' MARKET is clickable =>
2024-04-02 03:36:03.002679   => Tab 'Forex' MARKET is clickable
2024-04-02 03:36:03.029860   => End Click Tab 'Forex' MARKET

2024-04-02 03:36:03.029899   Start click button [Trade] =>
2024-04-02 03:36:03.088660   => Button [Trade] for 4-item clicked!


2024-04-02 03:36:03.088961   3. Assert_Login_v0
2024-04-02 03:36:03.089051   Check that 'Login' form is opened
2024-04-02 03:36:03.309699   'Login' form opened
2024-04-02 03:36:03.309737   Assert LOGIN_REF_SIGNUP =>
2024-04-02 03:36:03.324908   Assert LOGIN_CHECKBOX =>
2024-04-02 03:36:03.334828   Assert LOGIN_PASS_FORGOT =>
2024-04-02 03:36:03.346996   => 'Login' form is checked
2024-04-02 03:36:03.365523   Click 'Close' button on 'Login' form =>
2024-04-02 03:36:03.707007   => Focus moved to 'capital*com' logo
2024-04-02 03:36:03.707044   => 'Login' form closed
