{'width': 1280, 'height': 720}

2024-03-05 21:43:25.538823   worker_id = master

2024-03-05 21:43:25.538840   0. Allure grouping v4


2024-03-05 21:43:25.539038   START PRECONDITIONS =>


2024-03-05 21:43:25.539053   {'width': 1280, 'height': 720}

2024-03-05 21:43:25.540354   Set windows position at (0, 0) =>

2024-03-05 21:43:25.642633   Set resolution 1280 * 720 =>

2024-03-05 21:43:25.744945   => Resolution seted {'width': 1280, 'height': 720}

2024-03-05 21:43:26.792723   Капчи нет. Идем дальше

2024-03-05 21:43:26.792812   Prev. role: NoReg

2024-03-05 21:43:26.792826   => Current role: NoReg

2024-03-05 21:43:27.837220   Капчи нет. Идем дальше

2024-03-05 21:43:27.837318   Prev language: it

2024-03-05 21:43:27.837333   => Current language: it

2024-03-05 21:43:28.884976   Капчи нет. Идем дальше

2024-03-05 21:43:28.885068   Prev country: ae
2024-03-05 21:43:28.885082   => Current country: ae

2024-03-05 21:43:28.885092   => THE END PRECONDITIONS

2024-03-05 21:43:28.885276   1. Arrange_v3
2024-03-05 21:43:28.888159   Is visible BUTTON_START_TRADING_IN_ARTICLE? =>
2024-03-05 21:43:28.888182   => BUTTON_START_TRADING_IN_ARTICLE =>

2024-03-05 21:43:28.896176   2. Act_v3
2024-03-05 21:43:28.896206   Start Click button BUTTON_START_TRADING_IN_ARTICLE =>
2024-03-05 21:43:28.966906   => BUTTON_START_TRADING_IN_ARTICLE is clicked

2024-03-05 21:43:28.967234   3. Assert_v0
2024-03-05 21:43:28.967392   Start step Check that [Sign up] form is opened
2024-03-05 21:43:28.994512   'Sign up' form opened
2024-03-05 21:43:28.994575   Assert SIGNUP_HEADER =>
2024-03-05 21:43:29.012762   Assert SIGNUP_REF_LOGIN =>
2024-03-05 21:43:29.052969   Assert SIGNUP_PRIVACY_POLICY_ALL_2 =>
2024-03-05 21:43:29.067770   => SIGNUP_PRIVACY_POLICY_ALL
2024-03-05 21:43:29.067814   => 'Signup' form is checked
2024-03-05 21:43:29.067987   Start step Close [Sign up] form =>
2024-03-05 21:43:29.141837   => 'Signup' form closed
