{'width': 1280, 'height': 800}

2024-05-15 10:15:53.022556   worker_id = master

2024-05-15 10:15:53.022580   0. Allure grouping v4

2024-05-15 10:15:53.022808   START PRECONDITIONS =>

2024-05-15 10:15:53.022825   => URL after prev. preconditions - https://capital.com/nl
2024-05-15 10:15:53.022835   => flag_of_bug - False
2024-05-15 10:15:53.022845   => Current URL - https://capital.com/nl/eur-aud-koers
2024-05-15 10:15:53.028242   Current page URL = https://capital.com/nl/eur-aud-koers
2024-05-15 10:15:53.031406   self.link = https://capital.com/nl
2024-05-15 10:15:53.031429   driver.get(https://capital.com/nl) =>
2024-05-15 10:15:54.804153   => Loaded page https://capital.com/nl

2024-05-15 10:15:54.808463   => Windows size - {'width': 1280, 'height': 800}
2024-05-15 10:15:54.809834   Set windows position at (0, 0) =>
2024-05-15 10:15:54.811503   Set resolution 1280 * 800 =>
2024-05-15 10:15:54.813079   => Windows size is set to {'width': 1280, 'height': 800}

2024-05-15 10:15:55.853936   Капчи нет. Идем дальше

2024-05-15 10:15:55.854023   Работа с куками =>

2024-05-15 10:15:55.854037   => не требуется

2024-05-15 10:15:55.854047   Prev. country - 'au'
2024-05-15 10:15:55.854056   Cur. country - 'au'
2024-05-15 10:15:55.854065   => Country set to 'au'

2024-05-15 10:15:55.854074   Prev. language - 'nl'
2024-05-15 10:15:55.854083   Cur. language - 'nl'
2024-05-15 10:15:55.854091   => Language is set to 'nl'

2024-05-15 10:15:55.854100   Prev. role - 'Auth'
2024-05-15 10:15:55.854109   Cur. role - 'Auth'
2024-05-15 10:15:55.854117   => The 'Auth' role is set

2024-05-15 10:15:55.856752   => Current URL - https://capital.com/nl

2024-05-15 10:15:55.856773   => THE END PRECONDITIONS

2024-05-15 10:15:55.856949   1. Arrange_v0
2024-05-15 10:15:55.856967   current_page = https://capital.com/nl
2024-05-15 10:15:55.859389   link = https://capital.com/nl/eur-aud-koers
2024-05-15 10:15:55.861862   Current page URL = https://capital.com/nl
2024-05-15 10:15:55.864257   self.link = https://capital.com/nl/eur-aud-koers
2024-05-15 10:15:55.864279   driver.get(https://capital.com/nl/eur-aud-koers) =>
2024-05-15 10:15:57.624721   => Loaded page https://capital.com/nl/eur-aud-koers
2024-05-15 10:15:57.629017   IS 'Trading calculator' widget present on this page? =>
2024-05-15 10:15:57.638024   => 'Trading calculator' widget present on this page!

2024-05-15 10:15:57.638052   IS 'Trading calculator' widget visible on this page? =>
2024-05-15 10:15:57.653940   => 'Trading calculator' widget is visible on this page!

2024-05-15 10:15:57.653971   IS [Start Trading] button present on this page? =>
2024-05-15 10:15:57.661640   => [Start Trading] button present on this page!

2024-05-15 10:15:57.661666   IS [Start Trading] button visible on this page? =>
2024-05-15 10:15:57.676128   => [Start Trading] button is visible on this page!

2024-05-15 10:15:57.676157   [Start Trading] button scroll =>

2024-05-15 10:15:57.679510   2. Act_v0
2024-05-15 10:15:57.679532   [Start Trading] button is clickable? =>
2024-05-15 10:15:57.714612   => [Start Trading] button is clickable!

2024-05-15 10:15:58.038817   => [Start Trading] button clicked!

2024-05-15 10:15:58.039139   3. Assert_v4

2024-05-15 10:15:58.039165   
2024-05-15 10:15:58.039322   Checking that the trading platform page has opened (v4) =>
2024-05-15 10:15:58.053613   Checking way # 1 => 

2024-05-15 10:15:58.053831   1. Checking that the Trading platform (or TradingView site) page has valid title =>
2024-05-15 10:15:58.057324   => The title of current page is 'Trading Platform | Capital.com'

2024-05-15 10:15:58.057435   2. Checking that the LOGO is present on the page =>
2024-05-15 10:15:58.964064   => 'capital*com' logo is present on the current page

2024-05-15 10:15:58.964097   tpd = False
2024-05-15 10:15:59.845369   => Driver.backed
