{'width': 1280, 'height': 800}

2024-05-15 10:16:52.109278   worker_id = master

2024-05-15 10:16:52.109296   0. Allure grouping v4

2024-05-15 10:16:52.109656   START PRECONDITIONS =>

2024-05-15 10:16:52.109680   => URL after prev. preconditions - https://capital.com/nl
2024-05-15 10:16:52.109690   => flag_of_bug - False
2024-05-15 10:16:52.109701   => Current URL - https://capital.com/nl/eur-aud-koers
2024-05-15 10:16:52.135892   Current page URL = https://capital.com/nl/eur-aud-koers
2024-05-15 10:16:52.138241   self.link = https://capital.com/nl
2024-05-15 10:16:52.138254   driver.get(https://capital.com/nl) =>
2024-05-15 10:16:54.018745   => Loaded page https://capital.com/nl

2024-05-15 10:16:54.023037   => Windows size - {'width': 1280, 'height': 800}
2024-05-15 10:16:54.024334   Set windows position at (0, 0) =>
2024-05-15 10:16:54.025951   Set resolution 1280 * 800 =>
2024-05-15 10:16:54.027504   => Windows size is set to {'width': 1280, 'height': 800}

2024-05-15 10:16:55.069062   Капчи нет. Идем дальше

2024-05-15 10:16:55.069150   Работа с куками =>

2024-05-15 10:16:55.069164   => не требуется

2024-05-15 10:16:55.069174   Prev. country - 'au'
2024-05-15 10:16:55.069183   Cur. country - 'au'
2024-05-15 10:16:55.069193   => Country set to 'au'

2024-05-15 10:16:55.069201   Prev. language - 'nl'
2024-05-15 10:16:55.069210   Cur. language - 'nl'
2024-05-15 10:16:55.069219   => Language is set to 'nl'

2024-05-15 10:16:55.069228   Prev. role - 'NoAuth'
2024-05-15 10:16:55.069236   Cur. role - 'NoAuth'
2024-05-15 10:16:55.069245   => The 'NoAuth' role is set

2024-05-15 10:16:55.072026   => Current URL - https://capital.com/nl

2024-05-15 10:16:55.072048   => THE END PRECONDITIONS

2024-05-15 10:16:55.072228   1. Arrange_v2
2024-05-15 10:16:55.072246   current_page = https://capital.com/nl
2024-05-15 10:16:55.074735   link = https://capital.com/nl/eur-aud-koers
2024-05-15 10:16:55.077143   Current page URL = https://capital.com/nl
2024-05-15 10:16:55.081230   self.link = https://capital.com/nl/eur-aud-koers
2024-05-15 10:16:55.081244   driver.get(https://capital.com/nl/eur-aud-koers) =>
2024-05-15 10:16:56.759442   => Loaded page https://capital.com/nl/eur-aud-koers
2024-05-15 10:16:56.765759   Is LONG_POSITION_OVERNIGHT_FEE present on the page? =>
2024-05-15 10:16:56.774242   => LONG_POSITION_OVERNIGHT_FEE is present on the page
2024-05-15 10:16:56.774268   LONG_POSITION_OVERNIGHT_FEE scroll =>
2024-05-15 10:16:56.777446   => LONG_POSITION_OVERNIGHT_FEE scrolled

2024-05-15 10:16:56.777623   2. Act_v2
2024-05-15 10:16:56.777642   LONG_POSITION_OVERNIGHT_FEE open =>
2024-05-15 10:16:57.563628   Is LONG_POSITION_OVERNIGHT_FEE open?  =>
2024-05-15 10:16:57.577091   => LONG_POSITION_OVERNIGHT_FEE opened
2024-05-15 10:16:57.577147   Move focus to button [Go to platform] and click on=>
2024-05-15 10:16:58.357850   => BUTTON_GO_TO_PLATFORM is clickable
2024-05-15 10:16:58.847863 => BUTTON_GO_TO_PLATFORM clicked

2024-05-15 10:16:58.848149   3. Assert_Login_v0
2024-05-15 10:16:58.848269   Check that 'Login' form is opened
2024-05-15 10:17:04.995509   'Login' form not opened
2024-05-15 10:17:04.995692   Check that new 'Login' form is opened
2024-05-15 10:17:08.060077   => New 'Login' form not opened
2024-05-15 10:17:08.062916   'Login' page not opened
2024-05-15 10:17:11.146141   'Login' form on trading platform not opened
2024-05-15 10:17:11.146340   Start step Check that [Sign up] form is opened
2024-05-15 10:17:14.239941   'Sign up' form not opened
2024-05-15 10:17:14.240130   Start step Check that new [Sign up] form is opened
2024-05-15 10:17:17.334642   => new 'Sign up' form not opened
2024-05-15 10:17:17.334832   Start method Check that [Sign up] page opened =>
2024-05-15 10:17:18.338676   'Sign up' page not opened
2024-05-15 10:17:18.338880   Check that [Sign up] form on trading platform opened =>
2024-05-15 10:17:18.353484   => 'Sign up' form on trading platform page opened
2024-05-15 10:17:18.353509   Assert SIGNUP_HEADER =>
2024-05-15 10:17:18.367282   => SIGNUP_HEADER is OK
2024-05-15 10:17:18.367318   Assert SIGNUP_PRIVACY_POLICY_ALL_1 =>
2024-05-15 10:17:18.379249   => SIGNUP_PRIVACY_POLICY_ALL_1 is OK
2024-05-15 10:17:18.379273   Assert SIGNUP_REF_LOGIN =>
2024-05-15 10:17:18.391017   => SIGNUP_REF_LOGIN is OK
2024-05-15 10:17:18.391040   => 'Signup' form on trading platform page is checked

Bug: Bid:01.03.01_003-nl.au.NoAuth

2024-05-15 10:17:18.391100   Проверка бага в таблице ретеста  =>

2024-05-15 10:17:18.752290   4. Fixing one row check results into Google Sheet Bugs Report =>
1 cells updated.
2024-05-15 10:17:18.982710   => 4. One row check results into Google Sheet Bugs Report fixed

2024-05-15 10:17:20.330158   4. Fixing one row check results into Google Sheet Bugs Report =>
1 cells updated.
2024-05-15 10:17:20.613617   => 4. One row check results into Google Sheet Bugs Report fixed

2024-05-15 10:17:20.613844   4. Fixing one row check results into Google Sheet Bugs Report =>
1 cells updated.
2024-05-15 10:17:20.820881   => 4. One row check results into Google Sheet Bugs Report fixed

2024-05-15 10:17:20.820960   Баг Bid:01.03.01_003-nl.au.NoAuth уже существует, но у него изменился тип с  на 07

2024-05-15 10:17:20.821138   4. Fixing one row check results into Google Sheet Bugs Report =>
1 cells updated.
2024-05-15 10:17:21.138061   => 4. One row check results into Google Sheet Bugs Report fixed

2024-05-15 10:17:21.140407   Баг Bid:01.03.01_003-nl.au.NoAuth-07 обнаружен ранее и уже находится в 'Bugs Report Auto detect'
