{'width': 1280, 'height': 720}

2024-02-27 06:30:32.301724   worker_id = master

2024-02-27 06:30:32.301739   0. Allure grouping v4


2024-02-27 06:30:32.301937   START PRECONDITIONS =>


2024-02-27 06:30:32.301953   {'width': 1280, 'height': 720}

2024-02-27 06:30:32.303643   Set windows position at (0, 0) =>

2024-02-27 06:30:32.406086   Set resolution 1280 * 720 =>

2024-02-27 06:30:32.508613   => Resolution seted {'width': 1280, 'height': 720}

2024-02-27 06:30:33.556870   Капчи нет. Идем дальше

2024-02-27 06:30:33.556966   Prev. Role: NoAuth

2024-02-27 06:30:33.556979   Current role: NoAuth

2024-02-27 06:30:34.610728   Капчи нет. Идем дальше

2024-02-27 06:30:34.610822   Prev language: es

2024-02-27 06:30:34.610836   => Current language: es

2024-02-27 06:30:35.654096   Капчи нет. Идем дальше

2024-02-27 06:30:35.654187   Prev country: ae
2024-02-27 06:30:35.654201   => Current country: ae

2024-02-27 06:30:35.654210   => THE END PRECONDITIONS

2024-02-27 06:30:35.654248   1. Arrange_v0
2024-02-27 06:30:35.659388   BUTTON_BUY_IN_CONTENT_BLOCK is located on the page? =>
2024-02-27 06:30:35.669328   => BUTTON_BUY_IN_CONTENT_BLOCK is located on the page!
2024-02-27 06:30:35.669486   Start Checking that form [Sign up] popped up on the page =>
2024-02-27 06:30:35.685728   'Sign up' form opened
2024-02-27 06:30:35.685843   Start step Close [Sign up] form =>
2024-02-27 06:30:35.771900   => 'Signup' form closed

2024-02-27 06:30:36.056825   2. Act_v0
2024-02-27 06:30:36.064980   BUTTON_BUY_IN_CONTENT_BLOCK is present? =>
2024-02-27 06:30:36.065009   => BUTTON_BUY_IN_CONTENT_BLOCK is present on the page
2024-02-27 06:30:36.065019   BUTTON_BUY_IN_CONTENT_BLOCK scroll =>
2024-02-27 06:30:36.075225   => BUTTON_BUY_IN_CONTENT_BLOCK scrolled
2024-02-27 06:30:36.082480   BUTTON_BUY_IN_CONTENT_BLOCK is clickable? =>
2024-02-27 06:30:36.099758   BUTTON_BUY_IN_CONTENT_BLOCK CLICK =>
2024-02-27 06:30:36.157890   => BUTTON_BUY_IN_CONTENT_BLOCK clicked!

2024-02-27 06:30:36.158131   3. Assert_Login_v0
2024-02-27 06:30:36.158224   Check that 'Login' form is opened
2024-02-27 06:30:39.226566   'Login' form not opened
2024-02-27 06:30:39.226753   Check that new 'Login' form is opened
2024-02-27 06:30:42.348058   => New 'Login' form not opened
2024-02-27 06:30:42.353133   'Login' page not opened
2024-02-27 06:30:45.444431   'Login' form on trading platform not opened
2024-02-27 06:30:45.444672   Start step Check that [Sign up] form is opened
2024-02-27 06:30:45.461680   'Sign up' form opened
2024-02-27 06:30:45.461718   Assert SIGNUP_HEADER =>
2024-02-27 06:30:45.478372   Assert SIGNUP_REF_LOGIN =>
2024-02-27 06:30:45.494517   Assert SIGNUP_PRIVACY_POLICY_ALL_2 =>
2024-02-27 06:30:45.511349   => SIGNUP_PRIVACY_POLICY_ALL
2024-02-27 06:30:45.511387   => 'Signup' form is checked
