{'width': 1280, 'height': 720}

2024-01-25 04:43:23.742470   worker_id = master

2024-01-25 04:43:23.742487   0. Allure grouping v4


2024-01-25 04:43:23.742668   START PRECONDITIONS =>


2024-01-25 04:43:23.742683   {'width': 1280, 'height': 720}

2024-01-25 04:43:23.743979   Set windows position at (0, 0) =>

2024-01-25 04:43:23.849228   Set resolution 1280 * 720 =>

2024-01-25 04:43:23.951567   => Resolution seted {'width': 1280, 'height': 720}

2024-01-25 04:43:29.009103   Капчи нет. Тестим дальше

2024-01-25 04:43:29.009188   Prev. Role: Auth

2024-01-25 04:43:29.009200   Current role: Auth

2024-01-25 04:43:29.009209   Prev language: ro

2024-01-25 04:43:29.009217   => Current language: ro

2024-01-25 04:43:29.009225   Prev country: au

2024-01-25 04:43:29.009233   => Current country: au

2024-01-25 04:43:29.009241   => THE END PRECONDITIONS

2024-01-25 04:43:29.009269   1. Arrange_v0
2024-01-25 04:43:29.012279   BUTTON_TRY_DEMO is visible? =>
2024-01-25 04:43:29.026685   => BUTTON_TRY_DEMO is visible on the page!

2024-01-25 04:43:29.026831   2. Act_v0
2024-01-25 04:43:29.026845   BUTTON_TRY_DEMO is present? =>
2024-01-25 04:43:29.034475   => BUTTON_TRY_DEMO is present on the page!
2024-01-25 04:43:29.034504   BUTTON_TRY_DEMO scroll =>
2024-01-25 04:43:29.082629   => BUTTON_TRY_DEMO clicked!

2024-01-25 04:43:29.082843   3. Assert_v4
2024-01-25 04:43:29.082934   Checking that the trading platform page has opened (v4) =>
2024-01-25 04:43:29.596485   => Current page title: Trading Platform | Capital.com
2024-01-25 04:43:29.596666   Checking that the Trading platform LOGO is present on the page =>
2024-01-25 04:43:30.979297   Checking that the Trading platform opened in DEMO mode =>
2024-01-25 04:43:30.991188   => The page with https://capital.com/ro/tranzactionati-gold url was opened in DEMO mode
2024-01-25 04:43:31.827371   Load page https://capital.com/ro/tranzactionati-gold
