{'width': 1280, 'height': 720}

2024-01-25 03:49:16.711085   worker_id = master

2024-01-25 03:49:16.711101   0. Allure grouping v4


2024-01-25 03:49:16.711273   START PRECONDITIONS =>


2024-01-25 03:49:16.711287   {'width': 1280, 'height': 720}

2024-01-25 03:49:16.712596   Set windows position at (0, 0) =>

2024-01-25 03:49:16.814825   Set resolution 1280 * 720 =>

2024-01-25 03:49:16.917262   => Resolution seted {'width': 1280, 'height': 720}

2024-01-25 03:49:21.969611   Капчи нет. Тестим дальше

2024-01-25 03:49:21.969699   Prev. Role: NoReg

2024-01-25 03:49:21.969711   Current role: NoReg

2024-01-25 03:49:21.969720   Prev language: ro

2024-01-25 03:49:21.969728   => Current language: ro

2024-01-25 03:49:21.969735   Prev country: au

2024-01-25 03:49:21.969743   => Current country: au

2024-01-25 03:49:21.969751   => THE END PRECONDITIONS

2024-01-25 03:49:21.969779   1. Arrange_v0
2024-01-25 03:49:21.972690   BUTTON_CREATE_YOUR_ACCOUNT is located on the page? =>

2024-01-25 03:49:21.980594   2. Act_v0
2024-01-25 03:49:22.088132   => BUTTON_CREATE_YOUR_ACCOUNT is clicked

2024-01-25 03:49:22.088375   3. Assert_v0
2024-01-25 03:49:22.088493   Start step Check that [Sign up] form is opened
2024-01-25 03:49:22.112256   'Sign up' form opened
2024-01-25 03:49:22.112295   Assert SIGNUP_HEADER =>
2024-01-25 03:49:22.124866   Assert SIGNUP_REF_LOGIN =>
2024-01-25 03:49:22.136998   Assert SIGNUP_PRIVACY_POLICY_ALL_2 =>
2024-01-25 03:49:22.149136   => SIGNUP_PRIVACY_POLICY_ALL
2024-01-25 03:49:22.149177   => 'Signup' form is checked
2024-01-25 03:49:22.149359   Start step Close [Sign up] form =>
2024-01-25 03:49:22.231043   => 'Signup' form closed
