


Current sort - Top fallers
{'width': 1280, 'height': 800}

2024-04-27 06:16:38.953185   worker_id = master

2024-04-27 06:16:38.953198   0. Allure grouping v4

2024-04-27 06:16:38.953378   START PRECONDITIONS =>

2024-04-27 06:16:38.953393   => URL after prev. preconditions - https://capital.com/ar
2024-04-27 06:16:38.953402   => flag_of_bug - True
2024-04-27 06:16:38.953412   => Current URL - https://capital.com/ar/asear-alfurks-alan?t=risers
2024-04-27 06:16:38.958619   Current page URL = https://capital.com/ar/asear-alfurks-alan?t=risers
2024-04-27 06:16:38.961091   self.link = https://capital.com/ar
2024-04-27 06:16:38.961105   driver.get(https://capital.com/ar) =>
2024-04-27 06:16:40.860958   => Loaded page https://capital.com/ar

2024-04-27 06:16:40.865273   => Windows size - {'width': 1280, 'height': 800}
2024-04-27 06:16:40.866678   Set windows position at (0, 0) =>
2024-04-27 06:16:40.868323   Set resolution 1280 * 800 =>
2024-04-27 06:16:40.869937   => Windows size is set to {'width': 1280, 'height': 800}

2024-04-27 06:16:41.898220   Капчи нет. Идем дальше

2024-04-27 06:16:41.898304   Работа с куками =>

2024-04-27 06:16:41.898338   => не требуется

2024-04-27 06:16:41.898356   Prev. country - 'au'
2024-04-27 06:16:41.898368   Cur. country - 'au'
2024-04-27 06:16:41.898378   => Country set to 'au'

2024-04-27 06:16:41.898387   Prev. language - 'ar'
2024-04-27 06:16:41.898395   Cur. language - 'ar'
2024-04-27 06:16:41.898404   => Language is set to 'ar'

2024-04-27 06:16:41.898412   Prev. role - 'NoAuth'
2024-04-27 06:16:41.898421   Cur. role - 'NoAuth'
2024-04-27 06:16:41.898430   => The 'NoAuth' role is set

2024-04-27 06:16:41.900983   => Current URL - https://capital.com/ar

2024-04-27 06:16:41.901003   => THE END PRECONDITIONS

2024-04-27 06:16:41.901181   START Open "Markets" menu, "Forex" submenu =>

2024-04-27 06:16:41.901197   1. Cur URL = https://capital.com/ar

2024-04-27 06:16:41.903581   2. Link = https://capital.com/ar
2024-04-27 06:16:41.903596   current_page = https://capital.com/ar
2024-04-27 06:16:41.905938   link = https://capital.com/ar
2024-04-27 06:16:42.414591   => 'Markets' menu is present
2024-04-27 06:16:42.429143   => 'Markets' menu is visible
2024-04-27 06:16:43.695056   => Focus moved to 'Markets' menu


2024-04-27 06:16:45.122358   => 'Forex' sub-menu clicked
2024-04-27 06:16:45.413273   => Focus moved to 'capital*com' logo

2024-04-27 06:16:45.413317   3. Cur URL = https://capital.com/ar/asear-alfurks-alan

2024-04-27 06:16:45.418626   1. Arrange for Trading instrument table and "Top fallers" cur_sort
2024-04-27 06:16:45.418648   current_page = https://capital.com/ar/asear-alfurks-alan
2024-04-27 06:16:45.421037   link = https://capital.com/ar/asear-alfurks-alan
2024-04-27 06:16:45.423416   IS TABLE_TRADING_INSTRUMENTS  present on the  page? =>
2024-04-27 06:16:45.428556   => TABLE_TRADING_INSTRUMENTS is present on the page!
2024-04-27 06:16:45.428578   IS FIELD_DROPDOWN_SORT present in the table? =>
2024-04-27 06:16:45.433182   =>  FIELD_DROPDOWN_SORT is present in the table!
2024-04-27 06:16:45.433204   Start scroll and click FIELD_DROPDOWN_SORT =>
2024-04-27 06:16:45.536048   Is item_sort_list visible on the FIELD_DROPDOWN_SORT ? =>
2024-04-27 06:16:45.585227   => item_sort_list is visible on the FIELD_DROPDOWN_SORT!
2024-04-27 06:16:45.585267   Is cur_sort "Top fallers" present in item_sort_list? =>
2024-04-27 06:16:45.594572   => cur_sort "Top fallers" is present in item_sort_list!
2024-04-27 06:16:45.594606   Start click cur_sort "Top fallers" =>
2024-04-27 06:16:46.544687   => End Click cur_sort "Top fallers"

2024-04-27 06:16:46.544736   Buttons [Buy] is visible and quantity buttons not zero? =>
2024-04-27 06:16:46.555798   => Buttons [Buy] is visible and quantity buttons not zero!

2024-04-27 06:16:46.555827   Start find two random buttons [Buy] on cur_sort "Top fallers"=>
2024-04-27 06:16:46.562315   => End find 1 random buttons [Buy] on the cur_sort "Top fallers"


2024-04-27 06:16:46.562344   Item_list = [16]
2024-04-27 06:16:46.562526   Start Checking that form [Sign up] popped up on the page =>
2024-04-27 06:16:48.107766   '[Sign up]' form was not popped up
2024-04-27 06:16:48.107969   2. Act for trading instrument and "Top fallers" cur_sort
2024-04-27 06:16:48.119397   Start click button [Buy] =>
2024-04-27 06:16:48.129254   =>   BUTTON_BUY on item with ID = 253454610126350
2024-04-27 06:16:48.129276   BUTTON_BUY on item with ID = '253454610126350' scroll into view =>
2024-04-27 06:16:48.135473   => BUTTON_SELL on item with ID = '253454610126350' scrolled into view
2024-04-27 06:16:48.135507   Check that BUTTON_BUY with item NZD/MXN clickable =>
2024-04-27 06:16:48.277711   => BUTTON_BUY is clickable
2024-04-27 06:16:49.057648   =>   BUTTON_BUY with item NZD/MXN clicked

2024-04-27 06:16:49.057884   3. Assert_Login_v0
2024-04-27 06:16:49.057964   Check that 'Login' form is opened
2024-04-27 06:16:49.271537   'Login' form opened
2024-04-27 06:16:49.271576   Assert LOGIN_REF_SIGNUP =>
2024-04-27 06:16:49.286062   Assert LOGIN_CHECKBOX =>
2024-04-27 06:16:49.299977   Assert LOGIN_PASS_FORGOT =>
2024-04-27 06:16:49.314416   => 'Login' form is checked
2024-04-27 06:16:49.333153   Click 'Close' button on 'Login' form =>
2024-04-27 06:16:49.661469   => Focus moved to 'capital*com' logo
2024-04-27 06:16:49.661553   => 'Login' form closed
