Current test language - zh
Current country of trading - au



Current test role - Auth
Current login - aqa.tomelo.an@gmail.com
Current login - iT9Vgqi6d$fiZ*Z
{'width': 1280, 'height': 720}

2024-02-03 06:48:35.718894   worker_id = master

2024-02-03 06:48:35.718907   0. Allure grouping v4


2024-02-03 06:48:35.719063   START PRECONDITIONS =>


2024-02-03 06:48:35.719077   {'width': 1280, 'height': 720}

2024-02-03 06:48:35.720256   Set windows position at (0, 0) =>

2024-02-03 06:48:35.822356   Set resolution 1280 * 720 =>

2024-02-03 06:48:35.924607   => Resolution seted {'width': 1280, 'height': 720}

2024-02-03 06:48:36.954113   Капчи нет. Идем дальше

2024-02-03 06:48:36.954201   Prev. Role: Auth

2024-02-03 06:48:36.954213   Current role: Auth

2024-02-03 06:48:37.979852   Капчи нет. Идем дальше

2024-02-03 06:48:37.979934   Prev language: zh

2024-02-03 06:48:37.979946   => Current language: zh

2024-02-03 06:48:39.005872   Капчи нет. Идем дальше

2024-02-03 06:48:39.005956   Prev country: au
2024-02-03 06:48:39.005969   => Current country: au

2024-02-03 06:48:39.005977   => THE END PRECONDITIONS

2024-02-03 06:48:39.006004   1. Cur URL = https://capital.com/zh/trade-cryptocurrency

2024-02-03 06:48:39.008577   2. Link = https://capital.com/zh
2024-02-03 06:48:39.011024   Current page URL = https://capital.com/zh/trade-cryptocurrency
2024-02-03 06:48:39.867581   => Loaded page https://capital.com/zh
2024-02-03 06:48:40.377297   => Education menu is present
2024-02-03 06:48:40.389509   => Education menu is visible
2024-02-03 06:48:41.662401   => Education menu focus moved

2024-02-03 06:48:43.420998   1. Arrange_v0
2024-02-03 06:48:43.457510   BUTTON_START_TRADING scroll =>
2024-02-03 06:48:43.461185   BUTTON_START_TRADING is visible? =>
2024-02-03 06:48:43.479719   => BUTTON_START_TRADING is visible on the page!

2024-02-03 06:48:43.479901   2. Act_v0
2024-02-03 06:48:43.479920   Start Click button [Start Trading] =>
2024-02-03 06:48:43.485481   BUTTON_START_TRADING is clickable? =>
2024-02-03 06:48:43.502801   BUTTON_START_TRADING click =>
2024-02-03 06:48:44.234747   => BUTTON_START_TRADING clicked

2024-02-03 06:48:44.235037   3. Assert_v4
2024-02-03 06:48:44.235140   Checking that the trading platform page has opened (v4) =>
2024-02-03 06:48:44.748050   => Current page title: Trading Platform | Capital.com
2024-02-03 06:48:44.748177   Checking that the Trading platform LOGO is present on the page =>
2024-02-03 06:48:45.733737   Checking that the Trading platform opened in LIVE mode =>
2024-02-03 06:48:45.755314   => The page with https://capital.com/trading/platform url was opened in lIVE mode
2024-02-03 06:48:45.755360   Current page URL = https://capital.com/trading/platform/
2024-02-03 06:48:46.800182   => Loaded page https://capital.com/zh/trade-cryptocurrency
