{'width': 1280, 'height': 800}

2024-04-08 09:55:25.692401   worker_id = master

2024-04-08 09:55:25.692415   0. Allure grouping v4

2024-04-08 09:55:25.692599   START PRECONDITIONS =>

2024-04-08 09:55:25.692614   => Current URL - https://capital.com/zh/cfds-vs-share-trading

2024-04-08 09:55:25.695302   => URL after prev. preconditions - https://capital.com/zh/trade-cfd-online-markets

2024-04-08 09:55:25.695316   => flag_of_bug - False

2024-04-08 09:55:25.695327   => Windows size - {'width': 1280, 'height': 800}
2024-04-08 09:55:25.696606   Set windows position at (0, 0) =>
2024-04-08 09:55:25.798681   Set resolution 1280 * 800 =>
2024-04-08 09:55:25.900929   => Windows size is set to {'width': 1280, 'height': 800}

2024-04-08 09:55:26.932391   Капчи нет. Идем дальше

2024-04-08 09:55:26.932475   Работа с куками

2024-04-08 09:55:26.932488   Prev. country - 'de'
2024-04-08 09:55:26.932498   Cur. country - 'de'
2024-04-08 09:55:26.932508   => Country set to 'de'

2024-04-08 09:55:26.932516   Prev. language - 'zh'
2024-04-08 09:55:26.932525   Cur. language - 'zh'
2024-04-08 09:55:26.932534   => Language is set to 'zh'

2024-04-08 09:55:26.932542   Prev. role - 'NoReg'
2024-04-08 09:55:26.932551   Cur. role - 'NoReg'
2024-04-08 09:55:26.932560   => The 'NoReg' role is set

2024-04-08 09:55:26.935338   => Current URL - https://capital.com/zh/cfds-vs-share-trading

2024-04-08 09:55:26.935361   => THE END PRECONDITIONS

2024-04-08 09:55:26.935541   1. Arrange_v0
2024-04-08 09:55:26.935559   current_page = https://capital.com/zh/cfds-vs-share-trading
2024-04-08 09:55:26.938114   link = https://capital.com/zh/cfds-vs-share-trading
2024-04-08 09:55:26.948228   => BUTTON_TRY_DEMO is present on this page
2024-04-08 09:55:26.948252   BUTTON_TRY_DEMO scroll =>
2024-04-08 09:55:26.951620   BUTTON_TRY_DEMO is visible? =>
2024-04-08 09:55:26.965671   => BUTTON_TRY_DEMO is visible on this page

2024-04-08 09:55:26.965872   2. Act_v0
2024-04-08 09:55:26.986936   BUTTON_TRY_DEMO is clickable? =>
2024-04-08 09:55:27.034728   => BUTTON_TRY_DEMO clicked!

2024-04-08 09:55:27.035094   3. Assert_v0
2024-04-08 09:55:27.035239   Start step Check that [Sign up] form is opened
2024-04-08 09:55:27.047569   'Sign up' form opened
2024-04-08 09:55:27.047603   Assert SIGNUP_HEADER =>
2024-04-08 09:55:27.058463   Assert SIGNUP_REF_LOGIN =>
2024-04-08 09:55:27.068569   Assert SIGNUP_PRIVACY_POLICY_ALL_2 =>
2024-04-08 09:55:27.078922   => SIGNUP_PRIVACY_POLICY_ALL
2024-04-08 09:55:27.078948   => 'Signup' form is checked
2024-04-08 09:55:27.079109   Start step Close [Sign up] form =>
2024-04-08 09:55:27.127503   => 'Signup' form closed
2024-04-08 09:55:27.419856   => Focus moved to 'capital*com' logo
