


Current tab - most_traded
{'width': 1280, 'height': 800}

2024-04-08 10:31:50.799522   worker_id = master

2024-04-08 10:31:50.799536   0. Allure grouping v4

2024-04-08 10:31:50.799710   START PRECONDITIONS =>

2024-04-08 10:31:50.799725   => Current URL - https://capital.com/zh/trade-nasdaq

2024-04-08 10:31:50.802480   => URL after prev. preconditions - https://capital.com/zh/trade-nasdaq

2024-04-08 10:31:50.802494   => flag_of_bug - False

2024-04-08 10:31:50.802505   => Windows size - {'width': 1280, 'height': 800}
2024-04-08 10:31:50.803774   Set windows position at (0, 0) =>
2024-04-08 10:31:50.905773   Set resolution 1280 * 800 =>
2024-04-08 10:31:51.007826   => Windows size is set to {'width': 1280, 'height': 800}

2024-04-08 10:31:52.038069   Капчи нет. Идем дальше

2024-04-08 10:31:52.038167   Работа с куками

2024-04-08 10:31:52.038181   Prev. country - 'de'
2024-04-08 10:31:52.038191   Cur. country - 'de'
2024-04-08 10:31:52.038200   => Country set to 'de'

2024-04-08 10:31:52.038209   Prev. language - 'zh'
2024-04-08 10:31:52.038217   Cur. language - 'zh'
2024-04-08 10:31:52.038226   => Language is set to 'zh'

2024-04-08 10:31:52.038235   Prev. role - 'NoAuth'
2024-04-08 10:31:52.038243   Cur. role - 'NoAuth'
2024-04-08 10:31:52.038252   => The 'NoAuth' role is set

2024-04-08 10:31:52.041280   => Current URL - https://capital.com/zh/trade-nasdaq

2024-04-08 10:31:52.041304   => THE END PRECONDITIONS

2024-04-08 10:31:52.041349   1. Arrange for Indices finance instrument and "most_traded" tab
2024-04-08 10:31:52.041364   current_page = https://capital.com/zh/trade-nasdaq
2024-04-08 10:31:52.044226   link = https://capital.com/zh/trade-nasdaq
2024-04-08 10:31:52.046990   Save current screenshot into PNG file
2024-04-08 10:31:52.133017   IS CFDs TABLE visible on the page? =>
2024-04-08 10:31:52.140798   => CFDs TABLE is visible on the page!

2024-04-08 10:31:52.140830   IS TAB "most_traded" visible on the page? =>
2024-04-08 10:31:52.147788   => TAB "most_traded" is visible on the page!

2024-04-08 10:31:52.147812   Save current screenshot into PNG file
2024-04-08 10:31:52.216111   Buttons [Sell] is visible and quantity buttons not zero? =>
2024-04-08 10:31:52.228358   => Buttons [Sell] is visible and quantity buttons not zero!

2024-04-08 10:31:52.228386   Save current screenshot into PNG file
2024-04-08 10:31:52.284981   Start Click button TAB "most_traded" =>
2024-04-08 10:31:52.295623   Save current screenshot into PNG file
