


Current language - nl



Current country - de
{'width': 1920, 'height': 1080}

2024-09-15 05:37:53.229125   worker_id = master

2024-09-15 05:37:53.229143   0. Allure grouping for US_55

2024-09-15 05:37:54.130545   START PRECONDITIONS =>

2024-09-15 05:37:54.130595   => URL after prev. preconditions - https://capital.com/nl
2024-09-15 05:37:54.130612   => flag_of_bug - True
2024-09-15 05:37:54.130629   => Current URL - https://capital.com/nl

2024-09-15 05:37:54.178765   => Windows size: {'width': 1920, 'height': 1080}
2024-09-15 05:37:54.180387   Set windows position at (0, 0) =>
2024-09-15 05:37:54.188753   Set resolution 1920 * 1080 =>
2024-09-15 05:37:54.191112   => Windows size is set to {'width': 1920, 'height': 1080}

2024-09-15 05:37:59.244802   Капчи нет. Идем дальше

2024-09-15 05:37:59.244898   Работа с куками =>
2024-09-15 05:37:59.244911   Prev. role - 'NoReg'
2024-09-15 05:37:59.244921   Current testing role - 'NoAuth'

2024-09-15 05:37:59.244930   All cookies must be delete =>
2024-09-15 05:37:59.346261   => All cookies are deleted
2024-09-15 05:37:59.346316   Current page URL = https://capital.com/nl
2024-09-15 05:37:59.357320   self.link = https://capital.com/
2024-09-15 05:37:59.357343   driver.get(https://capital.com/) =>
2024-09-15 05:38:01.178531   => Loaded page https://capital.com/

2024-09-15 05:38:01.185588   Step 'Click button [Accept all cookies]'
2024-09-15 05:38:01.185600   Is Visible Button [Accept all cookies]? =>
2024-09-15 05:38:01.205930   => Button [Accept all cookies] is visible
2024-09-15 05:38:01.706088   Is clickable Button [Accept all cookies] =>
2024-09-15 05:38:01.731407   => Button [Accept all cookies] is clickable
2024-09-15 05:38:01.731457   Click Button [Accept all cookies] =>
2024-09-15 05:38:02.007878   => Button [Accept all cookies] is clicked
2024-09-15 05:38:02.007934   => Accepted All Cookies

2024-09-15 05:38:07.548872   Капчи нет. Идем дальше

2024-09-15 05:38:07.548975   Prev. country - '?'
2024-09-15 05:38:07.548988   Cur. country - 'de'
2024-09-15 05:38:07.548997   Set 'de' country =>
2024-09-15 05:38:07.563260   => Language and Country menu is present
2024-09-15 05:38:07.583325   => Language and Country menu is visible
2024-09-15 05:38:08.860019   => Focus is moved on Language and Country menu 
2024-09-15 05:38:11.692086   => Cur url = https://capital.com/?country=de
2024-09-15 05:38:11.725620   => Country set to 'de'

2024-09-15 05:38:16.776023   Капчи нет. Идем дальше

2024-09-15 05:38:16.776124   Prev. language - '?'
2024-09-15 05:38:16.776138   Cur. language - 'nl'
2024-09-15 05:38:16.776147   Set 'nl' language =>
2024-09-15 05:38:16.789474   => Language and Country menu is present
2024-09-15 05:38:16.801588   => Language and Country menu is visible
2024-09-15 05:38:18.087095   => Focus is moved on Language and Country menu 
2024-09-15 05:38:18.096588   Move focus on nl item and click =>
2024-09-15 05:38:19.806857   => Focus moved on nl item and clicked
2024-09-15 05:38:19.806909   => Cur url = https://capital.com/nl
2024-09-15 05:38:19.848017   => Language is set to 'nl'

2024-09-15 05:38:24.869842   Капчи нет. Идем дальше

2024-09-15 05:38:24.869938   Prev. role - 'NoReg'
2024-09-15 05:38:24.869952   Cur. role - 'NoAuth'
2024-09-15 05:38:24.874549   Start Autorization

2024-09-15 05:38:24.874593   => Current URL - https://capital.com/nl

2024-09-15 05:38:24.878517   2. Act
2024-09-15 05:38:24.878538   Start Click button [Log in] =>
2024-09-15 05:38:24.888087   BUTTON_LOGIN scroll =>
2024-09-15 05:38:24.894301   Is BUTTON_LOGIN clickable? =>
2024-09-15 05:38:24.910405   => BUTTON_LOGIN is clickable
2024-09-15 05:38:24.910454   BUTTON_LOGIN click =>
2024-09-15 05:38:24.991954   => BUTTON_LOGIN is clicked!
2024-09-15 05:38:24.992254   Check that 'Login' form is opened
2024-09-15 05:38:25.204066   'Login' form opened
2024-09-15 05:38:25.204111   Assert LOGIN_REF_SIGNUP =>
2024-09-15 05:38:25.228884   Assert LOGIN_CHECKBOX =>
2024-09-15 05:38:25.287096   Assert LOGIN_PASS_FORGOT =>
2024-09-15 05:38:25.307255   => 'Login' form is checked
2024-09-15 05:38:25.307368   => 'Login' form is opened
2024-09-15 05:38:25.508392   => "login" and "password" are inputted
2024-09-15 05:38:25.508475   Click [Continue] button on [Login] form =>
2024-09-15 05:38:25.583693   => [Continue] button on [Login] form is clicked

2024-09-15 05:38:25.583755   1. Checking that the Page opened with 'Trading Platform | Capital.com' title
2024-09-15 05:38:25.583774   Set timeout = 30
2024-09-15 05:38:25.583790   Wait Trading platform page with 'Trading Platform | Capital.com' title open =>
2024-09-15 05:38:27.024221   => Trading platform page with 'Trading Platform | Capital.com' title opened

2024-09-15 05:38:27.024332   2. Checking that the LOGO is present on the page =>
2024-09-15 05:38:28.118395   => 'capital*com' logo is present on the current page
2024-09-15 05:38:29.170697   => Driver.back
https://capital.com/nl

2024-09-15 05:38:29.227907   => Current URL - https://capital.com/nl
2024-09-15 05:38:29.237993   Start DeAuthorisation

2024-09-15 05:38:29.238050   => Current URL - https://capital.com/nl
2024-09-15 05:38:29.242842   1. BUTTON_MY_ACCOUNT is present? =>
2024-09-15 05:38:29.258142   => BUTTON_MY_ACCOUNT is present on this page
2024-09-15 05:38:29.258192   IS BUTTON_MY_ACCOUNT visible on this page? =>
2024-09-15 05:38:29.806022   => BUTTON_MY_ACCOUNT is visible on this page!

2024-09-15 05:38:31.100939   => Move to BUTTON_MY_ACCOUNT
2024-09-15 05:38:31.100984   2. BUTTON_MY_ACCOUNT is clickable? =>
2024-09-15 05:38:31.121060   => BUTTON_MY_ACCOUNT is clickable
2024-09-15 05:38:31.121108   BUTTON_MY_ACCOUNT Click =>

2024-09-15 05:38:31.409073   Start Click [Logout] button:
2024-09-15 05:38:31.409118   BUTTON_LOGOUT is present? =>
2024-09-15 05:38:31.424749   => BUTTON_LOGOUT is present
2024-09-15 05:38:31.424804   Is BUTTON_LOGOUT visible? =>
2024-09-15 05:38:31.956266   => BUTTON_LOGOUT is visible
2024-09-15 05:38:31.956731   BUTTON_LOGOUT is clickable? =>
2024-09-15 05:38:31.973468   => BUTTON_LOGOUT is clickable
2024-09-15 05:38:31.973514   BUTTON_LOGOUT click =>
2024-09-15 05:38:32.045482   => BUTTON_LOGOUT is clicked

2024-09-15 05:38:32.045602   => Current URL - https://capital.com/nl
2024-09-15 05:38:32.051697   => The 'NoAuth' role is set

2024-09-15 05:38:32.055037   => Current URL - https://capital.com/nl

2024-09-15 05:38:32.055073   => THE END PRECONDITIONS

2024-09-15 05:38:32.055409   1. Arrange
2024-09-15 05:38:32.055429   IS [Sign up] button present on this page? =>
2024-09-15 05:38:32.075413   => [Sign up] button present on this page!

2024-09-15 05:38:32.084647   IS [Sign up] button visible on this page? =>
2024-09-15 05:38:32.098013   => [Sign up] button is visible on this page!


2024-09-15 05:38:32.098268   2. Act_v0
2024-09-15 05:38:32.098286   IS [Sign up] clickable on the page? =>
2024-09-15 05:38:32.127785   => [Sign up] is clickable on the page!


2024-09-15 05:38:32.127886   Start Click button [Sign up] =>
2024-09-15 05:38:33.340399   => End Click button [Sign up] 
2024-09-15 05:38:33.340681   Start step Check that [Sign up] form is opened
2024-09-15 05:38:33.564565   'Sign up' form opened
2024-09-15 05:38:33.564630   Assert SIGNUP_HEADER =>
2024-09-15 05:38:33.657342   Assert SIGNUP_REF_LOGIN =>
2024-09-15 05:38:33.689131   Assert SIGNUP_PRIVACY_POLICY_ALL_2 =>
2024-09-15 05:38:33.722709   => SIGNUP_PRIVACY_POLICY_ALL
2024-09-15 05:38:33.722760   => 'Signup' form is checked
2024-09-15 05:38:33.722817   => 'Sign up' form is opened

2024-09-15 05:38:33.722987   3. Assert
2024-09-15 05:38:33.723006   Is 'Please enter a valid Email' message displayed on this page after putting invalid email? =>
2024-09-15 05:38:33.723016   => Start fill out 'Email address' field.
2024-09-15 05:38:33.875257   => 'Email address' is inputted

2024-09-15 05:38:34.043368   => Switch to 'Password' field

get_attribute:  
