{'width': 1280, 'height': 800}

2024-04-08 10:45:31.117226   worker_id = master

2024-04-08 10:45:31.117240   0. Allure grouping v4

2024-04-08 10:45:31.117421   START PRECONDITIONS =>

2024-04-08 10:45:31.117436   => Current URL - https://capital.com/zh/position-trading

2024-04-08 10:45:31.119883   => URL after prev. preconditions - https://capital.com/zh/position-trading

2024-04-08 10:45:31.119897   => flag_of_bug - False

2024-04-08 10:45:31.119908   => Windows size - {'width': 1280, 'height': 800}
2024-04-08 10:45:31.121154   Set windows position at (0, 0) =>
2024-04-08 10:45:31.223338   Set resolution 1280 * 800 =>
2024-04-08 10:45:31.325694   => Windows size is set to {'width': 1280, 'height': 800}

2024-04-08 10:45:32.357744   Капчи нет. Идем дальше

2024-04-08 10:45:32.357833   Работа с куками

2024-04-08 10:45:32.357847   Prev. country - 'de'
2024-04-08 10:45:32.357857   Cur. country - 'de'
2024-04-08 10:45:32.357866   => Country set to 'de'

2024-04-08 10:45:32.357875   Prev. language - 'zh'
2024-04-08 10:45:32.357884   Cur. language - 'zh'
2024-04-08 10:45:32.357893   => Language is set to 'zh'

2024-04-08 10:45:32.357901   Prev. role - 'NoReg'
2024-04-08 10:45:32.357910   Cur. role - 'NoReg'
2024-04-08 10:45:32.357919   => The 'NoReg' role is set

2024-04-08 10:45:32.360627   => Current URL - https://capital.com/zh/position-trading

2024-04-08 10:45:32.360649   => THE END PRECONDITIONS

2024-04-08 10:45:32.360691   1. Arrange
2024-04-08 10:45:32.360705   current_page = https://capital.com/zh/position-trading
2024-04-08 10:45:32.363186   link = https://capital.com/zh/position-trading
2024-04-08 10:45:32.365618   Is visible BUTTON_GET_IT_ON_GOOGLE_PLAY? =>
2024-04-08 10:45:32.379505   => BUTTON_GET_IT_ON_GOOGLE_PLAY is visible on the page!

2024-04-08 10:45:32.379643   2. Act
2024-04-08 10:45:32.387313   1 checking element(s) with current CSS locator is(are) present(s) on this page
2024-04-08 10:45:32.462391   => BUTTON_GET_IT_ON_GOOGLE_PLAY IS CLICKED

2024-04-08 10:45:32.462611   3. Assert_v0
2024-04-08 10:45:32.462700   Checking that the Google Play page has opened

Bug: Bid:11.03.01.01_07-zh.de.NoReg

2024-04-08 10:45:33.397651   Проверка бага в таблице ретеста  =>
