{'width': 1280, 'height': 720}

2024-01-10 07:34:42.236831   worker_id = master

2024-01-10 07:34:42.236851   0. Allure grouping v4


2024-01-10 07:34:42.237111   START PRECONDITIONS =>


2024-01-10 07:34:42.237130   {'width': 1280, 'height': 720}

2024-01-10 07:34:42.248430   Set windows position at (0, 0) =>

2024-01-10 07:34:42.456622   Set resolution 1280 * 720 =>

2024-01-10 07:34:42.562146   => Resolution seted {'width': 1280, 'height': 720}

2024-01-10 07:34:46.591798   Капчи нет. Тестим дальше

2024-01-10 07:34:46.591848   Prev. Role: Auth

2024-01-10 07:34:46.591858   Current role: Auth

2024-01-10 07:34:46.591867   Prev language: pl

2024-01-10 07:34:46.591875   => Current language: pl

2024-01-10 07:34:46.591883   Prev country: ae

2024-01-10 07:34:46.591891   => Current country: ae

2024-01-10 07:34:46.591898   => THE END PRECONDITIONS

2024-01-10 07:34:46.591957   1. Arrange_v0
2024-01-10 07:34:46.594801   BUTTON_TRY_DEMO is visible? =>
2024-01-10 07:34:46.612688   => BUTTON_TRY_DEMO is visible on the page!

2024-01-10 07:34:46.612841   2. Act_v0
2024-01-10 07:34:46.612856   BUTTON_TRY_DEMO is present? =>
2024-01-10 07:34:46.623950   => BUTTON_TRY_DEMO is present on the page!
2024-01-10 07:34:46.623981   BUTTON_TRY_DEMO scroll =>
2024-01-10 07:34:46.710796   => BUTTON_TRY_DEMO clicked!

2024-01-10 07:34:46.711006   3. Assert_v4
2024-01-10 07:34:46.711096   Checking that the trading platform page has opened (v4) =>
2024-01-10 07:34:47.228007   => Current page title: Trading Platform | Capital.com
2024-01-10 07:34:47.228140   Checking that the Trading platform LOGO is present on the page =>
2024-01-10 07:34:48.222523   Checking that the Trading platform opened in LIVE mode =>
2024-01-10 07:34:48.234239   => The page with https://capital.com/pl/handel-ethereum url was opened in lIVE mode
2024-01-10 07:34:48.948798   Load page https://capital.com/pl/handel-ethereum
