{'width': 1920, 'height': 1080}

2024-09-15 06:40:30.988487   worker_id = master

2024-09-15 06:40:30.988501   0. Allure grouping for US_55


2024-09-15 06:40:30.988700   START NEW PRECONDITIONS =>

2024-09-15 06:40:30.988716   => URL after prev. preconditions - https://capital.com/ar-ae
2024-09-15 06:40:30.988726   => flag_of_bug - True
2024-09-15 06:40:30.988737   => Current URL - https://capital.com/ar-ae/%D9%84%D9%84%D9%85%D8%A8%D8%AA%D8%AF%D8%A6%D9%8A%D9%86%20%D9%81%D9%8A%20%D8%A7%D9%84%D8%AA%D8%AF%D8%A7%D9%88%D9%84
2024-09-15 06:40:30.994029   Current page URL = https://capital.com/ar-ae/%D9%84%D9%84%D9%85%D8%A8%D8%AA%D8%AF%D8%A6%D9%8A%D9%86%20%D9%81%D9%8A%20%D8%A7%D9%84%D8%AA%D8%AF%D8%A7%D9%88%D9%84
2024-09-15 06:40:30.996638   self.link = https://capital.com/ar-ae
2024-09-15 06:40:30.996652   driver.get(https://capital.com/ar-ae) =>
2024-09-15 06:40:32.301203   => Loaded page https://capital.com/ar-ae

2024-09-15 06:40:32.305628   => Windows size: {'width': 1920, 'height': 1080}

2024-09-15 06:40:32.307002   Set windows position at (0, 0) =>

2024-09-15 06:40:32.308646   Set resolution 1920 * 1080 =>

2024-09-15 06:40:32.310263   => Resolution set {'width': 1920, 'height': 1080}

2024-09-15 06:40:32.311526   Работа с куками =>
2024-09-15 06:40:32.311540   Prev. role - 'NoReg'
2024-09-15 06:40:32.311550   Current testing role - 'Auth'

2024-09-15 06:40:32.311558   All cookies must be delete =>
2024-09-15 06:40:32.364324   => All cookies are deleted
2024-09-15 06:40:32.364357   Current page URL = https://capital.com/ar-ae
2024-09-15 06:40:32.369275   self.link = https://capital.com/ar-ae
2024-09-15 06:40:32.369289   driver.get(https://capital.com/ar-ae) =>
2024-09-15 06:40:33.771172   => Loaded page https://capital.com/ar-ae

2024-09-15 06:40:33.785500   Step 'Click button [Accept all cookies]'
2024-09-15 06:40:33.785512   Is Visible Button [Accept all cookies]? =>
2024-09-15 06:40:34.910851   => Button [Accept all cookies] is visible
2024-09-15 06:40:35.410995   Is clickable Button [Accept all cookies] =>
2024-09-15 06:40:35.426623   => Button [Accept all cookies] is clickable
2024-09-15 06:40:35.426649   Click Button [Accept all cookies] =>
2024-09-15 06:40:35.617116   => Button [Accept all cookies] is clicked
2024-09-15 06:40:35.617166   => Accepted All Cookies

2024-09-15 06:40:36.117303   Prev. role - 'NoReg'
2024-09-15 06:40:36.117365   Cur. role - 'Auth'

2024-09-15 06:40:36.117614   Start Autorization
2024-09-15 06:40:36.194743   => 'Login' form is opened
2024-09-15 06:40:36.428331   => "login" and "password" are inputted
2024-09-15 06:40:36.428384   Click [Continue] button on [Login] form =>
2024-09-15 06:40:36.519069   => [Continue] button on [Login] form is clicked
2024-09-15 06:40:36.519117   Set timeout = 30
2024-09-15 06:40:37.557547   => Page with 'Trading Platform | Capital.com' title opened

2024-09-15 06:40:37.557637   2. Checking that the LOGO is present on the page =>
2024-09-15 06:40:38.653294   => 'capital*com' logo is present on the current page

2024-09-15 06:40:39.039665   => The 'Auth' role is set

2024-09-15 06:40:39.039720   Prev. language: ?
2024-09-15 06:40:39.039735   Cur. language - 'ar'

2024-09-15 06:40:39.039748   Prev. country: ?

2024-09-15 06:40:39.039761   Cur. country: ae
2024-09-15 06:40:39.039773   Set 'ar' language and 'ae' country =>
2024-09-15 06:40:39.039966   Set "ar" language and "ae" country =>
2024-09-15 06:40:39.039988   Current page URL = https://capital.com/ar-ae
2024-09-15 06:40:39.082882   self.link = https://capital.com/ar-ae
2024-09-15 06:40:39.082913   driver.get(https://capital.com/ar-ae) =>
2024-09-15 06:40:40.309752   => Loaded page https://capital.com/ar-ae
2024-09-15 06:40:40.314362   => Language is set to 'ar'
2024-09-15 06:40:40.314380   => Country is set to 'ae'
2024-09-15 06:40:40.314389   => Current URL - https://capital.com/ar-ae

2024-09-15 06:40:40.321400   => Current URL - https://capital.com/ar-ae

2024-09-15 06:40:40.321424   => THE END PRECONDITIONS

2024-09-15 06:40:40.321616   START Open "Learn" menu, "Learn" submenu =>

2024-09-15 06:40:40.321633   1. Cur URL = https://capital.com/ar-ae

2024-09-15 06:40:40.324146   2. Link = https://capital.com/ar-ae
2024-09-15 06:40:40.324162   current_page = https://capital.com/ar-ae
2024-09-15 06:40:40.326617   link = https://capital.com/ar-ae
2024-09-15 06:40:40.837700   => 'Learn' menu is present
2024-09-15 06:40:40.852590   => 'Learn' menu is visible
2024-09-15 06:40:42.369180   => Focus moved to 'Learn' menu
2024-09-15 06:40:42.384099   => 'Learn' submenu is visible
2024-09-15 06:40:43.160132   => 'Learn' sub-menu clicked
2024-09-15 06:40:48.464468   => Focus moved to 'capital*com' logo
2024-09-15 06:40:48.464513   3. Cur URL = https://capital.com/ar-ae/learn

2024-09-15 06:40:48.470027   Click the Learn to trade link =>
2024-09-15 06:40:49.062399   => Done, scrolling to the corresponding block

2024-09-15 06:40:49.062451   Check if scroll to the block Trading for beginners is successful => 
2024-09-15 06:40:54.616262   => The block is not into viewport
