


Current market - Indices
{'width': 1280, 'height': 800}

2024-04-01 14:37:41.412618   worker_id = master

2024-04-01 14:37:41.412637   0. Allure grouping v4

2024-04-01 14:37:41.412750   START PRECONDITIONS =>

2024-04-01 14:37:41.412763   => flag_of_bug - False

2024-04-01 14:37:41.412775   => Windows size - {'width': 1280, 'height': 800}
2024-04-01 14:37:41.414598   Set windows position at (0, 0) =>
2024-04-01 14:37:41.519608   Set resolution 1280 * 800 =>
2024-04-01 14:37:41.624963   => Windows size is set to {'width': 1280, 'height': 800}

2024-04-01 14:37:42.632104   Капчи нет. Идем дальше

2024-04-01 14:37:42.632196   Работа с куками

2024-04-01 14:37:42.632210   Prev. country - 'de'
2024-04-01 14:37:42.632220   Cur. country - 'de'
2024-04-01 14:37:42.632229   => Country set to 'de'

2024-04-01 14:37:42.632238   Prev. language - 'nl'
2024-04-01 14:37:42.632247   Cur. language - 'nl'
2024-04-01 14:37:42.632256   => Language is set to 'nl'

2024-04-01 14:37:42.632265   Prev. role - 'NoAuth'
2024-04-01 14:37:42.632274   Cur. role - 'NoAuth'
2024-04-01 14:37:42.632283   => The 'NoAuth' role is set

2024-04-01 14:37:42.634969   => THE END PRECONDITIONS

2024-04-01 14:37:42.634997   1. Arrange for 'Trading instrument' widget: 'Indices' market
2024-04-01 14:37:42.635010   current_page = https://capital.com/
2024-04-01 14:37:42.637442   link = https://capital.com/

2024-04-01 14:37:42.642040   IS 'Trading instrument' widget present on this page? =>
2024-04-01 14:37:42.651670   => 'Trading instrument' widget present on this page!

2024-04-01 14:37:42.661484   IS 'Trading instrument' widget visible on this page? =>
2024-04-01 14:37:42.670806   => 'Trading instrument' widget is visible on this page!

2024-04-01 14:37:42.670833   IS MARKET 'Indices' present on this page? =>
2024-04-01 14:37:42.697276   => MARKET 'Indices' present on this page!

2024-04-01 14:37:42.700730   IS MARKET 'Indices' visible on this page? =>
2024-04-01 14:37:42.731307   => MARKET 'Indices' is visible on this page!

2024-04-01 14:37:42.731348   Start Click Tab 'Indices' MARKET =>
2024-04-01 14:37:42.731358   Check that Tab 'Indices' MARKET is clickable =>
2024-04-01 14:37:42.748873   => Tab 'Indices' MARKET is clickable
2024-04-01 14:37:42.799077   => End Click Tab 'Indices' MARKET

2024-04-01 14:37:42.799128   Is Instruments present? =>
2024-04-01 14:37:42.807525   => Instruments is present on this page

2024-04-01 14:37:42.807556   Is Instruments visible? =>
2024-04-01 14:37:42.816850   => Instruments is visible on this page

2024-04-01 14:37:42.816879   Start find random buttons [Trade] on the TAB 'Indices'=>
2024-04-01 14:37:42.816904   => End find '1' random buttons [Trade] from list [0] on the TAB 'Indices'
2024-04-01 14:37:42.817080   2. Act for 'Trading instrument' widget and 'Indices' tab 0-item from item list [0]
2024-04-01 14:37:42.817097   Start Click button TAB 'Indices' in METHOD: element_click =>
2024-04-01 14:37:42.828386   IS MARKET 'Indices' visible on this page? =>
2024-04-01 14:37:42.841874   Check that MARKET 'Indices' is visible on this page =>
2024-04-01 14:37:42.851447   => MARKET 'Indices' is visible on this page!
2024-04-01 14:37:42.851500   Tab 'Indices' MARKET is scroll =>
2024-04-01 14:37:42.862542   => Tab 'Indices' MARKET is scrolled
2024-04-01 14:37:42.862572   Check that Tab 'Indices' MARKET is clickable =>
2024-04-01 14:37:42.874518   => Tab 'Indices' MARKET is clickable
2024-04-01 14:37:42.898081   => End Click Tab 'Indices' MARKET

2024-04-01 14:37:42.898118   Start click button [Trade] =>
2024-04-01 14:37:42.941582   => Button [Trade] for 0-item clicked!


2024-04-01 14:37:42.941820   3. Assert_Login_v0
2024-04-01 14:37:42.941907   Check that 'Login' form is opened
2024-04-01 14:37:43.199407   'Login' form opened
2024-04-01 14:37:43.199448   Assert LOGIN_REF_SIGNUP =>
2024-04-01 14:37:43.214931   Assert LOGIN_CHECKBOX =>
2024-04-01 14:37:43.230395   Assert LOGIN_PASS_FORGOT =>
2024-04-01 14:37:43.247594   => 'Login' form is checked
2024-04-01 14:37:43.267642   Click 'Close' button on 'Login' form =>
2024-04-01 14:37:43.622885   => Focus moved to 'capital*com' logo
2024-04-01 14:37:43.622948   => 'Login' form closed
