{'width': 1280, 'height': 720}

2023-12-29 01:39:26.120570   worker_id = master

2023-12-29 01:39:26.120584   0. Allure grouping v4


2023-12-29 01:39:26.120732   START PRECONDITIONS =>


2023-12-29 01:39:26.120746   {'width': 1280, 'height': 720}

2023-12-29 01:39:26.121947   Set windows position at (0, 0) =>

2023-12-29 01:39:26.237603   Set resolution 1280 * 720 =>

2023-12-29 01:39:26.343072   => Resolution seted {'width': 1280, 'height': 720}

2023-12-29 01:39:30.385332   Капчи нет. Тестим дальше

2023-12-29 01:39:30.385377   Prev. Role: NoReg

2023-12-29 01:39:30.385386   Current role: NoReg

2023-12-29 01:39:30.385395   Prev language: en

2023-12-29 01:39:30.385403   => Current language: en

2023-12-29 01:39:30.385410   Prev country: ae

2023-12-29 01:39:30.385418   => Current country: ae

2023-12-29 01:39:30.385426   => THE END PRECONDITIONS

2023-12-29 01:39:30.385483   1. Arrange_v0

2023-12-29 01:39:30.396245   2. Act_v0
2023-12-29 01:39:30.396269   BUTTON_GET_STARTED_ON_STICKY_BAR is present? =>
2023-12-29 01:39:30.401115   => BUTTON_GET_STARTED_ON_STICKY_BAR is present on the page!
2023-12-29 01:39:30.401138   BUTTON_GET_STARTED_ON_STICKY_BAR scroll =>
2023-12-29 01:39:30.473656   => BUTTON_GET_STARTED_ON_STICKY_BAR clicked!

2023-12-29 01:39:30.473941   3. Assert_v0
2023-12-29 01:39:30.474050   Start step Check that [Sign up] form is opened
2023-12-29 01:39:30.493413   'Sign up' form opened
2023-12-29 01:39:30.493455   Assert SIGNUP_HEADER =>
2023-12-29 01:39:30.505660   Assert SIGNUP_REF_LOGIN =>
2023-12-29 01:39:30.518046   Assert SIGNUP_PRIVACY_POLICY_ALL_2 =>
2023-12-29 01:39:30.530897   => SIGNUP_PRIVACY_POLICY_ALL
2023-12-29 01:39:30.530934   => 'Signup' form is checked
2023-12-29 01:39:30.531079   Start step Close [Sign up] form =>
2023-12-29 01:39:30.601488   => 'Signup' form closed
