{'width': 1920, 'height': 1080}

2025-03-25 23:08:39.547430   worker_id = master

2025-03-25 23:08:39.547441   0. Allure grouping for US_55


2025-03-25 23:08:39.547620   START PRECONDITIONS =>

2025-03-25 23:08:39.547631   => URL after prev. preconditions - https://capital.com/en-gb
2025-03-25 23:08:39.547638   => flag_of_bug - True
2025-03-25 23:08:39.547644   => Current URL - https://capital.com/en-gb

2025-03-25 23:08:39.553225   => Windows size: {'width': 1920, 'height': 1080}

2025-03-25 23:08:39.554558   Set windows position at (0, 0) =>

2025-03-25 23:08:39.556316   Set resolution 1920 * 1080 =>

2025-03-25 23:08:39.557951   => Resolution set {'width': 1920, 'height': 1080}

2025-03-25 23:08:39.559270   Работа с куками =>

2025-03-25 23:08:39.559280   => не требуется

2025-03-25 23:08:39.559287   Prev. role - 'NoReg'
2025-03-25 23:08:39.559292   Cur. role - 'NoReg'

2025-03-25 23:08:39.559298   => The 'NoReg' role is set

2025-03-25 23:08:39.559304   Prev. language: en
2025-03-25 23:08:39.559309   Cur. language - 'ar'

2025-03-25 23:08:39.559315   Prev. country: ua
2025-03-25 23:08:39.559320   Cur. country: ae

2025-03-25 23:08:39.559432   Set "ar" language and "ae" country =>
2025-03-25 23:08:39.559444   Current page URL = https://capital.com/en-gb
2025-03-25 23:08:39.562092   self.link = https://capital.com/ar-ae
2025-03-25 23:08:39.562102   driver.get(https://capital.com/ar-ae) =>
2025-03-25 23:08:41.889645   => Loaded page https://capital.com/ar-ae
2025-03-25 23:08:41.896409   => Language is set to 'ar'
2025-03-25 23:08:41.896422   => Country is set to 'ae'
2025-03-25 23:08:41.896428   => Current URL - https://capital.com/ar-ae

2025-03-25 23:08:41.901382   => Current URL - https://capital.com/ar-ae

2025-03-25 23:08:41.901400   => END PRECONDITIONS

2025-03-25 23:08:41.901578   START Open "Trading" menu, "All platforms" submenu =>

2025-03-25 23:08:41.901589   1. Cur URL = https://capital.com/ar-ae

2025-03-25 23:08:41.904070   2. Link = https://capital.com/ar-ae
2025-03-25 23:08:41.904082   current_page = https://capital.com/ar-ae
2025-03-25 23:08:41.909089   link = https://capital.com/ar-ae
2025-03-25 23:08:42.418125   => 'Trading' menu is present
2025-03-25 23:08:42.433524   => 'Trading' menu is visible
2025-03-25 23:08:44.101161   => Focus moved to 'Trading' menu
2025-03-25 23:08:49.243418   => 'All platforms' submenu not visible
2025-03-25 23:08:49.243458   Save current screenshot into PNG file
