
2023-12-11 12:24:47.841618   Работает obj <us_11-02-03_commodities_trading_test.TestCommoditiesTrading object at 0x7fe5fc1372d0> с именем TC_11.02.03_02
{'width': 1280, 'height': 720}

2023-12-11 12:24:47.843056   browser = chrome

2023-12-11 12:24:47.843070   worker_id = master

2023-12-11 12:24:47.843078   Start TC_11.02.03_02

2023-12-11 12:24:47.843086   <us_11-02-03_commodities_trading_test.TestCommoditiesTrading object at 0x7fe5fc1372d0>.None

2023-12-11 12:24:47.843095   0. Arrange


2023-12-11 12:24:47.843237   START PRECONDITIONS =>


2023-12-11 12:24:47.843251   {'width': 1280, 'height': 720}

2023-12-11 12:24:47.844452   Set windows position at (320, 180) =>

2023-12-11 12:24:47.946564   Set resolution 1280 * 720 =>

2023-12-11 12:24:48.049700   => Resolution seted {'width': 1280, 'height': 720}

2023-12-11 12:24:52.104722   Капчи нет. Тестим дальше

2023-12-11 12:24:52.104763   Prev. Role: NoReg

2023-12-11 12:24:52.104772   Current role: NoReg

2023-12-11 12:24:52.104781   Prev language: de

2023-12-11 12:24:52.104789   => Current language: de

2023-12-11 12:24:52.104797   Prev country: ae

2023-12-11 12:24:52.104804   => Current country: ae

2023-12-11 12:24:52.104812   => THE END PRECONDITIONS

2023-12-11 12:24:52.104864   1. Arrange_v0
2023-12-11 12:24:52.107675   BUTTON_TRY_DEMO is visible? =>
2023-12-11 12:24:52.121729   => BUTTON_TRY_DEMO is visible on the page!

2023-12-11 12:24:52.121856   2. Act_v0
2023-12-11 12:24:52.121870   BUTTON_TRY_DEMO is present? =>
2023-12-11 12:24:52.129337   => BUTTON_TRY_DEMO is present on the page!
2023-12-11 12:24:52.129358   BUTTON_TRY_DEMO scroll =>
2023-12-11 12:24:52.174449   => BUTTON_TRY_DEMO clicked!

2023-12-11 12:24:52.174725   3. Assert_v0
2023-12-11 12:24:52.174823   Start step Check that [Sign up] form is opened
2023-12-11 12:24:52.190094   'Sign up' form opened
2023-12-11 12:24:52.190126   Assert SIGNUP_HEADER =>
2023-12-11 12:24:52.202652   Assert SIGNUP_REF_LOGIN =>
2023-12-11 12:24:52.213746   Assert SIGNUP_PRIVACY_POLICY_ALL_2 =>
2023-12-11 12:24:52.225766   => SIGNUP_PRIVACY_POLICY_ALL
2023-12-11 12:24:52.225790   => 'Signup' form is checked
2023-12-11 12:24:52.225934   Start step Close [Sign up] form =>
2023-12-11 12:24:52.302590   => 'Signup' form closed
