{'width': 1280, 'height': 720}

2023-12-11 11:33:06.627209   worker_id = master

2023-12-11 11:33:06.627225   0. Allure grouping


2023-12-11 11:33:06.627371   START PRECONDITIONS =>


2023-12-11 11:33:06.627385   {'width': 1280, 'height': 720}

2023-12-11 11:33:06.628601   Set windows position at (320, 180) =>

2023-12-11 11:33:06.730659   Set resolution 1280 * 720 =>

2023-12-11 11:33:06.832746   => Resolution seted {'width': 1280, 'height': 720}

2023-12-11 11:33:10.881402   Капчи нет. Тестим дальше

2023-12-11 11:33:10.881445   Prev. Role: Reg/NoAuth

2023-12-11 11:33:10.881454   Current role: Reg/NoAuth

2023-12-11 11:33:10.881463   Prev language: de

2023-12-11 11:33:10.881471   => Current language: de

2023-12-11 11:33:10.881478   Prev country: ae

2023-12-11 11:33:10.881486   => Current country: ae

2023-12-11 11:33:10.881493   => THE END PRECONDITIONS

2023-12-11 11:33:10.881547   Clear Top Chart list =>
2023-12-11 11:33:12.322515   Load page https://capital.com/trading/platform/charting/

2023-12-11 11:33:20.378089   1. Arrange_v4
2023-12-11 11:33:20.756422   Load page https://capital.com/de/wie-cfd-handel-funktioniert
2023-12-11 11:33:20.756467   MOST_TRADED is visible? =>
2023-12-11 11:33:20.801988   => MOST_TRADED is visible on the page!
2023-12-11 11:33:20.802028   => Found 5 elements in block MOST_TRADED

2023-12-11 11:33:20.802063   Testing Most traded random element #1

2023-12-11 11:33:20.802250   2. Act_v4
2023-12-11 11:33:20.802270   MOST_TRADED delete js-mostTraded class =>
2023-12-11 11:33:20.991853   MOST_TRADED scroll =>
2023-12-11 11:33:20.994855   MOST_TRADED click for 'Gold Spot' trading instrument =>
2023-12-11 11:33:21.079991   => MOST_TRADED clicked!

2023-12-11 11:33:21.080228   3. Assert_Login_v0
2023-12-11 11:33:21.244414   'Login' form opened
2023-12-11 11:33:21.244452   Assert LOGIN_REF_SIGNUP =>
2023-12-11 11:33:21.261307   Assert LOGIN_CHECKBOX =>
2023-12-11 11:33:21.277842   Assert LOGIN_PASS_FORGOT =>
2023-12-11 11:33:21.295374   => 'Login' form is checked
2023-12-11 11:33:21.343530   Click 'Close' button on 'Login' form =>
2023-12-11 11:33:21.383836   => 'Login' form closed

2023-12-11 11:33:21.383936   Clear Top Chart list =>
2023-12-11 11:33:22.583965   Load page https://capital.com/trading/platform/charting/

2023-12-11 11:33:30.653441   1. Arrange_v4
2023-12-11 11:33:31.035325   Load page https://capital.com/de/wie-cfd-handel-funktioniert
2023-12-11 11:33:31.035380   MOST_TRADED is visible? =>
2023-12-11 11:33:31.083101   => MOST_TRADED is visible on the page!
2023-12-11 11:33:31.083147   => Found 5 elements in block MOST_TRADED

2023-12-11 11:33:31.083162   Testing Most traded random element #2

2023-12-11 11:33:31.083337   2. Act_v4
2023-12-11 11:33:31.083355   MOST_TRADED delete js-mostTraded class =>
2023-12-11 11:33:31.339666   MOST_TRADED scroll =>
2023-12-11 11:33:31.342918   MOST_TRADED click for 'US Crude Oil Spot' trading instrument =>
2023-12-11 11:33:31.398239   => MOST_TRADED clicked!

2023-12-11 11:33:31.398498   3. Assert_Login_v0
2023-12-11 11:33:31.560744   'Login' form opened
2023-12-11 11:33:31.560784   Assert LOGIN_REF_SIGNUP =>
2023-12-11 11:33:31.575790   Assert LOGIN_CHECKBOX =>
2023-12-11 11:33:31.590980   Assert LOGIN_PASS_FORGOT =>
2023-12-11 11:33:31.605661   => 'Login' form is checked
2023-12-11 11:33:31.626186   Click 'Close' button on 'Login' form =>
2023-12-11 11:33:31.684127   => 'Login' form closed
