{'width': 1280, 'height': 720}

2023-12-11 13:48:25.083780   browser = chrome

2023-12-11 13:48:25.083804   worker_id = master

2023-12-11 13:48:25.083817   Start TC_11.03.07_02

2023-12-11 13:48:25.083829   <US_11-03-07_What_is_a_margin_test.TestWhatIsMargin object at 0x7f371904ed10>.None

2023-12-11 13:48:25.083844   0. Arrange


2023-12-11 13:48:25.084085   START PRECONDITIONS =>


2023-12-11 13:48:25.084104   {'width': 1280, 'height': 720}

2023-12-11 13:48:25.085758   Set windows position at (320, 180) =>

2023-12-11 13:48:25.190380   Set resolution 1280 * 720 =>

2023-12-11 13:48:25.292663   => Resolution seted {'width': 1280, 'height': 720}

2023-12-11 13:48:29.303148   Капчи нет. Тестим дальше

2023-12-11 13:48:29.303197   Prev. Role: NoReg

2023-12-11 13:48:29.303208   Current role: NoReg

2023-12-11 13:48:29.303216   Prev language: de

2023-12-11 13:48:29.303224   => Current language: de

2023-12-11 13:48:29.303232   Prev country: ae

2023-12-11 13:48:29.303240   => Current country: ae

2023-12-11 13:48:29.303247   => THE END PRECONDITIONS

2023-12-11 13:48:29.303307   1. Arrange_v0
2023-12-11 13:48:29.306134   BUTTON_TRY_DEMO is visible? =>
2023-12-11 13:48:29.321444   => BUTTON_TRY_DEMO is visible on the page!

2023-12-11 13:48:29.321599   2. Act_v0
2023-12-11 13:48:29.321613   BUTTON_TRY_DEMO is present? =>
2023-12-11 13:48:29.329255   => BUTTON_TRY_DEMO is present on the page!
2023-12-11 13:48:29.329281   BUTTON_TRY_DEMO scroll =>
2023-12-11 13:48:29.377758   => BUTTON_TRY_DEMO clicked!

2023-12-11 13:48:29.378029   3. Assert_v0
2023-12-11 13:48:29.378123   Start step Check that [Sign up] form is opened
2023-12-11 13:48:29.392848   'Sign up' form opened
2023-12-11 13:48:29.392880   Assert SIGNUP_HEADER =>
2023-12-11 13:48:29.405035   Assert SIGNUP_REF_LOGIN =>
2023-12-11 13:48:29.416675   Assert SIGNUP_PRIVACY_POLICY_ALL_2 =>
2023-12-11 13:48:29.428653   => SIGNUP_PRIVACY_POLICY_ALL
2023-12-11 13:48:29.428685   => 'Signup' form is checked
2023-12-11 13:48:29.428841   Start step Close [Sign up] form =>
2023-12-11 13:48:29.510672   => 'Signup' form closed
