{'width': 1280, 'height': 720}

2023-12-11 12:48:02.713632   worker_id = master

2023-12-11 12:48:02.713655   0. Allure grouping


2023-12-11 12:48:02.713894   START PRECONDITIONS =>


2023-12-11 12:48:02.713916   {'width': 1280, 'height': 720}

2023-12-11 12:48:02.715741   Set windows position at (320, 180) =>

2023-12-11 12:48:02.818011   Set resolution 1280 * 720 =>

2023-12-11 12:48:02.920207   => Resolution seted {'width': 1280, 'height': 720}

2023-12-11 12:48:06.939526   Капчи нет. Тестим дальше

2023-12-11 12:48:06.939577   Prev. Role: NoReg

2023-12-11 12:48:06.939587   Current role: NoReg

2023-12-11 12:48:06.939596   Prev language: de

2023-12-11 12:48:06.939604   => Current language: de

2023-12-11 12:48:06.939612   Prev country: ae

2023-12-11 12:48:06.939620   => Current country: ae

2023-12-11 12:48:06.939628   => THE END PRECONDITIONS

2023-12-11 12:48:06.939691   Clear Top Chart list =>
2023-12-11 12:48:08.756092   Load page https://capital.com/trading/platform/charting/

2023-12-11 12:48:16.853422   1. Arrange_v4
2023-12-11 12:48:17.484398   Load page https://capital.com/de/usdcad-handel
2023-12-11 12:48:17.484451   MOST_TRADED is visible? =>
2023-12-11 12:48:17.537835   => MOST_TRADED is visible on the page!
2023-12-11 12:48:17.537884   => Found 5 elements in block MOST_TRADED

2023-12-11 12:48:17.537935   Testing Most traded random element #1

2023-12-11 12:48:17.538146   2. Act_v4
2023-12-11 12:48:17.538169   MOST_TRADED delete js-mostTraded class =>
2023-12-11 12:48:17.818116   MOST_TRADED scroll =>
2023-12-11 12:48:17.821100   MOST_TRADED click for 'British Pound / US Dollar' trading instrument =>
2023-12-11 12:48:17.920097   => MOST_TRADED clicked!

2023-12-11 12:48:17.920408   3. Assert_v0
2023-12-11 12:48:17.920512   Start step Check that [Sign up] form is opened
2023-12-11 12:48:18.168448   'Sign up' form opened
2023-12-11 12:48:18.168492   Assert SIGNUP_HEADER =>
2023-12-11 12:48:18.188021   Assert SIGNUP_REF_LOGIN =>
2023-12-11 12:48:18.221844   Assert SIGNUP_PRIVACY_POLICY_ALL_2 =>
2023-12-11 12:48:18.267603   => SIGNUP_PRIVACY_POLICY_ALL
2023-12-11 12:48:18.267641   => 'Signup' form is checked
2023-12-11 12:48:18.267796   Start step Close [Sign up] form =>
2023-12-11 12:48:18.355707   => 'Signup' form closed

2023-12-11 12:48:18.355819   Clear Top Chart list =>
2023-12-11 12:48:20.634292   Load page https://capital.com/trading/platform/charting/

2023-12-11 12:48:28.694693   1. Arrange_v4
2023-12-11 12:48:29.288420   Load page https://capital.com/de/usdcad-handel
2023-12-11 12:48:29.288476   MOST_TRADED is visible? =>
2023-12-11 12:48:29.364826   => MOST_TRADED is visible on the page!
2023-12-11 12:48:29.364869   => Found 5 elements in block MOST_TRADED

2023-12-11 12:48:29.364885   Testing Most traded random element #2

2023-12-11 12:48:29.365070   2. Act_v4
2023-12-11 12:48:29.365090   MOST_TRADED delete js-mostTraded class =>
2023-12-11 12:48:29.650814   MOST_TRADED scroll =>
2023-12-11 12:48:29.654101   MOST_TRADED click for 'Australian Dollar / US Dollar' trading instrument =>
2023-12-11 12:48:29.758571   => MOST_TRADED clicked!

2023-12-11 12:48:29.758848   3. Assert_v0
2023-12-11 12:48:29.758947   Start step Check that [Sign up] form is opened
2023-12-11 12:48:29.947320   'Sign up' form opened
2023-12-11 12:48:29.947361   Assert SIGNUP_HEADER =>
2023-12-11 12:48:29.964787   Assert SIGNUP_REF_LOGIN =>
2023-12-11 12:48:29.986373   Assert SIGNUP_PRIVACY_POLICY_ALL_2 =>
2023-12-11 12:48:30.003164   => SIGNUP_PRIVACY_POLICY_ALL
2023-12-11 12:48:30.003200   => 'Signup' form is checked
2023-12-11 12:48:30.003355   Start step Close [Sign up] form =>
2023-12-11 12:48:30.071712   => 'Signup' form closed
