{'width': 1280, 'height': 720}

2024-02-29 05:28:31.680107   worker_id = master

2024-02-29 05:28:31.680125   0. Allure grouping v4


2024-02-29 05:28:31.680326   START PRECONDITIONS =>


2024-02-29 05:28:31.680342   {'width': 1280, 'height': 720}

2024-02-29 05:28:31.681739   Set windows position at (0, 0) =>

2024-02-29 05:28:31.784111   Set resolution 1280 * 720 =>

2024-02-29 05:28:31.886747   => Resolution seted {'width': 1280, 'height': 720}

2024-02-29 05:28:32.933626   Капчи нет. Идем дальше

2024-02-29 05:28:32.933719   Prev. Role: NoReg

2024-02-29 05:28:32.933732   Current role: NoReg

2024-02-29 05:28:33.970875   Капчи нет. Идем дальше

2024-02-29 05:28:33.970967   Prev language: de

2024-02-29 05:28:33.970980   => Current language: de

2024-02-29 05:28:35.005487   Капчи нет. Идем дальше

2024-02-29 05:28:35.005574   Prev country: au
2024-02-29 05:28:35.005588   => Current country: au

2024-02-29 05:28:35.005597   => THE END PRECONDITIONS

2024-02-29 05:28:35.005774   1. Arrange_v4
2024-02-29 05:28:35.009549   MOST_TRADED is present? =>
2024-02-29 05:28:35.017728   => MOST_TRADED widget is present on this page
2024-02-29 05:28:35.017751   => Found 5 elements in block MOST_TRADED
2024-02-29 05:28:35.017762   Most traded widget is scroll =>
2024-02-29 05:28:35.021746   => Most traded widget is scrolled into screen center

2024-02-29 05:28:35.021785   Random indexes = [0]

2024-02-29 05:28:35.021800   Testing Most traded 1 random element with 0 index

2024-02-29 05:28:35.021935   2. Act_v4
2024-02-29 05:28:35.022029   Start Checking that form [Sign up] popped up on the page =>
2024-02-29 05:28:36.612427   '[Sign up]' form was not popped up
2024-02-29 05:28:36.632927   Selected Trade button on Most traded widget is scroll =>
2024-02-29 05:28:36.636491   Selected Trade button click for 'US Crude Oil Spot' trading instrument =>
2024-02-29 05:28:37.730641   => Selected Trade button clicked!

2024-02-29 05:28:37.730872   3. Assert_v0
2024-02-29 05:28:37.730963   Start step Check that [Sign up] form is opened
2024-02-29 05:28:37.744242   'Sign up' form opened
2024-02-29 05:28:37.744273   Assert SIGNUP_HEADER =>
2024-02-29 05:28:37.756060   Assert SIGNUP_REF_LOGIN =>
2024-02-29 05:28:37.770542   Assert SIGNUP_PRIVACY_POLICY_ALL_2 =>
2024-02-29 05:28:37.783657   => SIGNUP_PRIVACY_POLICY_ALL
2024-02-29 05:28:37.783696   => 'Signup' form is checked
2024-02-29 05:28:37.783921   Start step Close [Sign up] form =>
2024-02-29 05:28:37.877122   => 'Signup' form closed
