{'width': 1920, 'height': 1080}

2024-11-25 23:26:12.417684   worker_id = master

2024-11-25 23:26:12.417699   0. Allure grouping for US_55


2024-11-25 23:26:12.417910   START PRECONDITIONS =>

2024-11-25 23:26:12.417926   => URL after prev. preconditions - https://capital.com/en-gb
2024-11-25 23:26:12.417935   => flag_of_bug - True
2024-11-25 23:26:12.417948   => Current URL - https://capital.com/en-gb/markets/forex/major-world-indices
2024-11-25 23:26:12.423385   Current page URL = https://capital.com/en-gb/markets/forex/major-world-indices
2024-11-25 23:26:12.425858   self.link = https://capital.com/en-gb
2024-11-25 23:26:12.425871   driver.get(https://capital.com/en-gb) =>
2024-11-25 23:26:14.687011   => Loaded page https://capital.com/en-gb

2024-11-25 23:26:14.780026   => Windows size: {'width': 1920, 'height': 1080}

2024-11-25 23:26:14.785281   Set windows position at (0, 0) =>

2024-11-25 23:26:14.787202   Set resolution 1920 * 1080 =>

2024-11-25 23:26:14.789061   => Resolution set {'width': 1920, 'height': 1080}

2024-11-25 23:26:14.790448   Работа с куками =>

2024-11-25 23:26:14.790462   => не требуется

2024-11-25 23:26:14.790472   Prev. role - 'Auth'
2024-11-25 23:26:14.790481   Cur. role - 'Auth'

2024-11-25 23:26:14.790489   => The 'Auth' role is set

2024-11-25 23:26:14.790499   Prev. language: pl
2024-11-25 23:26:14.790507   Cur. language - 'en'

2024-11-25 23:26:14.790516   Prev. country: ua
2024-11-25 23:26:14.790524   Cur. country: ae

2024-11-25 23:26:14.790736   Set "en" language and "ae" country =>
2024-11-25 23:26:14.790758   Current page URL = https://capital.com/en-gb
2024-11-25 23:26:14.793582   self.link = https://capital.com/en-ae
2024-11-25 23:26:14.793595   driver.get(https://capital.com/en-ae) =>
2024-11-25 23:26:17.273160   => Loaded page https://capital.com/en-ae
2024-11-25 23:26:17.277780   => Language is set to 'en'
2024-11-25 23:26:17.277799   => Country is set to 'ae'
2024-11-25 23:26:17.277809   => Current URL - https://capital.com/en-ae

2024-11-25 23:26:17.283550   => Current URL - https://capital.com/en-ae

2024-11-25 23:26:17.283576   => END PRECONDITIONS

2024-11-25 23:26:17.283775   START Open "Markets" menu, "Markets" submenu =>

2024-11-25 23:26:17.283791   1. Cur URL = https://capital.com/en-ae

2024-11-25 23:26:17.286355   2. Link = https://capital.com/en-ae
2024-11-25 23:26:17.286370   current_page = https://capital.com/en-ae
2024-11-25 23:26:17.289342   link = https://capital.com/en-ae
2024-11-25 23:26:17.893779   => 'Markets' menu is present
2024-11-25 23:26:17.918396   => 'Markets' menu is visible
2024-11-25 23:26:19.533443   => Focus moved to 'Markets' menu
2024-11-25 23:26:19.555074   => 'Markets' submenu is visible
2024-11-25 23:26:20.346613   => 'Markets' sub-menu clicked
2024-11-25 23:26:25.632763   => Focus moved to 'capital*com' logo
2024-11-25 23:26:25.632867   3. Cur URL = https://capital.com/en-ae/markets

2024-11-25 23:26:25.639071   1. Start Arrange: find block search field. 
2024-11-25 23:26:25.639094   current_page = https://capital.com/en-ae/markets
2024-11-25 23:26:25.641886   link = https://capital.com/en-ae/markets

2024-11-25 23:26:25.650035   Page have block 'Search field' in DOM.
2024-11-25 23:26:25.657987   Scrolled to block 'Search field'
2024-11-25 23:26:25.658011   Start to check visibility block 'Search field'.'
2024-11-25 23:26:25.692786   Block 'Search field' visible on the current page

2024-11-25 23:26:25.759539   'Search field' is clicked

2024-11-25 23:26:25.795697   Write message CHF in search field

2024-11-25 23:26:25.795752   Save current screenshot into PNG file
2024-11-25 23:26:26.699043   Page have link 'indices' in DOM

2024-11-25 23:26:26.708413   Scrolled to link 'indices'
2024-11-25 23:26:26.708447   Start to check visibility link 'indices'.'
2024-11-25 23:26:26.723969   Link 'indices' visible on the current page

2024-11-25 23:26:26.724010   Start to check clickability link 'indices'.
2024-11-25 23:26:26.740356   Link 'indices' is clickable.

2024-11-25 23:26:26.740565   Start to click on the link 'indices'
2024-11-25 23:26:27.283104   Link 'indices' is clicked

2024-11-25 23:26:27.283161   Save current screenshot into PNG file
2024-11-25 23:26:27.776911   3. Start Assert.
2024-11-25 23:26:27.776948   Check page with '404 error' message is displayed instead 'Indices' page.
2024-11-25 23:26:27.776962   IS page with '404 error' message is displayed instead 'Indices' page.? =>
2024-11-25 23:26:27.776974   Current page is: https://capital.com/en-ae/markets/forex/major-world-indices
2024-11-25 23:26:27.791783   => Page with '404 error' message is displayed instead 'Indices' page

