


Current sort - Most traded
{'width': 1280, 'height': 800}

2024-04-29 10:05:48.298236   worker_id = master

2024-04-29 10:05:48.298261   0. Allure grouping v4

2024-04-29 10:05:48.298607   START PRECONDITIONS =>

2024-04-29 10:05:48.298635   => URL after prev. preconditions - https://capital.com/nl
2024-04-29 10:05:48.298653   => flag_of_bug - False
2024-04-29 10:05:48.298672   => Current URL - https://capital.com/nl/live-aandelen-koersen
2024-04-29 10:05:48.304536   Current page URL = https://capital.com/nl/live-aandelen-koersen
2024-04-29 10:05:48.307109   self.link = https://capital.com/nl
2024-04-29 10:05:48.307124   driver.get(https://capital.com/nl) =>
2024-04-29 10:05:50.541037   => Loaded page https://capital.com/nl

2024-04-29 10:05:50.548403   => Windows size - {'width': 1280, 'height': 800}
2024-04-29 10:05:50.550053   Set windows position at (0, 0) =>
2024-04-29 10:05:50.551778   Set resolution 1280 * 800 =>
2024-04-29 10:05:50.553405   => Windows size is set to {'width': 1280, 'height': 800}

2024-04-29 10:05:51.612006   Капчи нет. Идем дальше

2024-04-29 10:05:51.612106   Работа с куками =>

2024-04-29 10:05:51.612121   => не требуется

2024-04-29 10:05:51.612130   Prev. country - 'de'
2024-04-29 10:05:51.612140   Cur. country - 'de'
2024-04-29 10:05:51.612149   => Country set to 'de'

2024-04-29 10:05:51.612158   Prev. language - 'nl'
2024-04-29 10:05:51.612167   Cur. language - 'nl'
2024-04-29 10:05:51.612176   => Language is set to 'nl'

2024-04-29 10:05:51.612184   Prev. role - 'NoAuth'
2024-04-29 10:05:51.612193   Cur. role - 'NoAuth'
2024-04-29 10:05:51.612201   => The 'NoAuth' role is set

2024-04-29 10:05:51.615070   => Current URL - https://capital.com/nl

2024-04-29 10:05:51.615095   => THE END PRECONDITIONS

2024-04-29 10:05:51.615288   START Open "Markets" menu, "Shares" submenu =>
2024-04-29 10:05:51.615304   1. Cur URL = https://capital.com/nl
2024-04-29 10:05:51.617875   2. Link = https://capital.com/nl
2024-04-29 10:05:51.617891   current_page = https://capital.com/nl
2024-04-29 10:05:51.620423   link = https://capital.com/nl
2024-04-29 10:05:52.137316   => 'Markets' menu is present
2024-04-29 10:05:52.156352   => 'Markets' menu is visible
2024-04-29 10:05:53.428088   => Focus moved to 'Markets' menu
2024-04-29 10:05:54.934221   => Focus moved to 'Shares' submenu and clicked
2024-04-29 10:05:55.212700   => Focus moved to 'capital*com' logo
2024-04-29 10:05:55.212743   3. Cur URL = https://capital.com/nl/live-aandelen-koersen

2024-04-29 10:05:55.218329   1. Arrange for Trading instrument table and "Most traded" cur_sort
2024-04-29 10:05:55.218360   current_page = https://capital.com/nl/live-aandelen-koersen
2024-04-29 10:05:55.220954   link = https://capital.com/nl/live-aandelen-koersen
2024-04-29 10:05:55.223442   IS TABLE_TRADING_INSTRUMENTS  present on the  page? =>
2024-04-29 10:05:55.229298   => TABLE_TRADING_INSTRUMENTS is present on the page!
2024-04-29 10:05:55.229329   IS FIELD_DROPDOWN_SORT present in the table? =>
2024-04-29 10:05:55.234247   =>  FIELD_DROPDOWN_SORT is present in the table!
2024-04-29 10:05:55.234274   Start scroll and click FIELD_DROPDOWN_SORT =>
2024-04-29 10:05:55.334946   Is item_sort_list visible on the FIELD_DROPDOWN_SORT ? =>
2024-04-29 10:05:55.367676   => item_sort_list is visible on the FIELD_DROPDOWN_SORT!
2024-04-29 10:05:55.367723   Is cur_sort "Most traded" present in item_sort_list? =>
2024-04-29 10:05:55.380470   => cur_sort "Most traded" is present in item_sort_list!
2024-04-29 10:05:55.380511   Start click cur_sort "Most traded" =>
2024-04-29 10:05:56.075419   => End Click cur_sort "Most traded"

2024-04-29 10:05:56.075472   Buttons [Buy] is visible and quantity buttons not zero? =>
2024-04-29 10:05:56.089662   => Buttons [Buy] is visible and quantity buttons not zero!

2024-04-29 10:05:56.089700   Start find two random buttons [Buy] on cur_sort "Most traded"=>
2024-04-29 10:05:56.095736   => End find 1 random buttons [Buy] on the cur_sort "Most traded"


2024-04-29 10:05:56.095772   Item_list = [13]
2024-04-29 10:05:56.095940   Start Checking that form [Sign up] popped up on the page =>
2024-04-29 10:05:57.661487   '[Sign up]' form was not popped up
2024-04-29 10:05:57.661701   2. Act for trading instrument and "Most traded" cur_sort
2024-04-29 10:05:57.680726   Start click button [Buy] =>
2024-04-29 10:05:57.691894   =>   BUTTON_BUY on item with ID = 15871553426248900
2024-04-29 10:05:57.691933   BUTTON_BUY on item with ID = '15871553426248900' scroll into view =>
2024-04-29 10:05:57.695478   => BUTTON_SELL on item with ID = '15871553426248900' scrolled into view
2024-04-29 10:05:57.695508   Check that BUTTON_BUY with item NFLX clickable =>
2024-04-29 10:05:57.847529   => BUTTON_BUY is clickable
2024-04-29 10:05:58.623493   =>   BUTTON_BUY with item NFLX clicked

2024-04-29 10:05:58.623738   3. Assert_Login_v0
2024-04-29 10:05:58.623821   Check that 'Login' form is opened
2024-04-29 10:05:59.189898   'Login' form opened
2024-04-29 10:05:59.189945   Assert LOGIN_REF_SIGNUP =>
2024-04-29 10:05:59.206405   Assert LOGIN_CHECKBOX =>
2024-04-29 10:05:59.216968   Assert LOGIN_PASS_FORGOT =>
2024-04-29 10:05:59.228370   => 'Login' form is checked
2024-04-29 10:05:59.244867   Click 'Close' button on 'Login' form =>
2024-04-29 10:05:59.570538   => Focus moved to 'capital*com' logo
2024-04-29 10:05:59.570585   => 'Login' form closed
