{'width': 1280, 'height': 800}

2024-04-29 11:08:49.465883   worker_id = master

2024-04-29 11:08:49.465896   0. Allure grouping v4

2024-04-29 11:08:49.466134   START PRECONDITIONS =>

2024-04-29 11:08:49.466154   => URL after prev. preconditions - https://capital.com/nl
2024-04-29 11:08:49.466164   => flag_of_bug - True
2024-04-29 11:08:49.466175   => Current URL - https://capital.com/nl

2024-04-29 11:08:49.471571   => Windows size - {'width': 1280, 'height': 800}
2024-04-29 11:08:49.472845   Set windows position at (0, 0) =>
2024-04-29 11:08:49.477362   Set resolution 1280 * 800 =>
2024-04-29 11:08:49.478938   => Windows size is set to {'width': 1280, 'height': 800}

2024-04-29 11:08:50.522530   Капчи нет. Идем дальше

2024-04-29 11:08:50.522619   Работа с куками =>

2024-04-29 11:08:50.522633   => не требуется

2024-04-29 11:08:50.522643   Prev. country - 'de'
2024-04-29 11:08:50.522652   Cur. country - 'de'
2024-04-29 11:08:50.522661   => Country set to 'de'

2024-04-29 11:08:50.522670   Prev. language - 'nl'
2024-04-29 11:08:50.522678   Cur. language - 'nl'
2024-04-29 11:08:50.522687   => Language is set to 'nl'

2024-04-29 11:08:50.522695   Prev. role - 'NoReg'
2024-04-29 11:08:50.522704   Cur. role - 'NoReg'
2024-04-29 11:08:50.522712   => The 'NoReg' role is set

2024-04-29 11:08:50.533916   => Current URL - https://capital.com/nl

2024-04-29 11:08:50.533956   => THE END PRECONDITIONS

2024-04-29 11:08:50.534187   1. Arrange_v0
2024-04-29 11:08:50.534207   current_page = https://capital.com/nl
2024-04-29 11:08:50.536858   link = https://capital.com/nl/gasoil-spot-handelswaren
2024-04-29 11:08:50.539368   Current page URL = https://capital.com/nl
2024-04-29 11:08:50.544460   self.link = https://capital.com/nl/gasoil-spot-handelswaren
2024-04-29 11:08:50.544474   driver.get(https://capital.com/nl/gasoil-spot-handelswaren) =>
2024-04-29 11:08:52.225577   => Loaded page https://capital.com/nl/gasoil-spot-handelswaren
2024-04-29 11:08:52.230611   BUTTON_CREATE_YOUR_ACCOUNT is located on the page? =>

2024-04-29 11:08:52.239424   2. Act_v0: Define of locator

2024-04-29 11:08:52.239453   2. Act_v0: Go to web element

2024-04-29 11:08:53.312538   2. Act_v0: Click web element
2024-04-29 11:08:53.344959   => BUTTON_CREATE_YOUR_ACCOUNT is clicked

2024-04-29 11:08:53.345185   3. Assert_v0
2024-04-29 11:08:53.345275   Start step Check that [Sign up] form is opened
2024-04-29 11:08:53.561886   'Sign up' form opened
2024-04-29 11:08:53.561941   Assert SIGNUP_HEADER =>
2024-04-29 11:08:53.577976   Assert SIGNUP_REF_LOGIN =>
2024-04-29 11:08:53.597269   Assert SIGNUP_PRIVACY_POLICY_ALL_2 =>
2024-04-29 11:08:53.613248   => SIGNUP_PRIVACY_POLICY_ALL
2024-04-29 11:08:53.613301   => 'Signup' form is checked
2024-04-29 11:08:53.613532   Start step Close [Sign up] form =>
2024-04-29 11:08:53.719683   => 'Signup' form closed
2024-04-29 11:08:53.991998   => Focus moved to 'capital*com' logo

2024-04-29 11:08:54.147766   *** end fixture Browser = teardown ***

