{'width': 1280, 'height': 720}

2024-01-23 08:11:51.342261   worker_id = master

2024-01-23 08:11:51.342276   0. Allure grouping v4


2024-01-23 08:11:51.342440   START PRECONDITIONS =>


2024-01-23 08:11:51.342455   {'width': 1280, 'height': 720}

2024-01-23 08:11:51.343750   Set windows position at (0, 0) =>

2024-01-23 08:11:51.445767   Set resolution 1280 * 720 =>

2024-01-23 08:11:51.547760   => Resolution seted {'width': 1280, 'height': 720}

2024-01-23 08:11:56.560970   Капчи нет. Тестим дальше

2024-01-23 08:11:56.561065   Prev. Role: NoAuth

2024-01-23 08:11:56.561077   Current role: NoAuth

2024-01-23 08:11:56.561086   Prev language: de

2024-01-23 08:11:56.561094   => Current language: de

2024-01-23 08:11:56.561102   Prev country: de

2024-01-23 08:11:56.561110   => Current country: de

2024-01-23 08:11:56.561117   => THE END PRECONDITIONS

2024-01-23 08:11:56.561146   1. Arrange_v0
2024-01-23 08:11:56.563883   BUTTON_CREATE_YOUR_ACCOUNT is located on the page? =>

2024-01-23 08:11:56.571641   2. Act_v0
2024-01-23 08:11:56.682302   => BUTTON_CREATE_YOUR_ACCOUNT is clicked

2024-01-23 08:11:56.682558   3. Assert_v0
2024-01-23 08:11:56.682646   Start step Check that [Sign up] form is opened
2024-01-23 08:11:56.705770   'Sign up' form opened
2024-01-23 08:11:56.705810   Assert SIGNUP_HEADER =>
2024-01-23 08:11:56.721812   Assert SIGNUP_REF_LOGIN =>
2024-01-23 08:11:56.736186   Assert SIGNUP_PRIVACY_POLICY_ALL_2 =>
2024-01-23 08:11:56.772394   => SIGNUP_PRIVACY_POLICY_ALL
2024-01-23 08:11:56.772439   => 'Signup' form is checked
2024-01-23 08:11:56.772632   Start step Close [Sign up] form =>
2024-01-23 08:11:56.830476   => 'Signup' form closed
