{'width': 1280, 'height': 800}

2024-04-17 17:23:40.593956   worker_id = master

2024-04-17 17:23:40.593975   0. Allure grouping v4

2024-04-17 17:23:40.594224   START PRECONDITIONS =>

2024-04-17 17:23:40.594240   => URL after prev. preconditions - https://capital.com/it
2024-04-17 17:23:40.594250   => flag_of_bug - False
2024-04-17 17:23:40.594261   => Current URL - https://capital.com/it/gbp-usd-tasso
2024-04-17 17:23:40.599523   Current page URL = https://capital.com/it/gbp-usd-tasso
2024-04-17 17:23:40.601972   self.link = https://capital.com/it
2024-04-17 17:23:40.601991   driver.get(https://capital.com/it) =>
2024-04-17 17:23:42.471105   => Loaded page https://capital.com/it

2024-04-17 17:23:42.475665   => Windows size - {'width': 1280, 'height': 800}
2024-04-17 17:23:42.477118   Set windows position at (0, 0) =>
2024-04-17 17:23:42.579522   Set resolution 1280 * 800 =>
2024-04-17 17:23:42.682147   => Windows size is set to {'width': 1280, 'height': 800}

2024-04-17 17:23:43.727570   Капчи нет. Идем дальше

2024-04-17 17:23:43.727660   Работа с куками =>

2024-04-17 17:23:43.727679   => не требуется

2024-04-17 17:23:43.727692   Prev. country - 'ae'
2024-04-17 17:23:43.727702   Cur. country - 'ae'
2024-04-17 17:23:43.727711   => Country set to 'ae'

2024-04-17 17:23:43.727720   Prev. language - 'it'
2024-04-17 17:23:43.727729   Cur. language - 'it'
2024-04-17 17:23:43.727737   => Language is set to 'it'

2024-04-17 17:23:43.727746   Prev. role - 'NoReg'
2024-04-17 17:23:43.727754   Cur. role - 'NoReg'
2024-04-17 17:23:43.727763   => The 'NoReg' role is set

2024-04-17 17:23:43.730593   => Current URL - https://capital.com/it

2024-04-17 17:23:43.730615   => THE END PRECONDITIONS

2024-04-17 17:23:43.730660   1. Arrange_v0
2024-04-17 17:23:43.730674   current_page = https://capital.com/it
2024-04-17 17:23:43.733303   link = https://capital.com/it/gbp-usd-tasso
2024-04-17 17:23:43.737829   Current page URL = https://capital.com/it
2024-04-17 17:23:43.740484   self.link = https://capital.com/it/gbp-usd-tasso
2024-04-17 17:23:43.740497   driver.get(https://capital.com/it/gbp-usd-tasso) =>
2024-04-17 17:23:45.434841   => Loaded page https://capital.com/it/gbp-usd-tasso
2024-04-17 17:23:45.442004   BUTTON_BUY is located on the page? =>
2024-04-17 17:23:45.450549   => BUTTON_BUY is located on the page!
2024-04-17 17:23:45.450725   Start Checking that form [Sign up] popped up on the page =>
2024-04-17 17:23:46.982543   '[Sign up]' form was not popped up

2024-04-17 17:23:46.982729   2. Act_v0
2024-04-17 17:23:46.987970   BUTTON_BUY is present? =>
2024-04-17 17:23:46.987992   => BUTTON_BUY is present on the page
2024-04-17 17:23:46.988002   BUTTON_BUY scroll =>
2024-04-17 17:23:46.991696   => BUTTON_BUY scrolled
2024-04-17 17:23:47.022923   BUTTON_BUY is clickable? =>
2024-04-17 17:23:47.037027   BUTTON_BUY CLICK =>
2024-04-17 17:23:47.071339   => BUTTON_BUY clicked!

2024-04-17 17:23:47.071618   3. Assert_v0
2024-04-17 17:23:47.071728   Start step Check that [Sign up] form is opened
2024-04-17 17:23:47.910295   'Sign up' form opened
2024-04-17 17:23:47.910352   Assert SIGNUP_HEADER =>
2024-04-17 17:23:47.925225   Assert SIGNUP_REF_LOGIN =>
2024-04-17 17:23:47.942539   Assert SIGNUP_PRIVACY_POLICY_ALL_2 =>
2024-04-17 17:23:47.957571   => SIGNUP_PRIVACY_POLICY_ALL
2024-04-17 17:23:47.957611   => 'Signup' form is checked
2024-04-17 17:23:47.957781   Start step Close [Sign up] form =>
2024-04-17 17:23:48.057905   => 'Signup' form closed
2024-04-17 17:23:48.337025   => Focus moved to 'capital*com' logo
