{'width': 1280, 'height': 800}

2024-04-17 17:45:18.523948   worker_id = master

2024-04-17 17:45:18.523962   0. Allure grouping v4

2024-04-17 17:45:18.524139   START PRECONDITIONS =>

2024-04-17 17:45:18.524154   => URL after prev. preconditions - https://capital.com/it
2024-04-17 17:45:18.524164   => flag_of_bug - False
2024-04-17 17:45:18.524174   => Current URL - https://capital.com/it/palladium-spot-materie-prime
2024-04-17 17:45:18.529175   Current page URL = https://capital.com/it/palladium-spot-materie-prime
2024-04-17 17:45:18.531541   self.link = https://capital.com/it
2024-04-17 17:45:18.531554   driver.get(https://capital.com/it) =>
2024-04-17 17:45:20.336617   => Loaded page https://capital.com/it

2024-04-17 17:45:20.340963   => Windows size - {'width': 1280, 'height': 800}
2024-04-17 17:45:20.342370   Set windows position at (0, 0) =>
2024-04-17 17:45:20.444745   Set resolution 1280 * 800 =>
2024-04-17 17:45:20.547252   => Windows size is set to {'width': 1280, 'height': 800}

2024-04-17 17:45:21.590496   Капчи нет. Идем дальше

2024-04-17 17:45:21.590593   Работа с куками =>

2024-04-17 17:45:21.590607   => не требуется

2024-04-17 17:45:21.590617   Prev. country - 'ae'
2024-04-17 17:45:21.590626   Cur. country - 'ae'
2024-04-17 17:45:21.590635   => Country set to 'ae'

2024-04-17 17:45:21.590644   Prev. language - 'it'
2024-04-17 17:45:21.590653   Cur. language - 'it'
2024-04-17 17:45:21.590661   => Language is set to 'it'

2024-04-17 17:45:21.590670   Prev. role - 'NoReg'
2024-04-17 17:45:21.590678   Cur. role - 'NoReg'
2024-04-17 17:45:21.590687   => The 'NoReg' role is set

2024-04-17 17:45:21.593447   => Current URL - https://capital.com/it

2024-04-17 17:45:21.593469   => THE END PRECONDITIONS

2024-04-17 17:45:21.593514   1. Arrange_v0
2024-04-17 17:45:21.593528   current_page = https://capital.com/it
2024-04-17 17:45:21.596044   link = https://capital.com/it/palladium-spot-materie-prime
2024-04-17 17:45:21.598644   Current page URL = https://capital.com/it
2024-04-17 17:45:21.605518   self.link = https://capital.com/it/palladium-spot-materie-prime
2024-04-17 17:45:21.605536   driver.get(https://capital.com/it/palladium-spot-materie-prime) =>
2024-04-17 17:45:23.390399   => Loaded page https://capital.com/it/palladium-spot-materie-prime
2024-04-17 17:45:23.394676   BUTTON_SELL is located on the page? =>
2024-04-17 17:45:23.403603   => BUTTON_SELL is located on the page!
2024-04-17 17:45:23.403772   Start Checking that form [Sign up] popped up on the page =>
2024-04-17 17:45:24.936263   '[Sign up]' form was not popped up

2024-04-17 17:45:24.936462   2. Act_v0
2024-04-17 17:45:24.945036   BUTTON_SELL is present? =>
2024-04-17 17:45:24.945077   => BUTTON_SELL is present on the page
2024-04-17 17:45:24.945087   BUTTON_SELL scroll =>
2024-04-17 17:45:24.948597   => BUTTON_SELL scrolled
2024-04-17 17:45:24.969121   BUTTON_SELL is clickable? =>
2024-04-17 17:45:24.979500   BUTTON_SELL CLICK =>
2024-04-17 17:45:25.010796   => BUTTON_SELL clicked!

2024-04-17 17:45:25.011033   3. Assert_v0
2024-04-17 17:45:25.011120   Start step Check that [Sign up] form is opened
2024-04-17 17:45:25.741206   'Sign up' form opened
2024-04-17 17:45:25.741245   Assert SIGNUP_HEADER =>
2024-04-17 17:45:25.752868   Assert SIGNUP_REF_LOGIN =>
2024-04-17 17:45:25.764073   Assert SIGNUP_PRIVACY_POLICY_ALL_2 =>
2024-04-17 17:45:25.777799   => SIGNUP_PRIVACY_POLICY_ALL
2024-04-17 17:45:25.777840   => 'Signup' form is checked
2024-04-17 17:45:25.778013   Start step Close [Sign up] form =>
2024-04-17 17:45:25.849278   => 'Signup' form closed
2024-04-17 17:45:26.136361   => Focus moved to 'capital*com' logo
