{'width': 1280, 'height': 720}

2024-01-23 09:38:16.657639   worker_id = master

2024-01-23 09:38:16.657654   0. Allure grouping v4


2024-01-23 09:38:16.657814   START PRECONDITIONS =>


2024-01-23 09:38:16.657828   {'width': 1280, 'height': 720}

2024-01-23 09:38:16.662569   Set windows position at (0, 0) =>

2024-01-23 09:38:16.765204   Set resolution 1280 * 720 =>

2024-01-23 09:38:16.867749   => Resolution seted {'width': 1280, 'height': 720}

2024-01-23 09:38:21.875483   Капчи нет. Тестим дальше

2024-01-23 09:38:21.875662   Prev. Role: NoReg

2024-01-23 09:38:21.875681   Current role: NoReg

2024-01-23 09:38:21.875693   Prev language: de

2024-01-23 09:38:21.875705   => Current language: de

2024-01-23 09:38:21.875713   Prev country: de

2024-01-23 09:38:21.875721   => Current country: de

2024-01-23 09:38:21.875729   => THE END PRECONDITIONS

2024-01-23 09:38:21.875771   1. Arrange_v0
2024-01-23 09:38:21.879045   BUTTON_SELL_IN_CONTENT_BLOCK is located on the page? =>
2024-01-23 09:38:21.886979   => BUTTON_SELL_IN_CONTENT_BLOCK is located on the page!
2024-01-23 09:38:21.887117   Start Checking that form [Sign up] popped up on the page =>
2024-01-23 09:38:27.416494   '[Sign up]' form was not popped up

2024-01-23 09:38:27.416664   2. Act_v0
2024-01-23 09:38:27.422661   BUTTON_SELL_IN_CONTENT_BLOCK is present? =>
2024-01-23 09:38:27.422683   => BUTTON_SELL_IN_CONTENT_BLOCK is present on the page!
2024-01-23 09:38:27.422692   BUTTON_SELL_IN_CONTENT_BLOCK scroll =>
2024-01-23 09:38:27.545420   => BUTTON_SELL_IN_CONTENT_BLOCK clicked!

2024-01-23 09:38:27.545627   3. Assert_v0
2024-01-23 09:38:27.545708   Start step Check that [Sign up] form is opened
2024-01-23 09:38:27.560265   'Sign up' form opened
2024-01-23 09:38:27.560296   Assert SIGNUP_HEADER =>
2024-01-23 09:38:27.572815   Assert SIGNUP_REF_LOGIN =>
2024-01-23 09:38:27.585936   Assert SIGNUP_PRIVACY_POLICY_ALL_2 =>
2024-01-23 09:38:27.599045   => SIGNUP_PRIVACY_POLICY_ALL
2024-01-23 09:38:27.599080   => 'Signup' form is checked
2024-01-23 09:38:27.599228   Start step Close [Sign up] form =>
2024-01-23 09:38:27.686025   => 'Signup' form closed
