{'width': 1280, 'height': 800}

2024-04-17 18:29:33.491177   worker_id = master

2024-04-17 18:29:33.491191   0. Allure grouping v4

2024-04-17 18:29:33.491370   START PRECONDITIONS =>

2024-04-17 18:29:33.491385   => URL after prev. preconditions - https://capital.com/it
2024-04-17 18:29:33.491395   => flag_of_bug - True
2024-04-17 18:29:33.491406   => Current URL - https://capital.com/it/negozia-petrolio-brent
2024-04-17 18:29:33.497120   Current page URL = https://capital.com/it/negozia-petrolio-brent
2024-04-17 18:29:33.499792   self.link = https://capital.com/it
2024-04-17 18:29:33.499806   driver.get(https://capital.com/it) =>
2024-04-17 18:29:35.474130   => Loaded page https://capital.com/it

2024-04-17 18:29:35.481498   => Windows size - {'width': 1280, 'height': 800}
2024-04-17 18:29:35.483175   Set windows position at (0, 0) =>
2024-04-17 18:29:35.585618   Set resolution 1280 * 800 =>
2024-04-17 18:29:35.688128   => Windows size is set to {'width': 1280, 'height': 800}

2024-04-17 18:29:36.734354   Капчи нет. Идем дальше

2024-04-17 18:29:36.734476   Работа с куками =>

2024-04-17 18:29:36.734498   => не требуется

2024-04-17 18:29:36.734514   Prev. country - 'ae'
2024-04-17 18:29:36.734528   Cur. country - 'ae'
2024-04-17 18:29:36.734544   => Country set to 'ae'

2024-04-17 18:29:36.734559   Prev. language - 'it'
2024-04-17 18:29:36.734572   Cur. language - 'it'
2024-04-17 18:29:36.734586   => Language is set to 'it'

2024-04-17 18:29:36.734601   Prev. role - 'NoAuth'
2024-04-17 18:29:36.734615   Cur. role - 'NoAuth'
2024-04-17 18:29:36.734628   => The 'NoAuth' role is set

2024-04-17 18:29:36.738220   => Current URL - https://capital.com/it

2024-04-17 18:29:36.738243   => THE END PRECONDITIONS

2024-04-17 18:29:36.738442   1. Arrange_v3
2024-04-17 18:29:36.738461   current_page = https://capital.com/it
2024-04-17 18:29:36.741091   link = https://capital.com/it/negozia-petrolio-brent
2024-04-17 18:29:36.743516   Current page URL = https://capital.com/it
2024-04-17 18:29:36.748503   self.link = https://capital.com/it/negozia-petrolio-brent
2024-04-17 18:29:36.748517   driver.get(https://capital.com/it/negozia-petrolio-brent) =>
2024-04-17 18:29:38.575675   => Loaded page https://capital.com/it/negozia-petrolio-brent
2024-04-17 18:29:38.583581   Is visible BUTTON_START_TRADING_IN_ARTICLE? =>
2024-04-17 18:29:38.583597   => BUTTON_START_TRADING_IN_ARTICLE =>

2024-04-17 18:29:38.591876   2. Act_v3
2024-04-17 18:29:38.591907   Start Click button BUTTON_START_TRADING_IN_ARTICLE =>
2024-04-17 18:29:38.672263   => BUTTON_START_TRADING_IN_ARTICLE is clicked

2024-04-17 18:29:38.672483   3. Assert_Login_v0
2024-04-17 18:29:38.672566   Check that 'Login' form is opened
2024-04-17 18:29:41.721764   'Login' form not opened
2024-04-17 18:29:41.721958   Check that new 'Login' form is opened
2024-04-17 18:29:44.752948   => New 'Login' form not opened
2024-04-17 18:29:44.755920   'Login' page not opened
2024-04-17 18:29:47.853120   'Login' form on trading platform not opened
2024-04-17 18:29:47.853311   Start step Check that [Sign up] form is opened
2024-04-17 18:29:47.865311   'Sign up' form opened
2024-04-17 18:29:47.865334   Assert SIGNUP_HEADER =>
2024-04-17 18:29:47.874983   Assert SIGNUP_REF_LOGIN =>
2024-04-17 18:29:47.884560   Assert SIGNUP_PRIVACY_POLICY_ALL_2 =>
2024-04-17 18:29:47.893945   => SIGNUP_PRIVACY_POLICY_ALL
2024-04-17 18:29:47.893969   => 'Signup' form is checked

Bug: Bid:11.02.03.01_05-it.ae.NoAuth

2024-04-17 18:29:47.894027   Проверка бага в таблице ретеста  =>

2024-04-17 18:29:48.195476   4. Fixing one row check results into Google Sheet Bugs Report =>
1 cells updated.
2024-04-17 18:29:48.411720   => 4. One row check results into Google Sheet Bugs Report fixed

2024-04-17 18:29:49.767255   4. Fixing one row check results into Google Sheet Bugs Report =>
1 cells updated.
2024-04-17 18:29:49.958638   => 4. One row check results into Google Sheet Bugs Report fixed

2024-04-17 18:29:49.960493   Баг Bid:11.02.03.01_05-it.ae.NoAuth-05 обнаружен ранее и уже находится в 'Bugs Report Auto detect'
