{'width': 1920, 'height': 1080}

2025-03-27 23:12:33.168668   worker_id = master

2025-03-27 23:12:33.168679   0. Allure grouping for US_55


2025-03-27 23:12:33.168868   START PRECONDITIONS =>

2025-03-27 23:12:33.168881   => URL after prev. preconditions - https://capital.com/en-gb
2025-03-27 23:12:33.168888   => flag_of_bug - True
2025-03-27 23:12:33.168894   => Current URL - https://capital.com/en-gb

2025-03-27 23:12:33.175741   => Windows size: {'width': 1920, 'height': 1080}

2025-03-27 23:12:33.177242   Set windows position at (0, 0) =>

2025-03-27 23:12:33.179084   Set resolution 1920 * 1080 =>

2025-03-27 23:12:33.180848   => Resolution set {'width': 1920, 'height': 1080}

2025-03-27 23:12:33.182246   Работа с куками =>

2025-03-27 23:12:33.182257   => не требуется

2025-03-27 23:12:33.182263   Prev. role - 'NoReg'
2025-03-27 23:12:33.182268   Cur. role - 'NoReg'

2025-03-27 23:12:33.182274   => The 'NoReg' role is set

2025-03-27 23:12:33.182280   Prev. language: pl
2025-03-27 23:12:33.182285   Cur. language - 'en'

2025-03-27 23:12:33.182291   Prev. country: ua
2025-03-27 23:12:33.182296   Cur. country: gb

2025-03-27 23:12:33.182493   Set "en" language and "gb" country =>
2025-03-27 23:12:33.182514   Current page URL = https://capital.com/en-gb
2025-03-27 23:12:33.185449   self.link = https://capital.com/en-gb
2025-03-27 23:12:33.185460   driver.get(https://capital.com/en-gb) =>
2025-03-27 23:12:35.509911   => Loaded page https://capital.com/en-gb
2025-03-27 23:12:35.516464   => Language is set to 'en'
2025-03-27 23:12:35.516477   => Country is set to 'gb'
2025-03-27 23:12:35.516484   => Current URL - https://capital.com/en-gb

2025-03-27 23:12:35.524039   => Current URL - https://capital.com/en-gb

2025-03-27 23:12:35.524058   => END PRECONDITIONS

2025-03-27 23:12:35.524231   START Open "Trading" menu, "Spread betting" submenu =>

2025-03-27 23:12:35.524242   1. Cur URL = https://capital.com/en-gb

2025-03-27 23:12:35.526776   2. Link = https://capital.com/en-gb
2025-03-27 23:12:35.526787   current_page = https://capital.com/en-gb
2025-03-27 23:12:35.529176   link = https://capital.com/en-gb
2025-03-27 23:12:36.040044   => 'Trading' menu is present
2025-03-27 23:12:36.052913   => 'Trading' menu is visible
2025-03-27 23:12:37.508558   => Focus moved to 'Trading' menu
2025-03-27 23:12:42.633822   => 'Spread betting' submenu not visible
2025-03-27 23:12:42.633854   Save current screenshot into PNG file
