{'width': 1280, 'height': 800}

2024-04-19 13:37:21.514281   worker_id = master

2024-04-19 13:37:21.514295   0. Allure grouping v4

2024-04-19 13:37:21.514480   START PRECONDITIONS =>

2024-04-19 13:37:21.514495   => URL after prev. preconditions - https://capital.com/
2024-04-19 13:37:21.514505   => flag_of_bug - False
2024-04-19 13:37:21.514516   => Current URL - https://capital.com/trading/platform/
2024-04-19 13:37:21.519692   Current page URL = https://capital.com/trading/platform/
2024-04-19 13:37:21.523273   self.link = https://capital.com/
2024-04-19 13:37:21.523289   driver.get(https://capital.com/) =>
2024-04-19 13:37:23.426496   => Loaded page https://capital.com/

2024-04-19 13:37:23.431179   => Windows size - {'width': 1280, 'height': 800}
2024-04-19 13:37:23.432590   Set windows position at (0, 0) =>
2024-04-19 13:37:23.534984   Set resolution 1280 * 800 =>
2024-04-19 13:37:23.637790   => Windows size is set to {'width': 1280, 'height': 800}

2024-04-19 13:37:24.687461   Капчи нет. Идем дальше

2024-04-19 13:37:24.687562   Работа с куками =>

2024-04-19 13:37:24.687577   => не требуется

2024-04-19 13:37:24.687587   Prev. country - 'de'
2024-04-19 13:37:24.687596   Cur. country - 'de'
2024-04-19 13:37:24.687605   => Country set to 'de'

2024-04-19 13:37:24.687615   Prev. language - 'en'
2024-04-19 13:37:24.687623   Cur. language - 'en'
2024-04-19 13:37:24.687632   => Language is set to 'en'

2024-04-19 13:37:24.687641   Prev. role - 'NoReg'
2024-04-19 13:37:24.687649   Cur. role - 'NoReg'
2024-04-19 13:37:24.687658   => The 'NoReg' role is set

2024-04-19 13:37:24.692936   => Current URL - https://capital.com/

2024-04-19 13:37:24.692969   => THE END PRECONDITIONS

2024-04-19 13:37:24.693063   1. Arrange_v0
2024-04-19 13:37:24.693079   current_page = https://capital.com/
2024-04-19 13:37:24.695700   link = https://capital.com/swing-trading
2024-04-19 13:37:24.698410   Current page URL = https://capital.com/
2024-04-19 13:37:24.700892   self.link = https://capital.com/swing-trading
2024-04-19 13:37:24.700906   driver.get(https://capital.com/swing-trading) =>
2024-04-19 13:37:26.400548   => Loaded page https://capital.com/swing-trading
2024-04-19 13:37:26.405387   BUTTON_CREATE_YOUR_ACCOUNT is located on the page? =>

2024-04-19 13:37:26.414338   2. Act_v0: Define of locator

2024-04-19 13:37:26.414379   2. Act_v0: Go to web element

2024-04-19 13:37:27.457510   2. Act_v0: Click web element
2024-04-19 13:37:27.484158   => BUTTON_CREATE_YOUR_ACCOUNT is clicked

2024-04-19 13:37:27.484391   3. Assert_v0
2024-04-19 13:37:27.484484   Start step Check that [Sign up] form is opened
2024-04-19 13:37:27.689081   'Sign up' form opened
2024-04-19 13:37:27.689126   Assert SIGNUP_HEADER =>
2024-04-19 13:37:27.705442   Assert SIGNUP_REF_LOGIN =>
2024-04-19 13:37:27.719559   Assert SIGNUP_PRIVACY_POLICY_ALL_2 =>
2024-04-19 13:37:27.736163   => SIGNUP_PRIVACY_POLICY_ALL
2024-04-19 13:37:27.736208   => 'Signup' form is checked
2024-04-19 13:37:27.736384   Start step Close [Sign up] form =>
2024-04-19 13:37:27.820646   => 'Signup' form closed
2024-04-19 13:37:28.106419   => Focus moved to 'capital*com' logo

2024-04-19 13:37:28.249294   *** end fixture Browser = teardown ***

