{'width': 1280, 'height': 800}

2024-04-19 13:16:44.272196   worker_id = master

2024-04-19 13:16:44.272210   0. Allure grouping v4

2024-04-19 13:16:44.272399   START PRECONDITIONS =>

2024-04-19 13:16:44.272414   => URL after prev. preconditions - https://capital.com/
2024-04-19 13:16:44.272424   => flag_of_bug - False
2024-04-19 13:16:44.272434   => Current URL - https://apps.apple.com/ie/app/capital-com-trading-finance/id1230088754?mt=8
2024-04-19 13:16:44.278015   Current page URL = https://apps.apple.com/ie/app/capital-com-trading-finance/id1230088754?mt=8
2024-04-19 13:16:44.280554   self.link = https://capital.com/
2024-04-19 13:16:44.280568   driver.get(https://capital.com/) =>
2024-04-19 13:16:46.140638   => Loaded page https://capital.com/

2024-04-19 13:16:46.145674   => Windows size - {'width': 1280, 'height': 800}
2024-04-19 13:16:46.147081   Set windows position at (0, 0) =>
2024-04-19 13:16:46.249399   Set resolution 1280 * 800 =>
2024-04-19 13:16:46.352030   => Windows size is set to {'width': 1280, 'height': 800}

2024-04-19 13:16:47.357850   Капчи нет. Идем дальше

2024-04-19 13:16:47.357951   Работа с куками =>

2024-04-19 13:16:47.357966   => не требуется

2024-04-19 13:16:47.357975   Prev. country - 'de'
2024-04-19 13:16:47.357985   Cur. country - 'de'
2024-04-19 13:16:47.357994   => Country set to 'de'

2024-04-19 13:16:47.358003   Prev. language - 'en'
2024-04-19 13:16:47.358012   Cur. language - 'en'
2024-04-19 13:16:47.358021   => Language is set to 'en'

2024-04-19 13:16:47.358030   Prev. role - 'NoReg'
2024-04-19 13:16:47.358038   Cur. role - 'NoReg'
2024-04-19 13:16:47.358047   => The 'NoReg' role is set

2024-04-19 13:16:47.360792   => Current URL - https://capital.com/

2024-04-19 13:16:47.360813   => THE END PRECONDITIONS

2024-04-19 13:16:47.360860   1. Arrange
2024-04-19 13:16:47.360874   current_page = https://capital.com/
2024-04-19 13:16:47.363505   link = https://capital.com/trend-trading
2024-04-19 13:16:47.366068   Current page URL = https://capital.com/
2024-04-19 13:16:47.368543   self.link = https://capital.com/trend-trading
2024-04-19 13:16:47.368557   driver.get(https://capital.com/trend-trading) =>
2024-04-19 13:16:49.135565   => Loaded page https://capital.com/trend-trading
2024-04-19 13:16:49.140401   Is visible BUTTON_EXPLORE_WEB_PLATFORM? =>
2024-04-19 13:16:49.156641   => BUTTON_EXPLORE_WEB_PLATFORM is visible on the page!

2024-04-19 13:16:49.156839   2. Act
2024-04-19 13:16:49.164751   1 checking element(s) with current CSS locator is(are) present(s) on this page
2024-04-19 13:16:49.798595   => BUTTON_EXPLORE_WEB_PLATFORM IS CLICKED

2024-04-19 13:16:49.798871   3. Assert_v0
2024-04-19 13:16:49.799017   Start method Check that [Sign up] page opened =>
2024-04-19 13:16:49.802146   'Sign up' page opened on the Trading Platform
2024-04-19 13:16:49.802168   SIGNUP_FRAME =>
2024-04-19 13:16:51.511483   INPUT_EMAIL =>
2024-04-19 13:16:51.528410   INPUT_PASS =>
2024-04-19 13:16:51.563426   BUTTON_CONTINUE =>
