


Current market - Forex



Current sort - Most traded
{'width': 1280, 'height': 800}

2024-04-19 09:39:20.495824   worker_id = master

2024-04-19 09:39:20.495846   0. Allure grouping v4

2024-04-19 09:39:20.496132   START PRECONDITIONS =>

2024-04-19 09:39:20.496155   => URL after prev. preconditions - https://capital.com/
2024-04-19 09:39:20.496170   => flag_of_bug - False
2024-04-19 09:39:20.496187   => Current URL - https://capital.com/derivative-financial-instruments
2024-04-19 09:39:20.502525   Current page URL = https://capital.com/derivative-financial-instruments
2024-04-19 09:39:20.504817   self.link = https://capital.com/
2024-04-19 09:39:20.504830   driver.get(https://capital.com/) =>
2024-04-19 09:39:22.248338   => Loaded page https://capital.com/

2024-04-19 09:39:22.252740   => Windows size - {'width': 1280, 'height': 800}
2024-04-19 09:39:22.254147   Set windows position at (0, 0) =>
2024-04-19 09:39:22.356387   Set resolution 1280 * 800 =>
2024-04-19 09:39:22.459032   => Windows size is set to {'width': 1280, 'height': 800}

2024-04-19 09:39:23.494080   Капчи нет. Идем дальше

2024-04-19 09:39:23.494177   Работа с куками =>

2024-04-19 09:39:23.494191   => не требуется

2024-04-19 09:39:23.494200   Prev. country - 'de'
2024-04-19 09:39:23.494210   Cur. country - 'de'
2024-04-19 09:39:23.494219   => Country set to 'de'

2024-04-19 09:39:23.494227   Prev. language - 'en'
2024-04-19 09:39:23.494236   Cur. language - 'en'
2024-04-19 09:39:23.494245   => Language is set to 'en'

2024-04-19 09:39:23.494254   Prev. role - 'NoReg'
2024-04-19 09:39:23.494262   Cur. role - 'NoReg'
2024-04-19 09:39:23.494271   => The 'NoReg' role is set

2024-04-19 09:39:23.496970   => Current URL - https://capital.com/

2024-04-19 09:39:23.497041   => THE END PRECONDITIONS

2024-04-19 09:39:23.497229   START Open "Markets" menu, "All Markets" submenu =>

2024-04-19 09:39:23.497244   1. Cur URL = https://capital.com/

2024-04-19 09:39:23.499813   2. Link = https://capital.com/
2024-04-19 09:39:23.499828   current_page = https://capital.com/
2024-04-19 09:39:23.502268   link = https://capital.com/
2024-04-19 09:39:24.011466   => 'Markets' menu is present
2024-04-19 09:39:24.024329   => 'Markets' menu is visible
2024-04-19 09:39:25.294490   => Focus moved to 'Markets' menu
2024-04-19 09:39:25.300682   => 'Markets > All Markets' submenu is present
2024-04-19 09:39:26.939741   => Focus moved to 'capital*com' logo

2024-04-19 09:39:26.939788   3. Cur URL = https://capital.com/derivative-financial-instruments

2024-04-19 09:39:26.945278   1. Arrange for TABLE_TRADING_INSTRUMENTS and 'Most traded' cur_sort
2024-04-19 09:39:26.945301   current_page = https://capital.com/derivative-financial-instruments
2024-04-19 09:39:26.947766   link = https://capital.com/derivative-financial-instruments
2024-04-19 09:39:26.950184   TABLE_TRADING_INSTRUMENTS present on this page? =>
2024-04-19 09:39:26.955627   => TABLE_TRADING_INSTRUMENTS is present on the page!
2024-04-19 09:39:26.955655   IS MARKETS_LIST present on this page? =>
2024-04-19 09:39:26.960229   => MARKETS_LIST is present on the page!
2024-04-19 09:39:26.960253   Start scroll and click cur_market 'Forex' =>
2024-04-19 09:39:27.011014   => End Click cur_market "Forex"
2024-04-19 09:39:27.011073   IS FIELD_DROPDOWN_SORT present in the Live prices table? =>
2024-04-19 09:39:27.023228   =>  FIELD_DROPDOWN_SORT is present in the table!
2024-04-19 09:39:27.023276   Start scroll and click FIELD_DROPDOWN_SORT =>
2024-04-19 09:39:27.074878   Is item_sort_list visible on the FIELD_DROPDOWN_SORT ? =>
2024-04-19 09:39:27.088627   => item_sort_list is visible on the FIELD_DROPDOWN_SORT!
2024-04-19 09:39:27.088662   Is cur_sort "Most traded" present in item_sort_list? =>
2024-04-19 09:39:27.097749   => cur_sort "Most traded" is present in item_sort_list!
2024-04-19 09:39:27.097787   Start click cur_sort "Most traded" =>
2024-04-19 09:39:27.127264   => End Click cur_sort "Most traded"

2024-04-19 09:39:27.127319   Buttons [Sell] is visible and sum buttons no zero? =>
2024-04-19 09:39:27.139892   => Buttons [Sell] is visible and sum buttons no zero!

2024-04-19 09:39:27.139938   Start find 1 random buttons [Sell] on cur_sort "Most traded"=>
2024-04-19 09:39:27.147333   => End find 1 random buttons [Sell] on the cur_sort "Most traded"

2024-04-19 09:39:27.147377   List of random items = [2]
2024-04-19 09:39:27.147618   2. Act for trading instrument, "Most traded" cur_sort and "Forex" cur_market
2024-04-19 09:39:27.160199   Start click button [Sell] =>
2024-04-19 09:39:27.169050   =>   BUTTON_SELL on item with ID = 'None' is present
2024-04-19 09:39:27.169076   BUTTON_SELL on item with ID = 'None' scroll into view =>
2024-04-19 09:39:27.172223   => BUTTON_SELL on item with ID = 'None' scrolled into view
2024-04-19 09:39:27.172245   Check that BUTTON_SELL with item 'AUD/USD' clickable =>
2024-04-19 09:39:27.188951   => BUTTON_SELL is clickable
2024-04-19 09:39:27.962483   =>   BUTTON_SELL on item 'AUD/USD' clicked

2024-04-19 09:39:27.962718   3. Assert_v0
2024-04-19 09:39:27.962806   Start step Check that [Sign up] form is opened
2024-04-19 09:39:28.585013   'Sign up' form opened
2024-04-19 09:39:28.585068   Assert SIGNUP_HEADER =>
2024-04-19 09:39:28.597820   Assert SIGNUP_REF_LOGIN =>
2024-04-19 09:39:28.609974   Assert SIGNUP_PRIVACY_POLICY_ALL_2 =>
2024-04-19 09:39:28.621169   => SIGNUP_PRIVACY_POLICY_ALL
2024-04-19 09:39:28.621199   => 'Signup' form is checked
2024-04-19 09:39:28.621366   Start step Close [Sign up] form =>
2024-04-19 09:39:28.682456   => 'Signup' form closed
2024-04-19 09:39:28.960403   => Focus moved to 'capital*com' logo
