{'width': 1280, 'height': 800}

2024-04-19 11:29:35.570079   worker_id = master

2024-04-19 11:29:35.570093   0. Allure grouping v4

2024-04-19 11:29:35.570277   START PRECONDITIONS =>

2024-04-19 11:29:35.570293   => URL after prev. preconditions - https://capital.com/
2024-04-19 11:29:35.570302   => flag_of_bug - False
2024-04-19 11:29:35.570312   => Current URL - https://capital.com/cfds-vs-futures
2024-04-19 11:29:35.575444   Current page URL = https://capital.com/cfds-vs-futures
2024-04-19 11:29:35.578688   self.link = https://capital.com/
2024-04-19 11:29:35.578702   driver.get(https://capital.com/) =>
2024-04-19 11:29:37.324714   => Loaded page https://capital.com/

2024-04-19 11:29:37.331641   => Windows size - {'width': 1280, 'height': 800}
2024-04-19 11:29:37.333047   Set windows position at (0, 0) =>
2024-04-19 11:29:37.435334   Set resolution 1280 * 800 =>
2024-04-19 11:29:37.537832   => Windows size is set to {'width': 1280, 'height': 800}

2024-04-19 11:29:38.583498   Капчи нет. Идем дальше

2024-04-19 11:29:38.583595   Работа с куками =>

2024-04-19 11:29:38.583609   => не требуется

2024-04-19 11:29:38.583619   Prev. country - 'de'
2024-04-19 11:29:38.583628   Cur. country - 'de'
2024-04-19 11:29:38.583637   => Country set to 'de'

2024-04-19 11:29:38.583645   Prev. language - 'en'
2024-04-19 11:29:38.583654   Cur. language - 'en'
2024-04-19 11:29:38.583663   => Language is set to 'en'

2024-04-19 11:29:38.583672   Prev. role - 'NoReg'
2024-04-19 11:29:38.583681   Cur. role - 'NoReg'
2024-04-19 11:29:38.583689   => The 'NoReg' role is set

2024-04-19 11:29:38.586489   => Current URL - https://capital.com/

2024-04-19 11:29:38.586512   => THE END PRECONDITIONS

2024-04-19 11:29:38.586708   1. Arrange_v0
2024-04-19 11:29:38.586726   current_page = https://capital.com/
2024-04-19 11:29:38.589184   link = https://capital.com/cfds-vs-futures
2024-04-19 11:29:38.591614   Current page URL = https://capital.com/
2024-04-19 11:29:38.597396   self.link = https://capital.com/cfds-vs-futures
2024-04-19 11:29:38.597413   driver.get(https://capital.com/cfds-vs-futures) =>
2024-04-19 11:29:40.250354   => Loaded page https://capital.com/cfds-vs-futures
2024-04-19 11:29:40.263154   => BUTTON_TRY_DEMO is present on this page
2024-04-19 11:29:40.263185   BUTTON_TRY_DEMO scroll =>
2024-04-19 11:29:40.266585   BUTTON_TRY_DEMO is visible? =>
2024-04-19 11:29:40.279691   => BUTTON_TRY_DEMO is visible on this page

2024-04-19 11:29:40.279866   2. Act_v0
2024-04-19 11:29:40.285229   BUTTON_TRY_DEMO is clickable? =>
2024-04-19 11:29:40.305828   => BUTTON_TRY_DEMO clicked!

2024-04-19 11:29:40.306048   3. Assert_v0
2024-04-19 11:29:40.306136   Start step Check that [Sign up] form is opened
2024-04-19 11:29:40.640633   'Sign up' form opened
2024-04-19 11:29:40.640673   Assert SIGNUP_HEADER =>
2024-04-19 11:29:40.652076   Assert SIGNUP_REF_LOGIN =>
2024-04-19 11:29:40.662257   Assert SIGNUP_PRIVACY_POLICY_ALL_2 =>
2024-04-19 11:29:40.672944   => SIGNUP_PRIVACY_POLICY_ALL
2024-04-19 11:29:40.672995   => 'Signup' form is checked
2024-04-19 11:29:40.673173   Start step Close [Sign up] form =>
2024-04-19 11:29:40.725294   => 'Signup' form closed
2024-04-19 11:29:41.013542   => Focus moved to 'capital*com' logo
