{'width': 1280, 'height': 800}

2024-04-19 09:50:18.126238   worker_id = master

2024-04-19 09:50:18.126264   0. Allure grouping v4

2024-04-19 09:50:18.126606   START PRECONDITIONS =>

2024-04-19 09:50:18.126627   => URL after prev. preconditions - https://capital.com/
2024-04-19 09:50:18.126637   => flag_of_bug - False
2024-04-19 09:50:18.126648   => Current URL - https://capital.com/us-crude-oil-price
2024-04-19 09:50:18.136673   Current page URL = https://capital.com/us-crude-oil-price
2024-04-19 09:50:18.139546   self.link = https://capital.com/
2024-04-19 09:50:18.139560   driver.get(https://capital.com/) =>
2024-04-19 09:50:19.879591   => Loaded page https://capital.com/

2024-04-19 09:50:19.886929   => Windows size - {'width': 1280, 'height': 800}
2024-04-19 09:50:19.888472   Set windows position at (0, 0) =>
2024-04-19 09:50:19.990880   Set resolution 1280 * 800 =>
2024-04-19 09:50:20.093560   => Windows size is set to {'width': 1280, 'height': 800}

2024-04-19 09:50:21.144634   Капчи нет. Идем дальше

2024-04-19 09:50:21.144731   Работа с куками =>

2024-04-19 09:50:21.144745   => не требуется

2024-04-19 09:50:21.144755   Prev. country - 'de'
2024-04-19 09:50:21.144764   Cur. country - 'de'
2024-04-19 09:50:21.144773   => Country set to 'de'

2024-04-19 09:50:21.144782   Prev. language - 'en'
2024-04-19 09:50:21.144791   Cur. language - 'en'
2024-04-19 09:50:21.144799   => Language is set to 'en'

2024-04-19 09:50:21.144808   Prev. role - 'NoAuth'
2024-04-19 09:50:21.144817   Cur. role - 'NoAuth'
2024-04-19 09:50:21.144825   => The 'NoAuth' role is set

2024-04-19 09:50:21.147715   => Current URL - https://capital.com/

2024-04-19 09:50:21.147738   => THE END PRECONDITIONS

2024-04-19 09:50:21.147940   1. Arrange_v2
2024-04-19 09:50:21.147957   current_page = https://capital.com/
2024-04-19 09:50:21.154208   link = https://capital.com/us-crude-oil-price
2024-04-19 09:50:21.156811   Current page URL = https://capital.com/
2024-04-19 09:50:21.159373   self.link = https://capital.com/us-crude-oil-price
2024-04-19 09:50:21.159387   driver.get(https://capital.com/us-crude-oil-price) =>
2024-04-19 09:50:22.905017   => Loaded page https://capital.com/us-crude-oil-price
2024-04-19 09:50:22.909504   Is LONG_POSITION_OVERNIGHT_FEE present on the page? =>
2024-04-19 09:50:22.920774   => LONG_POSITION_OVERNIGHT_FEE is present on the page
2024-04-19 09:50:22.920817   LONG_POSITION_OVERNIGHT_FEE scroll =>
2024-04-19 09:50:22.924631   => LONG_POSITION_OVERNIGHT_FEE scrolled

2024-04-19 09:50:22.924802   2. Act_v2
2024-04-19 09:50:22.924817   LONG_POSITION_OVERNIGHT_FEE open =>
2024-04-19 09:50:23.717914   Is LONG_POSITION_OVERNIGHT_FEE open?  =>
2024-04-19 09:50:23.731492   => LONG_POSITION_OVERNIGHT_FEE opened
2024-04-19 09:50:23.731532   Move focus to button [Go to platform] and click on=>
2024-04-19 09:50:24.511800   => BUTTON_GO_TO_PLATFORM is clickable
2024-04-19 09:50:25.020550 => BUTTON_GO_TO_PLATFORM clicked

2024-04-19 09:50:25.020882   3. Assert_Login_v0
2024-04-19 09:50:25.021070   Check that 'Login' form is opened
2024-04-19 09:50:28.062506   'Login' form not opened
2024-04-19 09:50:28.062715   Check that new 'Login' form is opened
2024-04-19 09:50:31.102976   => New 'Login' form not opened
2024-04-19 09:50:31.105896   'Login' page not opened
2024-04-19 09:50:34.200599   'Login' form on trading platform not opened
2024-04-19 09:50:34.200801   Start step Check that [Sign up] form is opened
2024-04-19 09:50:37.299826   'Sign up' form not opened
2024-04-19 09:50:37.300026   Start step Check that new [Sign up] form is opened
2024-04-19 09:50:40.401029   => new 'Sign up' form not opened
2024-04-19 09:50:40.401242   Start method Check that [Sign up] page opened =>
2024-04-19 09:50:41.405254   'Sign up' page not opened
2024-04-19 09:50:41.405466   Check that [Sign up] form on trading platform opened =>
2024-04-19 09:50:41.422037   => 'Sign up' form on trading platform page opened
2024-04-19 09:50:41.422073   Assert SIGNUP_HEADER =>
2024-04-19 09:50:41.437120   => SIGNUP_HEADER is OK
2024-04-19 09:50:41.437173   Assert SIGNUP_PRIVACY_POLICY_ALL_1 =>
2024-04-19 09:50:41.450083   => SIGNUP_PRIVACY_POLICY_ALL_1 is OK
2024-04-19 09:50:41.450117   Assert SIGNUP_REF_LOGIN =>
2024-04-19 09:50:41.463351   => SIGNUP_REF_LOGIN is OK
2024-04-19 09:50:41.463387   => 'Signup' form on trading platform page is checked

Bug: Bid:01.01.01_003-en.de.NoAuth

2024-04-19 09:50:41.463455   Проверка бага в таблице ретеста  =>

2024-04-19 09:50:41.808657   4. Fixing one row check results into Google Sheet Bugs Report =>
1 cells updated.
2024-04-19 09:50:42.170311   => 4. One row check results into Google Sheet Bugs Report fixed

2024-04-19 09:50:43.389123   4. Fixing one row check results into Google Sheet Bugs Report =>
1 cells updated.
2024-04-19 09:50:43.568720   => 4. One row check results into Google Sheet Bugs Report fixed

2024-04-19 09:50:43.568804   Баг Bid:01.01.01_003-en.de.NoAuth уже существует, но у него изменился тип с  на 07

2024-04-19 09:50:43.569029   4. Fixing one row check results into Google Sheet Bugs Report =>
1 cells updated.
2024-04-19 09:50:43.821337   => 4. One row check results into Google Sheet Bugs Report fixed

2024-04-19 09:50:43.823228   Баг Bid:01.01.01_003-en.de.NoAuth-07 обнаружен ранее и уже находится в 'Bugs Report Auto detect'
