{'width': 1280, 'height': 800}

2024-04-19 13:44:15.368265   worker_id = master

2024-04-19 13:44:15.368280   0. Allure grouping v4

2024-04-19 13:44:15.368476   START PRECONDITIONS =>

2024-04-19 13:44:15.368492   => URL after prev. preconditions - https://capital.com/
2024-04-19 13:44:15.368502   => flag_of_bug - False
2024-04-19 13:44:15.368513   => Current URL - https://capital.com/familiarity-bias
2024-04-19 13:44:15.375707   Current page URL = https://capital.com/familiarity-bias
2024-04-19 13:44:15.397281   self.link = https://capital.com/
2024-04-19 13:44:15.397300   driver.get(https://capital.com/) =>
2024-04-19 13:44:17.283245   => Loaded page https://capital.com/

2024-04-19 13:44:17.290526   => Windows size - {'width': 1280, 'height': 800}
2024-04-19 13:44:17.291983   Set windows position at (0, 0) =>
2024-04-19 13:44:17.395833   Set resolution 1280 * 800 =>
2024-04-19 13:44:17.498737   => Windows size is set to {'width': 1280, 'height': 800}

2024-04-19 13:44:18.550643   Капчи нет. Идем дальше

2024-04-19 13:44:18.550740   Работа с куками =>

2024-04-19 13:44:18.550754   => не требуется

2024-04-19 13:44:18.550764   Prev. country - 'de'
2024-04-19 13:44:18.550774   Cur. country - 'de'
2024-04-19 13:44:18.550783   => Country set to 'de'

2024-04-19 13:44:18.550793   Prev. language - 'en'
2024-04-19 13:44:18.550801   Cur. language - 'en'
2024-04-19 13:44:18.550810   => Language is set to 'en'

2024-04-19 13:44:18.550819   Prev. role - 'Auth'
2024-04-19 13:44:18.550828   Cur. role - 'Auth'
2024-04-19 13:44:18.550836   => The 'Auth' role is set

2024-04-19 13:44:18.553611   => Current URL - https://capital.com/

2024-04-19 13:44:18.553634   => THE END PRECONDITIONS

2024-04-19 13:44:18.553901   1. Arrange_v0
2024-04-19 13:44:18.553929   current_page = https://capital.com/
2024-04-19 13:44:18.558353   link = https://capital.com/familiarity-bias
2024-04-19 13:44:18.560815   Current page URL = https://capital.com/
2024-04-19 13:44:18.563409   self.link = https://capital.com/familiarity-bias
2024-04-19 13:44:18.563423   driver.get(https://capital.com/familiarity-bias) =>
2024-04-19 13:44:20.445875   => Loaded page https://capital.com/familiarity-bias
2024-04-19 13:44:20.459912   => BUTTON_TRY_DEMO is present on this page
2024-04-19 13:44:20.459946   BUTTON_TRY_DEMO scroll =>
2024-04-19 13:44:20.463225   BUTTON_TRY_DEMO is visible? =>
2024-04-19 13:44:20.476328   => BUTTON_TRY_DEMO is visible on this page

2024-04-19 13:44:20.476491   2. Act_v0
2024-04-19 13:44:20.481650   BUTTON_TRY_DEMO is clickable? =>
2024-04-19 13:44:20.502588   => BUTTON_TRY_DEMO clicked!

2024-04-19 13:44:20.502817   3. Assert_v4

2024-04-19 13:44:20.502837   
2024-04-19 13:44:20.502939   Checking that the trading platform page has opened (v4) =>
2024-04-19 13:44:21.603387   Checking way # 1 => 

2024-04-19 13:44:21.603616   1. Checking that the Trading platform (or TradingView site) page has valid title =>
2024-04-19 13:44:21.606104   => The title of current page is 'Trading Platform | Capital.com'

2024-04-19 13:44:21.606174   2. Checking that the LOGO is present on the page =>
2024-04-19 13:44:22.498327   => 'capital*com' logo is present on the current page

2024-04-19 13:44:22.498371   tpd = True
2024-04-19 13:44:22.498412   3.1. Checking that the Trading platform opened in DEMO mode =>
2024-04-19 13:44:22.511238   => The page with https://capital.com/trading/platform/?mode=demo url was opened in DEMO mode
2024-04-19 13:44:23.337212   => Driver.backed
