{'width': 1920, 'height': 1080}

2024-10-23 05:25:27.723488   worker_id = master

2024-10-23 05:25:27.723503   0. Allure grouping for US_55


2024-10-23 05:25:27.723699   START NEW PRECONDITIONS =>

2024-10-23 05:25:27.723715   => URL after prev. preconditions - https://capital.com/en-gb
2024-10-23 05:25:27.723724   => flag_of_bug - True
2024-10-23 05:25:27.723736   => Current URL - https://capital.com/ar-ae/trading-platforms/web-platform
2024-10-23 05:25:27.729833   Current page URL = https://capital.com/ar-ae/trading-platforms/web-platform
2024-10-23 05:25:27.732553   self.link = https://capital.com/en-gb
2024-10-23 05:25:27.732567   driver.get(https://capital.com/en-gb) =>
2024-10-23 05:25:28.983604   => Loaded page https://capital.com/en-gb

2024-10-23 05:25:29.019391   => Windows size: {'width': 1920, 'height': 1080}

2024-10-23 05:25:29.020901   Set windows position at (0, 0) =>

2024-10-23 05:25:29.022739   Set resolution 1920 * 1080 =>

2024-10-23 05:25:29.027240   => Resolution set {'width': 1920, 'height': 1080}

2024-10-23 05:25:29.028578   Работа с куками =>
2024-10-23 05:25:29.028592   Prev. role - 'NoReg'
2024-10-23 05:25:29.028602   Current testing role - 'Auth'

2024-10-23 05:25:29.028610   All cookies must be delete =>
2024-10-23 05:25:29.084793   => All cookies are deleted
2024-10-23 05:25:29.084829   Current page URL = https://capital.com/en-gb
2024-10-23 05:25:29.087519   self.link = https://capital.com/en-gb
2024-10-23 05:25:29.087533   driver.get(https://capital.com/en-gb) =>
2024-10-23 05:25:30.353769   => Loaded page https://capital.com/en-gb

2024-10-23 05:25:30.361637   Step 'Click button [Accept all cookies]'
2024-10-23 05:25:30.361649   Is Visible Button [Accept all cookies]? =>
2024-10-23 05:25:31.597548   => Button [Accept all cookies] is visible
2024-10-23 05:25:32.097669   Is clickable Button [Accept all cookies] =>
2024-10-23 05:25:32.114877   => Button [Accept all cookies] is clickable
2024-10-23 05:25:32.114913   Click Button [Accept all cookies] =>
2024-10-23 05:25:32.318715   => Button [Accept all cookies] is clicked
2024-10-23 05:25:32.318764   => Accepted All Cookies

2024-10-23 05:25:32.818883   Prev. role - 'NoReg'
2024-10-23 05:25:32.818954   Cur. role - 'Auth'

2024-10-23 05:25:32.819205   Start Autorization
2024-10-23 05:25:32.919292   => 'Login' form is opened
2024-10-23 05:25:33.135654   => "login" and "password" are inputted
2024-10-23 05:25:33.135698   Click [Continue] button on [Login] form =>
2024-10-23 05:25:33.197953   => [Continue] button on [Login] form is clicked
2024-10-23 05:25:33.197999   Set timeout = 30
2024-10-23 05:25:34.080782   => Page with 'Trading Platform | Capital.com' title opened

2024-10-23 05:25:34.080877   2. Checking that the LOGO is present on the page =>
2024-10-23 05:25:35.497254   => 'capital*com' logo is present on the current page

2024-10-23 05:25:35.829234   => The 'Auth' role is set

2024-10-23 05:25:35.829287   Prev. language: ?
2024-10-23 05:25:35.829301   Cur. language - 'ar'

2024-10-23 05:25:35.829314   Prev. country: ?

2024-10-23 05:25:35.829326   Cur. country: ae
2024-10-23 05:25:35.829338   Set 'ar' language and 'ae' country =>
2024-10-23 05:25:35.829534   Set "ar" language and "ae" country =>
2024-10-23 05:25:35.829559   Current page URL = https://capital.com/en-gb
2024-10-23 05:25:35.876319   self.link = https://capital.com/ar-ae
2024-10-23 05:25:35.876352   driver.get(https://capital.com/ar-ae) =>
2024-10-23 05:25:37.148379   => Loaded page https://capital.com/ar-ae
2024-10-23 05:25:37.186572   => Language is set to 'ar'
2024-10-23 05:25:37.186594   => Country is set to 'ae'
2024-10-23 05:25:37.186603   => Current URL - https://capital.com/ar-ae

2024-10-23 05:25:37.196837   => Current URL - https://capital.com/ar-ae

2024-10-23 05:25:37.196866   => THE END PRECONDITIONS

2024-10-23 05:25:37.197076   START Open "Trading" menu, "Web platform" submenu =>

2024-10-23 05:25:37.197092   1. Cur URL = https://capital.com/ar-ae

2024-10-23 05:25:37.199659   2. Link = https://capital.com/ar-ae
2024-10-23 05:25:37.199675   current_page = https://capital.com/ar-ae
2024-10-23 05:25:37.202268   link = https://capital.com/ar-ae
2024-10-23 05:25:37.714561   => 'Trading' menu is present
2024-10-23 05:25:37.732469   => 'Trading' menu is visible
2024-10-23 05:25:39.307851   => Focus moved to 'Trading' menu
2024-10-23 05:25:39.324175   => 'Web platform' submenu is visible
2024-10-23 05:25:40.104175   => 'Web platform' sub-menu clicked
2024-10-23 05:25:45.407151   => Focus moved to 'capital*com' logo
2024-10-23 05:25:45.407194   3. Cur URL = https://capital.com/ar-ae/trading-platforms/web-platform

2024-10-23 05:25:45.413118   1. Arrange
2024-10-23 05:25:45.413142   current_page = https://capital.com/ar-ae/trading-platforms/web-platform
2024-10-23 05:25:45.415812   link = https://capital.com/ar-ae/trading-platforms/web-platform
2024-10-23 05:25:45.418626    Scroll down to the block 'دوات لإدارة المخاطر' (Risk-management tools)

2024-10-23 05:25:45.427512   2. Assert
2024-10-23 05:25:45.427536   Check the text
2024-10-23 05:25:45.437863   The text 'وقف الخسائر المتحركة' is a link
