{'width': 1280, 'height': 720}

2023-12-27 10:58:01.066795   worker_id = master

2023-12-27 10:58:01.066812   0. Allure grouping v4


2023-12-27 10:58:01.066957   START PRECONDITIONS =>


2023-12-27 10:58:01.066971   {'width': 1280, 'height': 720}

2023-12-27 10:58:01.068165   Set windows position at (320, 180) =>

2023-12-27 10:58:01.171019   Set resolution 1280 * 720 =>

2023-12-27 10:58:01.274689   => Resolution seted {'width': 1280, 'height': 720}

2023-12-27 10:58:05.327423   Капчи нет. Тестим дальше

2023-12-27 10:58:05.327468   Prev. Role: NoAuth

2023-12-27 10:58:05.327478   Current role: NoAuth

2023-12-27 10:58:05.327486   Prev language: en

2023-12-27 10:58:05.327494   => Current language: en

2023-12-27 10:58:05.327502   Prev country: de

2023-12-27 10:58:05.327509   => Current country: de

2023-12-27 10:58:05.327517   => THE END PRECONDITIONS

2023-12-27 10:58:05.327571   1. Arrange_v0
2023-12-27 10:58:05.732015   Load page https://capital.com/trade-gbpjpy
2023-12-27 10:58:05.797004   BUTTON_START_TRADING scroll =>
2023-12-27 10:58:06.001067   BUTTON_START_TRADING is visible? =>
2023-12-27 10:58:06.051811   => BUTTON_START_TRADING is visible on the page!

2023-12-27 10:58:06.052003   2. Act_v0
2023-12-27 10:58:06.052022   Start Click button [Start Trading] =>
2023-12-27 10:58:06.082201   BUTTON_START_TRADING is clickable? =>
2023-12-27 10:58:06.096129   BUTTON_START_TRADING click =>
2023-12-27 10:58:06.181679   => BUTTON_START_TRADING clicked

2023-12-27 10:58:06.181930   3. Assert_Login_v0
2023-12-27 10:58:10.723058   'Login' form not opened
2023-12-27 10:58:10.726587   'Login' page not opened
2023-12-27 10:58:15.262384   'Login' form on trading platform not opened
2023-12-27 10:58:15.262575   Start step Check that [Sign up] form is opened
2023-12-27 10:58:15.277210   'Sign up' form opened
2023-12-27 10:58:15.277234   Assert SIGNUP_HEADER =>
2023-12-27 10:58:15.288991   Assert SIGNUP_REF_LOGIN =>
2023-12-27 10:58:15.300048   Assert SIGNUP_PRIVACY_POLICY_ALL_2 =>
2023-12-27 10:58:15.310638   => SIGNUP_PRIVACY_POLICY_ALL
2023-12-27 10:58:15.310659   => 'Signup' form is checked
