


Current market - ETFs
{'width': 1280, 'height': 800}

2024-04-26 10:57:06.786442   worker_id = master

2024-04-26 10:57:06.786463   0. Allure grouping v4

2024-04-26 10:57:06.786749   START PRECONDITIONS =>

2024-04-26 10:57:06.786775   => URL after prev. preconditions - https://capital.com/
2024-04-26 10:57:06.786791   => flag_of_bug - False
2024-04-26 10:57:06.786811   => Current URL - https://capital.com/

2024-04-26 10:57:06.797651   => Windows size - {'width': 1280, 'height': 800}
2024-04-26 10:57:06.799170   Set windows position at (0, 0) =>
2024-04-26 10:57:06.801301   Set resolution 1280 * 800 =>
2024-04-26 10:57:06.803016   => Windows size is set to {'width': 1280, 'height': 800}

2024-04-26 10:57:07.810071   Капчи нет. Идем дальше

2024-04-26 10:57:07.810168   Работа с куками =>

2024-04-26 10:57:07.810182   => не требуется

2024-04-26 10:57:07.810192   Prev. country - 'de'
2024-04-26 10:57:07.810201   Cur. country - 'de'
2024-04-26 10:57:07.810210   => Country set to 'de'

2024-04-26 10:57:07.810219   Prev. language - 'en'
2024-04-26 10:57:07.810228   Cur. language - 'en'
2024-04-26 10:57:07.810237   => Language is set to 'en'

2024-04-26 10:57:07.810245   Prev. role - 'NoAuth'
2024-04-26 10:57:07.810254   Cur. role - 'NoAuth'
2024-04-26 10:57:07.810262   => The 'NoAuth' role is set

2024-04-26 10:57:07.813216   => Current URL - https://capital.com/

2024-04-26 10:57:07.813242   => THE END PRECONDITIONS

2024-04-26 10:57:07.813305   1. Arrange for 'Trading instrument' widget: 'ETFs' market
2024-04-26 10:57:07.813319   current_page = https://capital.com/
2024-04-26 10:57:07.815942   link = https://capital.com/

2024-04-26 10:57:07.818452   IS 'Trading instrument' widget present on this page? =>
2024-04-26 10:57:07.825877   => 'Trading instrument' widget present on this page!

2024-04-26 10:57:07.834294   IS 'Trading instrument' widget visible on this page? =>
2024-04-26 10:57:07.865536   => 'Trading instrument' widget is visible on this page!

2024-04-26 10:57:07.865581   IS MARKET 'ETFs' present on this page? =>
2024-04-26 10:57:07.878271   => MARKET 'ETFs' present on this page!

2024-04-26 10:57:07.888319   IS MARKET 'ETFs' visible on this page? =>
2024-04-26 10:57:09.949768   => MARKET 'ETFs' is NOT visible right now on page, but need to check in 'Meatballs menu'!
2024-04-26 10:57:09.960894   => 'Meatballs menu' button is present
2024-04-26 10:57:09.974540   => 'Meatballs menu' button is visible
2024-04-26 10:57:11.259127   => Focus is moved on 'Meatballs menu' button
2024-04-26 10:57:11.283491   => MARKET 'ETFs' is visible on this page!

2024-04-26 10:57:11.283533   Start Click Tab 'ETFs' MARKET =>
2024-04-26 10:57:11.283543   Check that Tab 'ETFs' MARKET is clickable =>
2024-04-26 10:57:11.301591   => Tab 'ETFs' MARKET is clickable
2024-04-26 10:57:11.362244   => End Click Tab 'ETFs' MARKET

2024-04-26 10:57:11.362289   Is Instruments present? =>
2024-04-26 10:57:11.369113   => Instruments is present on this page

2024-04-26 10:57:11.369146   Is Instruments visible? =>
2024-04-26 10:57:11.382267   => Instruments is visible on this page

2024-04-26 10:57:11.382307   Start find random buttons [Trade] on the TAB 'ETFs'=>
2024-04-26 10:57:11.382333   => End find '1' random buttons [Trade] from list [0] on the TAB 'ETFs'
2024-04-26 10:57:11.382511   2. Act for 'Trading instrument' widget and 'ETFs' tab 0-item from item list [0]
2024-04-26 10:57:11.382529   Start Click button TAB 'ETFs' in METHOD: element_click =>
2024-04-26 10:57:11.396398   IS MARKET 'ETFs' visible on this page? =>
2024-04-26 10:57:11.417051   Check that MARKET 'ETFs' is visible on this page =>
2024-04-26 10:57:11.432295   => MARKET 'ETFs' is visible on this page!
2024-04-26 10:57:11.432339   Tab 'ETFs' MARKET is scroll =>
2024-04-26 10:57:11.446199   => Tab 'ETFs' MARKET is scrolled
2024-04-26 10:57:11.446239   Check that Tab 'ETFs' MARKET is clickable =>
2024-04-26 10:57:11.459835   => Tab 'ETFs' MARKET is clickable
2024-04-26 10:57:11.485002   => End Click Tab 'ETFs' MARKET

2024-04-26 10:57:11.485044   Start get name of trading instrument =>
2024-04-26 10:57:11.500764   => Name of trading instrument: Direxion Daily Semiconductor Bull 3X Shares (Extended Hours)

2024-04-26 10:57:11.500804   Start click button [Trade] =>
2024-04-26 10:57:11.576041   => Button [Trade] for 0-item clicked!


2024-04-26 10:57:11.576146   1. Arrange for 'Trading instrument' widget: 'ETFs' market

2024-04-26 10:57:11.576308   3. Assert_Login_v0
2024-04-26 10:57:11.576393   Check that 'Login' form is opened
2024-04-26 10:57:12.342785   'Login' form opened
2024-04-26 10:57:12.342844   Assert LOGIN_REF_SIGNUP =>
2024-04-26 10:57:12.354488   Assert LOGIN_CHECKBOX =>
2024-04-26 10:57:12.367829   Assert LOGIN_PASS_FORGOT =>
2024-04-26 10:57:12.382752   => 'Login' form is checked
2024-04-26 10:57:12.400216   Click 'Close' button on 'Login' form =>
2024-04-26 10:57:12.740983   => Focus moved to 'capital*com' logo
2024-04-26 10:57:12.741029   => 'Login' form closed
