{'width': 1280, 'height': 720}

2024-02-01 22:38:28.227381   worker_id = master

2024-02-01 22:38:28.227394   0. Allure grouping v4


2024-02-01 22:38:28.227551   START PRECONDITIONS =>


2024-02-01 22:38:28.227565   {'width': 1280, 'height': 720}

2024-02-01 22:38:28.228916   Set windows position at (0, 0) =>

2024-02-01 22:38:28.331005   Set resolution 1280 * 720 =>

2024-02-01 22:38:28.433341   => Resolution seted {'width': 1280, 'height': 720}

2024-02-01 22:38:29.472490   Капчи нет. Идем дальше

2024-02-01 22:38:29.472572   Prev. Role: NoReg

2024-02-01 22:38:29.472584   Current role: NoReg

2024-02-01 22:38:30.507291   Капчи нет. Идем дальше

2024-02-01 22:38:30.507377   Prev language: en

2024-02-01 22:38:30.507389   => Current language: en

2024-02-01 22:38:31.540085   Капчи нет. Идем дальше

2024-02-01 22:38:31.540164   Prev country: de
2024-02-01 22:38:31.540176   => Current country: de

2024-02-01 22:38:31.540185   => THE END PRECONDITIONS

2024-02-01 22:38:31.540213   1. Cur URL = https://capital.com/trade-stocks

2024-02-01 22:38:31.543035   2. Link = https://capital.com/
2024-02-01 22:38:31.545501   Current page URL = https://capital.com/trade-stocks
2024-02-01 22:38:32.176504   => Loaded page https://capital.com/
2024-02-01 22:38:32.689048   => Education menu is present
2024-02-01 22:38:32.699824   => Education menu is visible
2024-02-01 22:38:33.979681   => Education menu focus moved


2024-02-01 22:38:36.154273   => Shares trading sub-menu clicked

2024-02-01 22:38:36.158234   1. Arrange_v0
2024-02-01 22:38:36.161875   BUTTON_TRY_DEMO is visible? =>
2024-02-01 22:38:36.190739   => BUTTON_TRY_DEMO is visible on the page!

2024-02-01 22:38:36.190897   2. Act_v0
2024-02-01 22:38:36.190911   BUTTON_TRY_DEMO is present? =>
2024-02-01 22:38:36.199920   => BUTTON_TRY_DEMO is present on the page!
2024-02-01 22:38:36.199976   BUTTON_TRY_DEMO scroll =>
2024-02-01 22:38:36.251531   => BUTTON_TRY_DEMO clicked!

2024-02-01 22:38:36.251740   3. Assert_v0
2024-02-01 22:38:36.251814   Start step Check that [Sign up] form is opened
2024-02-01 22:38:36.436954   'Sign up' form opened
2024-02-01 22:38:36.436996   Assert SIGNUP_HEADER =>
2024-02-01 22:38:36.449668   Assert SIGNUP_REF_LOGIN =>
2024-02-01 22:38:36.464022   Assert SIGNUP_PRIVACY_POLICY_ALL_2 =>
2024-02-01 22:38:36.475679   => SIGNUP_PRIVACY_POLICY_ALL
2024-02-01 22:38:36.475715   => 'Signup' form is checked
2024-02-01 22:38:36.475860   Start step Close [Sign up] form =>
2024-02-01 22:38:36.577507   => 'Signup' form closed
