{'width': 1280, 'height': 800}

2024-04-26 11:08:48.953712   worker_id = master

2024-04-26 11:08:48.953731   0. Allure grouping v4

2024-04-26 11:08:48.953996   START PRECONDITIONS =>

2024-04-26 11:08:48.954015   => URL after prev. preconditions - https://capital.com/
2024-04-26 11:08:48.954024   => flag_of_bug - False
2024-04-26 11:08:48.954036   => Current URL - https://capital.com/derivative-financial-instruments
2024-04-26 11:08:48.959654   Current page URL = https://capital.com/derivative-financial-instruments
2024-04-26 11:08:48.962870   self.link = https://capital.com/
2024-04-26 11:08:48.962889   driver.get(https://capital.com/) =>
2024-04-26 11:08:50.623907   => Loaded page https://capital.com/

2024-04-26 11:08:50.631707   => Windows size - {'width': 1280, 'height': 800}
2024-04-26 11:08:50.633653   Set windows position at (0, 0) =>
2024-04-26 11:08:50.635798   Set resolution 1280 * 800 =>
2024-04-26 11:08:50.637653   => Windows size is set to {'width': 1280, 'height': 800}

2024-04-26 11:08:51.689546   Капчи нет. Идем дальше

2024-04-26 11:08:51.689638   Работа с куками =>

2024-04-26 11:08:51.689653   => не требуется

2024-04-26 11:08:51.689663   Prev. country - 'de'
2024-04-26 11:08:51.689672   Cur. country - 'de'
2024-04-26 11:08:51.689681   => Country set to 'de'

2024-04-26 11:08:51.689690   Prev. language - 'en'
2024-04-26 11:08:51.689699   Cur. language - 'en'
2024-04-26 11:08:51.689708   => Language is set to 'en'

2024-04-26 11:08:51.689717   Prev. role - 'NoReg'
2024-04-26 11:08:51.689725   Cur. role - 'NoReg'
2024-04-26 11:08:51.689734   => The 'NoReg' role is set

2024-04-26 11:08:51.692818   => Current URL - https://capital.com/

2024-04-26 11:08:51.692847   => THE END PRECONDITIONS

2024-04-26 11:08:51.693054   START Open "Markets" menu, "All Markets" submenu =>

2024-04-26 11:08:51.693071   1. Cur URL = https://capital.com/

2024-04-26 11:08:51.698315   2. Link = https://capital.com/
2024-04-26 11:08:51.698332   current_page = https://capital.com/
2024-04-26 11:08:51.701042   link = https://capital.com/
2024-04-26 11:08:52.210430   => 'Markets' menu is present
2024-04-26 11:08:52.226439   => 'Markets' menu is visible
2024-04-26 11:08:53.497666   => Focus moved to 'Markets' menu
2024-04-26 11:08:53.504105   => 'Markets > All Markets' submenu is present
2024-04-26 11:08:55.180365   => Focus moved to 'capital*com' logo

2024-04-26 11:08:55.180414   3. Cur URL = https://capital.com/derivative-financial-instruments

2024-04-26 11:08:55.186192   1. Arrange_v0
2024-04-26 11:08:55.186219   current_page = https://capital.com/derivative-financial-instruments
2024-04-26 11:08:55.188791   link = https://capital.com/derivative-financial-instruments
2024-04-26 11:08:55.191263   BUTTON_CREATE_YOUR_ACCOUNT is located on the page? =>

2024-04-26 11:08:55.202212   2. Act_v0: Define of locator

2024-04-26 11:08:55.202247   2. Act_v0: Go to web element

2024-04-26 11:08:56.269439   2. Act_v0: Click web element
2024-04-26 11:08:56.297633   => BUTTON_CREATE_YOUR_ACCOUNT is clicked

2024-04-26 11:08:56.297879   3. Assert_v0
2024-04-26 11:08:56.297986   Start step Check that [Sign up] form is opened
2024-04-26 11:08:57.852387   'Sign up' form opened
2024-04-26 11:08:57.852434   Assert SIGNUP_HEADER =>
2024-04-26 11:08:57.862602   Assert SIGNUP_REF_LOGIN =>
2024-04-26 11:08:57.873183   Assert SIGNUP_PRIVACY_POLICY_ALL_2 =>
2024-04-26 11:08:57.883134   => SIGNUP_PRIVACY_POLICY_ALL
2024-04-26 11:08:57.883172   => 'Signup' form is checked
2024-04-26 11:08:57.883341   Start step Close [Sign up] form =>
2024-04-26 11:08:57.938495   => 'Signup' form closed
2024-04-26 11:08:58.212588   => Focus moved to 'capital*com' logo
