{'width': 1280, 'height': 800}

2024-05-17 08:12:52.312353   worker_id = master

2024-05-17 08:12:52.312353   0. Allure grouping v4

2024-05-17 08:12:52.313356   START PRECONDITIONS =>

2024-05-17 08:12:52.313356   => URL after prev. preconditions - https://capital.com/es
2024-05-17 08:12:52.313356   => flag_of_bug - False
2024-05-17 08:12:52.313356   => Current URL - https://capital.com/es/trade-indices
2024-05-17 08:12:52.319867   Current page URL = https://capital.com/es/trade-indices
2024-05-17 08:12:52.321078   self.link = https://capital.com/es
2024-05-17 08:12:52.321078   driver.get(https://capital.com/es) =>
2024-05-17 08:12:53.949257   => Loaded page https://capital.com/es

2024-05-17 08:12:53.974989   => Windows size - {'width': 1280, 'height': 800}
2024-05-17 08:12:53.976985   Set windows position at (0, 0) =>
2024-05-17 08:12:53.978986   Set resolution 1280 * 800 =>
2024-05-17 08:12:53.981987   => Windows size is set to {'width': 1280, 'height': 800}

2024-05-17 08:12:54.992517   Капчи нет. Идем дальше

2024-05-17 08:12:54.992517   Работа с куками =>

2024-05-17 08:12:54.992517   => не требуется

2024-05-17 08:12:54.992517   Prev. country - 'de'
2024-05-17 08:12:54.992517   Cur. country - 'de'
2024-05-17 08:12:54.992517   => Country set to 'de'

2024-05-17 08:12:54.992517   Prev. language - 'es'
2024-05-17 08:12:54.992517   Cur. language - 'es'
2024-05-17 08:12:54.992517   => Language is set to 'es'

2024-05-17 08:12:54.992517   Prev. role - 'NoReg'
2024-05-17 08:12:54.992517   Cur. role - 'NoReg'
2024-05-17 08:12:54.992517   => The 'NoReg' role is set

2024-05-17 08:12:54.996516   => Current URL - https://capital.com/es

2024-05-17 08:12:54.996516   => THE END PRECONDITIONS

2024-05-17 08:12:54.996516   1. Cur URL = https://capital.com/es

2024-05-17 08:12:55.000511   2. Link = https://capital.com/es
2024-05-17 08:12:55.000511   current_page = https://capital.com/es
2024-05-17 08:12:55.003880   link = https://capital.com/es
2024-05-17 08:12:55.516054   => Education menu is present in DOM
2024-05-17 08:12:55.523442   => Education menu is visible
2024-05-17 08:12:56.808283   => Focus moved to Education menu
2024-05-17 08:12:58.794090   => Focus moved to 'capital*com' logo

2024-05-17 08:12:58.794090   3. Cur URL = https://capital.com/es/trade-indices

2024-05-17 08:12:58.802089   1. Arrange_v0
2024-05-17 08:12:58.802089   current_page = https://capital.com/es/trade-indices
2024-05-17 08:12:58.806379   link = https://capital.com/es/trade-indices
2024-05-17 08:12:58.817755   => BUTTON_TRY_DEMO is present on this page
2024-05-17 08:12:58.818805   BUTTON_TRY_DEMO scroll =>
2024-05-17 08:12:58.823650   BUTTON_TRY_DEMO is visible? =>
2024-05-17 08:12:58.839939   => BUTTON_TRY_DEMO is visible on this page

2024-05-17 08:12:58.839939   2. Act_v0
2024-05-17 08:12:58.858596   BUTTON_TRY_DEMO is clickable? =>
2024-05-17 08:12:58.885950   => BUTTON_TRY_DEMO clicked!

2024-05-17 08:12:58.887132   3. Assert_v0
2024-05-17 08:12:58.887348   Start step Check that [Sign up] form is opened
2024-05-17 08:12:59.113215   'Sign up' form opened
2024-05-17 08:12:59.113215   Assert SIGNUP_HEADER =>
2024-05-17 08:12:59.129420   Assert SIGNUP_REF_LOGIN =>
2024-05-17 08:12:59.145471   Assert SIGNUP_PRIVACY_POLICY_ALL_2 =>
2024-05-17 08:12:59.161521   => SIGNUP_PRIVACY_POLICY_ALL
2024-05-17 08:12:59.161521   => 'Signup' form is checked
2024-05-17 08:12:59.162512   Start step Close [Sign up] form =>
2024-05-17 08:12:59.283508   => 'Signup' form closed
2024-05-17 08:12:59.570263   => Focus moved to 'capital*com' logo
