{'width': 1280, 'height': 720}

2024-02-28 11:39:18.274026   worker_id = master

2024-02-28 11:39:18.274039   0. Allure grouping v4


2024-02-28 11:39:18.274241   START PRECONDITIONS =>


2024-02-28 11:39:18.274258   {'width': 1280, 'height': 720}

2024-02-28 11:39:18.275658   Set windows position at (0, 0) =>

2024-02-28 11:39:18.378125   Set resolution 1280 * 720 =>

2024-02-28 11:39:18.480913   => Resolution seted {'width': 1280, 'height': 720}

2024-02-28 11:39:19.517648   Капчи нет. Идем дальше

2024-02-28 11:39:19.517734   Prev. Role: NoAuth

2024-02-28 11:39:19.517747   Current role: NoAuth

2024-02-28 11:39:20.556624   Капчи нет. Идем дальше

2024-02-28 11:39:20.556721   Prev language: pl

2024-02-28 11:39:20.556734   => Current language: pl

2024-02-28 11:39:21.586657   Капчи нет. Идем дальше

2024-02-28 11:39:21.586751   Prev country: au
2024-02-28 11:39:21.586765   => Current country: au

2024-02-28 11:39:21.586774   => THE END PRECONDITIONS

2024-02-28 11:39:21.586955   1. Arrange_v0
2024-02-28 11:39:21.597892   => BUTTON_TRY_DEMO is present on this page
2024-02-28 11:39:21.597927   BUTTON_TRY_DEMO scroll =>
2024-02-28 11:39:21.603133   BUTTON_TRY_DEMO is visible? =>
2024-02-28 11:39:21.620029   => BUTTON_TRY_DEMO is visible on this page

2024-02-28 11:39:21.620203   2. Act_v0
2024-02-28 11:39:21.625305   BUTTON_TRY_DEMO is clickable? =>
2024-02-28 11:39:21.670588   => BUTTON_TRY_DEMO clicked!

2024-02-28 11:39:21.670826   3. Assert_Login_v0
2024-02-28 11:39:21.670909   Check that 'Login' form is opened
2024-02-28 11:39:24.776304   'Login' form not opened
2024-02-28 11:39:24.776493   Check that new 'Login' form is opened
2024-02-28 11:39:27.896932   => New 'Login' form not opened
2024-02-28 11:39:27.899989   'Login' page not opened
2024-02-28 11:39:30.999032   'Login' form on trading platform not opened
2024-02-28 11:39:30.999230   Start step Check that [Sign up] form is opened
2024-02-28 11:39:31.010813   'Sign up' form opened
2024-02-28 11:39:31.010841   Assert SIGNUP_HEADER =>
2024-02-28 11:39:31.022071   Assert SIGNUP_REF_LOGIN =>
2024-02-28 11:39:31.035666   Assert SIGNUP_PRIVACY_POLICY_ALL_2 =>
2024-02-28 11:39:31.047424   => SIGNUP_PRIVACY_POLICY_ALL
2024-02-28 11:39:31.047461   => 'Signup' form is checked
