{'width': 1280, 'height': 720}

2024-03-05 14:54:20.925810   worker_id = master

2024-03-05 14:54:20.925827   0. Allure grouping v4


2024-03-05 14:54:20.926096   START PRECONDITIONS =>


2024-03-05 14:54:20.926116   {'width': 1280, 'height': 720}

2024-03-05 14:54:20.927649   Set windows position at (0, 0) =>

2024-03-05 14:54:21.029906   Set resolution 1280 * 720 =>

2024-03-05 14:54:21.134045   => Resolution seted {'width': 1280, 'height': 720}

2024-03-05 14:54:22.181498   Капчи нет. Идем дальше

2024-03-05 14:54:22.181592   Prev. Role: NoAuth

2024-03-05 14:54:22.181605   Current role: NoAuth

2024-03-05 14:54:23.219090   Капчи нет. Идем дальше

2024-03-05 14:54:23.219182   Prev language: es

2024-03-05 14:54:23.219195   => Current language: es

2024-03-05 14:54:24.225929   Капчи нет. Идем дальше

2024-03-05 14:54:24.226022   Prev country: au
2024-03-05 14:54:24.226035   => Current country: au

2024-03-05 14:54:24.226044   => THE END PRECONDITIONS

2024-03-05 14:54:24.226225   1. Arrange_v0
2024-03-05 14:54:24.229165   Current page URL = https://capital.com/trading/platform/
2024-03-05 14:54:25.007006   => Loaded page https://capital.com/es/especulacion
2024-03-05 14:54:25.010382   BUTTON_CREATE_YOUR_ACCOUNT is located on the page? =>

2024-03-05 14:54:25.020251   2. Act_v0: Define of locator

2024-03-05 14:54:25.020287   2. Act_v0: Go to web element

2024-03-05 14:54:26.108290   2. Act_v0: Click web element
2024-03-05 14:54:26.137087   => BUTTON_CREATE_YOUR_ACCOUNT is clicked

2024-03-05 14:54:26.137347   3. Assert_v0
2024-03-05 14:54:26.137439   Start step Check that [Sign up] form is opened
2024-03-05 14:54:27.706530   'Sign up' form opened
2024-03-05 14:54:27.706573   Assert SIGNUP_HEADER =>
2024-03-05 14:54:27.723867   Assert SIGNUP_REF_LOGIN =>
2024-03-05 14:54:27.739518   Assert SIGNUP_PRIVACY_POLICY_ALL_2 =>
2024-03-05 14:54:27.754930   => SIGNUP_PRIVACY_POLICY_ALL
2024-03-05 14:54:27.754973   => 'Signup' form is checked
2024-03-05 14:54:27.755147   Start step Close [Sign up] form =>
2024-03-05 14:54:27.827920   => 'Signup' form closed
