{'width': 1280, 'height': 800}

2024-04-24 14:11:45.536423   worker_id = master

2024-04-24 14:11:45.536436   0. Allure grouping v4

2024-04-24 14:11:45.536619   START PRECONDITIONS =>

2024-04-24 14:11:45.536635   => URL after prev. preconditions - https://capital.com/zh
2024-04-24 14:11:45.536645   => flag_of_bug - False
2024-04-24 14:11:45.536655   => Current URL - https://capital.com/zh/eur-jpy-feilv
2024-04-24 14:11:45.541666   Current page URL = https://capital.com/zh/eur-jpy-feilv
2024-04-24 14:11:45.544274   self.link = https://capital.com/zh
2024-04-24 14:11:45.544288   driver.get(https://capital.com/zh) =>
2024-04-24 14:11:47.383375   => Loaded page https://capital.com/zh

2024-04-24 14:11:47.387809   => Windows size - {'width': 1280, 'height': 800}
2024-04-24 14:11:47.389156   Set windows position at (0, 0) =>
2024-04-24 14:11:47.390858   Set resolution 1280 * 800 =>
2024-04-24 14:11:47.392433   => Windows size is set to {'width': 1280, 'height': 800}

2024-04-24 14:11:48.432635   Капчи нет. Идем дальше

2024-04-24 14:11:48.432727   Работа с куками =>

2024-04-24 14:11:48.432741   => не требуется

2024-04-24 14:11:48.432751   Prev. country - 'de'
2024-04-24 14:11:48.432760   Cur. country - 'de'
2024-04-24 14:11:48.432769   => Country set to 'de'

2024-04-24 14:11:48.432778   Prev. language - 'zh'
2024-04-24 14:11:48.432787   Cur. language - 'zh'
2024-04-24 14:11:48.432795   => Language is set to 'zh'

2024-04-24 14:11:48.432804   Prev. role - 'NoAuth'
2024-04-24 14:11:48.432813   Cur. role - 'NoAuth'
2024-04-24 14:11:48.432821   => The 'NoAuth' role is set

2024-04-24 14:11:48.435692   => Current URL - https://capital.com/zh

2024-04-24 14:11:48.435717   => THE END PRECONDITIONS

2024-04-24 14:11:48.435905   1. Arrange_v0
2024-04-24 14:11:48.435922   current_page = https://capital.com/zh
2024-04-24 14:11:48.438522   link = https://capital.com/zh/eur-jpy-feilv
2024-04-24 14:11:48.441028   Current page URL = https://capital.com/zh
2024-04-24 14:11:48.443459   self.link = https://capital.com/zh/eur-jpy-feilv
2024-04-24 14:11:48.443473   driver.get(https://capital.com/zh/eur-jpy-feilv) =>
2024-04-24 14:11:50.423302   => Loaded page https://capital.com/zh/eur-jpy-feilv
2024-04-24 14:11:50.427571   IS 'Trading calculator' widget present on this page? =>
2024-04-24 14:11:50.436828   => 'Trading calculator' widget present on this page!

2024-04-24 14:11:50.436856   IS 'Trading calculator' widget visible on this page? =>
2024-04-24 14:11:50.449996   => 'Trading calculator' widget is visible on this page!

2024-04-24 14:11:50.450032   IS [Start Trading] button present on this page? =>
2024-04-24 14:11:50.457701   => [Start Trading] button present on this page!

2024-04-24 14:11:50.457726   IS [Start Trading] button visible on this page? =>
2024-04-24 14:11:50.470637   => [Start Trading] button is visible on this page!

2024-04-24 14:11:50.470661   [Start Trading] button scroll =>

2024-04-24 14:11:50.473885   2. Act_v0
2024-04-24 14:11:50.473906   [Start Trading] button is clickable? =>
2024-04-24 14:11:50.508659   => [Start Trading] button is clickable!

2024-04-24 14:11:50.553253   => [Start Trading] button clicked!

2024-04-24 14:11:50.553510   3. Assert_Login_v0
2024-04-24 14:11:50.553595   Check that 'Login' form is opened
2024-04-24 14:11:50.734187   'Login' form opened
2024-04-24 14:11:50.734233   Assert LOGIN_REF_SIGNUP =>
2024-04-24 14:11:50.744079   Assert LOGIN_CHECKBOX =>
2024-04-24 14:11:50.755639   Assert LOGIN_PASS_FORGOT =>
2024-04-24 14:11:50.766955   => 'Login' form is checked
2024-04-24 14:11:50.785269   Click 'Close' button on 'Login' form =>
2024-04-24 14:11:51.113527   => Focus moved to 'capital*com' logo
2024-04-24 14:11:51.113569   => 'Login' form closed
