


Current sorting - Top fallers
{'width': 1280, 'height': 800}

2024-04-24 14:17:25.503127   worker_id = master

2024-04-24 14:17:25.503142   0. Allure grouping v4

2024-04-24 14:17:25.503332   START PRECONDITIONS =>

2024-04-24 14:17:25.503349   => URL after prev. preconditions - https://capital.com/zh
2024-04-24 14:17:25.503358   => flag_of_bug - False
2024-04-24 14:17:25.503369   => Current URL - https://capital.com/zh/major-world-indices
2024-04-24 14:17:25.528245   Current page URL = https://capital.com/zh/major-world-indices
2024-04-24 14:17:25.530786   self.link = https://capital.com/zh
2024-04-24 14:17:25.530801   driver.get(https://capital.com/zh) =>
2024-04-24 14:17:33.397933   => Loaded page https://capital.com/zh

2024-04-24 14:17:33.404689   => Windows size - {'width': 1280, 'height': 800}
2024-04-24 14:17:33.406116   Set windows position at (0, 0) =>
2024-04-24 14:17:33.407793   Set resolution 1280 * 800 =>
2024-04-24 14:17:33.409414   => Windows size is set to {'width': 1280, 'height': 800}

2024-04-24 14:17:34.465443   Капчи нет. Идем дальше

2024-04-24 14:17:34.465557   Работа с куками =>

2024-04-24 14:17:34.465577   => не требуется

2024-04-24 14:17:34.465592   Prev. country - 'de'
2024-04-24 14:17:34.465607   Cur. country - 'de'
2024-04-24 14:17:34.465620   => Country set to 'de'

2024-04-24 14:17:34.465634   Prev. language - 'zh'
2024-04-24 14:17:34.465647   Cur. language - 'zh'
2024-04-24 14:17:34.465660   => Language is set to 'zh'

2024-04-24 14:17:34.465673   Prev. role - 'NoAuth'
2024-04-24 14:17:34.465687   Cur. role - 'NoAuth'
2024-04-24 14:17:34.465700   => The 'NoAuth' role is set

2024-04-24 14:17:34.470978   => Current URL - https://capital.com/zh

2024-04-24 14:17:34.471003   => THE END PRECONDITIONS

2024-04-24 14:17:34.471196   START Open "Markets" menu, "Indices" submenu =>

2024-04-24 14:17:34.471211   1. Cur URL = https://capital.com/zh

2024-04-24 14:17:34.473763   2. Link = https://capital.com/zh
2024-04-24 14:17:34.473778   current_page = https://capital.com/zh
2024-04-24 14:17:34.476210   link = https://capital.com/zh
2024-04-24 14:17:34.988774   => 'Markets' menu is present
2024-04-24 14:17:35.004722   => 'Markets' menu is visible
2024-04-24 14:17:36.284043   => Focus moved to 'Markets' menu


2024-04-24 14:17:37.918264   => 'Indices' submenu clicked
2024-04-24 14:17:38.215887   => Focus moved to 'capital*com' logo

2024-04-24 14:17:38.215930   3. Cur URL = https://capital.com/zh/major-world-indices

2024-04-24 14:17:38.221512   1. Arrange for TABLE_TRADING_INSTRUMENTS and 'Top fallers' cur_sort
2024-04-24 14:17:38.221535   current_page = https://capital.com/zh/major-world-indices
2024-04-24 14:17:38.223993   link = https://capital.com/zh/major-world-indices
2024-04-24 14:17:38.226397   TABLE_TRADING_INSTRUMENTS present on this page? =>
2024-04-24 14:17:38.234719   => Trading Instrument table is present on the page!
2024-04-24 14:17:38.234755   IS FIELD_DROPDOWN_SORT present in the Live TI prices table? =>
2024-04-24 14:17:38.242161   =>  FIELD_DROPDOWN_SORT is present in the Live TI price table!
2024-04-24 14:17:38.242190   Start scroll and click FIELD_DROPDOWN_SORT =>
2024-04-24 14:17:38.358020   Is item_sort_list visible on the FIELD_DROPDOWN_SORT ? =>
2024-04-24 14:17:38.405519   => items_sort_list is visible on the FIELD_DROPDOWN_SORT!
2024-04-24 14:17:38.405560   Is cur_sort "Top fallers" present in items_sort_list? =>
2024-04-24 14:17:38.413622   => cur_sort "Top fallers" is present in item_sort_list!
2024-04-24 14:17:38.413660   Start click cur_sort item - "Top fallers"=>
2024-04-24 14:17:39.109507   => End Click cur_sort "Top fallers"

2024-04-24 14:17:39.109562   Buttons [Sell] is visible and sum buttons no zero? =>
2024-04-24 14:17:39.139333   => Buttons [Sell] is visible and sum buttons no zero!

2024-04-24 14:17:39.139376   Start find 1 random buttons [Sell] on cur_sort "Top fallers"=>
2024-04-24 14:17:39.145959   => End find 1 random buttons [Sell] on the cur_sort "Top fallers"

2024-04-24 14:17:39.145993   List of random items = [13]
2024-04-24 14:17:39.146160   2. Act for trading instrument and "Top fallers" cur_sort
2024-04-24 14:17:39.165307   Start click button [Sell] =>
2024-04-24 14:17:39.176650   =>   BUTTON_SELL on item with ID = '77073188213956' is present
2024-04-24 14:17:39.176688   BUTTON_SELL on item with ID = '77073188213956' scroll into view =>
2024-04-24 14:17:39.183030   => BUTTON_SELL on item with ID = '77073188213956' scrolled into view
2024-04-24 14:17:39.183068   Check that BUTTON_SELL with item 'DXY' clickable =>
2024-04-24 14:17:39.309225   => BUTTON_SELL is clickable
2024-04-24 14:17:39.602461   =>   BUTTON_SELL on item 'DXY' clicked

2024-04-24 14:17:39.602763   3. Assert_Login_v0
2024-04-24 14:17:39.602872   Check that 'Login' form is opened
2024-04-24 14:17:39.788033   'Login' form opened
2024-04-24 14:17:39.788081   Assert LOGIN_REF_SIGNUP =>
2024-04-24 14:17:39.804997   Assert LOGIN_CHECKBOX =>
2024-04-24 14:17:39.822397   Assert LOGIN_PASS_FORGOT =>
2024-04-24 14:17:39.839657   => 'Login' form is checked
2024-04-24 14:17:39.888918   Click 'Close' button on 'Login' form =>
2024-04-24 14:17:40.199444   => Focus moved to 'capital*com' logo
2024-04-24 14:17:40.199487   => 'Login' form closed
