{'width': 1280, 'height': 800}

2024-04-24 14:37:21.429767   worker_id = master

2024-04-24 14:37:21.429781   0. Allure grouping v4

2024-04-24 14:37:21.429963   START PRECONDITIONS =>

2024-04-24 14:37:21.429979   => URL after prev. preconditions - https://capital.com/zh
2024-04-24 14:37:21.429989   => flag_of_bug - True
2024-04-24 14:37:21.430000   => Current URL - https://capital.com/trading/platform/
2024-04-24 14:37:21.435304   Current page URL = https://capital.com/trading/platform/
2024-04-24 14:37:21.437784   self.link = https://capital.com/zh
2024-04-24 14:37:21.437798   driver.get(https://capital.com/zh) =>
2024-04-24 14:37:23.700970   => Loaded page https://capital.com/zh

2024-04-24 14:37:23.705293   => Windows size - {'width': 1280, 'height': 800}
2024-04-24 14:37:23.706725   Set windows position at (0, 0) =>
2024-04-24 14:37:23.708318   Set resolution 1280 * 800 =>
2024-04-24 14:37:23.709919   => Windows size is set to {'width': 1280, 'height': 800}

2024-04-24 14:37:24.747747   Капчи нет. Идем дальше

2024-04-24 14:37:24.747834   Работа с куками =>

2024-04-24 14:37:24.747848   => не требуется

2024-04-24 14:37:24.747858   Prev. country - 'de'
2024-04-24 14:37:24.747868   Cur. country - 'de'
2024-04-24 14:37:24.747877   => Country set to 'de'

2024-04-24 14:37:24.747887   Prev. language - 'zh'
2024-04-24 14:37:24.747895   Cur. language - 'zh'
2024-04-24 14:37:24.747904   => Language is set to 'zh'

2024-04-24 14:37:24.747914   Prev. role - 'Auth'
2024-04-24 14:37:24.747923   Cur. role - 'Auth'
2024-04-24 14:37:24.747931   => The 'Auth' role is set

2024-04-24 14:37:24.752468   => Current URL - https://capital.com/zh

2024-04-24 14:37:24.752499   => THE END PRECONDITIONS

2024-04-24 14:37:24.752768   1. Arrange_v0
2024-04-24 14:37:24.752797   current_page = https://capital.com/zh
2024-04-24 14:37:24.755595   link = https://capital.com/zh/cotton-no-2-cash-shang-pin
2024-04-24 14:37:24.757945   Current page URL = https://capital.com/zh
2024-04-24 14:37:24.760237   self.link = https://capital.com/zh/cotton-no-2-cash-shang-pin
2024-04-24 14:37:24.760251   driver.get(https://capital.com/zh/cotton-no-2-cash-shang-pin) =>
2024-04-24 14:37:26.647798   => Loaded page https://capital.com/zh/cotton-no-2-cash-shang-pin
2024-04-24 14:37:26.662110   Is button BUTTON_VIEW_DETAILED_CHART present on the page? =>
2024-04-24 14:37:26.662136   => BUTTON_VIEW_DETAILED_CHART is present on the page
2024-04-24 14:37:26.662146   BUTTON_VIEW_DETAILED_CHART scroll =>
2024-04-24 14:37:26.665846   => BUTTON_VIEW_DETAILED_CHART scrolled
2024-04-24 14:37:26.666013   Start Checking that form [Sign up] popped up on the page =>
2024-04-24 14:37:28.221057   '[Sign up]' form was not popped up

2024-04-24 14:37:28.221225   2. Act_v0
2024-04-24 14:37:28.221241   Start Click button [View Detailed Chart] =>
2024-04-24 14:37:28.237469   BUTTON_VIEW_DETAILED_CHART is clickable =>
2024-04-24 14:37:28.781666 => BUTTON_VIEW_DETAILED_CHART clicked

2024-04-24 14:37:28.781995   3. Assert_v4

2024-04-24 14:37:28.782024   
2024-04-24 14:37:28.782184   Checking that the trading platform page has opened (v4) =>
2024-04-24 14:37:28.790267   Checking way # 1 => 

2024-04-24 14:37:28.790420   1. Checking that the Trading platform (or TradingView site) page has valid title =>
2024-04-24 14:37:28.794433   => The title of current page is 'Trading Platform | Capital.com'

2024-04-24 14:37:28.794531   2. Checking that the LOGO is present on the page =>
2024-04-24 14:37:30.347237   => 'capital*com' logo is present on the current page

2024-04-24 14:37:30.347276   tpd = False
2024-04-24 14:37:30.383493   => Driver.backed
2024-04-24 14:37:30.409487   => Driver.backed
2024-04-24 14:37:31.392592   => Driver.backed
