{'width': 1280, 'height': 800}

2024-04-22 14:49:07.105759   worker_id = master

2024-04-22 14:49:07.105772   0. Allure grouping v4

2024-04-22 14:49:07.105988   START PRECONDITIONS =>

2024-04-22 14:49:07.106006   => URL after prev. preconditions - https://capital.com/fr
2024-04-22 14:49:07.106016   => flag_of_bug - False
2024-04-22 14:49:07.106026   => Current URL - https://capital.com/fr/prix-des-actions-en-direct
2024-04-22 14:49:07.111174   Current page URL = https://capital.com/fr/prix-des-actions-en-direct
2024-04-22 14:49:07.114537   self.link = https://capital.com/fr
2024-04-22 14:49:07.114550   driver.get(https://capital.com/fr) =>
2024-04-22 14:49:08.997467   => Loaded page https://capital.com/fr

2024-04-22 14:49:09.016416   => Windows size - {'width': 1280, 'height': 800}
2024-04-22 14:49:09.017936   Set windows position at (0, 0) =>
2024-04-22 14:49:09.120374   Set resolution 1280 * 800 =>
2024-04-22 14:49:09.222972   => Windows size is set to {'width': 1280, 'height': 800}

2024-04-22 14:49:10.227070   Капчи нет. Идем дальше

2024-04-22 14:49:10.227175   Работа с куками =>

2024-04-22 14:49:10.227190   => не требуется

2024-04-22 14:49:10.227200   Prev. country - 'de'
2024-04-22 14:49:10.227209   Cur. country - 'de'
2024-04-22 14:49:10.227218   => Country set to 'de'

2024-04-22 14:49:10.227228   Prev. language - 'fr'
2024-04-22 14:49:10.227236   Cur. language - 'fr'
2024-04-22 14:49:10.227245   => Language is set to 'fr'

2024-04-22 14:49:10.227253   Prev. role - 'Auth'
2024-04-22 14:49:10.227262   Cur. role - 'Auth'
2024-04-22 14:49:10.227270   => The 'Auth' role is set

2024-04-22 14:49:10.232782   => Current URL - https://capital.com/fr

2024-04-22 14:49:10.232810   => THE END PRECONDITIONS

2024-04-22 14:49:10.233010   START Open "Markets" menu, "Shares" submenu =>
2024-04-22 14:49:10.233025   1. Cur URL = https://capital.com/fr
2024-04-22 14:49:10.235719   2. Link = https://capital.com/fr
2024-04-22 14:49:10.235736   current_page = https://capital.com/fr
2024-04-22 14:49:10.238361   link = https://capital.com/fr
2024-04-22 14:49:10.750268   => 'Markets' menu is present
2024-04-22 14:49:10.769917   => 'Markets' menu is visible
2024-04-22 14:49:12.048140   => Focus moved to 'Markets' menu
2024-04-22 14:49:14.351369   => Focus moved to 'Shares' submenu and clicked
2024-04-22 14:49:14.638042   => Focus moved to 'capital*com' logo
2024-04-22 14:49:14.638085   3. Cur URL = https://capital.com/fr/prix-des-actions-en-direct
2024-04-22 14:49:14.655193
2024-04-22 14:49:14.655234   Shares trading instrument include 19 child items for random select
2024-04-22 14:49:14.659060   k = 4 - https://capital.com/fr/amc-entertainment-holdings-cl-a-prix-d-une-action
2024-04-22 14:49:14.662723   k = 3 - https://capital.com/fr/advanced-micro-devices-inc-prix-d-une-action
2024-04-22 14:49:14.662834   The file of hrefs contains the following URLs:
2024-04-22 14:49:14.662851   https://capital.com/fr/amc-entertainment-holdings-cl-a-prix-d-une-action
2024-04-22 14:49:14.662862   https://capital.com/fr/advanced-micro-devices-inc-prix-d-une-action
2024-04-22 14:49:14.662901   Test data include 2 item(s)
2024-04-22 14:49:14.662913   The test coverage = 10.526315789473683 %
