


Current market - Indices



Current sort - Top fallers
{'width': 1280, 'height': 800}

2024-04-22 14:05:51.123455   worker_id = master

2024-04-22 14:05:51.123469   0. Allure grouping v4

2024-04-22 14:05:51.123656   START PRECONDITIONS =>

2024-04-22 14:05:51.123671   => URL after prev. preconditions - https://capital.com/fr
2024-04-22 14:05:51.123681   => flag_of_bug - True
2024-04-22 14:05:51.123691   => Current URL - https://capital.com/fr/us-wall-street-30-index
2024-04-22 14:05:51.129528   Current page URL = https://capital.com/fr/us-wall-street-30-index
2024-04-22 14:05:51.135161   self.link = https://capital.com/fr
2024-04-22 14:05:51.135180   driver.get(https://capital.com/fr) =>
2024-04-22 14:05:53.034560   => Loaded page https://capital.com/fr

2024-04-22 14:05:53.039080   => Windows size - {'width': 1280, 'height': 800}
2024-04-22 14:05:53.040571   Set windows position at (0, 0) =>
2024-04-22 14:05:53.142941   Set resolution 1280 * 800 =>
2024-04-22 14:05:53.245459   => Windows size is set to {'width': 1280, 'height': 800}

2024-04-22 14:05:54.305797   Капчи нет. Идем дальше

2024-04-22 14:05:54.305921   Работа с куками =>

2024-04-22 14:05:54.305945   => не требуется

2024-04-22 14:05:54.305955   Prev. country - 'de'
2024-04-22 14:05:54.305964   Cur. country - 'de'
2024-04-22 14:05:54.305973   => Country set to 'de'

2024-04-22 14:05:54.305982   Prev. language - 'fr'
2024-04-22 14:05:54.305990   Cur. language - 'fr'
2024-04-22 14:05:54.305999   => Language is set to 'fr'

2024-04-22 14:05:54.306008   Prev. role - 'NoAuth'
2024-04-22 14:05:54.306017   Cur. role - 'NoAuth'
2024-04-22 14:05:54.306025   => The 'NoAuth' role is set

2024-04-22 14:05:54.308846   => Current URL - https://capital.com/fr

2024-04-22 14:05:54.308869   => THE END PRECONDITIONS

2024-04-22 14:05:54.309068   START Open "Markets" menu, "All Markets" submenu =>

2024-04-22 14:05:54.309085   1. Cur URL = https://capital.com/fr

2024-04-22 14:05:54.311744   2. Link = https://capital.com/fr
2024-04-22 14:05:54.311759   current_page = https://capital.com/fr
2024-04-22 14:05:54.314284   link = https://capital.com/fr
2024-04-22 14:05:54.826113   => 'Markets' menu is present
2024-04-22 14:05:54.840780   => 'Markets' menu is visible
2024-04-22 14:05:56.118199   => Focus moved to 'Markets' menu
2024-04-22 14:05:56.124660   => 'Markets > All Markets' submenu is present
2024-04-22 14:05:57.802617   => Focus moved to 'capital*com' logo

2024-04-22 14:05:57.802665   3. Cur URL = https://capital.com/fr/instruments-financiers-derives

2024-04-22 14:05:57.808154   1. Arrange for TABLE_TRADING_INSTRUMENTS and 'Top fallers' cur_sort
2024-04-22 14:05:57.808183   current_page = https://capital.com/fr/instruments-financiers-derives
2024-04-22 14:05:57.810584   link = https://capital.com/fr/instruments-financiers-derives
2024-04-22 14:05:57.812883   TABLE_TRADING_INSTRUMENTS present on this page? =>
2024-04-22 14:05:57.818089   => TABLE_TRADING_INSTRUMENTS is present on the page!
2024-04-22 14:05:57.818115   IS MARKETS_LIST present on this page? =>
2024-04-22 14:05:57.822913   => MARKETS_LIST is present on the page!
2024-04-22 14:05:57.822938   Start scroll and click cur_market 'Indices' =>
2024-04-22 14:05:57.870559   => End Click cur_market "Indices"
2024-04-22 14:05:57.870616   IS FIELD_DROPDOWN_SORT present in the Live prices table? =>
2024-04-22 14:05:57.883294   =>  FIELD_DROPDOWN_SORT is present in the table!
2024-04-22 14:05:57.883347   Start scroll and click FIELD_DROPDOWN_SORT =>
2024-04-22 14:05:57.944666   Is item_sort_list visible on the FIELD_DROPDOWN_SORT ? =>
2024-04-22 14:05:57.959400   => item_sort_list is visible on the FIELD_DROPDOWN_SORT!
2024-04-22 14:05:57.959442   Is cur_sort "Top fallers" present in item_sort_list? =>
2024-04-22 14:05:57.968457   => cur_sort "Top fallers" is present in item_sort_list!
2024-04-22 14:05:57.968502   Start click cur_sort "Top fallers" =>
2024-04-22 14:05:58.000512   => End Click cur_sort "Top fallers"

2024-04-22 14:05:58.000563   Buttons [Sell] is visible and sum buttons no zero? =>
2024-04-22 14:05:58.063222   => Buttons [Sell] is visible and sum buttons no zero!

2024-04-22 14:05:58.063278   Start find 1 random buttons [Sell] on cur_sort "Top fallers"=>
2024-04-22 14:05:58.070257   => End find 1 random buttons [Sell] on the cur_sort "Top fallers"

2024-04-22 14:05:58.070299   List of random items = [6]
2024-04-22 14:05:58.070516   2. Act for trading instrument, "Top fallers" cur_sort and "Indices" cur_market
2024-04-22 14:05:58.082731   Start click button [Sell] =>
2024-04-22 14:05:58.091613   =>   BUTTON_SELL on item with ID = 'None' is present
2024-04-22 14:05:58.091649   BUTTON_SELL on item with ID = 'None' scroll into view =>
2024-04-22 14:05:58.094959   => BUTTON_SELL on item with ID = 'None' scrolled into view
2024-04-22 14:05:58.094983   Check that BUTTON_SELL with item 'HK50' clickable =>
2024-04-22 14:05:58.114837   => BUTTON_SELL is clickable
2024-04-22 14:05:58.886884   =>   BUTTON_SELL on item 'HK50' clicked

2024-04-22 14:05:58.887130   3. Assert_Login_v0
2024-04-22 14:05:58.887221   Check that 'Login' form is opened
2024-04-22 14:06:01.964696   'Login' form not opened
2024-04-22 14:06:01.964965   Check that new 'Login' form is opened
2024-04-22 14:06:05.063155   => New 'Login' form not opened
2024-04-22 14:06:05.068401   'Login' page not opened
2024-04-22 14:06:08.156952   'Login' form on trading platform not opened
2024-04-22 14:06:08.157145   Start step Check that [Sign up] form is opened
2024-04-22 14:06:11.249741   'Sign up' form not opened
2024-04-22 14:06:11.249968   Start step Check that new [Sign up] form is opened
2024-04-22 14:06:14.334744   => new 'Sign up' form not opened
2024-04-22 14:06:14.334954   Start method Check that [Sign up] page opened =>
2024-04-22 14:06:15.348019   'Sign up' page not opened
2024-04-22 14:06:15.348305   Check that [Sign up] form on trading platform opened =>
2024-04-22 14:06:18.433590   'Sign up' form on trading platform page not opened

Bug: Bid:01.01.00_001-fr.de.NoAuth

2024-04-22 14:06:18.433701   Проверка бага в таблице ретеста  =>

2024-04-22 14:06:18.773636   4. Fixing one row check results into Google Sheet Bugs Report =>
1 cells updated.
2024-04-22 14:06:19.035550   => 4. One row check results into Google Sheet Bugs Report fixed

2024-04-22 14:06:20.313716   4. Fixing one row check results into Google Sheet Bugs Report =>
1 cells updated.
2024-04-22 14:06:20.519806   => 4. One row check results into Google Sheet Bugs Report fixed

2024-04-22 14:06:20.521848   Баг Bid:01.01.00_001-fr.de.NoAuth-08 обнаружен ранее и уже находится в 'Bugs Report Auto detect'
