{'width': 1280, 'height': 720}

2024-01-26 08:11:47.906382   worker_id = master

2024-01-26 08:11:47.906405   0. Allure grouping v4


2024-01-26 08:11:47.906711   START PRECONDITIONS =>


2024-01-26 08:11:47.906733   {'width': 1280, 'height': 720}

2024-01-26 08:11:47.908403   Set windows position at (0, 0) =>

2024-01-26 08:11:48.011174   Set resolution 1280 * 720 =>

2024-01-26 08:11:48.113669   => Resolution seted {'width': 1280, 'height': 720}

2024-01-26 08:11:53.167423   Капчи нет. Тестим дальше

2024-01-26 08:11:53.167526   Prev. Role: NoReg

2024-01-26 08:11:53.167539   Current role: NoReg

2024-01-26 08:11:53.167550   Prev language: en

2024-01-26 08:11:53.167560   => Current language: en

2024-01-26 08:11:53.167569   Prev country: ae

2024-01-26 08:11:53.167579   => Current country: ae

2024-01-26 08:11:53.167589   => THE END PRECONDITIONS

2024-01-26 08:11:53.167626   1. Arrange
2024-01-26 08:11:53.167639   Button 'try_free_demo' under video banner =>
2024-01-26 08:11:53.174349   => BUTTON_UNDER_VIDEO_BANNER is present on the DOM of a page

2024-01-26 08:11:53.174495   2. Act
2024-01-26 08:11:53.268956   => Button under Video banner clicked

2024-01-26 08:11:53.269236   3. Assert_v0
2024-01-26 08:11:53.269335   Start step Check that [Sign up] form is opened
2024-01-26 08:11:53.289111   'Sign up' form opened
2024-01-26 08:11:53.289152   Assert SIGNUP_HEADER =>
2024-01-26 08:11:53.301688   Assert SIGNUP_REF_LOGIN =>
2024-01-26 08:11:53.315945   Assert SIGNUP_PRIVACY_POLICY_ALL_2 =>
2024-01-26 08:11:53.330576   => SIGNUP_PRIVACY_POLICY_ALL
2024-01-26 08:11:53.330617   => 'Signup' form is checked
2024-01-26 08:11:53.330849   Start step Close [Sign up] form =>
2024-01-26 08:11:53.411801   => 'Signup' form closed
