


Current market - Cryptocurrencies



Current sort - Top risers
{'width': 1280, 'height': 800}

2024-04-22 14:26:26.337174   worker_id = master

2024-04-22 14:26:26.337190   0. Allure grouping v4

2024-04-22 14:26:26.337384   START PRECONDITIONS =>

2024-04-22 14:26:26.337399   => URL after prev. preconditions - https://capital.com/fr
2024-04-22 14:26:26.337408   => flag_of_bug - True
2024-04-22 14:26:26.337418   => Current URL - https://capital.com/fr/instruments-financiers-derives
2024-04-22 14:26:26.343055   Current page URL = https://capital.com/fr/instruments-financiers-derives
2024-04-22 14:26:26.345594   self.link = https://capital.com/fr
2024-04-22 14:26:26.345608   driver.get(https://capital.com/fr) =>
2024-04-22 14:26:28.209556   => Loaded page https://capital.com/fr

2024-04-22 14:26:28.214220   => Windows size - {'width': 1280, 'height': 800}
2024-04-22 14:26:28.215773   Set windows position at (0, 0) =>
2024-04-22 14:26:28.320943   Set resolution 1280 * 800 =>
2024-04-22 14:26:28.423362   => Windows size is set to {'width': 1280, 'height': 800}

2024-04-22 14:26:29.477774   Капчи нет. Идем дальше

2024-04-22 14:26:29.477867   Работа с куками =>

2024-04-22 14:26:29.477881   => не требуется

2024-04-22 14:26:29.477923   Prev. country - 'de'
2024-04-22 14:26:29.477934   Cur. country - 'de'
2024-04-22 14:26:29.477943   => Country set to 'de'

2024-04-22 14:26:29.477951   Prev. language - 'fr'
2024-04-22 14:26:29.477960   Cur. language - 'fr'
2024-04-22 14:26:29.477968   => Language is set to 'fr'

2024-04-22 14:26:29.477977   Prev. role - 'NoReg'
2024-04-22 14:26:29.477985   Cur. role - 'NoReg'
2024-04-22 14:26:29.477994   => The 'NoReg' role is set

2024-04-22 14:26:29.480791   => Current URL - https://capital.com/fr

2024-04-22 14:26:29.480814   => THE END PRECONDITIONS

2024-04-22 14:26:29.481023   START Open "Markets" menu, "All Markets" submenu =>

2024-04-22 14:26:29.481038   1. Cur URL = https://capital.com/fr

2024-04-22 14:26:29.487796   2. Link = https://capital.com/fr
2024-04-22 14:26:29.487816   current_page = https://capital.com/fr
2024-04-22 14:26:29.490928   link = https://capital.com/fr
2024-04-22 14:26:30.005197   => 'Markets' menu is present
2024-04-22 14:26:30.024213   => 'Markets' menu is visible
2024-04-22 14:26:31.302404   => Focus moved to 'Markets' menu
2024-04-22 14:26:31.311204   => 'Markets > All Markets' submenu is present
2024-04-22 14:26:33.050290   => Focus moved to 'capital*com' logo

2024-04-22 14:26:33.050342   3. Cur URL = https://capital.com/fr/instruments-financiers-derives

2024-04-22 14:26:33.056281   1. Arrange for TABLE_TRADING_INSTRUMENTS and 'Top risers' cur_sort
2024-04-22 14:26:33.056314   current_page = https://capital.com/fr/instruments-financiers-derives
2024-04-22 14:26:33.058993   link = https://capital.com/fr/instruments-financiers-derives
2024-04-22 14:26:33.061520   TABLE_TRADING_INSTRUMENTS present on this page? =>
2024-04-22 14:26:33.069785   => TABLE_TRADING_INSTRUMENTS is present on the page!
2024-04-22 14:26:33.069822   IS MARKETS_LIST present on this page? =>
2024-04-22 14:26:33.077394   => MARKETS_LIST is present on the page!
2024-04-22 14:26:33.077448   Start scroll and click cur_market 'Cryptocurrencies' =>
2024-04-22 14:26:33.131250   => End Click cur_market "Cryptocurrencies"
2024-04-22 14:26:33.131297   IS FIELD_DROPDOWN_SORT present in the Live prices table? =>
2024-04-22 14:26:33.164142   =>  FIELD_DROPDOWN_SORT is present in the table!
2024-04-22 14:26:33.164194   Start scroll and click FIELD_DROPDOWN_SORT =>
2024-04-22 14:26:33.209530   Is item_sort_list visible on the FIELD_DROPDOWN_SORT ? =>
2024-04-22 14:26:33.226625   => item_sort_list is visible on the FIELD_DROPDOWN_SORT!
2024-04-22 14:26:33.226666   Is cur_sort "Top risers" present in item_sort_list? =>
2024-04-22 14:26:33.236167   => cur_sort "Top risers" is present in item_sort_list!
2024-04-22 14:26:33.236215   Start click cur_sort "Top risers" =>
2024-04-22 14:26:33.268626   => End Click cur_sort "Top risers"

2024-04-22 14:26:33.268671   Buttons [Sell] is visible and sum buttons no zero? =>
2024-04-22 14:26:33.387743   => Buttons [Sell] is visible and sum buttons no zero!

2024-04-22 14:26:33.387814   Start find 1 random buttons [Sell] on cur_sort "Top risers"=>
2024-04-22 14:26:33.392959   => End find 1 random buttons [Sell] on the cur_sort "Top risers"

2024-04-22 14:26:33.392988   List of random items = [6]
2024-04-22 14:26:33.393162   2. Act for trading instrument, "Top risers" cur_sort and "Cryptocurrencies" cur_market
2024-04-22 14:26:33.411537   Start click button [Sell] =>
2024-04-22 14:26:33.422335   =>   BUTTON_SELL on item with ID = 'None' is present
2024-04-22 14:26:33.422376   BUTTON_SELL on item with ID = 'None' scroll into view =>
2024-04-22 14:26:33.425643   => BUTTON_SELL on item with ID = 'None' scrolled into view
2024-04-22 14:26:33.425671   Check that BUTTON_SELL with item 'SOL/USD' clickable =>
2024-04-22 14:26:33.446060   => BUTTON_SELL is clickable
2024-04-22 14:26:34.220161   =>   BUTTON_SELL on item 'SOL/USD' clicked

2024-04-22 14:26:34.220417   3. Assert_v0
2024-04-22 14:26:34.220516   Start step Check that [Sign up] form is opened
2024-04-22 14:26:37.315883   'Sign up' form not opened
2024-04-22 14:26:37.316083   Start step Check that new [Sign up] form is opened
2024-04-22 14:26:40.389870   => new 'Sign up' form not opened
2024-04-22 14:26:40.390098   Start method Check that [Sign up] page opened =>
2024-04-22 14:26:41.394012   'Sign up' page not opened
2024-04-22 14:26:41.394224   Check that [Sign up] form on trading platform opened =>
2024-04-22 14:26:44.485732   'Sign up' form on trading platform page not opened

Bug: Bid:01.01.00_001-fr.de.NoReg

2024-04-22 14:26:44.485827   Проверка бага в таблице ретеста  =>

2024-04-22 14:26:44.819166   4. Fixing one row check results into Google Sheet Bugs Report =>
1 cells updated.
2024-04-22 14:26:45.034272   => 4. One row check results into Google Sheet Bugs Report fixed

2024-04-22 14:26:46.541662   4. Fixing one row check results into Google Sheet Bugs Report =>
1 cells updated.
2024-04-22 14:26:46.744937   => 4. One row check results into Google Sheet Bugs Report fixed

2024-04-22 14:26:46.748072   Баг Bid:01.01.00_001-fr.de.NoReg-04 обнаружен ранее и уже находится в 'Bugs Report Auto detect'
