{'width': 1280, 'height': 800}

2024-04-22 16:18:31.504382   worker_id = master

2024-04-22 16:18:31.504398   0. Allure grouping v4

2024-04-22 16:18:31.504617   START PRECONDITIONS =>

2024-04-22 16:18:31.504640   => URL after prev. preconditions - https://capital.com/fr
2024-04-22 16:18:31.504658   => flag_of_bug - False
2024-04-22 16:18:31.504677   => Current URL - https://capital.com/fr/quest-ce-que-le-trading-de-cfd
2024-04-22 16:18:31.510080   Current page URL = https://capital.com/fr/quest-ce-que-le-trading-de-cfd
2024-04-22 16:18:31.512535   self.link = https://capital.com/fr
2024-04-22 16:18:31.512549   driver.get(https://capital.com/fr) =>
2024-04-22 16:18:33.254576   => Loaded page https://capital.com/fr

2024-04-22 16:18:33.259141   => Windows size - {'width': 1280, 'height': 800}
2024-04-22 16:18:33.260623   Set windows position at (0, 0) =>
2024-04-22 16:18:33.363057   Set resolution 1280 * 800 =>
2024-04-22 16:18:33.467690   => Windows size is set to {'width': 1280, 'height': 800}

2024-04-22 16:18:34.522379   Капчи нет. Идем дальше

2024-04-22 16:18:34.522474   Работа с куками =>

2024-04-22 16:18:34.522488   => не требуется

2024-04-22 16:18:34.522498   Prev. country - 'de'
2024-04-22 16:18:34.522507   Cur. country - 'de'
2024-04-22 16:18:34.522516   => Country set to 'de'

2024-04-22 16:18:34.522525   Prev. language - 'fr'
2024-04-22 16:18:34.522534   Cur. language - 'fr'
2024-04-22 16:18:34.522542   => Language is set to 'fr'

2024-04-22 16:18:34.522551   Prev. role - 'NoReg'
2024-04-22 16:18:34.522560   Cur. role - 'NoReg'
2024-04-22 16:18:34.522569   => The 'NoReg' role is set

2024-04-22 16:18:34.525196   => Current URL - https://capital.com/fr

2024-04-22 16:18:34.525217   => THE END PRECONDITIONS

2024-04-22 16:18:34.527778   START Open "Education" menu, "CFD trading guide" submenu =>

2024-04-22 16:18:34.527799   1. Cur URL = https://capital.com/fr

2024-04-22 16:18:34.533484   2. Link = https://capital.com/fr
2024-04-22 16:18:34.533501   current_page = https://capital.com/fr
2024-04-22 16:18:34.536418   link = https://capital.com/fr
2024-04-22 16:18:35.045714   => Education menu is present in DOM
2024-04-22 16:18:35.053818   => Education menu is visible
2024-04-22 16:18:36.334272   => Focus moved to Education menu
2024-04-22 16:18:38.649931   => CFD trading guide submenu focus moved and clicked
2024-04-22 16:18:38.937212   => Focus moved to 'capital*com' logo

2024-04-22 16:18:38.937258   3. Cur URL = https://capital.com/fr/quest-ce-que-le-trading-de-cfd

2024-04-22 16:18:38.943138   1. Arrange_v0
2024-04-22 16:18:38.943167   current_page = https://capital.com/fr/quest-ce-que-le-trading-de-cfd
2024-04-22 16:18:38.945729   link = https://capital.com/fr/quest-ce-que-le-trading-de-cfd
2024-04-22 16:18:38.957835   => BUTTON_TRY_DEMO is present on this page
2024-04-22 16:18:38.957873   BUTTON_TRY_DEMO scroll =>
2024-04-22 16:18:38.961254   BUTTON_TRY_DEMO is visible? =>
2024-04-22 16:18:38.975416   => BUTTON_TRY_DEMO is visible on this page

2024-04-22 16:18:38.975593   2. Act_v0
2024-04-22 16:18:38.983528   BUTTON_TRY_DEMO is clickable? =>
2024-04-22 16:18:39.006872   => BUTTON_TRY_DEMO clicked!

2024-04-22 16:18:39.007251   3. Assert_v0
2024-04-22 16:18:39.007405   Start step Check that [Sign up] form is opened
2024-04-22 16:18:39.243440   'Sign up' form opened
2024-04-22 16:18:39.243483   Assert SIGNUP_HEADER =>
2024-04-22 16:18:39.257322   Assert SIGNUP_REF_LOGIN =>
2024-04-22 16:18:39.270916   Assert SIGNUP_PRIVACY_POLICY_ALL_2 =>
2024-04-22 16:18:39.283935   => SIGNUP_PRIVACY_POLICY_ALL
2024-04-22 16:18:39.283979   => 'Signup' form is checked
2024-04-22 16:18:39.284158   Start step Close [Sign up] form =>
2024-04-22 16:18:39.436542   => 'Signup' form closed
2024-04-22 16:18:39.714938   => Focus moved to 'capital*com' logo
