{'width': 1280, 'height': 800}

2024-04-22 16:55:59.584362   worker_id = master

2024-04-22 16:55:59.584376   0. Allure grouping v4

2024-04-22 16:55:59.584561   START PRECONDITIONS =>

2024-04-22 16:55:59.584577   => URL after prev. preconditions - https://capital.com/fr
2024-04-22 16:55:59.584586   => flag_of_bug - False
2024-04-22 16:55:59.584597   => Current URL - https://capital.com/fr/trading-google
2024-04-22 16:55:59.595100   Current page URL = https://capital.com/fr/trading-google
2024-04-22 16:55:59.598281   self.link = https://capital.com/fr
2024-04-22 16:55:59.598305   driver.get(https://capital.com/fr) =>
2024-04-22 16:56:01.160749   => Loaded page https://capital.com/fr

2024-04-22 16:56:01.165383   => Windows size - {'width': 1280, 'height': 800}
2024-04-22 16:56:01.166930   Set windows position at (0, 0) =>
2024-04-22 16:56:01.269401   Set resolution 1280 * 800 =>
2024-04-22 16:56:01.377768   => Windows size is set to {'width': 1280, 'height': 800}

2024-04-22 16:56:02.389157   Капчи нет. Идем дальше

2024-04-22 16:56:02.389252   Работа с куками =>

2024-04-22 16:56:02.389267   => не требуется

2024-04-22 16:56:02.389277   Prev. country - 'de'
2024-04-22 16:56:02.389286   Cur. country - 'de'
2024-04-22 16:56:02.389295   => Country set to 'de'

2024-04-22 16:56:02.389304   Prev. language - 'fr'
2024-04-22 16:56:02.389313   Cur. language - 'fr'
2024-04-22 16:56:02.389321   => Language is set to 'fr'

2024-04-22 16:56:02.389330   Prev. role - 'NoReg'
2024-04-22 16:56:02.389338   Cur. role - 'NoReg'
2024-04-22 16:56:02.389347   => The 'NoReg' role is set

2024-04-22 16:56:02.395783   => Current URL - https://capital.com/fr

2024-04-22 16:56:02.395818   => THE END PRECONDITIONS

2024-04-22 16:56:02.396043   1. Arrange_v3
2024-04-22 16:56:02.396062   current_page = https://capital.com/fr
2024-04-22 16:56:02.398976   link = https://capital.com/fr/trading-google
2024-04-22 16:56:02.401761   Current page URL = https://capital.com/fr
2024-04-22 16:56:02.404519   self.link = https://capital.com/fr/trading-google
2024-04-22 16:56:02.404534   driver.get(https://capital.com/fr/trading-google) =>
2024-04-22 16:56:04.787542   => Loaded page https://capital.com/fr/trading-google
2024-04-22 16:56:04.793611   Is visible BUTTON_START_TRADING_IN_ARTICLE? =>
2024-04-22 16:56:04.793628   => BUTTON_START_TRADING_IN_ARTICLE =>
2024-04-22 16:56:05.812745   => BUTTON_START_TRADING_IN_ARTICLE2 =>
2024-04-22 16:56:06.846273   => BUTTON_START_TRADING_IN_ARTICLE3 =>
