


Current market - Shares



Current sort - Top risers
{'width': 1280, 'height': 800}

2024-04-22 14:33:22.142082   worker_id = master

2024-04-22 14:33:22.142100   0. Allure grouping v4

2024-04-22 14:33:22.142361   START PRECONDITIONS =>

2024-04-22 14:33:22.142379   => URL after prev. preconditions - https://capital.com/fr
2024-04-22 14:33:22.142389   => flag_of_bug - False
2024-04-22 14:33:22.142399   => Current URL - https://capital.com/fr/instruments-financiers-derives
2024-04-22 14:33:22.148316   Current page URL = https://capital.com/fr/instruments-financiers-derives
2024-04-22 14:33:22.151295   self.link = https://capital.com/fr
2024-04-22 14:33:22.151310   driver.get(https://capital.com/fr) =>
2024-04-22 14:33:23.931984   => Loaded page https://capital.com/fr

2024-04-22 14:33:23.939282   => Windows size - {'width': 1280, 'height': 800}
2024-04-22 14:33:23.940704   Set windows position at (0, 0) =>
2024-04-22 14:33:24.043161   Set resolution 1280 * 800 =>
2024-04-22 14:33:24.145691   => Windows size is set to {'width': 1280, 'height': 800}

2024-04-22 14:33:25.197224   Капчи нет. Идем дальше

2024-04-22 14:33:25.197305   Работа с куками =>

2024-04-22 14:33:25.197318   => не требуется

2024-04-22 14:33:25.197327   Prev. country - 'de'
2024-04-22 14:33:25.197337   Cur. country - 'de'
2024-04-22 14:33:25.197346   => Country set to 'de'

2024-04-22 14:33:25.197354   Prev. language - 'fr'
2024-04-22 14:33:25.197363   Cur. language - 'fr'
2024-04-22 14:33:25.197371   => Language is set to 'fr'

2024-04-22 14:33:25.197380   Prev. role - 'NoReg'
2024-04-22 14:33:25.197388   Cur. role - 'NoReg'
2024-04-22 14:33:25.197396   => The 'NoReg' role is set

2024-04-22 14:33:25.202928   => Current URL - https://capital.com/fr

2024-04-22 14:33:25.202959   => THE END PRECONDITIONS

2024-04-22 14:33:25.203151   START Open "Markets" menu, "All Markets" submenu =>

2024-04-22 14:33:25.203166   1. Cur URL = https://capital.com/fr

2024-04-22 14:33:25.205794   2. Link = https://capital.com/fr
2024-04-22 14:33:25.205809   current_page = https://capital.com/fr
2024-04-22 14:33:25.208302   link = https://capital.com/fr
2024-04-22 14:33:25.720051   => 'Markets' menu is present
2024-04-22 14:33:25.738133   => 'Markets' menu is visible
2024-04-22 14:33:27.019241   => Focus moved to 'Markets' menu
2024-04-22 14:33:27.025444   => 'Markets > All Markets' submenu is present
2024-04-22 14:33:28.692142   => Focus moved to 'capital*com' logo

2024-04-22 14:33:28.692191   3. Cur URL = https://capital.com/fr/instruments-financiers-derives

2024-04-22 14:33:28.697859   1. Arrange for TABLE_TRADING_INSTRUMENTS and 'Top risers' cur_sort
2024-04-22 14:33:28.697913   current_page = https://capital.com/fr/instruments-financiers-derives
2024-04-22 14:33:28.700537   link = https://capital.com/fr/instruments-financiers-derives
2024-04-22 14:33:28.703049   TABLE_TRADING_INSTRUMENTS present on this page? =>
2024-04-22 14:33:28.708245   => TABLE_TRADING_INSTRUMENTS is present on the page!
2024-04-22 14:33:28.708271   IS MARKETS_LIST present on this page? =>
2024-04-22 14:33:28.712712   => MARKETS_LIST is present on the page!
2024-04-22 14:33:28.712737   Start scroll and click cur_market 'Shares' =>
2024-04-22 14:33:28.761091   => End Click cur_market "Shares"
2024-04-22 14:33:28.761149   IS FIELD_DROPDOWN_SORT present in the Live prices table? =>
2024-04-22 14:33:28.770993   =>  FIELD_DROPDOWN_SORT is present in the table!
2024-04-22 14:33:28.771044   Start scroll and click FIELD_DROPDOWN_SORT =>
2024-04-22 14:33:28.828039   Is item_sort_list visible on the FIELD_DROPDOWN_SORT ? =>
2024-04-22 14:33:28.842386   => item_sort_list is visible on the FIELD_DROPDOWN_SORT!
2024-04-22 14:33:28.842429   Is cur_sort "Top risers" present in item_sort_list? =>
2024-04-22 14:33:28.851586   => cur_sort "Top risers" is present in item_sort_list!
2024-04-22 14:33:28.851622   Start click cur_sort "Top risers" =>
2024-04-22 14:33:28.881733   => End Click cur_sort "Top risers"

2024-04-22 14:33:28.881785   Buttons [Buy] is visible and sum buttons no zero? =>
2024-04-22 14:33:29.107019   => Buttons [Buy] is visible and sum buttons no zero!

2024-04-22 14:33:29.107082   Start find 1 random buttons [Buy] on cur_sort "Top risers"=>
2024-04-22 14:33:29.112448   => End find 1 random buttons [Buy] on the cur_sort "Top risers"

2024-04-22 14:33:29.112479   List of random items = [7]
2024-04-22 14:33:29.112656   2. Act for trading instrument, "Top risers" cur_sort and "Shares" cur_market
2024-04-22 14:33:29.123643   Start click button [Buy] =>
