


Current sort - Top risers
{'width': 1280, 'height': 800}

2024-04-09 23:39:23.235070   worker_id = master

2024-04-09 23:39:23.235090   0. Allure grouping v4

2024-04-09 23:39:23.235390   START PRECONDITIONS =>

2024-04-09 23:39:23.235459   => URL after prev. preconditions - https://capital.com/el
2024-04-09 23:39:23.235479   => flag_of_bug - False
2024-04-09 23:39:23.235496   => Current URL - https://capital.com/el/zontanes-times-metoxon
2024-04-09 23:39:23.242811   Current page URL = https://capital.com/el/zontanes-times-metoxon
2024-04-09 23:39:23.245341   self.link = https://capital.com/el
2024-04-09 23:39:23.245355   driver.get(https://capital.com/el) =>
2024-04-09 23:39:24.959690   => Loaded page https://capital.com/el

2024-04-09 23:39:24.964066   => Windows size - {'width': 1280, 'height': 800}
2024-04-09 23:39:24.965414   Set windows position at (0, 0) =>
2024-04-09 23:39:25.067418   Set resolution 1280 * 800 =>
2024-04-09 23:39:25.169470   => Windows size is set to {'width': 1280, 'height': 800}

2024-04-09 23:39:26.195512   Капчи нет. Идем дальше

2024-04-09 23:39:26.195599   Работа с куками =>

2024-04-09 23:39:26.195613   => не требуется

2024-04-09 23:39:26.195623   Prev. country - 'de'
2024-04-09 23:39:26.195632   Cur. country - 'de'
2024-04-09 23:39:26.195641   => Country set to 'de'

2024-04-09 23:39:26.195650   Prev. language - 'el'
2024-04-09 23:39:26.195658   Cur. language - 'el'
2024-04-09 23:39:26.195667   => Language is set to 'el'

2024-04-09 23:39:26.195676   Prev. role - 'NoAuth'
2024-04-09 23:39:26.195685   Cur. role - 'NoAuth'
2024-04-09 23:39:26.195693   => The 'NoAuth' role is set

2024-04-09 23:39:26.198465   => Current URL - https://capital.com/el

2024-04-09 23:39:26.198487   => THE END PRECONDITIONS

2024-04-09 23:39:26.198663   START Open "Markets" menu, "Shares" submenu =>
2024-04-09 23:39:26.198678   1. Cur URL = https://capital.com/el
2024-04-09 23:39:26.201206   2. Link = https://capital.com/el
2024-04-09 23:39:26.201221   current_page = https://capital.com/el
2024-04-09 23:39:26.203660   link = https://capital.com/el
2024-04-09 23:39:26.712256   => 'Markets' menu is present
2024-04-09 23:39:26.725289   => 'Markets' menu is visible
2024-04-09 23:39:27.989402   => Focus moved to 'Markets' menu
2024-04-09 23:39:29.448273   => Focus moved to 'Shares' submenu and clicked
2024-04-09 23:39:29.717920   => Focus moved to 'capital*com' logo
2024-04-09 23:39:29.717961   3. Cur URL = https://capital.com/el/zontanes-times-metoxon

2024-04-09 23:39:29.723578   1. Arrange for TABLE_TRADING_INSTRUMENTS and 'Top risers' cur_sort
2024-04-09 23:39:29.723600   current_page = https://capital.com/el/zontanes-times-metoxon
2024-04-09 23:39:29.726030   link = https://capital.com/el/zontanes-times-metoxon
2024-04-09 23:39:29.728428   TABLE_TRADING_INSTRUMENTS present on this page? =>
2024-04-09 23:39:29.733633   => TABLE_TRADING_INSTRUMENTS is present on the page!
2024-04-09 23:39:29.733655   IS FIELD_DROPDOWN_SORT present in the Live prices table? =>
2024-04-09 23:39:29.738321   =>  FIELD_DROPDOWN_SORT is present in the table!
2024-04-09 23:39:29.738344   Start scroll and click FIELD_DROPDOWN_SORT =>
2024-04-09 23:39:29.817264   Is item_sort_list visible on the FIELD_DROPDOWN_SORT ? =>
2024-04-09 23:39:29.833360   => item_sort_list is visible on the FIELD_DROPDOWN_SORT!
2024-04-09 23:39:29.833393   Is cur_sort "Top risers" present in item_sort_list? =>
2024-04-09 23:39:29.842648   => cur_sort "Top risers" is present in item_sort_list!
2024-04-09 23:39:29.842673   Start click cur_sort "Top risers" =>
2024-04-09 23:39:30.520408   => End Click cur_sort "Top risers"

2024-04-09 23:39:30.520457   Buttons [Sell] is visible and sum buttons no zero? =>
2024-04-09 23:39:30.531370   => Buttons [Sell] is visible and sum buttons no zero!

2024-04-09 23:39:30.531415   Start find 1 random buttons [Sell] on cur_sort "Top risers"=>
2024-04-09 23:39:30.538426   => End find 1 random buttons [Sell] on the cur_sort "Top risers"

2024-04-09 23:39:30.538453   List of random items = [8]
2024-04-09 23:39:30.538656   2. Act for trading instrument and "Top risers" cur_sort
2024-04-09 23:39:30.550850   Start click button [Sell] =>
2024-04-09 23:39:30.575892   =>   BUTTON_SELL on item with ID = '66372813979690009' is present
2024-04-09 23:39:30.575955   BUTTON_SELL on item with ID = '66372813979690009' scroll into view =>
2024-04-09 23:39:30.579248   => BUTTON_SELL on item with ID = '66372813979690009' scrolled into view
2024-04-09 23:39:30.579269   Check that BUTTON_SELL with item 'Dowa Holdings Co., Ltd.' clickable =>
2024-04-09 23:39:30.689692   => BUTTON_SELL is clickable
2024-04-09 23:39:31.472748   =>   BUTTON_SELL on item 'Dowa Holdings Co., Ltd.' clicked

2024-04-09 23:39:31.472995   3. Assert_Login_v0
2024-04-09 23:39:31.473105   Check that 'Login' form is opened
2024-04-09 23:39:31.662145   'Login' form opened
2024-04-09 23:39:31.662181   Assert LOGIN_REF_SIGNUP =>
2024-04-09 23:39:31.672598   Assert LOGIN_CHECKBOX =>
2024-04-09 23:39:31.683254   Assert LOGIN_PASS_FORGOT =>
2024-04-09 23:39:31.693616   => 'Login' form is checked
2024-04-09 23:39:31.709467   Click 'Close' button on 'Login' form =>
2024-04-09 23:39:32.025781   => Focus moved to 'capital*com' logo
2024-04-09 23:39:32.025826   => 'Login' form closed
