


Current sort - Top fallers
{'width': 1280, 'height': 800}

2024-04-10 00:41:41.466427   worker_id = master

2024-04-10 00:41:41.466442   0. Allure grouping v4

2024-04-10 00:41:41.466629   START PRECONDITIONS =>

2024-04-10 00:41:41.466645   => URL after prev. preconditions - https://capital.com/el
2024-04-10 00:41:41.466654   => flag_of_bug - False
2024-04-10 00:41:41.466665   => Current URL - https://capital.com/el/zontanes-times-emporevmaton
2024-04-10 00:41:41.472696   Current page URL = https://capital.com/el/zontanes-times-emporevmaton
2024-04-10 00:41:41.475200   self.link = https://capital.com/el
2024-04-10 00:41:41.475214   driver.get(https://capital.com/el) =>
2024-04-10 00:41:43.282487   => Loaded page https://capital.com/el

2024-04-10 00:41:43.286899   => Windows size - {'width': 1280, 'height': 800}
2024-04-10 00:41:43.288227   Set windows position at (0, 0) =>
2024-04-10 00:41:43.392024   Set resolution 1280 * 800 =>
2024-04-10 00:41:43.494195   => Windows size is set to {'width': 1280, 'height': 800}

2024-04-10 00:41:44.515614   Капчи нет. Идем дальше

2024-04-10 00:41:44.515704   Работа с куками =>

2024-04-10 00:41:44.515717   => не требуется

2024-04-10 00:41:44.515727   Prev. country - 'de'
2024-04-10 00:41:44.515736   Cur. country - 'de'
2024-04-10 00:41:44.515745   => Country set to 'de'

2024-04-10 00:41:44.515754   Prev. language - 'el'
2024-04-10 00:41:44.515763   Cur. language - 'el'
2024-04-10 00:41:44.515771   => Language is set to 'el'

2024-04-10 00:41:44.515780   Prev. role - 'NoAuth'
2024-04-10 00:41:44.515789   Cur. role - 'NoAuth'
2024-04-10 00:41:44.515797   => The 'NoAuth' role is set

2024-04-10 00:41:44.518530   => Current URL - https://capital.com/el

2024-04-10 00:41:44.518552   => THE END PRECONDITIONS

2024-04-10 00:41:44.518727   START Open "Markets" menu, "Commodities" submenu =>

2024-04-10 00:41:44.518743   1. Cur URL = https://capital.com/el

2024-04-10 00:41:44.521201   2. Link = https://capital.com/el
2024-04-10 00:41:44.521216   current_page = https://capital.com/el
2024-04-10 00:41:44.523596   link = https://capital.com/el
2024-04-10 00:41:45.031886   => 'Markets' menu is present
2024-04-10 00:41:45.046499   => 'Markets' menu is visible
2024-04-10 00:41:46.324079   => Focus moved to 'Markets' menu
2024-04-10 00:41:46.329833   => 'Markets > Commodities' submenu is present
2024-04-10 00:41:47.958805   => Focus moved to 'capital*com' logo

2024-04-10 00:41:47.958844   3. Cur URL = https://capital.com/el/zontanes-times-emporevmaton

2024-04-10 00:41:47.964186   1. Arrange for Trading instrument table and "Top fallers" cur_sort
2024-04-10 00:41:47.964210   current_page = https://capital.com/el/zontanes-times-emporevmaton
2024-04-10 00:41:47.966634   link = https://capital.com/el/zontanes-times-emporevmaton
2024-04-10 00:41:47.969048   IS TABLE_TRADING_INSTRUMENTS  present on the  page? =>
2024-04-10 00:41:47.974363   => TABLE_TRADING_INSTRUMENTS is present on the page!
2024-04-10 00:41:47.974385   IS FIELD_DROPDOWN_SORT present in the table? =>
2024-04-10 00:41:47.981063   =>  FIELD_DROPDOWN_SORT is present in the table!
2024-04-10 00:41:47.981086   Start scroll and click FIELD_DROPDOWN_SORT =>
2024-04-10 00:41:48.066107   Is item_sort_list visible on the FIELD_DROPDOWN_SORT ? =>
2024-04-10 00:41:48.096578   => item_sort_list is visible on the FIELD_DROPDOWN_SORT!
2024-04-10 00:41:48.096627   Is cur_sort "Top fallers" present in item_sort_list? =>
2024-04-10 00:41:48.135624   => cur_sort "Top fallers" is present in item_sort_list!
2024-04-10 00:41:48.135667   Start click cur_sort "Top fallers" =>
2024-04-10 00:41:48.745569   => End Click cur_sort "Top fallers"

2024-04-10 00:41:48.745617   Buttons [Buy] is visible and quantity buttons not zero? =>
2024-04-10 00:41:48.754253   => Buttons [Buy] is visible and quantity buttons not zero!

2024-04-10 00:41:48.754282   Start find two random buttons [Buy] on cur_sort "Top fallers"=>
2024-04-10 00:41:48.760613   => End find 1 random buttons [Buy] on the cur_sort "Top fallers"


2024-04-10 00:41:48.760639   Item_list = [9]
2024-04-10 00:41:48.760807   Start Checking that form [Sign up] popped up on the page =>
2024-04-10 00:41:50.304991   '[Sign up]' form was not popped up
2024-04-10 00:41:50.305195   2. Act for trading instrument and "Top fallers" cur_sort
2024-04-10 00:41:50.316994   Start click button [Buy] =>
2024-04-10 00:41:50.326348   =>   BUTTON_BUY on item with ID = 7090561509053636
2024-04-10 00:41:50.326371   BUTTON_BUY on item with ID = '7090561509053636' scroll into view =>
2024-04-10 00:41:50.333065   => BUTTON_SELL on item with ID = '7090561509053636' scrolled into view
2024-04-10 00:41:50.333099   Check that BUTTON_BUY with item Cotton No 2 Spot clickable =>
2024-04-10 00:41:50.471338   => BUTTON_BUY is clickable
2024-04-10 00:41:51.248919   =>   BUTTON_BUY with item Cotton No 2 Spot clicked

2024-04-10 00:41:51.249162   3. Assert_Login_v0
2024-04-10 00:41:51.249252   Check that 'Login' form is opened
2024-04-10 00:41:51.611886   'Login' form opened
2024-04-10 00:41:51.611955   Assert LOGIN_REF_SIGNUP =>
2024-04-10 00:41:51.621347   Assert LOGIN_CHECKBOX =>
2024-04-10 00:41:51.632540   Assert LOGIN_PASS_FORGOT =>
2024-04-10 00:41:51.643167   => 'Login' form is checked
2024-04-10 00:41:51.657714   Click 'Close' button on 'Login' form =>
2024-04-10 00:41:51.972822   => Focus moved to 'capital*com' logo
2024-04-10 00:41:51.972857   => 'Login' form closed
