{'width': 1280, 'height': 720}

2024-02-27 05:36:27.191959   worker_id = master

2024-02-27 05:36:27.191973   0. Allure grouping v4


2024-02-27 05:36:27.192165   START PRECONDITIONS =>


2024-02-27 05:36:27.192181   {'width': 1280, 'height': 720}

2024-02-27 05:36:27.193613   Set windows position at (0, 0) =>

2024-02-27 05:36:27.295832   Set resolution 1280 * 720 =>

2024-02-27 05:36:27.398298   => Resolution seted {'width': 1280, 'height': 720}

2024-02-27 05:36:28.433551   Капчи нет. Идем дальше

2024-02-27 05:36:28.433640   Prev. Role: NoAuth

2024-02-27 05:36:28.433653   Current role: NoAuth

2024-02-27 05:36:29.471669   Капчи нет. Идем дальше

2024-02-27 05:36:29.471758   Prev language: es

2024-02-27 05:36:29.471771   => Current language: es

2024-02-27 05:36:30.510382   Капчи нет. Идем дальше

2024-02-27 05:36:30.510472   Prev country: de
2024-02-27 05:36:30.510485   => Current country: de

2024-02-27 05:36:30.510494   => THE END PRECONDITIONS
2024-02-27 05:36:31.017902   => Education menu is present
2024-02-27 05:36:31.041770   element = <selenium.webdriver.remote.webelement.WebElement (session="4365de45760b35dc53ec6307a0f71c42", element="986F81553A5AA32B5B7D12507577C065_element_2443")>
2024-02-27 05:36:31.041813   => Education menu is visible
2024-02-27 05:36:32.308999   => Focus moved to Education menu

2024-02-27 05:36:33.114006   1. Arrange_v0
2024-02-27 05:36:33.129120   => BUTTON_TRY_DEMO is present on this page
2024-02-27 05:36:33.129150   BUTTON_TRY_DEMO scroll =>
2024-02-27 05:36:33.134052   BUTTON_TRY_DEMO is visible? =>
2024-02-27 05:36:33.154636   => BUTTON_TRY_DEMO is visible on this page

2024-02-27 05:36:33.154797   2. Act_v0
2024-02-27 05:36:33.161312   BUTTON_TRY_DEMO is clickable? =>
2024-02-27 05:36:33.228047   => BUTTON_TRY_DEMO clicked!

2024-02-27 05:36:33.228275   3. Assert_Login_v0
2024-02-27 05:36:33.228357   Check that 'Login' form is opened
2024-02-27 05:36:36.318444   'Login' form not opened
2024-02-27 05:36:36.318627   Check that new 'Login' form is opened
2024-02-27 05:36:39.494836   => New 'Login' form not opened
2024-02-27 05:36:39.504460   'Login' page not opened
2024-02-27 05:36:42.588627   'Login' form on trading platform not opened
2024-02-27 05:36:42.588821   Start step Check that [Sign up] form is opened
2024-02-27 05:36:42.602577   'Sign up' form opened
2024-02-27 05:36:42.602600   Assert SIGNUP_HEADER =>
2024-02-27 05:36:42.615922   Assert SIGNUP_REF_LOGIN =>
2024-02-27 05:36:42.631082   Assert SIGNUP_PRIVACY_POLICY_ALL_2 =>
2024-02-27 05:36:42.644353   => SIGNUP_PRIVACY_POLICY_ALL
2024-02-27 05:36:42.644383   => 'Signup' form is checked
