{'width': 1280, 'height': 720}

2024-02-27 03:32:34.216742   worker_id = master

2024-02-27 03:32:34.216761   0. Allure grouping v4


2024-02-27 03:32:34.216968   START PRECONDITIONS =>


2024-02-27 03:32:34.216985   {'width': 1280, 'height': 720}

2024-02-27 03:32:34.218306   Set windows position at (0, 0) =>

2024-02-27 03:32:34.323662   Set resolution 1280 * 720 =>

2024-02-27 03:32:34.426051   => Resolution seted {'width': 1280, 'height': 720}

2024-02-27 03:32:35.472839   Капчи нет. Идем дальше

2024-02-27 03:32:35.472933   Prev. Role: NoReg

2024-02-27 03:32:35.472947   Current role: NoReg

2024-02-27 03:32:36.497354   Капчи нет. Идем дальше

2024-02-27 03:32:36.497453   Prev language: es

2024-02-27 03:32:36.497466   => Current language: es

2024-02-27 03:32:37.522729   Капчи нет. Идем дальше

2024-02-27 03:32:37.522833   Prev country: de
2024-02-27 03:32:37.522846   => Current country: de

2024-02-27 03:32:37.522855   => THE END PRECONDITIONS

2024-02-27 03:32:37.522892   1. Arrange
2024-02-27 03:32:37.525705   CREATE_ACCOUNT_BUTTON is visible? =>
2024-02-27 03:32:37.541917   => CREATE_ACCOUNT_BUTTON is visible on the page!

2024-02-27 03:32:37.542067   2. Act
2024-02-27 03:32:37.542083   CREATE_ACCOUNT_BUTTON is present? =>
2024-02-27 03:32:37.549206   => CREATE_ACCOUNT_BUTTON is present on the page!
2024-02-27 03:32:37.549229   CREATE_ACCOUNT_BUTTON scroll =>
2024-02-27 03:32:37.621302   => CREATE_ACCOUNT_BUTTON clicked!

2024-02-27 03:32:37.621539   3. Assert_v0
2024-02-27 03:32:37.621636   Start step Check that [Sign up] form is opened
2024-02-27 03:32:37.841271   'Sign up' form opened
2024-02-27 03:32:37.841319   Assert SIGNUP_HEADER =>
2024-02-27 03:32:37.861403   Assert SIGNUP_REF_LOGIN =>
2024-02-27 03:32:37.877871   Assert SIGNUP_PRIVACY_POLICY_ALL_2 =>
2024-02-27 03:32:37.894773   => SIGNUP_PRIVACY_POLICY_ALL
2024-02-27 03:32:37.894814   => 'Signup' form is checked
2024-02-27 03:32:37.894990   Start step Close [Sign up] form =>
2024-02-27 03:32:37.986094   => 'Signup' form closed

2024-02-27 03:32:38.442217   *** end fixture Browser = teardown ***

