{'width': 1280, 'height': 800}

2024-05-16 21:30:30.174912   worker_id = master

2024-05-16 21:30:30.174926   0. Allure grouping v4

2024-05-16 21:30:30.175106   START PRECONDITIONS =>

2024-05-16 21:30:30.175122   => URL after prev. preconditions - https://capital.com/ru
2024-05-16 21:30:30.175131   => flag_of_bug - False
2024-05-16 21:30:30.175142   => Current URL - https://capital.com/ru/torgovlya-bitcoin-gold-btg-cfd
2024-05-16 21:30:30.180548   Current page URL = https://capital.com/ru/torgovlya-bitcoin-gold-btg-cfd
2024-05-16 21:30:30.183151   self.link = https://capital.com/ru
2024-05-16 21:30:30.183165   driver.get(https://capital.com/ru) =>
2024-05-16 21:30:31.978586   => Loaded page https://capital.com/ru

2024-05-16 21:30:31.984581   => Windows size - {'width': 1280, 'height': 800}
2024-05-16 21:30:31.985914   Set windows position at (0, 0) =>
2024-05-16 21:30:31.987553   Set resolution 1280 * 800 =>
2024-05-16 21:30:31.989118   => Windows size is set to {'width': 1280, 'height': 800}

2024-05-16 21:30:33.017337   Капчи нет. Идем дальше

2024-05-16 21:30:33.017424   Работа с куками =>

2024-05-16 21:30:33.017437   => не требуется

2024-05-16 21:30:33.017447   Prev. country - 'ae'
2024-05-16 21:30:33.017456   Cur. country - 'ae'
2024-05-16 21:30:33.017465   => Country set to 'ae'

2024-05-16 21:30:33.017475   Prev. language - 'ru'
2024-05-16 21:30:33.017483   Cur. language - 'ru'
2024-05-16 21:30:33.017492   => Language is set to 'ru'

2024-05-16 21:30:33.017501   Prev. role - 'NoAuth'
2024-05-16 21:30:33.017510   Cur. role - 'NoAuth'
2024-05-16 21:30:33.017519   => The 'NoAuth' role is set

2024-05-16 21:30:33.020253   => Current URL - https://capital.com/ru

2024-05-16 21:30:33.020275   => THE END PRECONDITIONS

2024-05-16 21:30:33.020318   1. Arrange_v0
2024-05-16 21:30:33.020332   current_page = https://capital.com/ru
2024-05-16 21:30:33.022773   link = https://capital.com/ru/torgovlya-bitcoin-gold-btg-cfd
2024-05-16 21:30:33.025178   Current page URL = https://capital.com/ru
2024-05-16 21:30:33.027549   self.link = https://capital.com/ru/torgovlya-bitcoin-gold-btg-cfd
2024-05-16 21:30:33.027563   driver.get(https://capital.com/ru/torgovlya-bitcoin-gold-btg-cfd) =>
2024-05-16 21:30:34.774793   => Loaded page https://capital.com/ru/torgovlya-bitcoin-gold-btg-cfd
2024-05-16 21:30:56.173122   => BUTTON_ON_STICKY_BAR is not present on the page!
