


Current sort - Top risers
{'width': 1280, 'height': 800}

2024-05-16 20:27:27.193388   worker_id = master

2024-05-16 20:27:27.193402   0. Allure grouping v4

2024-05-16 20:27:27.193583   START PRECONDITIONS =>

2024-05-16 20:27:27.193599   => URL after prev. preconditions - https://capital.com/ru
2024-05-16 20:27:27.193608   => flag_of_bug - True
2024-05-16 20:27:27.193619   => Current URL - https://capital.com/ru/tseny-na-syryo?t=most
2024-05-16 20:27:27.199055   Current page URL = https://capital.com/ru/tseny-na-syryo?t=most
2024-05-16 20:27:27.201538   self.link = https://capital.com/ru
2024-05-16 20:27:27.201551   driver.get(https://capital.com/ru) =>
2024-05-16 20:27:29.050397   => Loaded page https://capital.com/ru

2024-05-16 20:27:29.054592   => Windows size - {'width': 1280, 'height': 800}
2024-05-16 20:27:29.055928   Set windows position at (0, 0) =>
2024-05-16 20:27:29.057536   Set resolution 1280 * 800 =>
2024-05-16 20:27:29.059136   => Windows size is set to {'width': 1280, 'height': 800}

2024-05-16 20:27:30.089586   Капчи нет. Идем дальше

2024-05-16 20:27:30.089672   Работа с куками =>

2024-05-16 20:27:30.089686   => не требуется

2024-05-16 20:27:30.089696   Prev. country - 'ae'
2024-05-16 20:27:30.089706   Cur. country - 'ae'
2024-05-16 20:27:30.089715   => Country set to 'ae'

2024-05-16 20:27:30.089724   Prev. language - 'ru'
2024-05-16 20:27:30.089733   Cur. language - 'ru'
2024-05-16 20:27:30.089742   => Language is set to 'ru'

2024-05-16 20:27:30.089751   Prev. role - 'NoReg'
2024-05-16 20:27:30.089760   Cur. role - 'NoReg'
2024-05-16 20:27:30.089769   => The 'NoReg' role is set

2024-05-16 20:27:30.092526   => Current URL - https://capital.com/ru

2024-05-16 20:27:30.092549   => THE END PRECONDITIONS

2024-05-16 20:27:30.092724   START Open "Markets" menu, "Commodities" submenu =>

2024-05-16 20:27:30.092739   1. Cur URL = https://capital.com/ru

2024-05-16 20:27:30.095212   2. Link = https://capital.com/ru
2024-05-16 20:27:30.095227   current_page = https://capital.com/ru
2024-05-16 20:27:30.097616   link = https://capital.com/ru
2024-05-16 20:27:30.609459   => 'Markets' menu is present
2024-05-16 20:27:30.625841   => 'Markets' menu is visible
2024-05-16 20:27:31.910381   => Focus moved to 'Markets' menu
2024-05-16 20:27:31.923492   => 'Markets > Commodities' submenu is present
2024-05-16 20:27:33.636453   => Focus moved to 'capital*com' logo

2024-05-16 20:27:33.636497   3. Cur URL = https://capital.com/ru/tseny-na-syryo

2024-05-16 20:27:33.641862   1. Arrange for TABLE_TRADING_INSTRUMENTS and 'Top risers' cur_sort
2024-05-16 20:27:33.641884   current_page = https://capital.com/ru/tseny-na-syryo
2024-05-16 20:27:33.644398   link = https://capital.com/ru/tseny-na-syryo
2024-05-16 20:27:33.646820   TABLE_TRADING_INSTRUMENTS present on this page? =>
2024-05-16 20:27:33.654536   => Trading Instrument table is present on the page!
2024-05-16 20:27:33.654558   IS FIELD_DROPDOWN_SORT present in the Live TI prices table? =>
2024-05-16 20:27:33.661509   =>  FIELD_DROPDOWN_SORT is present in the Live TI price table!
2024-05-16 20:27:33.661531   Start scroll and click FIELD_DROPDOWN_SORT =>
2024-05-16 20:27:33.762765   Is item_sort_list visible on the FIELD_DROPDOWN_SORT ? =>
2024-05-16 20:27:33.803214   => items_sort_list is visible on the FIELD_DROPDOWN_SORT!
2024-05-16 20:27:33.803251   Is cur_sort "Top risers" present in items_sort_list? =>
2024-05-16 20:27:33.810716   => cur_sort "Top risers" is present in item_sort_list!
2024-05-16 20:27:33.810739   Start click cur_sort item - "Top risers"=>
2024-05-16 20:27:34.437664   => End Click cur_sort "Top risers"

2024-05-16 20:27:34.437708   Buttons [Sell] is visible and sum buttons no zero? =>
2024-05-16 20:27:34.465140   => Buttons [Sell] is visible and sum buttons no zero!

2024-05-16 20:27:34.465179   Start find 1 random buttons [Sell] on cur_sort "Top risers"=>
2024-05-16 20:27:34.471699   => End find 1 random buttons [Sell] on the cur_sort "Top risers"

2024-05-16 20:27:34.471726   List of random items = [17]
2024-05-16 20:27:34.471887   2. Act for trading instrument and "Top risers" cur_sort
2024-05-16 20:27:34.489050   Start click button [Sell] =>
2024-05-16 20:27:34.499278   =>   BUTTON_SELL on item with ID = '7091880064013508' is present
2024-05-16 20:27:34.499302   BUTTON_SELL on item with ID = '7091880064013508' scroll into view =>
2024-05-16 20:27:34.502520   => BUTTON_SELL on item with ID = '7091880064013508' scrolled into view
2024-05-16 20:27:34.502541   Check that BUTTON_SELL with item 'Copper' clickable =>
2024-05-16 20:27:34.610144   => BUTTON_SELL is clickable
2024-05-16 20:27:34.900536   =>   BUTTON_SELL on item 'Copper' clicked

2024-05-16 20:27:34.900836   3. Assert_v0
2024-05-16 20:27:34.900965   Start step Check that [Sign up] form is opened
2024-05-16 20:27:35.075343   'Sign up' form opened
2024-05-16 20:27:35.075378   Assert SIGNUP_HEADER =>
2024-05-16 20:27:35.090667   Assert SIGNUP_REF_LOGIN =>
2024-05-16 20:27:35.105254   Assert SIGNUP_PRIVACY_POLICY_ALL_2 =>
2024-05-16 20:27:35.119736   => SIGNUP_PRIVACY_POLICY_ALL
2024-05-16 20:27:35.119781   => 'Signup' form is checked
2024-05-16 20:27:35.119999   Start step Close [Sign up] form =>
2024-05-16 20:27:35.221550   => 'Signup' form closed
2024-05-16 20:27:35.499280   => Focus moved to 'capital*com' logo
