Current test role - NoReg

{'width': 1280, 'height': 800}

2024-05-16 19:56:46.203640   worker_id = master

2024-05-16 19:56:46.203654   0. Allure grouping v4

2024-05-16 19:56:46.203833   START PRECONDITIONS =>

2024-05-16 19:56:46.203848   => URL after prev. preconditions - https://capital.com/ru
2024-05-16 19:56:46.203858   => flag_of_bug - False
2024-05-16 19:56:46.203868   => Current URL - https://capital.com/ru/forex
2024-05-16 19:56:46.209664   Current page URL = https://capital.com/ru/forex
2024-05-16 19:56:46.213845   self.link = https://capital.com/ru
2024-05-16 19:56:46.213864   driver.get(https://capital.com/ru) =>
2024-05-16 19:56:47.893674   => Loaded page https://capital.com/ru

2024-05-16 19:56:47.898157   => Windows size - {'width': 1280, 'height': 800}
2024-05-16 19:56:47.899517   Set windows position at (0, 0) =>
2024-05-16 19:56:47.901226   Set resolution 1280 * 800 =>
2024-05-16 19:56:47.902877   => Windows size is set to {'width': 1280, 'height': 800}

2024-05-16 19:56:48.954257   Капчи нет. Идем дальше

2024-05-16 19:56:48.954346   Работа с куками =>
2024-05-16 19:56:48.954360   Prev. role - 'NoAuth'
2024-05-16 19:56:48.954369   Current testing role - 'NoReg'

2024-05-16 19:56:48.954378   All cookies must be delete =>
2024-05-16 19:56:49.046239   => All cookies are deleted
2024-05-16 19:56:49.046276   Current page URL = https://capital.com/ru
2024-05-16 19:56:49.048951   self.link = https://capital.com/
2024-05-16 19:56:49.048964   driver.get(https://capital.com/) =>
2024-05-16 19:56:50.872652   => Loaded page https://capital.com/

2024-05-16 19:56:50.876036   Step 'Click button [Accept all cookies]'
2024-05-16 19:56:50.876048   Is Visible Button [Accept all cookies]? =>
2024-05-16 19:56:50.892291   => Button [Accept all cookies] is visible
2024-05-16 19:56:51.392427   Is clickable Button [Accept all cookies] =>
2024-05-16 19:56:51.410981   => Button [Accept all cookies] is clickable
2024-05-16 19:56:51.411018   Click Button [Accept all cookies] =>
2024-05-16 19:56:51.562404   => Button [Accept all cookies] is clicked
2024-05-16 19:56:51.562460   => Accepted All Cookies

2024-05-16 19:56:52.062570   Prev. country - '?'
2024-05-16 19:56:52.062635   Cur. country - 'ae'
2024-05-16 19:56:52.062648   Set 'ae' country =>
2024-05-16 19:56:52.077545   => Language and Country menu is present
2024-05-16 19:56:52.091950   => Language and Country menu is visible
2024-05-16 19:56:53.377322   => Focus is moved on Language and Country menu 
2024-05-16 19:56:55.966636   => Cur url = https://capital.com/?country=ae
2024-05-16 19:56:56.009272   => Country set to 'ae'

2024-05-16 19:56:56.009301   Prev. language - '?'
2024-05-16 19:56:56.009311   Cur. language - 'ru'
2024-05-16 19:56:56.009321   Set 'ru' language =>
2024-05-16 19:56:56.018591   => Language and Country menu is present
2024-05-16 19:56:56.030732   => Language and Country menu is visible
2024-05-16 19:56:57.309827   => Focus is moved on Language and Country menu 
2024-05-16 19:56:57.318435   Move focus on ru item and click =>
2024-05-16 19:56:58.837631   => Focus moved on ru item and clicked
2024-05-16 19:56:58.837679   => Cur url = https://capital.com/ru
2024-05-16 19:56:58.882038   => Language is set to 'ru'

2024-05-16 19:56:58.882067   Prev. role - 'NoAuth'
2024-05-16 19:56:58.882078   Cur. role - 'NoReg'
2024-05-16 19:56:58.882087   => The 'NoReg' role is set

2024-05-16 19:56:58.884579   => Current URL - https://capital.com/ru

2024-05-16 19:56:58.884601   => THE END PRECONDITIONS

2024-05-16 19:56:58.884776   START Open "Markets" menu, "Forex" submenu =>

2024-05-16 19:56:58.884792   1. Cur URL = https://capital.com/ru

2024-05-16 19:56:58.887275   2. Link = https://capital.com/ru
2024-05-16 19:56:58.887290   current_page = https://capital.com/ru
2024-05-16 19:56:58.893438   link = https://capital.com/ru
2024-05-16 19:56:59.407168   => 'Markets' menu is present
2024-05-16 19:56:59.434790   => 'Markets' menu is visible
2024-05-16 19:57:00.707430   => Focus moved to 'Markets' menu


2024-05-16 19:57:02.184886   => 'Forex' sub-menu clicked
2024-05-16 19:57:02.473942   => Focus moved to 'capital*com' logo

2024-05-16 19:57:02.474030   3. Cur URL = https://capital.com/ru/forex

2024-05-16 19:57:02.479860   1. Arrange_v0
2024-05-16 19:57:02.479883   current_page = https://capital.com/ru/forex
2024-05-16 19:57:02.482310   link = https://capital.com/ru/forex
2024-05-16 19:57:02.492886   BUTTON_START_TRADING_NOW scroll =>
2024-05-16 19:57:02.497206   BUTTON_START_TRADING_NOW is visible? =>
2024-05-16 19:57:02.531531   => BUTTON_START_TRADING is visible on the page!

2024-05-16 19:57:02.531696   2. Act_v0
2024-05-16 19:57:02.531711   Start Click button [Start Trading Now] =>
2024-05-16 19:57:02.536893   BUTTON_START_TRADING_NOW is clickable? =>
2024-05-16 19:57:02.546003   BUTTON_START_TRADING_NOW click =>
2024-05-16 19:57:02.578559   => BUTTON_START_TRADING_NOW clicked

2024-05-16 19:57:02.578829   3. Assert_v0
2024-05-16 19:57:02.578950   Start step Check that [Sign up] form is opened
2024-05-16 19:57:02.800305   'Sign up' form opened
2024-05-16 19:57:02.800354   Assert SIGNUP_HEADER =>
2024-05-16 19:57:02.816398   Assert SIGNUP_REF_LOGIN =>
2024-05-16 19:57:02.831630   Assert SIGNUP_PRIVACY_POLICY_ALL_2 =>
2024-05-16 19:57:02.846130   => SIGNUP_PRIVACY_POLICY_ALL
2024-05-16 19:57:02.846164   => 'Signup' form is checked
2024-05-16 19:57:02.846324   Start step Close [Sign up] form =>
2024-05-16 19:57:02.946241   => 'Signup' form closed
2024-05-16 19:57:03.222620   => Focus moved to 'capital*com' logo
