{'width': 1280, 'height': 800}

2024-05-16 21:53:02.649399   worker_id = master

2024-05-16 21:53:02.649413   0. Allure grouping v4

2024-05-16 21:53:02.649610   START PRECONDITIONS =>

2024-05-16 21:53:02.649625   => URL after prev. preconditions - https://capital.com/ru
2024-05-16 21:53:02.649635   => flag_of_bug - False
2024-05-16 21:53:02.649645   => Current URL - https://capital.com/ru/trade-etfs
2024-05-16 21:53:02.654858   Current page URL = https://capital.com/ru/trade-etfs
2024-05-16 21:53:02.657342   self.link = https://capital.com/ru
2024-05-16 21:53:02.657362   driver.get(https://capital.com/ru) =>
2024-05-16 21:53:04.457276   => Loaded page https://capital.com/ru

2024-05-16 21:53:04.463375   => Windows size - {'width': 1280, 'height': 800}
2024-05-16 21:53:04.464712   Set windows position at (0, 0) =>
2024-05-16 21:53:04.466336   Set resolution 1280 * 800 =>
2024-05-16 21:53:04.467913   => Windows size is set to {'width': 1280, 'height': 800}

2024-05-16 21:53:05.495443   Капчи нет. Идем дальше

2024-05-16 21:53:05.495527   Работа с куками =>

2024-05-16 21:53:05.495540   => не требуется

2024-05-16 21:53:05.495550   Prev. country - 'ae'
2024-05-16 21:53:05.495559   Cur. country - 'ae'
2024-05-16 21:53:05.495568   => Country set to 'ae'

2024-05-16 21:53:05.495577   Prev. language - 'ru'
2024-05-16 21:53:05.495586   Cur. language - 'ru'
2024-05-16 21:53:05.495594   => Language is set to 'ru'

2024-05-16 21:53:05.495603   Prev. role - 'NoReg'
2024-05-16 21:53:05.495611   Cur. role - 'NoReg'
2024-05-16 21:53:05.495620   => The 'NoReg' role is set

2024-05-16 21:53:05.498327   => Current URL - https://capital.com/ru

2024-05-16 21:53:05.498349   => THE END PRECONDITIONS
2024-05-16 21:53:06.004611   => Education menu is present in DOM
2024-05-16 21:53:06.009901   => Education menu is visible
2024-05-16 21:53:07.296126   => Focus moved to Education menu

2024-05-16 21:53:09.105515   1. Arrange_v4
2024-05-16 21:53:09.105550   current_page = https://capital.com/ru/trade-etfs
2024-05-16 21:53:09.126299   link = https://capital.com/ru/trade-etfs
2024-05-16 21:53:09.130485   MOST_TRADED is present? =>
2024-05-16 21:53:09.138856   => MOST_TRADED widget is present on this page
2024-05-16 21:53:09.138879   => Found 5 elements in block MOST_TRADED
2024-05-16 21:53:09.138890   Most traded widget is scroll =>
2024-05-16 21:53:09.142421   => Most traded widget is scrolled into screen center

2024-05-16 21:53:09.142460   Random indexes = [1]

2024-05-16 21:53:09.142475   Testing Most traded 1 random element with 1 index

2024-05-16 21:53:09.142643   2. Act_v4
2024-05-16 21:53:09.142738   Start Checking that form [Sign up] popped up on the page =>
2024-05-16 21:53:10.696238   '[Sign up]' form was not popped up
2024-05-16 21:53:10.709023   instrument_title = 'AMC Entertainment Holdings Inc'
2024-05-16 21:53:10.714365   Selected Trade button on Most traded widget is scroll =>
2024-05-16 21:53:10.718997   Selected Trade button click for 'AMC Entertainment Holdings Inc' trading instrument =>
2024-05-16 21:53:11.767819   => Selected Trade button clicked!

2024-05-16 21:53:11.768064   3. Assert_v0
2024-05-16 21:53:11.768153   Start step Check that [Sign up] form is opened
2024-05-16 21:53:11.972906   'Sign up' form opened
2024-05-16 21:53:11.972947   Assert SIGNUP_HEADER =>
2024-05-16 21:53:11.985582   Assert SIGNUP_REF_LOGIN =>
2024-05-16 21:53:12.000152   Assert SIGNUP_PRIVACY_POLICY_ALL_2 =>
2024-05-16 21:53:12.035758   => SIGNUP_PRIVACY_POLICY_ALL
2024-05-16 21:53:12.035799   => 'Signup' form is checked
2024-05-16 21:53:12.036055   Start step Close [Sign up] form =>
2024-05-16 21:53:12.089261   => 'Signup' form closed
2024-05-16 21:53:12.375174   => Focus moved to 'capital*com' logo
