{'width': 1280, 'height': 800}

2024-05-16 19:22:42.676105   worker_id = master

2024-05-16 19:22:42.676118   0. Allure grouping v4

2024-05-16 19:22:42.676300   START PRECONDITIONS =>

2024-05-16 19:22:42.676316   => URL after prev. preconditions - https://capital.com/ru
2024-05-16 19:22:42.676325   => flag_of_bug - False
2024-05-16 19:22:42.676336   => Current URL - https://capital.com/ru

2024-05-16 19:22:42.681435   => Windows size - {'width': 1280, 'height': 800}
2024-05-16 19:22:42.682733   Set windows position at (0, 0) =>
2024-05-16 19:22:42.684292   Set resolution 1280 * 800 =>
2024-05-16 19:22:42.685836   => Windows size is set to {'width': 1280, 'height': 800}

2024-05-16 19:22:43.718860   Капчи нет. Идем дальше

2024-05-16 19:22:43.718955   Работа с куками =>

2024-05-16 19:22:43.718969   => не требуется

2024-05-16 19:22:43.718979   Prev. country - 'ae'
2024-05-16 19:22:43.718988   Cur. country - 'ae'
2024-05-16 19:22:43.718997   => Country set to 'ae'

2024-05-16 19:22:43.719006   Prev. language - 'ru'
2024-05-16 19:22:43.719015   Cur. language - 'ru'
2024-05-16 19:22:43.719023   => Language is set to 'ru'

2024-05-16 19:22:43.719032   Prev. role - 'NoReg'
2024-05-16 19:22:43.719041   Cur. role - 'NoReg'
2024-05-16 19:22:43.719050   => The 'NoReg' role is set

2024-05-16 19:22:43.723737   => Current URL - https://capital.com/ru

2024-05-16 19:22:43.723759   => THE END PRECONDITIONS

2024-05-16 19:22:43.723802   1. Arrange for 'Trade CFDs on Capital.com via TradingView' block
2024-05-16 19:22:43.723817   current_page = https://capital.com/ru
2024-05-16 19:22:43.726410   link = https://capital.com/ru

2024-05-16 19:22:43.728895   IS 'Trade CFDs on Capital.com via TradingView' block present on this page? =>
2024-05-16 19:22:43.736368   => 'Trade CFDs on Capital.com via TradingView' block present on this page!

2024-05-16 19:22:43.745723   IS 'Trade CFDs on Capital.com via TradingView' block visible on this page? =>
2024-05-16 19:22:43.770356   => 'Trade CFDs on Capital.com via TradingView' block is visible on this page!

2024-05-16 19:22:43.770395   IS [Explore features] button present on this page? =>
2024-05-16 19:22:43.784477   => [Explore features] button present on this page!

2024-05-16 19:22:43.797128   IS [Explore features] button visible on this page? =>
2024-05-16 19:22:43.831552   => [Explore features] button is visible on this page!
2024-05-16 19:22:43.831752   2. Act for [Explore features] button on 'Trade CFDs on Capital.com via TradingView' block 
2024-05-16 19:22:43.831768   Start Click [Explore features] button =>
2024-05-16 19:22:43.954909   => [Explore features] button clicked!


2024-05-16 19:22:44.601835   3. Assert_v0
2024-05-16 19:22:44.601950   Checking that the TradingView page has opened =>
2024-05-16 19:22:44.605869   => TradingView page has opened


2024-05-16 19:22:44.606006   Checking that the page has expected title =>
2024-05-16 19:22:44.608971   The title of current page is 'Capital.com — Reviews and Terms — TradingView'
2024-05-16 19:22:44.608994   The expected title is 'Capital.com'
2024-05-16 19:22:44.611431   => The page has expected title.

2024-05-16 19:22:44.611562   Checking that the TradingView site has expected app title =>
2024-05-16 19:22:44.629037   The app title of current page is 'Capital.com'
2024-05-16 19:22:44.629072   The expected app title is 'Capital.com'
2024-05-16 19:22:44.631560   => The app title has expected title.

