


Current market - Indices



Current sort - Most traded
{'width': 1280, 'height': 800}

2024-05-16 19:26:27.993005   worker_id = master

2024-05-16 19:26:27.993019   0. Allure grouping v4

2024-05-16 19:26:27.993199   START PRECONDITIONS =>

2024-05-16 19:26:27.993214   => URL after prev. preconditions - https://capital.com/ru
2024-05-16 19:26:27.993224   => flag_of_bug - True
2024-05-16 19:26:27.993235   => Current URL - https://capital.com/ru/proizvodnyye-finansovyye-instrumenty
2024-05-16 19:26:27.998934   Current page URL = https://capital.com/ru/proizvodnyye-finansovyye-instrumenty
2024-05-16 19:26:28.001407   self.link = https://capital.com/ru
2024-05-16 19:26:28.001420   driver.get(https://capital.com/ru) =>
2024-05-16 19:26:29.821521   => Loaded page https://capital.com/ru

2024-05-16 19:26:29.825820   => Windows size - {'width': 1280, 'height': 800}
2024-05-16 19:26:29.827194   Set windows position at (0, 0) =>
2024-05-16 19:26:29.830732   Set resolution 1280 * 800 =>
2024-05-16 19:26:29.832362   => Windows size is set to {'width': 1280, 'height': 800}

2024-05-16 19:26:30.873255   Капчи нет. Идем дальше

2024-05-16 19:26:30.873348   Работа с куками =>

2024-05-16 19:26:30.873362   => не требуется

2024-05-16 19:26:30.873372   Prev. country - 'ae'
2024-05-16 19:26:30.873381   Cur. country - 'ae'
2024-05-16 19:26:30.873390   => Country set to 'ae'

2024-05-16 19:26:30.873399   Prev. language - 'ru'
2024-05-16 19:26:30.873408   Cur. language - 'ru'
2024-05-16 19:26:30.873417   => Language is set to 'ru'

2024-05-16 19:26:30.873426   Prev. role - 'NoAuth'
2024-05-16 19:26:30.873434   Cur. role - 'NoAuth'
2024-05-16 19:26:30.873443   => The 'NoAuth' role is set

2024-05-16 19:26:30.876287   => Current URL - https://capital.com/ru

2024-05-16 19:26:30.876309   => THE END PRECONDITIONS

2024-05-16 19:26:30.876490   START Open "Markets" menu, "All Markets" submenu =>

2024-05-16 19:26:30.876505   1. Cur URL = https://capital.com/ru

2024-05-16 19:26:30.880904   2. Link = https://capital.com/ru
2024-05-16 19:26:30.880920   current_page = https://capital.com/ru
2024-05-16 19:26:30.883292   link = https://capital.com/ru
2024-05-16 19:26:31.394360   => 'Markets' menu is present
2024-05-16 19:26:31.410314   => 'Markets' menu is visible
2024-05-16 19:26:32.682281   => Focus moved to 'Markets' menu
2024-05-16 19:26:32.717343   => 'Markets > All Markets' submenu is present
2024-05-16 19:26:34.445639   => Focus moved to 'capital*com' logo

2024-05-16 19:26:34.445685   3. Cur URL = https://capital.com/ru/proizvodnyye-finansovyye-instrumenty

2024-05-16 19:26:34.451292   1. Arrange for TABLE_TRADING_INSTRUMENTS and 'Most traded' cur_sort
2024-05-16 19:26:34.451327   current_page = https://capital.com/ru/proizvodnyye-finansovyye-instrumenty
2024-05-16 19:26:34.453816   link = https://capital.com/ru/proizvodnyye-finansovyye-instrumenty
2024-05-16 19:26:34.456278   TABLE_TRADING_INSTRUMENTS present on this page? =>
2024-05-16 19:26:34.463795   => TABLE_TRADING_INSTRUMENTS is present on the page!
2024-05-16 19:26:34.463818   IS MARKETS_LIST present on this page? =>
2024-05-16 19:26:34.470900   Start scroll to markets list =>
2024-05-16 19:26:34.474193   => MARKETS_LIST is present on the page!
2024-05-16 19:26:34.474218   Start scroll and click cur_market 'Indices' =>
2024-05-16 19:26:34.519234   => End Click cur_market "Indices"
2024-05-16 19:26:34.519286   IS FIELD_DROPDOWN_SORT present in the Live prices table? =>
2024-05-16 19:26:34.549896   =>  FIELD_DROPDOWN_SORT is present in the table!
2024-05-16 19:26:34.577958   Is item_sort_list visible on the FIELD_DROPDOWN_SORT ? =>
2024-05-16 19:26:34.591888   => item_sort_list is visible on the FIELD_DROPDOWN_SORT!
2024-05-16 19:26:34.591925   Is cur_sort "Most traded" present in item_sort_list? =>
2024-05-16 19:26:34.600973   => cur_sort "Most traded" is present in item_sort_list!
2024-05-16 19:26:34.601007   Start click cur_sort "Most traded" =>
2024-05-16 19:26:34.645076   => End Click cur_sort "Most traded"

2024-05-16 19:26:34.645132   Buttons [Sell] is visible and sum buttons no zero? =>
2024-05-16 19:26:34.656075   => Buttons [Sell] is visible and sum buttons no zero

2024-05-16 19:26:34.656127   Start find 1 random buttons [Sell] on cur_sort=>
[7]
2024-05-16 19:26:34.662006   => End find 1 random buttons [Sell] on the cur_sort "Most traded"

2024-05-16 19:26:34.662033   List of random items = [7]
2024-05-16 19:26:34.662259   2. Act for trading instrument and "Most traded" cur_sort
2024-05-16 19:26:34.662283   Index in item_list = 7
UK100
2024-05-16 19:26:34.679970   Start click button [Sell] =>
2024-05-16 19:26:34.949164   =>   BUTTON_SELL on item 'UK100' clicked

2024-05-16 19:26:34.949394   3. Assert_Login_v0
2024-05-16 19:26:34.949478   Check that 'Login' form is opened
2024-05-16 19:26:41.090403   'Login' form not opened
2024-05-16 19:26:41.090586   Check that new 'Login' form is opened
2024-05-16 19:26:44.182689   => New 'Login' form not opened
2024-05-16 19:26:44.185539   'Login' page not opened
2024-05-16 19:26:47.269687   'Login' form on trading platform not opened
2024-05-16 19:26:47.269896   Start step Check that [Sign up] form is opened
2024-05-16 19:26:47.283891   'Sign up' form opened
2024-05-16 19:26:47.283920   Assert SIGNUP_HEADER =>
2024-05-16 19:26:47.310129   Assert SIGNUP_REF_LOGIN =>
2024-05-16 19:26:47.325104   Assert SIGNUP_PRIVACY_POLICY_ALL_2 =>
2024-05-16 19:26:47.337597   => SIGNUP_PRIVACY_POLICY_ALL
2024-05-16 19:26:47.337625   => 'Signup' form is checked

Bug: Bid:01.01.00_001-ru.ae.NoAuth

2024-05-16 19:26:47.337691   Проверка бага в таблице ретеста  =>

2024-05-16 19:26:47.741897   4. Fixing one row check results into Google Sheet Bugs Report =>
1 cells updated.
2024-05-16 19:26:48.018209   => 4. One row check results into Google Sheet Bugs Report fixed

2024-05-16 19:26:50.995901   4. Fixing one row check results into Google Sheet Bugs Report =>
1 cells updated.
2024-05-16 19:26:51.252492   => 4. One row check results into Google Sheet Bugs Report fixed

2024-05-16 19:26:51.252727   4. Fixing one row check results into Google Sheet Bugs Report =>
1 cells updated.
2024-05-16 19:26:52.320334   => 4. One row check results into Google Sheet Bugs Report fixed

2024-05-16 19:26:52.320419   Баг Bid:01.01.00_001-ru.ae.NoAuth уже существует, но у него изменился тип с  на 05

2024-05-16 19:26:52.320616   4. Fixing one row check results into Google Sheet Bugs Report =>
1 cells updated.
2024-05-16 19:26:52.593283   => 4. One row check results into Google Sheet Bugs Report fixed

2024-05-16 19:26:52.595160   Баг Bid:01.01.00_001-ru.ae.NoAuth-05 обнаружен ранее и уже находится в 'Bugs Report Auto detect'
