


Current market - ETFs
{'width': 1280, 'height': 800}

2024-05-16 19:22:32.229576   worker_id = master

2024-05-16 19:22:32.229590   0. Allure grouping v4

2024-05-16 19:22:32.229772   START PRECONDITIONS =>

2024-05-16 19:22:32.229787   => URL after prev. preconditions - https://capital.com/ru
2024-05-16 19:22:32.229797   => flag_of_bug - False
2024-05-16 19:22:32.229808   => Current URL - https://capital.com/ru

2024-05-16 19:22:32.234671   => Windows size - {'width': 1280, 'height': 800}
2024-05-16 19:22:32.235862   Set windows position at (0, 0) =>
2024-05-16 19:22:32.239738   Set resolution 1280 * 800 =>
2024-05-16 19:22:32.241563   => Windows size is set to {'width': 1280, 'height': 800}

2024-05-16 19:22:33.247887   Капчи нет. Идем дальше

2024-05-16 19:22:33.247976   Работа с куками =>

2024-05-16 19:22:33.247990   => не требуется

2024-05-16 19:22:33.248000   Prev. country - 'ae'
2024-05-16 19:22:33.248009   Cur. country - 'ae'
2024-05-16 19:22:33.248018   => Country set to 'ae'

2024-05-16 19:22:33.248027   Prev. language - 'ru'
2024-05-16 19:22:33.248036   Cur. language - 'ru'
2024-05-16 19:22:33.248045   => Language is set to 'ru'

2024-05-16 19:22:33.248053   Prev. role - 'NoReg'
2024-05-16 19:22:33.248062   Cur. role - 'NoReg'
2024-05-16 19:22:33.248071   => The 'NoReg' role is set

2024-05-16 19:22:33.250773   => Current URL - https://capital.com/ru

2024-05-16 19:22:33.250795   => THE END PRECONDITIONS

2024-05-16 19:22:33.250840   1. Arrange for 'Trading instrument' widget: 'ETFs' market
2024-05-16 19:22:33.250854   current_page = https://capital.com/ru
2024-05-16 19:22:33.253308   link = https://capital.com/ru

2024-05-16 19:22:33.257752   IS 'Trading instrument' widget present on this page? =>
2024-05-16 19:22:33.262798   => 'Trading instrument' widget present on this page!

2024-05-16 19:22:33.270482   IS 'Trading instrument' widget visible on this page? =>
2024-05-16 19:22:33.297189   => 'Trading instrument' widget is visible on this page!

2024-05-16 19:22:33.297227   IS MARKET 'ETFs' present on this page? =>
2024-05-16 19:22:33.307329   => MARKET 'ETFs' present on this page!

2024-05-16 19:22:33.316024   IS MARKET 'ETFs' visible on this page? =>
2024-05-16 19:22:35.368767   => MARKET 'ETFs' is NOT visible right now on page, but need to check in 'Meatballs menu'!
2024-05-16 19:22:35.376931   => 'Meatballs menu' button is present
2024-05-16 19:22:35.386356   => 'Meatballs menu' button is visible
2024-05-16 19:22:36.655637   => Focus is moved on 'Meatballs menu' button
2024-05-16 19:22:36.675097   => MARKET 'ETFs' is visible on this page!

2024-05-16 19:22:36.675131   Start Click Tab 'ETFs' MARKET =>
2024-05-16 19:22:36.675142   Check that Tab 'ETFs' MARKET is clickable =>
2024-05-16 19:22:36.689428   => Tab 'ETFs' MARKET is clickable
2024-05-16 19:22:36.732839   => End Click Tab 'ETFs' MARKET

2024-05-16 19:22:36.732877   Is Instruments present? =>
2024-05-16 19:22:36.739949   => Instruments is present on this page

2024-05-16 19:22:36.739977   Is Instruments visible? =>
2024-05-16 19:22:36.749474   => Instruments is visible on this page

2024-05-16 19:22:36.749497   Start find random buttons [Trade] on the TAB 'ETFs'=>
2024-05-16 19:22:36.749522   => End find '1' random buttons [Trade] from list [0] on the TAB 'ETFs'
2024-05-16 19:22:36.749689   2. Act for 'Trading instrument' widget and 'ETFs' tab 0-item from item list [0]
2024-05-16 19:22:36.749706   Start Click button TAB 'ETFs' in METHOD: element_click =>
2024-05-16 19:22:36.758291   IS MARKET 'ETFs' visible on this page? =>
2024-05-16 19:22:36.768283   Check that MARKET 'ETFs' is visible on this page =>
2024-05-16 19:22:36.777478   => MARKET 'ETFs' is visible on this page!
2024-05-16 19:22:36.777501   Tab 'ETFs' MARKET is scroll =>
2024-05-16 19:22:36.785374   => Tab 'ETFs' MARKET is scrolled
2024-05-16 19:22:36.785397   Check that Tab 'ETFs' MARKET is clickable =>
2024-05-16 19:22:36.794869   => Tab 'ETFs' MARKET is clickable
2024-05-16 19:22:36.816294   => End Click Tab 'ETFs' MARKET

2024-05-16 19:22:36.816321   Start get name of trading instrument =>
2024-05-16 19:22:36.827644   => Name of trading instrument: Direxion Daily Semiconductor Bull 3X Shares (Extended Hours)

2024-05-16 19:22:36.827668   Start click button [Trade] =>
2024-05-16 19:22:36.890687   => Button [Trade] for 0-item clicked!


2024-05-16 19:22:36.890806   1. Arrange for 'Trading instrument' widget: 'ETFs' market

2024-05-16 19:22:36.891022   3. Assert_v0
2024-05-16 19:22:36.891138   Start step Check that [Sign up] form is opened
2024-05-16 19:22:37.085154   'Sign up' form opened
2024-05-16 19:22:37.085204   Assert SIGNUP_HEADER =>
2024-05-16 19:22:37.100882   Assert SIGNUP_REF_LOGIN =>
2024-05-16 19:22:37.114534   Assert SIGNUP_PRIVACY_POLICY_ALL_2 =>
2024-05-16 19:22:37.130686   => SIGNUP_PRIVACY_POLICY_ALL
2024-05-16 19:22:37.130726   => 'Signup' form is checked
2024-05-16 19:22:37.130900   Start step Close [Sign up] form =>
2024-05-16 19:22:37.234499   => 'Signup' form closed
2024-05-16 19:22:37.506770   => Focus moved to 'capital*com' logo
