{'width': 1280, 'height': 800}

2024-04-06 10:45:32.372373   worker_id = master

2024-04-06 10:45:32.372387   0. Allure grouping v4

2024-04-06 10:45:32.372565   START PRECONDITIONS =>

2024-04-06 10:45:32.372580   => Current URL - https://capital.com/how-to-trade-cfds-on-forex

2024-04-06 10:45:32.375263   => URL after prev. preconditions - https://capital.com/how-to-trade-cfds-on-forex

2024-04-06 10:45:32.375276   => flag_of_bug - False

2024-04-06 10:45:32.375287   => Windows size - {'width': 1280, 'height': 800}
2024-04-06 10:45:32.376552   Set windows position at (0, 0) =>
2024-04-06 10:45:32.478420   Set resolution 1280 * 800 =>
2024-04-06 10:45:32.580475   => Windows size is set to {'width': 1280, 'height': 800}

2024-04-06 10:45:33.603936   Капчи нет. Идем дальше

2024-04-06 10:45:33.604008   Работа с куками

2024-04-06 10:45:33.604022   Prev. country - 'de'
2024-04-06 10:45:33.604032   Cur. country - 'de'
2024-04-06 10:45:33.604041   => Country set to 'de'

2024-04-06 10:45:33.604050   Prev. language - 'en'
2024-04-06 10:45:33.604059   Cur. language - 'en'
2024-04-06 10:45:33.604068   => Language is set to 'en'

2024-04-06 10:45:33.604077   Prev. role - 'NoReg'
2024-04-06 10:45:33.604085   Cur. role - 'NoReg'
2024-04-06 10:45:33.604094   => The 'NoReg' role is set

2024-04-06 10:45:33.606786   => Current URL - https://capital.com/how-to-trade-cfds-on-forex

2024-04-06 10:45:33.606808   => THE END PRECONDITIONS

2024-04-06 10:45:33.606849   1. Arrange_v0
2024-04-06 10:45:33.606863   current_page = https://capital.com/how-to-trade-cfds-on-forex
2024-04-06 10:45:33.609355   link = https://capital.com/how-to-trade-cfds-on-forex
2024-04-06 10:45:33.611888   BUTTON_BUY_IN_CONTENT_BLOCK is located on the page? =>
2024-04-06 10:45:44.280984   => BUTTON_BUY_IN_CONTENT_BLOCK is not located on the page!
