{'width': 1280, 'height': 800}

2024-04-06 09:59:17.547022   worker_id = master

2024-04-06 09:59:17.547036   0. Allure grouping v4

2024-04-06 09:59:17.547219   START PRECONDITIONS =>

2024-04-06 09:59:17.547235   => Current URL - https://capital.com/

2024-04-06 09:59:17.549795   => URL after prev. preconditions - https://capital.com/

2024-04-06 09:59:17.549809   => flag_of_bug - True
2024-04-06 09:59:17.549821   Current page URL = https://capital.com/
2024-04-06 09:59:17.552180   self.link = https://capital.com/
2024-04-06 09:59:17.552194   link = https://capital.com/
2024-04-06 09:59:19.205576   => Loaded page https://capital.com/

2024-04-06 09:59:19.212009   => Windows size - {'width': 1280, 'height': 800}
2024-04-06 09:59:19.213341   Set windows position at (0, 0) =>
2024-04-06 09:59:19.315378   Set resolution 1280 * 800 =>
2024-04-06 09:59:19.417445   => Windows size is set to {'width': 1280, 'height': 800}

2024-04-06 09:59:20.444686   Капчи нет. Идем дальше

2024-04-06 09:59:20.444767   Работа с куками

2024-04-06 09:59:20.444781   Prev. country - 'de'
2024-04-06 09:59:20.444791   Cur. country - 'de'
2024-04-06 09:59:20.444800   => Country set to 'de'

2024-04-06 09:59:20.444809   Prev. language - 'en'
2024-04-06 09:59:20.444818   Cur. language - 'en'
2024-04-06 09:59:20.444827   => Language is set to 'en'

2024-04-06 09:59:20.444836   Prev. role - 'NoAuth'
2024-04-06 09:59:20.444844   Cur. role - 'NoAuth'
2024-04-06 09:59:20.444853   => The 'NoAuth' role is set

2024-04-06 09:59:20.447558   => Current URL - https://capital.com/

2024-04-06 09:59:20.447580   => THE END PRECONDITIONS

2024-04-06 09:59:20.450194   START Open "Education" menu, "Spread betting guide" submenu =>

2024-04-06 09:59:20.450215   1. Cur URL = https://capital.com/

2024-04-06 09:59:20.452656   2. Link = https://capital.com/
2024-04-06 09:59:20.452671   current_page = https://capital.com/
2024-04-06 09:59:20.455098   link = https://capital.com/
2024-04-06 09:59:20.963573   => Education menu is present in DOM
2024-04-06 09:59:20.968434   => Education menu is visible
2024-04-06 09:59:22.243169   => Focus moved to Education menu
