{'width': 1280, 'height': 800}

2024-04-06 09:32:47.282076   worker_id = master

2024-04-06 09:32:47.282090   0. Allure grouping v4

2024-04-06 09:32:47.282274   START PRECONDITIONS =>

2024-04-06 09:32:47.282290   => Current URL - https://capital.com/eur-jpy-rate

2024-04-06 09:32:47.284866   => URL after prev. preconditions - https://capital.com/

2024-04-06 09:32:47.284880   => flag_of_bug - False

2024-04-06 09:32:47.284892   => Windows size - {'width': 1280, 'height': 800}
2024-04-06 09:32:47.286201   Set windows position at (0, 0) =>
2024-04-06 09:32:47.388262   Set resolution 1280 * 800 =>
2024-04-06 09:32:47.490336   => Windows size is set to {'width': 1280, 'height': 800}

2024-04-06 09:32:48.521425   Капчи нет. Идем дальше

2024-04-06 09:32:48.521541   Работа с куками

2024-04-06 09:32:48.521559   Prev. country - 'de'
2024-04-06 09:32:48.521569   Cur. country - 'de'
2024-04-06 09:32:48.521578   => Country set to 'de'

2024-04-06 09:32:48.521587   Prev. language - 'en'
2024-04-06 09:32:48.521595   Cur. language - 'en'
2024-04-06 09:32:48.521604   => Language is set to 'en'

2024-04-06 09:32:48.521612   Prev. role - 'NoReg'
2024-04-06 09:32:48.521620   Cur. role - 'NoReg'
2024-04-06 09:32:48.521629   => The 'NoReg' role is set

2024-04-06 09:32:48.524466   => Current URL - https://capital.com/eur-jpy-rate

2024-04-06 09:32:48.524486   => THE END PRECONDITIONS

2024-04-06 09:32:48.524665   1. Arrange_v0
2024-04-06 09:32:48.524682   current_page = https://capital.com/eur-jpy-rate
2024-04-06 09:32:48.527265   link = https://capital.com/eur-jpy-rate
2024-04-06 09:32:48.537600   Is button BUTTON_VIEW_DETAILED_CHART present on the page? =>
2024-04-06 09:32:48.537623   => BUTTON_VIEW_DETAILED_CHART is present on the page
2024-04-06 09:32:48.537634   BUTTON_VIEW_DETAILED_CHART scroll =>
2024-04-06 09:32:48.542806   => BUTTON_VIEW_DETAILED_CHART scrolled
2024-04-06 09:32:48.543008   Start Checking that form [Sign up] popped up on the page =>
2024-04-06 09:32:50.083180   '[Sign up]' form was not popped up

2024-04-06 09:32:50.083358   2. Act_v0
2024-04-06 09:32:50.083374   Start Click button [View Detailed Chart] =>
2024-04-06 09:32:50.098180   BUTTON_VIEW_DETAILED_CHART is clickable =>
2024-04-06 09:32:50.163789 => BUTTON_VIEW_DETAILED_CHART clicked

2024-04-06 09:32:50.164103   3. Assert_v0
2024-04-06 09:32:50.164227   Start step Check that [Sign up] form is opened
2024-04-06 09:32:50.178383   'Sign up' form opened
2024-04-06 09:32:50.178426   Assert SIGNUP_HEADER =>
2024-04-06 09:32:50.190394   Assert SIGNUP_REF_LOGIN =>
2024-04-06 09:32:50.201957   Assert SIGNUP_PRIVACY_POLICY_ALL_2 =>
2024-04-06 09:32:50.212667   => SIGNUP_PRIVACY_POLICY_ALL
2024-04-06 09:32:50.212701   => 'Signup' form is checked
2024-04-06 09:32:50.212901   Start step Close [Sign up] form =>
2024-04-06 09:32:50.295844   => 'Signup' form closed
2024-04-06 09:32:50.573426   => Focus moved to 'capital*com' logo
