{'width': 1280, 'height': 800}

2024-04-06 09:25:52.570897   worker_id = master

2024-04-06 09:25:52.570911   0. Allure grouping v4

2024-04-06 09:25:52.571086   START PRECONDITIONS =>

2024-04-06 09:25:52.571101   => Current URL - https://capital.com/major-world-indices?t=volatile

2024-04-06 09:25:52.573913   => URL after prev. preconditions - https://capital.com/major-world-indices

2024-04-06 09:25:52.573926   => flag_of_bug - True
2024-04-06 09:25:52.573938   Current page URL = https://capital.com/major-world-indices?t=volatile
2024-04-06 09:25:52.576522   self.link = https://capital.com/major-world-indices
2024-04-06 09:25:52.576536   link = https://capital.com/major-world-indices
2024-04-06 09:25:54.182697   => Loaded page https://capital.com/major-world-indices

2024-04-06 09:25:54.187016   => Windows size - {'width': 1280, 'height': 800}
2024-04-06 09:25:54.188307   Set windows position at (0, 0) =>
2024-04-06 09:25:54.290398   Set resolution 1280 * 800 =>
2024-04-06 09:25:54.392586   => Windows size is set to {'width': 1280, 'height': 800}

2024-04-06 09:25:55.416706   Капчи нет. Идем дальше

2024-04-06 09:25:55.416789   Работа с куками

2024-04-06 09:25:55.416802   Prev. country - 'de'
2024-04-06 09:25:55.416812   Cur. country - 'de'
2024-04-06 09:25:55.416821   => Country set to 'de'

2024-04-06 09:25:55.416830   Prev. language - 'en'
2024-04-06 09:25:55.416839   Cur. language - 'en'
2024-04-06 09:25:55.416847   => Language is set to 'en'

2024-04-06 09:25:55.416856   Prev. role - 'NoReg'
2024-04-06 09:25:55.416865   Cur. role - 'NoReg'
2024-04-06 09:25:55.416873   => The 'NoReg' role is set

2024-04-06 09:25:55.419547   => Current URL - https://capital.com/major-world-indices

2024-04-06 09:25:55.419569   => THE END PRECONDITIONS

2024-04-06 09:25:55.419764   START Open "Markets" menu, "Indices" submenu =>

2024-04-06 09:25:55.419780   1. Cur URL = https://capital.com/major-world-indices

2024-04-06 09:25:55.422283   2. Link = https://capital.com/major-world-indices
2024-04-06 09:25:55.422298   current_page = https://capital.com/major-world-indices
2024-04-06 09:25:55.424701   link = https://capital.com/major-world-indices
2024-04-06 09:25:55.935565   => 'Markets' menu is present
2024-04-06 09:25:55.951895   => 'Markets' menu is visible
2024-04-06 09:25:57.214672   => Focus moved to 'Markets' menu


2024-04-06 09:25:58.598804   => 'Indices' submenu clicked
2024-04-06 09:25:58.871477   => Focus moved to 'capital*com' logo

2024-04-06 09:25:58.871511   3. Cur URL = https://capital.com/major-world-indices

2024-04-06 09:25:58.876848   1. Arrange_v0
2024-04-06 09:25:58.876869   current_page = https://capital.com/major-world-indices
2024-04-06 09:25:58.879267   link = https://capital.com/major-world-indices
2024-04-06 09:25:58.881570   BUTTON_CREATE_YOUR_ACCOUNT is located on the page? =>

2024-04-06 09:25:58.889433   2. Act_v0: Define of locator

2024-04-06 09:25:58.889454   2. Act_v0: Go to web element

2024-04-06 09:25:59.944222   2. Act_v0: Click web element
2024-04-06 09:25:59.974834   => BUTTON_CREATE_YOUR_ACCOUNT is clicked

2024-04-06 09:25:59.975113   3. Assert_v0
2024-04-06 09:25:59.975230   Start step Check that [Sign up] form is opened
2024-04-06 09:26:00.218599   'Sign up' form opened
2024-04-06 09:26:00.218636   Assert SIGNUP_HEADER =>
2024-04-06 09:26:00.232435   Assert SIGNUP_REF_LOGIN =>
2024-04-06 09:26:00.245634   Assert SIGNUP_PRIVACY_POLICY_ALL_2 =>
2024-04-06 09:26:00.257967   => SIGNUP_PRIVACY_POLICY_ALL
2024-04-06 09:26:00.257998   => 'Signup' form is checked
2024-04-06 09:26:00.258167   Start step Close [Sign up] form =>
2024-04-06 09:26:00.320405   => 'Signup' form closed
2024-04-06 09:26:00.611362   => Focus moved to 'capital*com' logo
