{'width': 1280, 'height': 800}

2024-03-30 06:57:00.856363   worker_id = master

2024-03-30 06:57:00.856389   0. Allure grouping v4

2024-03-30 06:57:00.856639   START PRECONDITIONS =>

2024-03-30 06:57:00.856657   => flag_of_bug - False

2024-03-30 06:57:00.856669   => Windows size - {'width': 1280, 'height': 800}
2024-03-30 06:57:00.868791   Set windows position at (0, 0) =>
2024-03-30 06:57:00.971771   Set resolution 1280 * 800 =>
2024-03-30 06:57:01.074860   => Windows size is set to {'width': 1280, 'height': 800}

2024-03-30 06:57:02.119687   Капчи нет. Идем дальше

2024-03-30 06:57:02.119772   Работа с куками

2024-03-30 06:57:02.119785   Prev. country - 'ae'
2024-03-30 06:57:02.119795   Cur. country - 'ae'
2024-03-30 06:57:02.119804   => Country set to 'ae'

2024-03-30 06:57:02.119813   Prev. language - 'en'
2024-03-30 06:57:02.119821   Cur. language - 'en'
2024-03-30 06:57:02.119831   => Language is set to 'en'

2024-03-30 06:57:02.119839   Prev. role - 'Auth'
2024-03-30 06:57:02.119848   Cur. role - 'Auth'
2024-03-30 06:57:02.119856   => The 'Auth' role is set

2024-03-30 06:57:02.122563   => THE END PRECONDITIONS

2024-03-30 06:57:02.122748   1. Cur URL = https://capital.com/trade-forex

2024-03-30 06:57:02.125187   2. Link = https://capital.com/trade-forex
2024-03-30 06:57:02.125203   current_page = https://capital.com/trade-forex
2024-03-30 06:57:02.127659   link = https://capital.com/trade-forex
2024-03-30 06:57:02.636217   => Education menu is present in DOM
2024-03-30 06:57:02.642515   => Education menu is visible
2024-03-30 06:57:03.906081   => Focus moved to Education menu
2024-03-30 06:57:04.689120   => Focus moved to Forex trading sub-menu and clicked
2024-03-30 06:57:04.959261   => Focus moved to 'capital*com' logo

2024-03-30 06:57:04.959298   3. Cur URL = https://capital.com/trade-forex
2024-03-30 06:57:04.973756
2024-03-30 06:57:04.973778   Forex trading include 22 child items for random select
2024-03-30 06:57:04.977421   k = 1 - https://capital.com/what-is-the-strongest-currency-in-the-world
2024-03-30 06:57:04.980535   k = 4 - https://capital.com/how-to-trade-cfds-on-forex
2024-03-30 06:57:04.980638   The file of hrefs contains the following URLs:
2024-03-30 06:57:04.980655   https://capital.com/what-is-the-strongest-currency-in-the-world
2024-03-30 06:57:04.980666   https://capital.com/how-to-trade-cfds-on-forex
2024-03-30 06:57:04.980707   Test data include 2 item(s)
2024-03-30 06:57:04.980721   The test coverage = 9.090909090909092 %
