


Current test role - NoReg
{'width': 1280, 'height': 720}

2023-12-28 16:31:01.523832   worker_id = master

2023-12-28 16:31:01.523849   0. Allure grouping v4

2023-12-28 16:31:01.523973   0. Arrange_0
2023-12-28 16:31:02.233977   Load page https://capital.com


2023-12-28 16:31:02.234200   START PRECONDITIONS =>


2023-12-28 16:31:02.234214   {'width': 1280, 'height': 720}

2023-12-28 16:31:02.245562   Set windows position at (0, 0) =>

2023-12-28 16:31:02.658664   Set resolution 1280 * 720 =>

2023-12-28 16:31:02.862600   => Resolution seted {'width': 1280, 'height': 720}

2023-12-28 16:31:06.950868   Капчи нет. Тестим дальше

2023-12-28 16:31:06.950911   Prev. Role: NoAuth

2023-12-28 16:31:06.950920   Run preconditions: set "NoReg" Role =>
2023-12-28 16:31:07.445780   Load page https://capital.com

2023-12-28 16:31:07.774552   => All cookies are deleted
2023-12-28 16:31:08.312282   Load page https://capital.com

2023-12-28 16:31:08.312485   Step 'Click button [Accept all cookies]'
2023-12-28 16:31:08.312509   Is Visible Button [Accept all cookies]? =>
2023-12-28 16:31:12.422465   => Button [Accept all cookies] is visible
2023-12-28 16:31:13.422594   Is clickable Button [Accept all cookies] =>
2023-12-28 16:31:13.441439   => Button [Accept all cookies] is clickable
2023-12-28 16:31:13.441472   Click Button [Accept all cookies] =>
2023-12-28 16:31:13.517878   => Button [Accept all cookies] is clicked
2023-12-28 16:31:13.517931   => Accepted All Cookies

2023-12-28 16:31:14.018101   Current role: NoReg

2023-12-28 16:31:14.018151   Prev language: ?

2023-12-28 16:31:14.018160   Run preconditions: set "fr" language =>


2023-12-28 16:31:14.027130   => Language and Country menu is present


2023-12-28 16:31:14.043427   => Language and Country menu is visible


2023-12-28 16:31:15.817665   => Focus is moved on Language and Country menu 

2023-12-28 16:31:17.444544   => Current language: fr

2023-12-28 16:31:17.444588   Prev country: ?

2023-12-28 16:31:17.444597   Run preconditions: set "au" country =>


2023-12-28 16:31:17.468429   => Language and Country menu is present


2023-12-28 16:31:17.480978   => Language and Country menu is visible


2023-12-28 16:31:19.266973   => Focus is moved on Language and Country menu 

2023-12-28 16:31:22.596170   => Current country: au

2023-12-28 16:31:22.596217   => THE END PRECONDITIONS

2023-12-28 16:31:22.596267   1. Arrange_v0
2023-12-28 16:31:23.547706   Load page https://capital.com/fr/trading-amazon
2023-12-28 16:31:23.813255   BUTTON_START_TRADING scroll =>
2023-12-28 16:31:23.821164   BUTTON_START_TRADING is visible? =>
2023-12-28 16:31:23.850829   => BUTTON_START_TRADING is visible on the page!

2023-12-28 16:31:23.850986   2. Act_v0
2023-12-28 16:31:23.851001   Start Click button [Start Trading] =>
2023-12-28 16:31:23.857232   BUTTON_START_TRADING is clickable? =>
2023-12-28 16:31:23.871993   BUTTON_START_TRADING click =>
2023-12-28 16:31:23.969456   => BUTTON_START_TRADING clicked

2023-12-28 16:31:23.969676   3. Assert_v0
2023-12-28 16:31:23.969764   Start step Check that [Sign up] form is opened
2023-12-28 16:31:24.144224   'Sign up' form opened
2023-12-28 16:31:24.144263   Assert SIGNUP_HEADER =>
2023-12-28 16:31:24.169449   Assert SIGNUP_REF_LOGIN =>
2023-12-28 16:31:24.228331   Assert SIGNUP_PRIVACY_POLICY_ALL_2 =>
2023-12-28 16:31:24.253218   => SIGNUP_PRIVACY_POLICY_ALL
2023-12-28 16:31:24.253258   => 'Signup' form is checked
2023-12-28 16:31:24.253413   Start step Close [Sign up] form =>
2023-12-28 16:31:24.357816   => 'Signup' form closed
