


Current sort - Top fallers
{'width': 1280, 'height': 800}

2024-03-30 05:53:07.956249   worker_id = master

2024-03-30 05:53:07.956273   0. Allure grouping v4

2024-03-30 05:53:07.956837   START PRECONDITIONS =>

2024-03-30 05:53:07.956873   => flag_of_bug - False

2024-03-30 05:53:07.956893   => Windows size - {'width': 1280, 'height': 800}
2024-03-30 05:53:07.974475   Set windows position at (0, 0) =>
2024-03-30 05:53:08.077641   Set resolution 1280 * 800 =>
2024-03-30 05:53:08.179626   => Windows size is set to {'width': 1280, 'height': 800}

2024-03-30 05:53:09.199891   Капчи нет. Идем дальше

2024-03-30 05:53:09.199987   Работа с куками

2024-03-30 05:53:09.200001   Prev. country - 'ae'
2024-03-30 05:53:09.200011   Cur. country - 'ae'
2024-03-30 05:53:09.200020   => Country set to 'ae'

2024-03-30 05:53:09.200029   Prev. language - 'en'
2024-03-30 05:53:09.200038   Cur. language - 'en'
2024-03-30 05:53:09.200047   => Language is set to 'en'

2024-03-30 05:53:09.200056   Prev. role - 'NoReg'
2024-03-30 05:53:09.200064   Cur. role - 'NoReg'
2024-03-30 05:53:09.200073   => The 'NoReg' role is set

2024-03-30 05:53:09.202719   => THE END PRECONDITIONS

2024-03-30 05:53:09.202907   START Open "Markets" menu, "Forex" submenu =>

2024-03-30 05:53:09.202922   1. Cur URL = https://capital.com/live-currency-prices

2024-03-30 05:53:09.205337   2. Link = https://capital.com/live-currency-prices
2024-03-30 05:53:09.205352   current_page = https://capital.com/live-currency-prices
2024-03-30 05:53:09.207813   link = https://capital.com/live-currency-prices
2024-03-30 05:53:09.717165   => 'Markets' menu is present
2024-03-30 05:53:09.729584   => 'Markets' menu is visible
2024-03-30 05:53:10.992343   => Focus moved to 'Markets' menu


2024-03-30 05:53:11.758472   => 'Forex' sub-menu clicked
2024-03-30 05:53:12.030914   => Focus moved to 'capital*com' logo

2024-03-30 05:53:12.030959   3. Cur URL = https://capital.com/live-currency-prices

2024-03-30 05:53:12.036544   1. Arrange for Trading instrument and "Top fallers" cur_sort
2024-03-30 05:53:12.036566   current_page = https://capital.com/live-currency-prices
2024-03-30 05:53:12.039132   link = https://capital.com/live-currency-prices
2024-03-30 05:53:12.041706   IS TABLE_TRADING_INSTRUMENTS  present on the  page? =>
2024-03-30 05:53:12.047012   => TABLE_TRADING_INSTRUMENTS is present on the page!
2024-03-30 05:53:12.047035   IS FIELD_DROPDOWN_SORT present in the table? =>
2024-03-30 05:53:12.051974   =>  FIELD_DROPDOWN_SORT is present in the table!
2024-03-30 05:53:12.051996   Start scroll and click FIELD_DROPDOWN_SORT =>
2024-03-30 05:53:12.148659   Is item_sort_list visible on the FIELD_DROPDOWN_SORT ? =>
2024-03-30 05:53:12.165294   => item_sort_list is visible on the FIELD_DROPDOWN_SORT!
2024-03-30 05:53:12.165327   Is cur_sort "Top fallers" present in item_sort_list? =>
2024-03-30 05:53:12.173169   => cur_sort "Top fallers" is present in item_sort_list!
2024-03-30 05:53:12.173193   Start click cur_sort "Top fallers" =>
2024-03-30 05:53:12.851158   => End Click cur_sort "Top fallers"

2024-03-30 05:53:12.851208   Buttons [Buy] is visible and quantity buttons not zero? =>
2024-03-30 05:53:12.866741   => Buttons [Buy] is visible and quantity buttons not zero!

2024-03-30 05:53:12.866789   Start find two random buttons [Buy] on cur_sort "Top fallers"=>
2024-03-30 05:53:12.888514   => End find 1 random buttons [Buy] on the cur_sort "Top fallers"


2024-03-30 05:53:12.888554   Item_list = [19]
2024-03-30 05:53:12.888725   Start Checking that form [Sign up] popped up on the page =>
2024-03-30 05:53:14.428461   '[Sign up]' form was not popped up
2024-03-30 05:53:14.428663   2. Act for trading instrument and "Top fallers" cur_sort
2024-03-30 05:53:14.428679   Start click button [Buy] =>
2024-03-30 05:53:14.438458   =>   BUTTON_BUY on item with ID = 374675767088654
2024-03-30 05:53:14.577432   =>   BUTTON_BUY with item US Dollar / Mexican Peso clicked

2024-03-30 05:53:14.577739   3. Assert_v0
2024-03-30 05:53:14.577853   Start step Check that [Sign up] form is opened
2024-03-30 05:53:14.810901   'Sign up' form opened
2024-03-30 05:53:14.810952   Assert SIGNUP_HEADER =>
2024-03-30 05:53:14.822942   Assert SIGNUP_REF_LOGIN =>
2024-03-30 05:53:14.834158   Assert SIGNUP_PRIVACY_POLICY_ALL_2 =>
2024-03-30 05:53:14.843721   => SIGNUP_PRIVACY_POLICY_ALL
2024-03-30 05:53:14.843749   => 'Signup' form is checked
2024-03-30 05:53:14.843913   Start step Close [Sign up] form =>
2024-03-30 05:53:14.919271   => 'Signup' form closed
2024-03-30 05:53:15.196160   => Focus moved to 'capital*com' logo
