


Current sort - Most volatile
{'width': 1280, 'height': 800}

2024-05-08 15:29:42.149885   worker_id = master

2024-05-08 15:29:42.149899   0. Allure grouping v4

2024-05-08 15:29:42.150074   START PRECONDITIONS =>

2024-05-08 15:29:42.150089   => URL after prev. preconditions - https://capital.com/de
2024-05-08 15:29:42.150099   => flag_of_bug - True
2024-05-08 15:29:42.150110   => Current URL - https://capital.com/de/aktienkurse-realtime?t=fallers
2024-05-08 15:29:42.155678   Current page URL = https://capital.com/de/aktienkurse-realtime?t=fallers
2024-05-08 15:29:42.158264   self.link = https://capital.com/de
2024-05-08 15:29:42.158277   driver.get(https://capital.com/de) =>
2024-05-08 15:29:43.967158   => Loaded page https://capital.com/de

2024-05-08 15:29:43.971663   => Windows size - {'width': 1280, 'height': 800}
2024-05-08 15:29:43.975140   Set windows position at (0, 0) =>
2024-05-08 15:29:43.976850   Set resolution 1280 * 800 =>
2024-05-08 15:29:43.978473   => Windows size is set to {'width': 1280, 'height': 800}

2024-05-08 15:29:45.030982   Капчи нет. Идем дальше

2024-05-08 15:29:45.031067   Работа с куками =>

2024-05-08 15:29:45.031081   => не требуется

2024-05-08 15:29:45.031091   Prev. country - 'au'
2024-05-08 15:29:45.031100   Cur. country - 'au'
2024-05-08 15:29:45.031109   => Country set to 'au'

2024-05-08 15:29:45.031118   Prev. language - 'de'
2024-05-08 15:29:45.031126   Cur. language - 'de'
2024-05-08 15:29:45.031135   => Language is set to 'de'

2024-05-08 15:29:45.031144   Prev. role - 'NoReg'
2024-05-08 15:29:45.031152   Cur. role - 'NoReg'
2024-05-08 15:29:45.031161   => The 'NoReg' role is set

2024-05-08 15:29:45.033800   => Current URL - https://capital.com/de

2024-05-08 15:29:45.033822   => THE END PRECONDITIONS

2024-05-08 15:29:45.033996   START Open "Markets" menu, "Shares" submenu =>
2024-05-08 15:29:45.034011   1. Cur URL = https://capital.com/de
2024-05-08 15:29:45.036415   2. Link = https://capital.com/de
2024-05-08 15:29:45.036430   current_page = https://capital.com/de
2024-05-08 15:29:45.038724   link = https://capital.com/de
2024-05-08 15:29:45.552132   => 'Markets' menu is present
2024-05-08 15:29:45.571229   => 'Markets' menu is visible
2024-05-08 15:29:46.847452   => Focus moved to 'Markets' menu
2024-05-08 15:29:48.307724   => Focus moved to 'Shares' submenu and clicked
2024-05-08 15:29:48.590632   => Focus moved to 'capital*com' logo
2024-05-08 15:29:48.590674   3. Cur URL = https://capital.com/de/aktienkurse-realtime

2024-05-08 15:29:48.596360   1. Arrange for TABLE_TRADING_INSTRUMENTS and 'Most volatile' cur_sort
2024-05-08 15:29:48.596383   current_page = https://capital.com/de/aktienkurse-realtime
2024-05-08 15:29:48.598786   link = https://capital.com/de/aktienkurse-realtime
2024-05-08 15:29:48.601201   TABLE_TRADING_INSTRUMENTS present on this page? =>
2024-05-08 15:29:48.609180   => Trading Instrument table is present on the page!
2024-05-08 15:29:48.609202   IS FIELD_DROPDOWN_SORT present in the Live TI prices table? =>
2024-05-08 15:29:48.616261   =>  FIELD_DROPDOWN_SORT is present in the Live TI price table!
2024-05-08 15:29:48.616287   Start scroll and click FIELD_DROPDOWN_SORT =>
2024-05-08 15:29:48.739892   Is item_sort_list visible on the FIELD_DROPDOWN_SORT ? =>
2024-05-08 15:29:48.781811   => items_sort_list is visible on the FIELD_DROPDOWN_SORT!
2024-05-08 15:29:48.781851   Is cur_sort "Most volatile" present in items_sort_list? =>
2024-05-08 15:29:48.790222   => cur_sort "Most volatile" is present in item_sort_list!
2024-05-08 15:29:48.790250   Start click cur_sort item - "Most volatile"=>
2024-05-08 15:29:49.427292   => End Click cur_sort "Most volatile"

2024-05-08 15:29:49.427339   Buttons [Sell] is visible and sum buttons no zero? =>
2024-05-08 15:29:49.461209   => Buttons [Sell] is visible and sum buttons no zero!

2024-05-08 15:29:49.461249   Start find 1 random buttons [Sell] on cur_sort "Most volatile"=>
2024-05-08 15:29:49.467061   => End find 1 random buttons [Sell] on the cur_sort "Most volatile"

2024-05-08 15:29:49.467087   List of random items = [3]
2024-05-08 15:29:49.467269   2. Act for trading instrument and "Most volatile" cur_sort
2024-05-08 15:29:49.484512   Start click button [Sell] =>
2024-05-08 15:29:49.494842   =>   BUTTON_SELL on item with ID = '19497193018840260' is present
2024-05-08 15:29:49.494868   BUTTON_SELL on item with ID = '19497193018840260' scroll into view =>
2024-05-08 15:29:49.498091   => BUTTON_SELL on item with ID = '19497193018840260' scrolled into view
2024-05-08 15:29:49.498114   Check that BUTTON_SELL with item 'QTRX' clickable =>
2024-05-08 15:29:49.610659   => BUTTON_SELL is clickable
2024-05-08 15:29:49.887639   =>   BUTTON_SELL on item 'QTRX' clicked

2024-05-08 15:29:49.887928   3. Assert_v0
2024-05-08 15:29:49.888061   Start step Check that [Sign up] form is opened
2024-05-08 15:29:50.055111   'Sign up' form opened
2024-05-08 15:29:50.055160   Assert SIGNUP_HEADER =>
2024-05-08 15:29:50.071294   Assert SIGNUP_REF_LOGIN =>
2024-05-08 15:29:50.085609   Assert SIGNUP_PRIVACY_POLICY_ALL_2 =>
2024-05-08 15:29:50.101952   => SIGNUP_PRIVACY_POLICY_ALL
2024-05-08 15:29:50.101995   => 'Signup' form is checked
2024-05-08 15:29:50.102206   Start step Close [Sign up] form =>
2024-05-08 15:29:50.195649   => 'Signup' form closed
2024-05-08 15:29:50.474457   => Focus moved to 'capital*com' logo
