{'width': 1280, 'height': 800}

2024-05-08 16:29:44.857118   worker_id = master

2024-05-08 16:29:44.857132   0. Allure grouping v4

2024-05-08 16:29:44.857317   START PRECONDITIONS =>

2024-05-08 16:29:44.857333   => URL after prev. preconditions - https://capital.com/de
2024-05-08 16:29:44.857343   => flag_of_bug - False
2024-05-08 16:29:44.857353   => Current URL - https://capital.com/de/was-ist-cfd-handel
2024-05-08 16:29:44.862510   Current page URL = https://capital.com/de/was-ist-cfd-handel
2024-05-08 16:29:44.865050   self.link = https://capital.com/de
2024-05-08 16:29:44.865063   driver.get(https://capital.com/de) =>
2024-05-08 16:29:46.662299   => Loaded page https://capital.com/de

2024-05-08 16:29:46.667394   => Windows size - {'width': 1280, 'height': 800}
2024-05-08 16:29:46.668733   Set windows position at (0, 0) =>
2024-05-08 16:29:46.670285   Set resolution 1280 * 800 =>
2024-05-08 16:29:46.671848   => Windows size is set to {'width': 1280, 'height': 800}

2024-05-08 16:29:47.702816   Капчи нет. Идем дальше

2024-05-08 16:29:47.702903   Работа с куками =>

2024-05-08 16:29:47.702917   => не требуется

2024-05-08 16:29:47.702926   Prev. country - 'au'
2024-05-08 16:29:47.702936   Cur. country - 'au'
2024-05-08 16:29:47.702945   => Country set to 'au'

2024-05-08 16:29:47.702953   Prev. language - 'de'
2024-05-08 16:29:47.702962   Cur. language - 'de'
2024-05-08 16:29:47.702971   => Language is set to 'de'

2024-05-08 16:29:47.702979   Prev. role - 'NoReg'
2024-05-08 16:29:47.702988   Cur. role - 'NoReg'
2024-05-08 16:29:47.702996   => The 'NoReg' role is set

2024-05-08 16:29:47.705642   => Current URL - https://capital.com/de

2024-05-08 16:29:47.705663   => THE END PRECONDITIONS

2024-05-08 16:29:47.708158   START Open "Education" menu, "CFD trading guide" submenu =>

2024-05-08 16:29:47.708179   1. Cur URL = https://capital.com/de

2024-05-08 16:29:47.710474   2. Link = https://capital.com/de
2024-05-08 16:29:47.710490   current_page = https://capital.com/de
2024-05-08 16:29:47.712868   link = https://capital.com/de
2024-05-08 16:29:48.221591   => Education menu is present in DOM
2024-05-08 16:29:48.226514   => Education menu is visible
2024-05-08 16:29:49.508664   => Focus moved to Education menu
2024-05-08 16:29:51.682255   => CFD trading guide submenu focus moved and clicked
2024-05-08 16:29:51.979891   => Focus moved to 'capital*com' logo

2024-05-08 16:29:51.979934   3. Cur URL = https://capital.com/de/was-ist-cfd-handel

2024-05-08 16:29:51.985576   1. Arrange_v4
2024-05-08 16:29:51.985603   current_page = https://capital.com/de/was-ist-cfd-handel
2024-05-08 16:29:51.988154   link = https://capital.com/de/was-ist-cfd-handel
2024-05-08 16:29:51.990624   MOST_TRADED is present? =>
2024-05-08 16:29:51.999746   => MOST_TRADED widget is present on this page
2024-05-08 16:29:51.999768   => Found 5 elements in block MOST_TRADED
2024-05-08 16:29:51.999779   Most traded widget is scroll =>
2024-05-08 16:29:52.003100   => Most traded widget is scrolled into screen center

2024-05-08 16:29:52.003138   Random indexes = [4]

2024-05-08 16:29:52.003152   Testing Most traded 1 random element with 4 index

2024-05-08 16:29:52.003280   2. Act_v4
2024-05-08 16:29:52.003370   Start Checking that form [Sign up] popped up on the page =>
2024-05-08 16:29:53.521248   '[Sign up]' form was not popped up
2024-05-08 16:29:53.535180   instrument_title = 'US Crude Oil Spot'
2024-05-08 16:29:53.540451   Selected Trade button on Most traded widget is scroll =>
2024-05-08 16:29:53.543703   Selected Trade button click for 'US Crude Oil Spot' trading instrument =>
2024-05-08 16:29:54.605333   => Selected Trade button clicked!

2024-05-08 16:29:54.605543   3. Assert_v0
2024-05-08 16:29:54.605629   Start step Check that [Sign up] form is opened
2024-05-08 16:29:54.758933   'Sign up' form opened
2024-05-08 16:29:54.758972   Assert SIGNUP_HEADER =>
2024-05-08 16:29:54.772485   Assert SIGNUP_REF_LOGIN =>
2024-05-08 16:29:54.784184   Assert SIGNUP_PRIVACY_POLICY_ALL_2 =>
2024-05-08 16:29:54.794025   => SIGNUP_PRIVACY_POLICY_ALL
2024-05-08 16:29:54.794071   => 'Signup' form is checked
2024-05-08 16:29:54.794229   Start step Close [Sign up] form =>
2024-05-08 16:29:54.876305   => 'Signup' form closed
2024-05-08 16:29:55.146948   => Focus moved to 'capital*com' logo
