{'width': 1280, 'height': 800}

2024-05-08 17:15:53.010477   worker_id = master

2024-05-08 17:15:53.010491   0. Allure grouping v4

2024-05-08 17:15:53.010672   START PRECONDITIONS =>

2024-05-08 17:15:53.010688   => URL after prev. preconditions - https://capital.com/de
2024-05-08 17:15:53.010697   => flag_of_bug - False
2024-05-08 17:15:53.010708   => Current URL - https://capital.com/de/waehrungshandel
2024-05-08 17:15:53.015843   Current page URL = https://capital.com/de/waehrungshandel
2024-05-08 17:15:53.021606   self.link = https://capital.com/de
2024-05-08 17:15:53.021623   driver.get(https://capital.com/de) =>
2024-05-08 17:15:54.826026   => Loaded page https://capital.com/de

2024-05-08 17:15:54.830337   => Windows size - {'width': 1280, 'height': 800}
2024-05-08 17:15:54.831652   Set windows position at (0, 0) =>
2024-05-08 17:15:54.833331   Set resolution 1280 * 800 =>
2024-05-08 17:15:54.837191   => Windows size is set to {'width': 1280, 'height': 800}

2024-05-08 17:15:55.873589   Капчи нет. Идем дальше

2024-05-08 17:15:55.873676   Работа с куками =>

2024-05-08 17:15:55.873690   => не требуется

2024-05-08 17:15:55.873699   Prev. country - 'au'
2024-05-08 17:15:55.873708   Cur. country - 'au'
2024-05-08 17:15:55.873717   => Country set to 'au'

2024-05-08 17:15:55.873726   Prev. language - 'de'
2024-05-08 17:15:55.873735   Cur. language - 'de'
2024-05-08 17:15:55.873743   => Language is set to 'de'

2024-05-08 17:15:55.873752   Prev. role - 'NoReg'
2024-05-08 17:15:55.873760   Cur. role - 'NoReg'
2024-05-08 17:15:55.873769   => The 'NoReg' role is set

2024-05-08 17:15:55.876400   => Current URL - https://capital.com/de

2024-05-08 17:15:55.876423   => THE END PRECONDITIONS

2024-05-08 17:15:55.876600   1. Cur URL = https://capital.com/de

2024-05-08 17:15:55.878924   2. Link = https://capital.com/de
2024-05-08 17:15:55.878939   current_page = https://capital.com/de
2024-05-08 17:15:55.881336   link = https://capital.com/de
2024-05-08 17:15:56.394398   => Education menu is present in DOM
2024-05-08 17:15:56.399737   => Education menu is visible
2024-05-08 17:15:57.681236   => Focus moved to Education menu
2024-05-08 17:15:59.532900   => Focus moved to Forex trading sub-menu and clicked
2024-05-08 17:15:59.835904   => Focus moved to 'capital*com' logo

2024-05-08 17:15:59.835946   3. Cur URL = https://capital.com/de/waehrungshandel

2024-05-08 17:15:59.841365   1. Arrange_v4
2024-05-08 17:15:59.841388   current_page = https://capital.com/de/waehrungshandel
2024-05-08 17:15:59.843828   link = https://capital.com/de/waehrungshandel
2024-05-08 17:15:59.846213   MOST_TRADED is present? =>
2024-05-08 17:15:59.855904   => MOST_TRADED widget is present on this page
2024-05-08 17:15:59.855928   => Found 5 elements in block MOST_TRADED
2024-05-08 17:15:59.855938   Most traded widget is scroll =>
2024-05-08 17:15:59.859284   => Most traded widget is scrolled into screen center

2024-05-08 17:15:59.859318   Random indexes = [1]

2024-05-08 17:15:59.859332   Testing Most traded 1 random element with 1 index

2024-05-08 17:15:59.859487   2. Act_v4
2024-05-08 17:15:59.859583   Start Checking that form [Sign up] popped up on the page =>
2024-05-08 17:16:01.376789   '[Sign up]' form was not popped up
2024-05-08 17:16:01.393517   instrument_title = 'US Dollar / Japanese Yen'
2024-05-08 17:16:01.398996   Selected Trade button on Most traded widget is scroll =>
2024-05-08 17:16:01.406299   Selected Trade button click for 'US Dollar / Japanese Yen' trading instrument =>
2024-05-08 17:16:02.465843   => Selected Trade button clicked!

2024-05-08 17:16:02.466057   3. Assert_v0
2024-05-08 17:16:02.466143   Start step Check that [Sign up] form is opened
2024-05-08 17:16:02.763704   'Sign up' form opened
2024-05-08 17:16:02.763759   Assert SIGNUP_HEADER =>
2024-05-08 17:16:02.797239   Assert SIGNUP_REF_LOGIN =>
2024-05-08 17:16:02.813528   Assert SIGNUP_PRIVACY_POLICY_ALL_2 =>
2024-05-08 17:16:02.848095   => SIGNUP_PRIVACY_POLICY_ALL
2024-05-08 17:16:02.848133   => 'Signup' form is checked
2024-05-08 17:16:02.848304   Start step Close [Sign up] form =>
2024-05-08 17:16:02.911037   => 'Signup' form closed
2024-05-08 17:16:03.186228   => Focus moved to 'capital*com' logo
