{'width': 1280, 'height': 720}

2024-02-26 02:39:24.197213   worker_id = master

2024-02-26 02:39:24.197231   0. Allure grouping v4


2024-02-26 02:39:24.197494   START PRECONDITIONS =>


2024-02-26 02:39:24.197516   {'width': 1280, 'height': 720}

2024-02-26 02:39:24.199630   Set windows position at (0, 0) =>

2024-02-26 02:39:24.301865   Set resolution 1280 * 720 =>

2024-02-26 02:39:24.404452   => Resolution seted {'width': 1280, 'height': 720}

2024-02-26 02:39:25.456195   Капчи нет. Идем дальше

2024-02-26 02:39:25.456286   Prev. Role: NoAuth

2024-02-26 02:39:25.456299   Current role: NoAuth

2024-02-26 02:39:26.463850   Капчи нет. Идем дальше

2024-02-26 02:39:26.463937   Prev language: it

2024-02-26 02:39:26.463950   => Current language: it

2024-02-26 02:39:27.468272   Капчи нет. Идем дальше

2024-02-26 02:39:27.468361   Prev country: de
2024-02-26 02:39:27.468374   => Current country: de

2024-02-26 02:39:27.468383   => THE END PRECONDITIONS
2024-02-26 02:39:27.976470   => Education menu is present
2024-02-26 02:39:28.004800   element = <selenium.webdriver.remote.webelement.WebElement (session="a4d015a62efc68d89f9bddbe1bc59305", element="7AB3C078ED7A8A536DBA539F7EF879EE_element_2797")>
2024-02-26 02:39:28.004845   => Education menu is visible
2024-02-26 02:39:29.274749   => Focus moved to Education menu

2024-02-26 02:39:30.084429   1. Arrange_v4
2024-02-26 02:39:30.090147   MOST_TRADED is present? =>
2024-02-26 02:39:30.103618   => MOST_TRADED widget is present on this page
2024-02-26 02:39:30.103651   => Found 5 elements in block MOST_TRADED
2024-02-26 02:39:30.103662   Most traded widget is scroll =>
2024-02-26 02:39:30.109890   => Most traded widget is scrolled into screen center

2024-02-26 02:39:30.109934   Random indexes = [4]

2024-02-26 02:39:30.109950   Testing Most traded 1 random element with 4 index

2024-02-26 02:39:30.110109   2. Act_v4
2024-02-26 02:39:30.110207   Start Checking that form [Sign up] popped up on the page =>
2024-02-26 02:39:30.162873   'Sign up' form opened
2024-02-26 02:39:30.163071   Start step Close [Sign up] form =>
2024-02-26 02:39:30.303353   => 'Signup' form closed
2024-02-26 02:39:30.658766   Selected Trade button on Most traded widget is scroll =>
2024-02-26 02:39:30.667984   Selected Trade button click for 'Hong Kong 50' trading instrument =>
2024-02-26 02:39:31.784931   => Selected Trade button clicked!

2024-02-26 02:39:31.785229   3. Assert_Login_v0
2024-02-26 02:39:31.785337   Check that 'Login' form is opened
2024-02-26 02:39:31.815139   'Login' form opened
2024-02-26 02:39:31.815180   Assert LOGIN_REF_SIGNUP =>
2024-02-26 02:39:31.849555   Assert LOGIN_CHECKBOX =>
2024-02-26 02:39:31.917278   Assert LOGIN_PASS_FORGOT =>
2024-02-26 02:39:31.940918   => 'Login' form is checked
2024-02-26 02:39:31.978025   Click 'Close' button on 'Login' form =>
2024-02-26 02:39:32.055473   => 'Login' form closed
