{'width': 1280, 'height': 800}

2024-03-20 08:52:15.498410   worker_id = master

2024-03-20 08:52:15.498430   0. Allure grouping v4


2024-03-20 08:52:15.498656   START PRECONDITIONS =>


2024-03-20 08:52:15.498680   => flag_of_bug - False

2024-03-20 08:52:15.498697   => Windows size - {'width': 1280, 'height': 800}
2024-03-20 08:52:15.499949   Set windows position at (0, 0) =>
2024-03-20 08:52:15.601971   Set resolution 1280 * 800 =>
2024-03-20 08:52:15.703858   => Windows size is set to {'width': 1280, 'height': 800}

2024-03-20 08:52:16.731611   Капчи нет. Идем дальше

2024-03-20 08:52:16.731699   Работа с куками

2024-03-20 08:52:16.731713   => Prev. country - 'ae'
2024-03-20 08:52:16.731723   => Country set to 'ae'

2024-03-20 08:52:16.731733   => Prev. language - 'en'
2024-03-20 08:52:16.731742   => Language is set to 'en'

2024-03-20 08:52:16.731750   => Prev. role - 'NoAuth'
2024-03-20 08:52:16.731759   => The 'NoAuth' role is set

2024-03-20 08:52:16.734501   => THE END PRECONDITIONS

2024-03-20 08:52:16.734690   START Open "Markets" menu, "Indices" submenu =>

2024-03-20 08:52:16.734705   1. Cur URL = https://capital.com/major-world-indices

2024-03-20 08:52:16.737256   2. Link = https://capital.com/major-world-indices
2024-03-20 08:52:17.245612   => 'Markets' menu is present
2024-03-20 08:52:17.261817   element = <selenium.webdriver.remote.webelement.WebElement (session="d1739a898fa70de8091c0eb2ddd2e518", element="f.54AB5859DA9C9C4B5F10AB1C731B216C.d.FBB86E9A2C68DE70EDA1B4E190CE895D.e.1373")>
2024-03-20 08:52:17.261848   => 'Markets' menu is visible
2024-03-20 08:52:18.533293   => Focus moved to 'Markets' menu


2024-03-20 08:52:19.302610   => 'Indices' submenu clicked

2024-03-20 08:52:19.305516   3. Cur URL = https://capital.com/major-world-indices

2024-03-20 08:52:19.310816   1. Arrange_v0
2024-03-20 08:52:19.313380   BUTTON_CREATE_YOUR_ACCOUNT is located on the page? =>

2024-03-20 08:52:19.322003   2. Act_v0: Define of locator

2024-03-20 08:52:19.322030   2. Act_v0: Go to web element

2024-03-20 08:52:20.383638   2. Act_v0: Click web element
2024-03-20 08:52:20.428584   => BUTTON_CREATE_YOUR_ACCOUNT is clicked

2024-03-20 08:52:20.428886   3. Assert_v0
2024-03-20 08:52:20.429035   Start step Check that [Sign up] form is opened
2024-03-20 08:52:20.447189   'Sign up' form opened
2024-03-20 08:52:20.447226   Assert SIGNUP_HEADER =>
2024-03-20 08:52:20.462286   Assert SIGNUP_REF_LOGIN =>
2024-03-20 08:52:20.476818   Assert SIGNUP_PRIVACY_POLICY_ALL_2 =>
2024-03-20 08:52:20.491340   => SIGNUP_PRIVACY_POLICY_ALL
2024-03-20 08:52:20.491369   => 'Signup' form is checked
2024-03-20 08:52:20.491591   Start step Close [Sign up] form =>
2024-03-20 08:52:20.571734   => 'Signup' form closed
