{'width': 1280, 'height': 720}

2023-12-19 11:03:48.859295   worker_id = master

2023-12-19 11:03:48.859319   0. Allure grouping


2023-12-19 11:03:48.859523   START PRECONDITIONS =>


2023-12-19 11:03:48.859540   {'width': 1280, 'height': 720}

2023-12-19 11:03:48.863424   Set windows position at (320, 180) =>

2023-12-19 11:03:48.965697   Set resolution 1280 * 720 =>

2023-12-19 11:03:49.067827   => Resolution seted {'width': 1280, 'height': 720}

2023-12-19 11:03:53.086515   Капчи нет. Тестим дальше

2023-12-19 11:03:53.086561   Prev. Role: NoAuth

2023-12-19 11:03:53.086571   Current role: NoAuth

2023-12-19 11:03:53.086585   Prev language: de

2023-12-19 11:03:53.086593   => Current language: de

2023-12-19 11:03:53.086601   Prev country: de

2023-12-19 11:03:53.086608   => Current country: de

2023-12-19 11:03:53.086616   => THE END PRECONDITIONS

2023-12-19 11:03:53.086674   1. Arrange_v0
2023-12-19 11:03:53.089516   BUTTON_SELL_IN_CONTENT_BLOCK is located on the page? =>
2023-12-19 11:03:53.100227   => BUTTON_SELL_IN_CONTENT_BLOCK is located on the page!

2023-12-19 11:03:53.100371   2. Act_v0
2023-12-19 11:03:53.105401   BUTTON_SELL_IN_CONTENT_BLOCK is present? =>
2023-12-19 11:03:53.105423   => BUTTON_SELL_IN_CONTENT_BLOCK is present on the page!
2023-12-19 11:03:53.105433   BUTTON_SELL_IN_CONTENT_BLOCK scroll =>
2023-12-19 11:03:53.200616   => BUTTON_SELL_IN_CONTENT_BLOCK clicked!

2023-12-19 11:03:53.200870   3. Assert_Login_v0
2023-12-19 11:03:57.731973   'Login' form not opened
2023-12-19 11:03:57.735539   'Login' page not opened
2023-12-19 11:04:02.249103   'Login' form on trading platform not opened
2023-12-19 11:04:02.249334   Start step Check that [Sign up] form is opened
2023-12-19 11:04:02.261943   'Sign up' form opened
2023-12-19 11:04:02.261966   Assert SIGNUP_HEADER =>
2023-12-19 11:04:02.272522   Assert SIGNUP_REF_LOGIN =>
2023-12-19 11:04:02.283940   Assert SIGNUP_PRIVACY_POLICY_ALL_2 =>
2023-12-19 11:04:02.294843   => SIGNUP_PRIVACY_POLICY_ALL
2023-12-19 11:04:02.294864   => 'Signup' form is checked
