


Current language - es
{'width': 1280, 'height': 800}

2024-07-22 22:08:37.241897   worker_id = master

2024-07-22 22:08:37.241911   0. Allure grouping for US_55

2024-07-22 22:08:37.242087   START PRECONDITIONS =>

2024-07-22 22:08:37.242103   => URL after prev. preconditions - https://capital.com/es
2024-07-22 22:08:37.242113   => flag_of_bug - True
2024-07-22 22:08:37.242124   => Current URL - https://capital.com/es/en-vivo-acciones-precios?t=risers
2024-07-22 22:08:37.247195   Current page URL = https://capital.com/es/en-vivo-acciones-precios?t=risers
2024-07-22 22:08:37.249527   self.link = https://capital.com/es
2024-07-22 22:08:37.249541   driver.get(https://capital.com/es) =>
2024-07-22 22:08:39.941749   => Loaded page https://capital.com/es

2024-07-22 22:08:39.945964   => Windows size: {'width': 1280, 'height': 800}
2024-07-22 22:08:39.947289   Set windows position at (0, 0) =>
2024-07-22 22:08:39.948862   Set resolution 1280 * 800 =>
2024-07-22 22:08:39.950480   => Windows size is set to {'width': 1280, 'height': 800}

2024-07-22 22:08:40.984839   Капчи нет. Идем дальше

2024-07-22 22:08:40.984924   Работа с куками =>
2024-07-22 22:08:40.984938   Prev. role - 'NoReg'
2024-07-22 22:08:40.984948   Current testing role - 'Auth'

2024-07-22 22:08:40.984957   All cookies must be delete =>
2024-07-22 22:08:41.050477   => All cookies are deleted
2024-07-22 22:08:41.050515   Current page URL = https://capital.com/es
2024-07-22 22:08:41.054969   self.link = https://capital.com/
2024-07-22 22:08:41.054984   driver.get(https://capital.com/) =>
2024-07-22 22:08:42.528206   => Loaded page https://capital.com/

2024-07-22 22:08:42.532267   Step 'Click button [Accept all cookies]'
2024-07-22 22:08:42.532279   Is Visible Button [Accept all cookies]? =>
2024-07-22 22:09:13.220998   => Button [Accept all cookies] is not visible after 30 sec.
2024-07-22 22:09:13.221031   => Cur url = https://capital.com/
