{'width': 1280, 'height': 800}

2024-03-20 09:52:13.077502   worker_id = master

2024-03-20 09:52:13.077520   0. Allure grouping v4


2024-03-20 09:52:13.077725   START PRECONDITIONS =>


2024-03-20 09:52:13.077741   => flag_of_bug - True
2024-03-20 09:52:13.077753   Current page URL = https://capital.com/trade-euraud
2024-03-20 09:52:13.754955   => Loaded page https://capital.com/

2024-03-20 09:52:13.760637   => Windows size - {'width': 1280, 'height': 800}
2024-03-20 09:52:13.762111   Set windows position at (0, 0) =>
2024-03-20 09:52:13.864315   Set resolution 1280 * 800 =>
2024-03-20 09:52:13.966425   => Windows size is set to {'width': 1280, 'height': 800}

2024-03-20 09:52:15.008714   Капчи нет. Идем дальше

2024-03-20 09:52:15.008811   Работа с куками

2024-03-20 09:52:15.008825   => Prev. country - 'ae'
2024-03-20 09:52:15.008835   => Country set to 'ae'

2024-03-20 09:52:15.008844   => Prev. language - 'en'
2024-03-20 09:52:15.008854   Set 'en' language =>
2024-03-20 09:52:15.015957   => Language and Country menu is present
2024-03-20 09:52:15.026038   => Language and Country menu is visible
2024-03-20 09:52:16.291963   => Focus is moved on Language and Country menu 
2024-03-20 09:52:16.297927   Move focus on en item and click =>
2024-03-20 09:52:17.635137   => Focus moved on en item and clicked
2024-03-20 09:52:17.635185   => Cur url = https://capital.com/
2024-03-20 09:52:17.645361   => Language is set to 'en'

2024-03-20 09:52:17.645386   => Prev. role - 'NoAuth'
2024-03-20 09:52:17.645396   => The 'NoAuth' role is set

2024-03-20 09:52:17.647880   => THE END PRECONDITIONS

2024-03-20 09:52:17.647935   1. Arrange_v0
2024-03-20 09:52:17.650678   Current page URL = https://capital.com/
2024-03-20 09:52:18.230980   => Loaded page https://capital.com/trade-euraud
2024-03-20 09:52:18.233946   BUTTON_BUY_IN_CONTENT_BLOCK is located on the page? =>
2024-03-20 09:52:18.242563   => BUTTON_BUY_IN_CONTENT_BLOCK is located on the page!
2024-03-20 09:52:18.242736   Start Checking that form [Sign up] popped up on the page =>
2024-03-20 09:52:19.794268   '[Sign up]' form was not popped up

2024-03-20 09:52:19.794454   2. Act_v0
2024-03-20 09:52:19.799637   BUTTON_BUY_IN_CONTENT_BLOCK is present? =>
2024-03-20 09:52:19.799660   => BUTTON_BUY_IN_CONTENT_BLOCK is present on the page
2024-03-20 09:52:19.799670   BUTTON_BUY_IN_CONTENT_BLOCK scroll =>
2024-03-20 09:52:19.802788   => BUTTON_BUY_IN_CONTENT_BLOCK scrolled
2024-03-20 09:52:19.825299   BUTTON_BUY_IN_CONTENT_BLOCK is clickable? =>
2024-03-20 09:52:19.844271   BUTTON_BUY_IN_CONTENT_BLOCK CLICK =>
2024-03-20 09:52:19.854281   => BUTTON_BUY_IN_CONTENT_BLOCK clicked!

2024-03-20 09:52:19.854521   3. Assert_Login_v0
2024-03-20 09:52:19.854605   Check that 'Login' form is opened
2024-03-20 09:52:22.927696   'Login' form not opened
2024-03-20 09:52:22.927882   Check that new 'Login' form is opened
2024-03-20 09:52:26.027231   => New 'Login' form not opened
2024-03-20 09:52:26.030069   'Login' page not opened
2024-03-20 09:52:29.129003   'Login' form on trading platform not opened
2024-03-20 09:52:29.129201   Start step Check that [Sign up] form is opened
2024-03-20 09:52:29.148489   'Sign up' form opened
2024-03-20 09:52:29.148542   Assert SIGNUP_HEADER =>
2024-03-20 09:52:29.164290   Assert SIGNUP_REF_LOGIN =>
2024-03-20 09:52:29.178889   Assert SIGNUP_PRIVACY_POLICY_ALL_2 =>
2024-03-20 09:52:29.192352   => SIGNUP_PRIVACY_POLICY_ALL
2024-03-20 09:52:29.192385   => 'Signup' form is checked

Bug: Bid:11.02.04.01_05-en.ae.NoAuth

2024-03-20 09:52:29.192468   Проверка бага в таблице ретеста  =>

 gs = GoogleSheet() - создаем объект gs # 1: <tests.ReTestsAuto.GoogleSheets.googlesheets.GoogleSheet object at 0x723f54665cd0>

2024-03-20 09:52:29.497635   4. Fixing one row check results into Google Sheet Bugs Report =>
1 cells updated.
2024-03-20 09:52:29.785156   => 4. One row check results into Google Sheet Bugs Report fixed

2024-03-20 09:52:30.905206   4. Fixing one row check results into Google Sheet Bugs Report =>
1 cells updated.
2024-03-20 09:52:31.105683   => 4. One row check results into Google Sheet Bugs Report fixed

2024-03-20 09:52:31.107483   Баг Bid:11.02.04.01_05-en.ae.NoAuth-05 обнаружен ранее и уже находится в 'Bugs Report Auto detect'
