
2023-12-19 09:59:08.993488   Работает obj <us_11-02-03_commodities_trading_test.TestCommoditiesTrading object at 0x7fef7b07d8d0> с именем TC_11.02.03_03
{'width': 1280, 'height': 720}

2023-12-19 09:59:08.995006   browser = chrome

2023-12-19 09:59:08.995021   worker_id = master

2023-12-19 09:59:08.995029   Start TC_11.02.03_03

2023-12-19 09:59:08.995037   <us_11-02-03_commodities_trading_test.TestCommoditiesTrading object at 0x7fef7b07d8d0>.None

2023-12-19 09:59:08.995047   0. Arrange


2023-12-19 09:59:08.995193   START PRECONDITIONS =>


2023-12-19 09:59:08.995207   {'width': 1280, 'height': 720}

2023-12-19 09:59:08.996399   Set windows position at (320, 180) =>

2023-12-19 09:59:09.098312   Set resolution 1280 * 720 =>

2023-12-19 09:59:09.200151   => Resolution seted {'width': 1280, 'height': 720}

2023-12-19 09:59:13.246317   Капчи нет. Тестим дальше

2023-12-19 09:59:13.246361   Prev. Role: NoReg

2023-12-19 09:59:13.246371   Current role: NoReg

2023-12-19 09:59:13.246379   Prev language: de

2023-12-19 09:59:13.246387   => Current language: de

2023-12-19 09:59:13.246395   Prev country: de

2023-12-19 09:59:13.246402   => Current country: de

2023-12-19 09:59:13.246410   => THE END PRECONDITIONS

2023-12-19 09:59:13.246465   1. Arrange
2023-12-19 09:59:13.249310   BUTTON_SELL_IN_CONTENT_BLOCK is visible? =>
2023-12-19 09:59:13.256929   => BUTTON_SELL_IN_CONTENT_BLOCK is visible on the page!

2023-12-19 09:59:13.272484   2. Act
2023-12-19 09:59:13.272509   BUTTON_SELL_IN_CONTENT_BLOCK is present? =>
2023-12-19 09:59:13.272519   => BUTTON_SELL_IN_CONTENT_BLOCK is present on the page
2023-12-19 09:59:13.272528   BUTTON_SELL_IN_CONTENT_BLOCK scroll =>
2023-12-19 09:59:13.275886   => BUTTON_SELL_IN_CONTENT_BLOCK scrolled
2023-12-19 09:59:13.275908   BUTTON_SELL_IN_CONTENT_BLOCK is clickable? =>
2023-12-19 09:59:13.308717   BUTTON_SELL_IN_CONTENT_BLOCK CLICK =>
2023-12-19 09:59:13.342083   => BUTTON_SELL_IN_CONTENT_BLOCK clicked!

2023-12-19 09:59:13.345788   3. Assert_v0
2023-12-19 09:59:13.345874   Start step Check that [Sign up] form is opened
2023-12-19 09:59:13.359179   'Sign up' form opened
2023-12-19 09:59:13.359209   Assert SIGNUP_HEADER =>
2023-12-19 09:59:13.371794   Assert SIGNUP_REF_LOGIN =>
2023-12-19 09:59:13.383773   Assert SIGNUP_PRIVACY_POLICY_ALL_2 =>
2023-12-19 09:59:13.395689   => SIGNUP_PRIVACY_POLICY_ALL
2023-12-19 09:59:13.395716   => 'Signup' form is checked
2023-12-19 09:59:13.395856   Start step Close [Sign up] form =>
2023-12-19 09:59:13.471145   => 'Signup' form closed
