{'width': 1280, 'height': 800}

2024-03-20 10:25:38.897812   worker_id = master

2024-03-20 10:25:38.897829   0. Allure grouping v4


2024-03-20 10:25:38.898024   START PRECONDITIONS =>


2024-03-20 10:25:38.898039   => flag_of_bug - False

2024-03-20 10:25:38.898049   => Windows size - {'width': 1280, 'height': 800}
2024-03-20 10:25:38.899287   Set windows position at (0, 0) =>
2024-03-20 10:25:39.001887   Set resolution 1280 * 800 =>
2024-03-20 10:25:39.103888   => Windows size is set to {'width': 1280, 'height': 800}

2024-03-20 10:25:40.134222   Капчи нет. Идем дальше

2024-03-20 10:25:40.134303   Работа с куками

2024-03-20 10:25:40.134316   => Prev. country - 'ae'
2024-03-20 10:25:40.134326   => Country set to 'ae'

2024-03-20 10:25:40.134335   => Prev. language - 'en'
2024-03-20 10:25:40.134344   => Language is set to 'en'

2024-03-20 10:25:40.134353   => Prev. role - 'NoReg'
2024-03-20 10:25:40.134362   => The 'NoReg' role is set

2024-03-20 10:25:40.136870   => THE END PRECONDITIONS

2024-03-20 10:25:40.137045   1. Arrange_v2
2024-03-20 10:25:40.137060   Current page URL = https://capital.com/position-trading
2024-03-20 10:25:40.729822   => Loaded page https://capital.com/position-trading
2024-03-20 10:25:40.740964   => Found 5 elements in block MOST_TRADED

2024-03-20 10:25:40.741012   Testing element #1

2024-03-20 10:25:40.741214   2. Act_v2
2024-03-20 10:25:40.741236   Start Click button MOST_TRADED =>
2024-03-20 10:25:40.741248   MOST_TRADED Deleting a class that expanded items =>
2024-03-20 10:25:40.746010   MOST_TRADED scroll =>
2024-03-20 10:25:40.749783   MOST_TRADED click ver 2 =>

2024-03-20 10:25:40.821977   3. Assert_v0
2024-03-20 10:25:40.822124   Start step Check that [Sign up] form is opened
2024-03-20 10:25:41.020660   'Sign up' form opened
2024-03-20 10:25:41.020697   Assert SIGNUP_HEADER =>
2024-03-20 10:25:41.034900   Assert SIGNUP_REF_LOGIN =>
2024-03-20 10:25:41.047488   Assert SIGNUP_PRIVACY_POLICY_ALL_2 =>
2024-03-20 10:25:41.060025   => SIGNUP_PRIVACY_POLICY_ALL
2024-03-20 10:25:41.060055   => 'Signup' form is checked
2024-03-20 10:25:41.060214   Start step Close [Sign up] form =>
2024-03-20 10:25:41.132191   => 'Signup' form closed
2024-03-20 10:25:41.409984   Current page URL = https://capital.com/position-trading
2024-03-20 10:25:42.031370   => Loaded page https://capital.com/position-trading

2024-03-20 10:25:42.040408   Testing element #2

2024-03-20 10:25:42.040604   2. Act_v2
2024-03-20 10:25:42.040623   Start Click button MOST_TRADED =>
2024-03-20 10:25:42.040632   MOST_TRADED Deleting a class that expanded items =>
2024-03-20 10:25:42.044900   MOST_TRADED scroll =>
2024-03-20 10:25:42.048461   MOST_TRADED click ver 2 =>

2024-03-20 10:25:42.114979   3. Assert_v0
2024-03-20 10:25:42.115130   Start step Check that [Sign up] form is opened
2024-03-20 10:25:42.265546   'Sign up' form opened
2024-03-20 10:25:42.265585   Assert SIGNUP_HEADER =>
2024-03-20 10:25:42.278110   Assert SIGNUP_REF_LOGIN =>
2024-03-20 10:25:42.288961   Assert SIGNUP_PRIVACY_POLICY_ALL_2 =>
2024-03-20 10:25:42.302365   => SIGNUP_PRIVACY_POLICY_ALL
2024-03-20 10:25:42.302395   => 'Signup' form is checked
2024-03-20 10:25:42.302553   Start step Close [Sign up] form =>
2024-03-20 10:25:42.357731   => 'Signup' form closed
2024-03-20 10:25:42.642785   Current page URL = https://capital.com/position-trading
2024-03-20 10:25:43.216799   => Loaded page https://capital.com/position-trading
