{'width': 1280, 'height': 720}

2023-12-16 19:18:28.773389   worker_id = master

2023-12-16 19:18:28.773405   0. Allure grouping


2023-12-16 19:18:28.773546   START PRECONDITIONS =>


2023-12-16 19:18:28.773560   {'width': 1280, 'height': 720}

2023-12-16 19:18:28.774866   Set windows position at (320, 180) =>

2023-12-16 19:18:28.876711   Set resolution 1280 * 720 =>

2023-12-16 19:18:28.978792   => Resolution seted {'width': 1280, 'height': 720}

2023-12-16 19:18:33.022061   Капчи нет. Тестим дальше

2023-12-16 19:18:33.022101   Prev. Role: Auth

2023-12-16 19:18:33.022110   Current role: Auth

2023-12-16 19:18:33.022119   Prev language: en

2023-12-16 19:18:33.022127   => Current language: en

2023-12-16 19:18:33.022134   Prev country: au

2023-12-16 19:18:33.022142   => Current country: au

2023-12-16 19:18:33.022150   => THE END PRECONDITIONS

2023-12-16 19:18:33.022204   1. Arrange_v0
2023-12-16 19:18:33.622217   Load page https://capital.com/trade-gbpcad
2023-12-16 19:18:33.622269   BUTTON_CREATE_YOUR_ACCOUNT is located on the page? =>

2023-12-16 19:18:33.790070   2. Act_v0
2023-12-16 19:18:34.214299   => BUTTON_CREATE_YOUR_ACCOUNT is clicked

2023-12-16 19:18:34.214564   3. Assert_v4
2023-12-16 19:18:34.214683   Checking that the trading platform page has opened (v4) =>
2023-12-16 19:18:34.732087   => Current page title: Trading Platform | Capital.com
2023-12-16 19:18:34.732215   Checking that the Trading platform LOGO is present on the page =>
2023-12-16 19:18:35.579683   Checking that the Trading platform opened in LIVE mode =>
2023-12-16 19:18:35.590753   => The page with https://capital.com/trading/platform url was opened in lIVE mode
2023-12-16 19:18:36.494884   Load page https://capital.com/trade-gbpcad
