{'width': 1280, 'height': 720}

2023-12-16 18:16:45.353453   worker_id = master

2023-12-16 18:16:45.353470   0. Allure grouping


2023-12-16 18:16:45.353664   START PRECONDITIONS =>


2023-12-16 18:16:45.353684   {'width': 1280, 'height': 720}

2023-12-16 18:16:45.355146   Set windows position at (320, 180) =>

2023-12-16 18:16:45.457605   Set resolution 1280 * 720 =>

2023-12-16 18:16:45.560336   => Resolution seted {'width': 1280, 'height': 720}

2023-12-16 18:16:49.599539   Капчи нет. Тестим дальше

2023-12-16 18:16:49.599583   Prev. Role: NoAuth

2023-12-16 18:16:49.599593   Current role: NoAuth

2023-12-16 18:16:49.599601   Prev language: en

2023-12-16 18:16:49.599609   => Current language: en

2023-12-16 18:16:49.599617   Prev country: au

2023-12-16 18:16:49.599625   => Current country: au

2023-12-16 18:16:49.599632   => THE END PRECONDITIONS

2023-12-16 18:16:49.599690   1. Arrange
2023-12-16 18:16:49.602768   BUTTON_TRY_DEMO is visible? =>
2023-12-16 18:16:49.616810   => BUTTON_TRY_DEMO is visible on the page!

2023-12-16 18:16:49.616940   2. Act
2023-12-16 18:16:49.616954   BUTTON_TRY_DEMO is present? =>
2023-12-16 18:16:49.624378   => BUTTON_TRY_DEMO is present on the page!
2023-12-16 18:16:49.624399   BUTTON_TRY_DEMO scroll =>
2023-12-16 18:16:50.176538   => BUTTON_TRY_DEMO clicked!

2023-12-16 18:16:50.176809   3. Assert_Login_v0
2023-12-16 18:17:00.506625   'Login' form not opened
2023-12-16 18:17:00.513650   'Login' page not opened
2023-12-16 18:17:05.043677   'Login' form on trading platform not opened
2023-12-16 18:17:05.043858   Start step Check that [Sign up] form is opened
2023-12-16 18:17:09.594116   'Sign up' form not opened
2023-12-16 18:17:09.594324   Start method Check that [Sign up] page opened =>
2023-12-16 18:17:10.599518   'Sign up' page opened
2023-12-16 18:17:10.599555   Assert SIGNUP_SIGNUP_FRAME =>
2023-12-16 18:17:10.607925   Assert SIGNUP_REF_LOGIN =>
2023-12-16 18:17:10.649960   Assert SIGNUP_PRIVACY_POLICY_ALL_1 =>
2023-12-16 18:17:15.165750   Assert SIGNUP_PRIVACY_POLICY_ALL_2 =>
2023-12-16 18:17:15.184015   => SIGNUP_PRIVACY_POLICY_ALL
2023-12-16 18:17:15.184046   => 'Signup' page is checked
