
2023-12-16 18:50:59.262116   Работает obj <us_11-02-03_commodities_trading_test.TestCommoditiesTrading object at 0x7f97f7c5d110> с именем TC_11.02.03_03
{'width': 1280, 'height': 720}

2023-12-16 18:50:59.271677   browser = chrome

2023-12-16 18:50:59.271704   worker_id = master

2023-12-16 18:50:59.271720   Start TC_11.02.03_03

2023-12-16 18:50:59.271734   <us_11-02-03_commodities_trading_test.TestCommoditiesTrading object at 0x7f97f7c5d110>.None

2023-12-16 18:50:59.271751   0. Arrange


2023-12-16 18:50:59.272040   START PRECONDITIONS =>


2023-12-16 18:50:59.272064   {'width': 1280, 'height': 720}

2023-12-16 18:50:59.283568   Set windows position at (320, 180) =>

2023-12-16 18:50:59.389912   Set resolution 1280 * 720 =>

2023-12-16 18:50:59.492114   => Resolution seted {'width': 1280, 'height': 720}

2023-12-16 18:51:03.503753   Капчи нет. Тестим дальше

2023-12-16 18:51:03.503811   Prev. Role: NoReg

2023-12-16 18:51:03.503822   Current role: NoReg

2023-12-16 18:51:03.503831   Prev language: en

2023-12-16 18:51:03.503839   => Current language: en

2023-12-16 18:51:03.503847   Prev country: au

2023-12-16 18:51:03.503855   => Current country: au

2023-12-16 18:51:03.503863   => THE END PRECONDITIONS

2023-12-16 18:51:03.503917   1. Arrange
2023-12-16 18:51:03.507733   BUTTON_SELL_IN_CONTENT_BLOCK is visible? =>
2023-12-16 18:51:03.515312   => BUTTON_SELL_IN_CONTENT_BLOCK is visible on the page!

2023-12-16 18:51:03.530982   2. Act
2023-12-16 18:51:03.531004   BUTTON_SELL_IN_CONTENT_BLOCK is present? =>
2023-12-16 18:51:03.531014   => BUTTON_SELL_IN_CONTENT_BLOCK is present on the page
2023-12-16 18:51:03.531023   BUTTON_SELL_IN_CONTENT_BLOCK scroll =>
2023-12-16 18:51:03.547991   => BUTTON_SELL_IN_CONTENT_BLOCK scrolled
2023-12-16 18:51:03.548021   BUTTON_SELL_IN_CONTENT_BLOCK is clickable? =>
2023-12-16 18:51:03.568278   BUTTON_SELL_IN_CONTENT_BLOCK CLICK =>
2023-12-16 18:51:03.598854   => BUTTON_SELL_IN_CONTENT_BLOCK clicked!

2023-12-16 18:51:03.605395   3. Assert_v0
2023-12-16 18:51:03.605486   Start step Check that [Sign up] form is opened
2023-12-16 18:51:03.617916   'Sign up' form opened
2023-12-16 18:51:03.617943   Assert SIGNUP_HEADER =>
2023-12-16 18:51:03.630178   Assert SIGNUP_REF_LOGIN =>
2023-12-16 18:51:03.642771   Assert SIGNUP_PRIVACY_POLICY_ALL_2 =>
2023-12-16 18:51:03.656188   => SIGNUP_PRIVACY_POLICY_ALL
2023-12-16 18:51:03.656226   => 'Signup' form is checked
2023-12-16 18:51:03.656379   Start step Close [Sign up] form =>
2023-12-16 18:51:03.715403   => 'Signup' form closed
