{'width': 1280, 'height': 720}

2023-12-15 23:01:44.002372   worker_id = master

2023-12-15 23:01:44.002388   0. Allure grouping


2023-12-15 23:01:44.002571   START PRECONDITIONS =>


2023-12-15 23:01:44.002589   {'width': 1280, 'height': 720}

2023-12-15 23:01:44.003827   Set windows position at (320, 180) =>

2023-12-15 23:01:44.105716   Set resolution 1280 * 720 =>

2023-12-15 23:01:44.207684   => Resolution seted {'width': 1280, 'height': 720}

2023-12-15 23:01:48.248926   Капчи нет. Тестим дальше

2023-12-15 23:01:48.248971   Prev. Role: Reg/NoAuth

2023-12-15 23:01:48.248981   Current role: Reg/NoAuth

2023-12-15 23:01:48.248989   Prev language: ru

2023-12-15 23:01:48.248997   => Current language: ru

2023-12-15 23:01:48.249005   Prev country: de

2023-12-15 23:01:48.249013   => Current country: de

2023-12-15 23:01:48.249020   => THE END PRECONDITIONS
2023-12-15 23:01:48.254219   => Education menu is present
2023-12-15 23:01:48.269696   => Education menu is visible
2023-12-15 23:01:50.035458   => Education menu focus moved

2023-12-15 23:01:50.836778   1. Arrange_v0
2023-12-15 23:01:50.840630   BUTTON_TRY_DEMO is visible? =>
2023-12-15 23:01:50.857541   => BUTTON_TRY_DEMO is visible on the page!

2023-12-15 23:01:50.857700   2. Act_v0
2023-12-15 23:01:50.857714   BUTTON_TRY_DEMO is present? =>
2023-12-15 23:01:50.866239   => BUTTON_TRY_DEMO is present on the page!
2023-12-15 23:01:50.866273   BUTTON_TRY_DEMO scroll =>
2023-12-15 23:01:50.934086   => BUTTON_TRY_DEMO clicked!

2023-12-15 23:01:50.934401   3. Assert_Login_v0
2023-12-15 23:01:55.470056   'Login' form not opened
2023-12-15 23:01:55.474145   'Login' page not opened
2023-12-15 23:01:59.988649   'Login' form on trading platform not opened
2023-12-15 23:01:59.988872   Start step Check that [Sign up] form is opened
2023-12-15 23:02:00.001720   'Sign up' form opened
2023-12-15 23:02:00.001742   Assert SIGNUP_HEADER =>
2023-12-15 23:02:00.016241   Assert SIGNUP_REF_LOGIN =>
2023-12-15 23:02:00.026871   Assert SIGNUP_PRIVACY_POLICY_ALL_2 =>
2023-12-15 23:02:00.037707   => SIGNUP_PRIVACY_POLICY_ALL
2023-12-15 23:02:00.037729   => 'Signup' form is checked
