{'width': 1280, 'height': 720}

2023-12-16 04:47:15.540657   worker_id = master

2023-12-16 04:47:15.540671   0. Allure grouping


2023-12-16 04:47:15.540824   START PRECONDITIONS =>


2023-12-16 04:47:15.540838   {'width': 1280, 'height': 720}

2023-12-16 04:47:15.542078   Set windows position at (320, 180) =>

2023-12-16 04:47:15.644365   Set resolution 1280 * 720 =>

2023-12-16 04:47:15.746765   => Resolution seted {'width': 1280, 'height': 720}

2023-12-16 04:47:19.798978   Капчи нет. Тестим дальше

2023-12-16 04:47:19.799025   Prev. Role: NoReg

2023-12-16 04:47:19.799035   Current role: NoReg

2023-12-16 04:47:19.799044   Prev language: fr

2023-12-16 04:47:19.799052   => Current language: fr

2023-12-16 04:47:19.799060   Prev country: de

2023-12-16 04:47:19.799068   => Current country: de

2023-12-16 04:47:19.799076   => THE END PRECONDITIONS

2023-12-16 04:47:19.799130   1. Arrange_v0
2023-12-16 04:47:20.170563   Load page https://capital.com/fr/teneur-de-marche-definition
2023-12-16 04:47:20.170609   BUTTON_CREATE_YOUR_ACCOUNT is located on the page? =>

2023-12-16 04:47:20.180388   2. Act_v0
2023-12-16 04:47:20.534544   => BUTTON_CREATE_YOUR_ACCOUNT is clicked

2023-12-16 04:47:20.534734   3. Assert_v0
2023-12-16 04:47:20.534809   Start step Check that [Sign up] form is opened
2023-12-16 04:47:20.687856   'Sign up' form opened
2023-12-16 04:47:20.687904   Assert SIGNUP_HEADER =>
2023-12-16 04:47:20.718735   Assert SIGNUP_REF_LOGIN =>
2023-12-16 04:47:20.730577   Assert SIGNUP_PRIVACY_POLICY_ALL_2 =>
2023-12-16 04:47:20.741785   => SIGNUP_PRIVACY_POLICY_ALL
2023-12-16 04:47:20.741810   => 'Signup' form is checked
2023-12-16 04:47:20.741958   Start step Close [Sign up] form =>
2023-12-16 04:47:20.825836   => 'Signup' form closed
