{'width': 1280, 'height': 800}

2024-06-03 07:43:33.275718   worker_id = master

2024-06-03 07:43:33.275718   0. Allure grouping v4

2024-06-03 07:43:33.275718   START PRECONDITIONS =>

2024-06-03 07:43:33.275718   => URL after prev. preconditions - https://capital.com/pl
2024-06-03 07:43:33.275718   => flag_of_bug - False
2024-06-03 07:43:33.275718   => Current URL - https://capital.com/pl/us-natural-gas-spottowar
2024-06-03 07:43:33.283599   Current page URL = https://capital.com/pl/us-natural-gas-spottowar
2024-06-03 07:43:33.287596   self.link = https://capital.com/pl
2024-06-03 07:43:33.287596   driver.get(https://capital.com/pl) =>
2024-06-03 07:43:35.112181   => Loaded page https://capital.com/pl

2024-06-03 07:43:35.122556   => Windows size: {'width': 1280, 'height': 800}
2024-06-03 07:43:35.124556   Set windows position at (0, 0) =>
2024-06-03 07:43:35.127670   Set resolution 1280 * 800 =>
2024-06-03 07:43:35.130670   => Windows size is set to {'width': 1280, 'height': 800}

2024-06-03 07:43:36.159121   Капчи нет. Идем дальше

2024-06-03 07:43:36.159121   Работа с куками =>

2024-06-03 07:43:36.159121   => не требуется

2024-06-03 07:43:37.176364   Капчи нет. Идем дальше

2024-06-03 07:43:37.176364   Prev. country - 'au'
2024-06-03 07:43:37.176364   Cur. country - 'au'
2024-06-03 07:43:37.176364   => Country set to 'au'

2024-06-03 07:43:38.192044   Капчи нет. Идем дальше

2024-06-03 07:43:38.192044   Prev. language - 'pl'
2024-06-03 07:43:38.192044   Cur. language - 'pl'
2024-06-03 07:43:38.192044   => Language is set to 'pl'

2024-06-03 07:43:39.238837   Капчи нет. Идем дальше

2024-06-03 07:43:39.238837   Prev. role - 'NoReg'
2024-06-03 07:43:39.238837   Cur. role - 'NoReg'
2024-06-03 07:43:39.238837   => The 'NoReg' role is set

2024-06-03 07:43:39.242842   => Current URL - https://capital.com/pl

2024-06-03 07:43:39.242842   => THE END PRECONDITIONS

2024-06-03 07:43:39.242842   1. Arrange_v0
2024-06-03 07:43:39.242842   current_page = https://capital.com/pl
2024-06-03 07:43:39.246837   link = https://capital.com/pl/us-natural-gas-spottowar
2024-06-03 07:43:39.254285   Current page URL = https://capital.com/pl
2024-06-03 07:43:39.257974   self.link = https://capital.com/pl/us-natural-gas-spottowar
2024-06-03 07:43:39.257974   driver.get(https://capital.com/pl/us-natural-gas-spottowar) =>
2024-06-03 07:43:41.022491   => Loaded page https://capital.com/pl/us-natural-gas-spottowar
2024-06-03 07:43:41.030504   BUTTON_SELL is located on the page? =>
2024-06-03 07:43:41.043609   => BUTTON_SELL is located on the page!
2024-06-03 07:43:41.043609   Start Checking that form [Sign up] popped up on the page =>
2024-06-03 07:43:42.572061   '[Sign up]' form was not popped up

2024-06-03 07:43:42.572061   2. Act_v0
2024-06-03 07:43:42.578064   BUTTON_SELL is present? =>
2024-06-03 07:43:42.578064   => BUTTON_SELL is present on the page
2024-06-03 07:43:42.578064   BUTTON_SELL scroll =>
2024-06-03 07:43:42.585390   => BUTTON_SELL scrolled
2024-06-03 07:43:42.612588   BUTTON_SELL is clickable? =>
2024-06-03 07:43:42.625077   BUTTON_SELL CLICK =>
2024-06-03 07:43:42.667988   => BUTTON_SELL clicked!

2024-06-03 07:43:42.667988   3. Assert_Signup_v0
2024-06-03 07:43:42.667988   Start step Check that [Sign up] form is opened
2024-06-03 07:43:42.930668   'Sign up' form opened
2024-06-03 07:43:42.930668   Assert SIGNUP_HEADER =>
2024-06-03 07:43:42.946470   Assert SIGNUP_REF_LOGIN =>
2024-06-03 07:43:42.964171   Assert SIGNUP_PRIVACY_POLICY_ALL_2 =>
2024-06-03 07:43:42.984344   => SIGNUP_PRIVACY_POLICY_ALL
2024-06-03 07:43:42.984344   => 'Signup' form is checked
2024-06-03 07:43:42.985349   Start step Close [Sign up] form =>
2024-06-03 07:43:43.107499   => 'Signup' form closed
2024-06-03 07:43:43.383385   => Focus moved to 'capital*com' logo
