


Current sort - Top fallers
{'width': 1280, 'height': 800}

2024-03-29 23:09:35.672547   worker_id = master

2024-03-29 23:09:35.672571   0. Allure grouping v4


2024-03-29 23:09:35.672865   START PRECONDITIONS =>


2024-03-29 23:09:35.672889   => flag_of_bug - False

2024-03-29 23:09:35.672908   => Windows size - {'width': 1280, 'height': 800}
2024-03-29 23:09:35.674422   Set windows position at (0, 0) =>
2024-03-29 23:09:35.779560   Set resolution 1280 * 800 =>
2024-03-29 23:09:35.881619   => Windows size is set to {'width': 1280, 'height': 800}

2024-03-29 23:09:36.903530   Капчи нет. Идем дальше

2024-03-29 23:09:36.903616   Работа с куками

2024-03-29 23:09:36.903630   => Prev. country - 'ae'
2024-03-29 23:09:36.903640   => Country set to 'ae'

2024-03-29 23:09:36.903649   => Prev. language - 'en'
2024-03-29 23:09:36.903659   => Language is set to 'en'

2024-03-29 23:09:36.903668   => Prev. role - 'NoReg'
2024-03-29 23:09:36.903677   => The 'NoReg' role is set

2024-03-29 23:09:36.906311   => THE END PRECONDITIONS

2024-03-29 23:09:36.906492   START Open "Markets" menu, "Forex" submenu =>

2024-03-29 23:09:36.906507   1. Cur URL = https://capital.com/live-currency-prices

2024-03-29 23:09:36.909072   2. Link = https://capital.com/live-currency-prices
2024-03-29 23:09:36.909087   current_page = https://capital.com/live-currency-prices
2024-03-29 23:09:36.911476   link = https://capital.com/live-currency-prices
2024-03-29 23:09:37.419430   => 'Markets' menu is present
2024-03-29 23:09:37.433062   => 'Markets' menu is visible
2024-03-29 23:09:38.695928   => Focus moved to 'Markets' menu


2024-03-29 23:09:39.461905   => 'Forex' sub-menu clicked
2024-03-29 23:09:39.734186   => Focus moved to 'capital*com' logo

2024-03-29 23:09:39.734227   3. Cur URL = https://capital.com/live-currency-prices

2024-03-29 23:09:39.739822   1. Arrange for Trading instrument and "Top fallers" cur_sort
2024-03-29 23:09:39.739846   current_page = https://capital.com/live-currency-prices
2024-03-29 23:09:39.742337   link = https://capital.com/live-currency-prices
2024-03-29 23:09:39.744861   IS TABLE_TRADING_INSTRUMENTS  present on the  page? =>
2024-03-29 23:09:39.751075   => TABLE_TRADING_INSTRUMENTS is present on the page!
2024-03-29 23:09:39.751097   IS FIELD_DROPDOWN_SORT present in the table? =>
2024-03-29 23:09:39.756173   =>  FIELD_DROPDOWN_SORT is present in the table!
2024-03-29 23:09:39.756195   Start scroll and click FIELD_DROPDOWN_SORT =>
2024-03-29 23:09:39.848645   Is item_sort_list visible on the FIELD_DROPDOWN_SORT ? =>
2024-03-29 23:09:39.871175   => item_sort_list is visible on the FIELD_DROPDOWN_SORT!
2024-03-29 23:09:39.871213   Is cur_sort "Top fallers" present in item_sort_list? =>
2024-03-29 23:09:39.878997   => cur_sort "Top fallers" is present in item_sort_list!
2024-03-29 23:09:39.879022   Start click cur_sort "Top fallers" =>
2024-03-29 23:09:40.477458   => End Click cur_sort "Top fallers"

2024-03-29 23:09:40.477503   Buttons [Buy] is visible and quantity buttons not zero? =>
2024-03-29 23:09:40.490415   => Buttons [Buy] is visible and quantity buttons not zero!

2024-03-29 23:09:40.490449   Start find two random buttons [Buy] on cur_sort "Top fallers"=>
2024-03-29 23:09:40.496373   => End find 1 random buttons [Buy] on the cur_sort "Top fallers"


2024-03-29 23:09:40.496401   Item_list = [8]
2024-03-29 23:09:40.496557   Start Checking that form [Sign up] popped up on the page =>
2024-03-29 23:09:42.035709   '[Sign up]' form was not popped up
2024-03-29 23:09:42.035944   2. Act for trading instrument and "Top fallers" cur_sort
2024-03-29 23:09:42.035963   Start click button [Buy] =>
2024-03-29 23:09:42.045849   =>   BUTTON_BUY on item with ID = 123763777659851
2024-03-29 23:09:42.208960   =>   BUTTON_BUY with item British Pound / Norwegian Krone clicked

2024-03-29 23:09:42.209209   3. Assert_v0
2024-03-29 23:09:42.209310   Start step Check that [Sign up] form is opened
2024-03-29 23:09:42.406170   'Sign up' form opened
2024-03-29 23:09:42.406211   Assert SIGNUP_HEADER =>
2024-03-29 23:09:42.418906   Assert SIGNUP_REF_LOGIN =>
2024-03-29 23:09:42.430371   Assert SIGNUP_PRIVACY_POLICY_ALL_2 =>
2024-03-29 23:09:42.442491   => SIGNUP_PRIVACY_POLICY_ALL
2024-03-29 23:09:42.442520   => 'Signup' form is checked
2024-03-29 23:09:42.442679   Start step Close [Sign up] form =>
2024-03-29 23:09:42.494388   => 'Signup' form closed
2024-03-29 23:09:42.785005   => Focus moved to 'capital*com' logo
