{'width': 1280, 'height': 800}

2024-03-30 00:25:40.283523   worker_id = master

2024-03-30 00:25:40.283546   0. Allure grouping v4


2024-03-30 00:25:40.283945   START PRECONDITIONS =>


2024-03-30 00:25:40.283970   => flag_of_bug - False

2024-03-30 00:25:40.283988   => Windows size - {'width': 1280, 'height': 800}
2024-03-30 00:25:40.307273   Set windows position at (0, 0) =>
2024-03-30 00:25:40.409504   Set resolution 1280 * 800 =>
2024-03-30 00:25:40.512038   => Windows size is set to {'width': 1280, 'height': 800}

2024-03-30 00:25:41.522767   Капчи нет. Идем дальше

2024-03-30 00:25:41.522857   Работа с куками

2024-03-30 00:25:41.522870   => Prev. country - 'ae'
2024-03-30 00:25:41.522880   => Country set to 'ae'

2024-03-30 00:25:41.522890   => Prev. language - 'en'
2024-03-30 00:25:41.522899   => Language is set to 'en'

2024-03-30 00:25:41.522908   => Prev. role - 'Auth'
2024-03-30 00:25:41.522917   => The 'Auth' role is set

2024-03-30 00:25:41.525703   => THE END PRECONDITIONS

2024-03-30 00:25:41.525899   1. Arrange_v0
2024-03-30 00:25:41.525916   current_page = https://capital.com/trade-silver
2024-03-30 00:25:41.528496   link = https://capital.com/trade-silver
2024-03-30 00:25:41.531080   BUTTON_CREATE_YOUR_ACCOUNT is located on the page? =>

2024-03-30 00:25:41.538700   2. Act_v0: Define of locator

2024-03-30 00:25:41.538722   2. Act_v0: Go to web element

2024-03-30 00:25:42.662812   2. Act_v0: Click web element
2024-03-30 00:25:42.957090   => BUTTON_CREATE_YOUR_ACCOUNT is clicked

2024-03-30 00:25:42.957434   3. Assert_v4
2024-03-30 00:25:42.957614   Checking that the trading platform page has opened (v4) =>
2024-03-30 00:25:43.472315   Checking way # 1 => 

2024-03-30 00:25:43.472494   1. Checking that the Trading platform page has valid title =>
2024-03-30 00:25:43.474922   => The title of current page is 'Trading Platform | Capital.com'

2024-03-30 00:25:43.475045   2. Checking that the Trading platform LOGO is present on the page =>
2024-03-30 00:25:45.015185   => 'capital*com' logo is present on the current page

2024-03-30 00:25:45.015263   tpd = False
2024-03-30 00:25:45.015421   3.2. Checking that the Trading platform opened in LIVE mode =>
2024-03-30 00:25:45.031089   => The page with https://capital.com/trading/platform/ url was opened in lIVE mode
2024-03-30 00:25:46.327236   => Driver.backed
