{'width': 1280, 'height': 800}

2024-03-30 00:19:49.692793   worker_id = master

2024-03-30 00:19:49.692816   0. Allure grouping v4


2024-03-30 00:19:49.693112   START PRECONDITIONS =>


2024-03-30 00:19:49.693133   => flag_of_bug - False

2024-03-30 00:19:49.693150   => Windows size - {'width': 1280, 'height': 800}
2024-03-30 00:19:49.700318   Set windows position at (0, 0) =>
2024-03-30 00:19:49.813331   Set resolution 1280 * 800 =>
2024-03-30 00:19:49.918299   => Windows size is set to {'width': 1280, 'height': 800}

2024-03-30 00:19:50.957182   Капчи нет. Идем дальше

2024-03-30 00:19:50.957265   Работа с куками

2024-03-30 00:19:50.957278   => Prev. country - 'ae'
2024-03-30 00:19:50.957288   => Country set to 'ae'

2024-03-30 00:19:50.957297   => Prev. language - 'en'
2024-03-30 00:19:50.957307   => Language is set to 'en'

2024-03-30 00:19:50.957315   => Prev. role - 'Auth'
2024-03-30 00:19:50.957324   => The 'Auth' role is set

2024-03-30 00:19:50.960098   => THE END PRECONDITIONS

2024-03-30 00:19:50.960294   1. Arrange_v0
2024-03-30 00:19:50.960312   current_page = https://capital.com/trade-copper
2024-03-30 00:19:50.962870   link = https://capital.com/trade-copper
2024-03-30 00:19:50.965359   BUTTON_CREATE_YOUR_ACCOUNT is located on the page? =>

2024-03-30 00:19:50.972919   2. Act_v0: Define of locator

2024-03-30 00:19:50.972941   2. Act_v0: Go to web element

2024-03-30 00:19:52.039447   2. Act_v0: Click web element
2024-03-30 00:19:52.295292   => BUTTON_CREATE_YOUR_ACCOUNT is clicked

2024-03-30 00:19:52.295591   3. Assert_v4
2024-03-30 00:19:52.295751   Checking that the trading platform page has opened (v4) =>
2024-03-30 00:19:52.807696   Checking way # 1 => 

2024-03-30 00:19:52.807926   1. Checking that the Trading platform page has valid title =>
2024-03-30 00:19:52.810502   => The title of current page is 'Trading Platform | Capital.com'

2024-03-30 00:19:52.810623   2. Checking that the Trading platform LOGO is present on the page =>
2024-03-30 00:19:54.355507   => 'capital*com' logo is present on the current page

2024-03-30 00:19:54.355583   tpd = False
2024-03-30 00:19:54.355727   3.2. Checking that the Trading platform opened in LIVE mode =>
2024-03-30 00:19:54.367650   => The page with https://capital.com/trading/platform/ url was opened in lIVE mode
2024-03-30 00:19:55.196158   => Driver.backed
