{'width': 1280, 'height': 720}

2024-01-16 08:45:25.831076   worker_id = master

2024-01-16 08:45:25.831091   0. Allure grouping v4


2024-01-16 08:45:25.831250   START PRECONDITIONS =>


2024-01-16 08:45:25.831264   {'width': 1280, 'height': 720}

2024-01-16 08:45:25.832609   Set windows position at (0, 0) =>

2024-01-16 08:45:25.934768   Set resolution 1280 * 720 =>

2024-01-16 08:45:26.040385   => Resolution seted {'width': 1280, 'height': 720}

2024-01-16 08:45:31.097193   Капчи нет. Тестим дальше

2024-01-16 08:45:31.097279   Prev. Role: NoReg

2024-01-16 08:45:31.097290   Current role: NoReg

2024-01-16 08:45:31.097299   Prev language: it

2024-01-16 08:45:31.097307   => Current language: it

2024-01-16 08:45:31.097315   Prev country: ae

2024-01-16 08:45:31.097322   => Current country: ae

2024-01-16 08:45:31.097330   => THE END PRECONDITIONS

2024-01-16 08:45:31.097359   1. Arrange_v0

2024-01-16 08:45:31.108532   2. Act_v0
2024-01-16 08:45:31.108558   BUTTON_GET_STARTED_ON_STICKY_BAR is present? =>
2024-01-16 08:45:31.113473   => BUTTON_GET_STARTED_ON_STICKY_BAR is present on the page!
2024-01-16 08:45:31.113494   BUTTON_GET_STARTED_ON_STICKY_BAR scroll =>
2024-01-16 08:45:31.229406   => BUTTON_GET_STARTED_ON_STICKY_BAR clicked!

2024-01-16 08:45:31.229659   3. Assert_v0
2024-01-16 08:45:31.229770   Start step Check that [Sign up] form is opened
2024-01-16 08:45:31.244780   'Sign up' form opened
2024-01-16 08:45:31.244811   Assert SIGNUP_HEADER =>
2024-01-16 08:45:31.258405   Assert SIGNUP_REF_LOGIN =>
2024-01-16 08:45:31.271332   Assert SIGNUP_PRIVACY_POLICY_ALL_2 =>
2024-01-16 08:45:31.290361   => SIGNUP_PRIVACY_POLICY_ALL
2024-01-16 08:45:31.290395   => 'Signup' form is checked
2024-01-16 08:45:31.290546   Start step Close [Sign up] form =>
2024-01-16 08:45:31.377779   => 'Signup' form closed
