{'width': 1920, 'height': 1080}

2024-11-20 00:55:03.103193   worker_id = master

2024-11-20 00:55:03.103219   0. Allure grouping for US_55


2024-11-20 00:55:03.103597   START NEW PRECONDITIONS =>

2024-11-20 00:55:03.103622   => URL after prev. preconditions - https://capital.com/en-gb
2024-11-20 00:55:03.103637   => flag_of_bug - True
2024-11-20 00:55:03.103655   => Current URL - https://capital.com/en-gb/markets/shares/eni-spa-share-price
2024-11-20 00:55:03.110871   Current page URL = https://capital.com/en-gb/markets/shares/eni-spa-share-price
2024-11-20 00:55:03.117010   self.link = https://capital.com/en-gb
2024-11-20 00:55:03.117032   driver.get(https://capital.com/en-gb) =>
2024-11-20 00:55:05.450711   => Loaded page https://capital.com/en-gb

2024-11-20 00:55:05.457662   => Windows size: {'width': 1920, 'height': 1080}

2024-11-20 00:55:05.459081   Set windows position at (0, 0) =>

2024-11-20 00:55:05.460711   Set resolution 1920 * 1080 =>

2024-11-20 00:55:05.462344   => Resolution set {'width': 1920, 'height': 1080}

2024-11-20 00:55:05.463634   Работа с куками =>
2024-11-20 00:55:05.463648   Prev. role - 'NoReg'
2024-11-20 00:55:05.463658   Current testing role - 'Auth'

2024-11-20 00:55:05.463667   All cookies must be delete =>
2024-11-20 00:55:05.529956   => All cookies are deleted
2024-11-20 00:55:05.529988   Current page URL = https://capital.com/en-gb
2024-11-20 00:55:05.532604   self.link = https://capital.com/en-gb
2024-11-20 00:55:05.532618   driver.get(https://capital.com/en-gb) =>
2024-11-20 00:55:07.913679   => Loaded page https://capital.com/en-gb

2024-11-20 00:55:07.917994   Step 'Click button [Accept all cookies]'
2024-11-20 00:55:07.918035   Is Visible Button [Accept all cookies]? =>
2024-11-20 00:55:09.083068   => Button [Accept all cookies] is visible
2024-11-20 00:55:09.583223   Is clickable Button [Accept all cookies] =>
2024-11-20 00:55:09.598267   => Button [Accept all cookies] is clickable
2024-11-20 00:55:09.598294   Click Button [Accept all cookies] =>
2024-11-20 00:55:09.800392   => Button [Accept all cookies] is clicked
2024-11-20 00:55:09.800429   => Accepted All Cookies

2024-11-20 00:55:10.300535   Prev. role - 'NoReg'
2024-11-20 00:55:10.300604   Cur. role - 'Auth'

2024-11-20 00:55:10.300858   Start Autorization
2024-11-20 00:55:10.408906   => 'Login' form is opened
2024-11-20 00:55:10.610941   => "login" and "password" are inputted
2024-11-20 00:55:10.610983   Click [Continue] button on [Login] form =>
2024-11-20 00:55:10.692869   => [Continue] button on [Login] form is clicked
2024-11-20 00:55:10.692910   Set timeout = 30
2024-11-20 00:55:11.856170   => Page with 'Trading Platform | Capital.com' title opened

2024-11-20 00:55:11.856249   2. Checking that the LOGO is present on the page =>
2024-11-20 00:55:12.900403   => 'capital*com' logo is present on the current page

2024-11-20 00:55:13.328120   => The 'Auth' role is set

2024-11-20 00:55:13.328175   Prev. language: ?
2024-11-20 00:55:13.328192   Cur. language - 'en'

2024-11-20 00:55:13.328208   Prev. country: ?

2024-11-20 00:55:13.328225   Cur. country: ae
2024-11-20 00:55:13.328234   Set 'en' language and 'ae' country =>
2024-11-20 00:55:13.328397   Set "en" language and "ae" country =>
2024-11-20 00:55:13.328422   Current page URL = https://capital.com/en-gb
2024-11-20 00:55:13.368746   self.link = https://capital.com/en-ae
2024-11-20 00:55:13.368766   driver.get(https://capital.com/en-ae) =>
2024-11-20 00:55:15.713982   => Loaded page https://capital.com/en-ae
2024-11-20 00:55:15.721219   => Language is set to 'en'
2024-11-20 00:55:15.721235   => Country is set to 'ae'
2024-11-20 00:55:15.721245   => Current URL - https://capital.com/en-ae

2024-11-20 00:55:15.726119   => Current URL - https://capital.com/en-ae

2024-11-20 00:55:15.726141   => THE END PRECONDITIONS

2024-11-20 00:55:15.726325   START Open "Markets" menu, "Indices" submenu =>

2024-11-20 00:55:15.726341   1. Cur URL = https://capital.com/en-ae

2024-11-20 00:55:15.728736   2. Link = https://capital.com/en-ae
2024-11-20 00:55:15.728751   current_page = https://capital.com/en-ae
2024-11-20 00:55:15.731185   link = https://capital.com/en-ae
2024-11-20 00:55:16.244801   => 'Markets' menu is present
2024-11-20 00:55:16.263164   => 'Markets' menu is visible
2024-11-20 00:55:17.729149   => Focus moved to 'Markets' menu
2024-11-20 00:55:17.781257   => 'Indices' submenu is visible
2024-11-20 00:55:18.563620   => 'Indices' sub-menu clicked
2024-11-20 00:55:23.869329   => Focus moved to 'capital*com' logo
2024-11-20 00:55:23.869373   3. Cur URL = https://capital.com/en-ae/markets/indices

2024-11-20 00:55:23.874894   1. Arrange
2024-11-20 00:55:23.874918   current_page = https://capital.com/en-ae/markets/indices
2024-11-20 00:55:23.877412   link = https://capital.com/en-ae/markets/indices
2024-11-20 00:55:23.879973   Scroll down to the table “Indices markets”
2024-11-20 00:55:28.965644   Click page 2
2024-11-20 00:55:34.095006   Click page 3

2024-11-20 00:55:34.453852   2. Act
2024-11-20 00:55:34.453906   Scroll down to the text block “Italy 40”
2024-11-20 00:55:34.471400   Click a random link in the text block “Italy 40”
2024-11-20 00:55:35.145185   3.Assert
