{'width': 1280, 'height': 800}

2024-05-31 08:09:45.630060   worker_id = master

2024-05-31 08:09:45.630060   0. Allure grouping v4

2024-05-31 08:09:45.630060   START PRECONDITIONS =>

2024-05-31 08:09:45.630060   => URL after prev. preconditions - https://capital.com/
2024-05-31 08:09:45.630060   => flag_of_bug - False
2024-05-31 08:09:45.630060   => Current URL - https://capital.com/eth-usd-chart
2024-05-31 08:09:45.640030   Current page URL = https://capital.com/eth-usd-chart
2024-05-31 08:09:45.644033   self.link = https://capital.com/
2024-05-31 08:09:45.644033   driver.get(https://capital.com/) =>
2024-05-31 08:09:47.339680   => Loaded page https://capital.com/

2024-05-31 08:09:47.345677   => Windows size: {'width': 1280, 'height': 800}
2024-05-31 08:09:47.347676   Set windows position at (0, 0) =>
2024-05-31 08:09:47.350381   Set resolution 1280 * 800 =>
2024-05-31 08:09:47.354799   => Windows size is set to {'width': 1280, 'height': 800}

2024-05-31 08:09:48.402418   Капчи нет. Идем дальше

2024-05-31 08:09:48.402418   Работа с куками =>

2024-05-31 08:09:48.402418   => не требуется

2024-05-31 08:09:48.402418   Prev. country - 'ae'
2024-05-31 08:09:48.402418   Cur. country - 'ae'
2024-05-31 08:09:48.402418   => Country set to 'ae'

2024-05-31 08:09:48.402418   Prev. language - 'en'
2024-05-31 08:09:48.402418   Cur. language - 'en'
2024-05-31 08:09:48.402418   => Language is set to 'en'

2024-05-31 08:09:48.402418   Prev. role - 'NoReg'
2024-05-31 08:09:48.402418   Cur. role - 'NoReg'
2024-05-31 08:09:48.402418   => The 'NoReg' role is set

2024-05-31 08:09:48.402418   => Current URL - https://capital.com/

2024-05-31 08:09:48.402418   => THE END PRECONDITIONS

2024-05-31 08:09:48.402418 1.Arrange_v0
2024-05-31 08:09:48.402418   current_page = https://capital.com/
2024-05-31 08:09:48.402418   link = https://capital.com/eth-usd-chart
2024-05-31 08:09:48.402418   Current page URL = https://capital.com/
2024-05-31 08:09:48.402418   self.link = https://capital.com/eth-usd-chart
2024-05-31 08:09:48.402418   driver.get(https://capital.com/eth-usd-chart) =>
2024-05-31 08:09:50.098562   => Loaded page https://capital.com/eth-usd-chart
2024-05-31 08:09:50.105615 BUTTON_NOTIFICATION is located on the page? =>
2024-05-31 08:09:50.115021   Is BUTTON_NOTIFICATION present on the page? =>
2024-05-31 08:09:50.115021 => BUTTON_NOTIFICATION is present on the page
2024-05-31 08:09:50.115021   [Notification] button scroll =>
2024-05-31 08:09:50.123865   Start Checking that form [Sign up] popped up on the page =>
2024-05-31 08:09:51.686471   '[Sign up]' form was not popped up

2024-05-31 08:09:51.686471   2. Act_v0
2024-05-31 08:09:51.686471   Start Click 'Notification' button =>
2024-05-31 08:09:51.723591 BUTTON_NOTIFICATION is clickable =>
2024-05-31 08:09:51.776128 => BUTTON_NOTIFICATION clicked
Trade instrument from Full test is Trade Ethereum to US Dollar - ETH/USD CFD
Test element is <pages.Elements.AssertClass.AssertClass object at 0x0000028EE6BBE420>

2024-05-31 08:09:51.776128   3. Assert_Signup_v0
2024-05-31 08:09:51.776128   Start step Check that [Sign up] form is opened
2024-05-31 08:09:52.245978   'Sign up' form opened
2024-05-31 08:09:52.245978   Assert SIGNUP_HEADER =>
2024-05-31 08:09:52.261273   Assert SIGNUP_REF_LOGIN =>
2024-05-31 08:09:52.275058   Assert SIGNUP_PRIVACY_POLICY_ALL_2 =>
2024-05-31 08:09:52.293103   => SIGNUP_PRIVACY_POLICY_ALL
2024-05-31 08:09:52.293103   => 'Signup' form is checked
2024-05-31 08:09:52.293103   Start step Close [Sign up] form =>
2024-05-31 08:09:52.387718   => 'Signup' form closed
2024-05-31 08:09:52.671853   => Focus moved to 'capital*com' logo
