{'width': 1280, 'height': 720}

2024-03-01 06:29:51.133432   worker_id = master

2024-03-01 06:29:51.133449   0. Allure grouping v4


2024-03-01 06:29:51.133664   START PRECONDITIONS =>


2024-03-01 06:29:51.133680   {'width': 1280, 'height': 720}

2024-03-01 06:29:51.135022   Set windows position at (0, 0) =>

2024-03-01 06:29:51.237239   Set resolution 1280 * 720 =>

2024-03-01 06:29:51.339774   => Resolution seted {'width': 1280, 'height': 720}

2024-03-01 06:29:52.368162   Капчи нет. Идем дальше

2024-03-01 06:29:52.368251   Prev. Role: NoReg

2024-03-01 06:29:52.368265   Current role: NoReg

2024-03-01 06:29:53.396058   Капчи нет. Идем дальше

2024-03-01 06:29:53.396148   Prev language: ru

2024-03-01 06:29:53.396161   => Current language: ru

2024-03-01 06:29:54.435265   Капчи нет. Идем дальше

2024-03-01 06:29:54.435379   Prev country: ae
2024-03-01 06:29:54.435396   => Current country: ae

2024-03-01 06:29:54.435406   => THE END PRECONDITIONS

2024-03-01 06:29:54.435581   START Open "Education" menu, "CFD trading guide" submenu =>

2024-03-01 06:29:54.435596   1. Cur URL = https://capital.com/ru/cto-takoe-kontrakty-na-raznicu-cen

2024-03-01 06:29:54.438424   2. Link = https://capital.com/ru
2024-03-01 06:29:54.441052   Current page URL = https://capital.com/ru/cto-takoe-kontrakty-na-raznicu-cen
2024-03-01 06:29:55.134842   => Loaded page https://capital.com/ru
2024-03-01 06:29:55.697021   => Education menu is present
2024-03-01 06:29:55.713685   element = <selenium.webdriver.remote.webelement.WebElement (session="b1d0f1d04ed624d38b355bfc5e6ac5a5", element="f.CAA3A98E585C3ABA5DCBE80F949791E9.d.97E950C9C09C5CEE0DA7307CF1F824F2.e.2211")>
2024-03-01 06:29:55.713726   => Education menu is visible
2024-03-01 06:29:56.978766   => Focus moved to Education menu

2024-03-01 06:29:58.985839   3. Cur URL = https://capital.com/ru/cto-takoe-kontrakty-na-raznicu-cen

2024-03-01 06:29:58.991238   1. Arrange_v0
2024-03-01 06:29:59.003126   => BUTTON_TRY_DEMO is present on this page
2024-03-01 06:29:59.003156   BUTTON_TRY_DEMO scroll =>
2024-03-01 06:29:59.006379   BUTTON_TRY_DEMO is visible? =>
2024-03-01 06:29:59.021998   => BUTTON_TRY_DEMO is visible on this page

2024-03-01 06:29:59.022156   2. Act_v0
2024-03-01 06:29:59.029066   BUTTON_TRY_DEMO is clickable? =>
2024-03-01 06:29:59.052045   => BUTTON_TRY_DEMO clicked!

2024-03-01 06:29:59.052339   3. Assert_v0
2024-03-01 06:29:59.052483   Start step Check that [Sign up] form is opened
2024-03-01 06:29:59.538366   'Sign up' form opened
2024-03-01 06:29:59.538412   Assert SIGNUP_HEADER =>
2024-03-01 06:29:59.553100   Assert SIGNUP_REF_LOGIN =>
2024-03-01 06:29:59.567221   Assert SIGNUP_PRIVACY_POLICY_ALL_2 =>
2024-03-01 06:29:59.579655   => SIGNUP_PRIVACY_POLICY_ALL
2024-03-01 06:29:59.579695   => 'Signup' form is checked
2024-03-01 06:29:59.579924   Start step Close [Sign up] form =>
2024-03-01 06:29:59.658372   => 'Signup' form closed
