{'width': 1280, 'height': 800}

2024-03-21 01:38:32.646406   worker_id = master

2024-03-21 01:38:32.646423   0. Allure grouping v4


2024-03-21 01:38:32.646623   START PRECONDITIONS =>


2024-03-21 01:38:32.646638   => flag_of_bug - True
2024-03-21 01:38:32.646650   Current page URL = https://capital.com/trading/platform/
2024-03-21 01:38:33.384340   => Loaded page https://capital.com/

2024-03-21 01:38:33.509368   => Windows size - {'width': 1280, 'height': 800}
2024-03-21 01:38:33.540152   Set windows position at (0, 0) =>
2024-03-21 01:38:33.644434   Set resolution 1280 * 800 =>
2024-03-21 01:38:33.746814   => Windows size is set to {'width': 1280, 'height': 800}

2024-03-21 01:38:34.789234   Капчи нет. Идем дальше

2024-03-21 01:38:34.789325   Работа с куками

2024-03-21 01:38:34.789339   => Prev. country - 'de'
2024-03-21 01:38:34.789349   => Country set to 'de'

2024-03-21 01:38:34.789358   => Prev. language - 'es'
2024-03-21 01:38:34.789368   Set 'es' language =>
2024-03-21 01:38:34.797195   => Language and Country menu is present
2024-03-21 01:38:34.810985   => Language and Country menu is visible
2024-03-21 01:38:36.085354   => Focus is moved on Language and Country menu 
2024-03-21 01:38:36.091268   Move focus on es item and click =>
2024-03-21 01:38:37.594937   => Focus moved on es item and clicked
2024-03-21 01:38:37.594990   => Cur url = https://capital.com/es
2024-03-21 01:38:37.629057   => Language is set to 'es'

2024-03-21 01:38:37.629084   => Prev. role - 'NoReg'
2024-03-21 01:38:37.629094   => The 'NoReg' role is set

2024-03-21 01:38:37.631721   => THE END PRECONDITIONS

2024-03-21 01:38:37.631967   1. Arrange_v0
2024-03-21 01:38:37.636796   Current page URL = https://capital.com/es
2024-03-21 01:38:38.631460   => Loaded page https://capital.com/es/trading-de-posicion
2024-03-21 01:38:38.635407   BUTTON_CREATE_YOUR_ACCOUNT is located on the page? =>

2024-03-21 01:38:38.643790   2. Act_v0: Define of locator

2024-03-21 01:38:38.643818   2. Act_v0: Go to web element

2024-03-21 01:38:39.705624   2. Act_v0: Click web element
2024-03-21 01:38:39.731561   => BUTTON_CREATE_YOUR_ACCOUNT is clicked

2024-03-21 01:38:39.731771   3. Assert_v0
2024-03-21 01:38:39.731860   Start step Check that [Sign up] form is opened
2024-03-21 01:38:39.912001   'Sign up' form opened
2024-03-21 01:38:39.912041   Assert SIGNUP_HEADER =>
2024-03-21 01:38:39.926516   Assert SIGNUP_REF_LOGIN =>
2024-03-21 01:38:39.942191   Assert SIGNUP_PRIVACY_POLICY_ALL_2 =>
2024-03-21 01:38:39.958530   => SIGNUP_PRIVACY_POLICY_ALL
2024-03-21 01:38:39.958568   => 'Signup' form is checked
2024-03-21 01:38:39.958731   Start step Close [Sign up] form =>
2024-03-21 01:38:40.054330   => 'Signup' form closed
