{'width': 1280, 'height': 800}

2024-03-20 23:32:19.435668   worker_id = master

2024-03-20 23:32:19.435685   0. Allure grouping v4


2024-03-20 23:32:19.435881   START PRECONDITIONS =>


2024-03-20 23:32:19.435897   => flag_of_bug - False

2024-03-20 23:32:19.435908   => Windows size - {'width': 1280, 'height': 800}
2024-03-20 23:32:19.437155   Set windows position at (0, 0) =>
2024-03-20 23:32:19.539019   Set resolution 1280 * 800 =>
2024-03-20 23:32:19.640848   => Windows size is set to {'width': 1280, 'height': 800}

2024-03-20 23:32:20.664703   Капчи нет. Идем дальше

2024-03-20 23:32:20.664786   Работа с куками

2024-03-20 23:32:20.664800   => Prev. country - 'de'
2024-03-20 23:32:20.664810   => Country set to 'de'

2024-03-20 23:32:20.664819   => Prev. language - 'es'
2024-03-20 23:32:20.664828   => Language is set to 'es'

2024-03-20 23:32:20.664837   => Prev. role - 'Auth'
2024-03-20 23:32:20.664846   => The 'Auth' role is set

2024-03-20 23:32:20.667707   => THE END PRECONDITIONS
2024-03-20 23:32:21.173731   => 'Markets' menu is present
2024-03-20 23:32:21.188552   element = <selenium.webdriver.remote.webelement.WebElement (session="6c14dd748365b0f958396caaa65ffa51", element="f.3601AE4AE0CB2F09ED95DD76C76E62E8.d.15E90E78FB371B3059D3B2131E482EDD.e.377")>
2024-03-20 23:32:21.188584   => 'Markets' menu is visible
2024-03-20 23:32:22.451523   => Focus moved to 'Markets' menu
2024-03-20 23:32:22.457214   => 'Markets > Commodities' submenu is present

2024-03-20 23:32:23.724472   1. Arrange_v0
2024-03-20 23:32:23.727034   BUTTON_CREATE_YOUR_ACCOUNT is located on the page? =>

2024-03-20 23:32:23.735285   2. Act_v0: Define of locator

2024-03-20 23:32:23.735307   2. Act_v0: Go to web element

2024-03-20 23:32:24.791054   2. Act_v0: Click web element
2024-03-20 23:32:25.256536   => BUTTON_CREATE_YOUR_ACCOUNT is clicked

2024-03-20 23:32:25.256882   3. Assert_v4
2024-03-20 23:32:25.257053   Checking that the trading platform page has opened (v4) =>
2024-03-20 23:32:25.767210   Checking way # 1 => 
2024-03-20 23:32:25.770284   => Current page title: Trading Platform | Capital.com
2024-03-20 23:32:25.770404   Checking that the Trading platform LOGO is present on the page =>
2024-03-20 23:32:26.527792   => Trading platform LOGO is present on the page
2024-03-20 23:32:26.527868   tpd = False
2024-03-20 23:32:26.528013   Checking that the Trading platform opened in LIVE mode =>
2024-03-20 23:32:26.552550   => The page with https://capital.com/trading/platform/ url was opened in lIVE mode
2024-03-20 23:32:27.836993   => Driver.backed
