


Current country - ['ar', 'ae']
{'width': 1920, 'height': 1080}

2024-12-14 23:10:28.096516   worker_id = master

2024-12-14 23:10:28.096530   0. Allure grouping for US_55


2024-12-14 23:10:28.096727   START PRECONDITIONS =>

2024-12-14 23:10:28.096743   => URL after prev. preconditions - https://capital.com/en-gb
2024-12-14 23:10:28.096753   => flag_of_bug - True
2024-12-14 23:10:28.096765   => Current URL - https://capital.com/ar-ae
2024-12-14 23:10:28.102134   Current page URL = https://capital.com/ar-ae
2024-12-14 23:10:28.104770   self.link = https://capital.com/en-gb
2024-12-14 23:10:28.104783   driver.get(https://capital.com/en-gb) =>
2024-12-14 23:10:30.514765   => Loaded page https://capital.com/en-gb

2024-12-14 23:10:30.520583   => Windows size: {'width': 1920, 'height': 1080}

2024-12-14 23:10:30.522533   Set windows position at (0, 0) =>

2024-12-14 23:10:30.524864   Set resolution 1920 * 1080 =>

2024-12-14 23:10:30.527382   => Resolution set {'width': 1920, 'height': 1080}

2024-12-14 23:10:30.544820   Работа с куками =>
2024-12-14 23:10:30.544844   Prev. role - 'NoReg'
2024-12-14 23:10:30.544858   Current testing role - 'Auth'

2024-12-14 23:10:30.544870   All cookies must be delete =>
2024-12-14 23:10:30.632990   => All cookies are deleted
2024-12-14 23:10:30.633039   Current page URL = https://capital.com/en-gb
2024-12-14 23:10:30.645153   self.link = https://capital.com/en-gb
2024-12-14 23:10:30.645173   driver.get(https://capital.com/en-gb) =>
2024-12-14 23:10:33.963800   => Loaded page https://capital.com/en-gb

2024-12-14 23:10:33.967220   Step 'Click button [Accept all cookies]'
2024-12-14 23:10:33.967231   Is Visible Button [Accept all cookies]? =>
2024-12-14 23:10:34.856359   => Button [Accept all cookies] is visible
2024-12-14 23:10:35.356517   Is clickable Button [Accept all cookies] =>
2024-12-14 23:10:35.371607   => Button [Accept all cookies] is clickable
2024-12-14 23:10:35.371633   Click Button [Accept all cookies] =>
2024-12-14 23:10:35.574048   => Button [Accept all cookies] is clicked
2024-12-14 23:10:35.574091   => Accepted All Cookies

2024-12-14 23:10:36.074201   Prev. role - 'NoReg'
2024-12-14 23:10:36.074285   Cur. role - 'Auth'

2024-12-14 23:10:36.074508   Start Authorization
2024-12-14 23:10:36.185053   => 'Login' form is opened
2024-12-14 23:10:36.402185   => "login" and "password" are inputted
2024-12-14 23:10:36.402233   Click [Continue] button on [Login] form =>
2024-12-14 23:10:36.483927   => [Continue] button on [Login] form is clicked
2024-12-14 23:10:36.483986   Set timeout = 30
2024-12-14 23:10:37.721267   => Page with 'Trading Platform | Capital.com' title opened

2024-12-14 23:10:37.721334   2. Checking that the LOGO is present on the page =>
2024-12-14 23:10:39.420636   => 'capital*com' logo is present on the current page

2024-12-14 23:10:39.810224   => The 'Auth' role is set

2024-12-14 23:10:39.810300   Prev. language: cn
2024-12-14 23:10:39.810320   Cur. language - 'ar'

2024-12-14 23:10:39.810336   Prev. country: ua
2024-12-14 23:10:39.810349   Cur. country: ae

2024-12-14 23:10:39.810562   Set "ar" language and "ae" country =>
2024-12-14 23:10:39.810590   Current page URL = https://capital.com/en-gb
2024-12-14 23:10:39.866963   self.link = https://capital.com/ar-ae
2024-12-14 23:10:39.866988   driver.get(https://capital.com/ar-ae) =>
2024-12-14 23:10:42.221551   => Loaded page https://capital.com/ar-ae
2024-12-14 23:10:42.227318   => Language is set to 'ar'
2024-12-14 23:10:42.227334   => Country is set to 'ae'
2024-12-14 23:10:42.227344   => Current URL - https://capital.com/ar-ae

2024-12-14 23:10:42.232329   => Current URL - https://capital.com/ar-ae

2024-12-14 23:10:42.232351   => END PRECONDITIONS

2024-12-14 23:10:42.232516   1. Start Arrange: open dropdown [Regional settings]
2024-12-14 23:10:42.232534   current_page = https://capital.com/ar-ae
2024-12-14 23:10:42.237981   link = https://capital.com/ar-ae
2024-12-14 23:10:42.242426   Start to check link country to open dropdown [Regional settings] in DOM on the Main page

2024-12-14 23:10:47.277255   => The main page don't have link country to open dropdown [Regional settings] in DOM
