{'width': 1280, 'height': 800}

2024-05-06 14:43:30.629534   worker_id = master

2024-05-06 14:43:30.629554   0. Allure grouping v4

2024-05-06 14:43:30.629869   START PRECONDITIONS =>

2024-05-06 14:43:30.629892   => URL after prev. preconditions - https://capital.com/hu
2024-05-06 14:43:30.629962   => flag_of_bug - False
2024-05-06 14:43:30.630014   => Current URL - https://capital.com/hu/usd-jpy-arfolyam
2024-05-06 14:43:30.636673   Current page URL = https://capital.com/hu/usd-jpy-arfolyam
2024-05-06 14:43:30.639099   self.link = https://capital.com/hu
2024-05-06 14:43:30.639112   driver.get(https://capital.com/hu) =>
2024-05-06 14:43:32.822387   => Loaded page https://capital.com/hu

2024-05-06 14:43:32.828643   => Windows size - {'width': 1280, 'height': 800}
2024-05-06 14:43:32.829977   Set windows position at (0, 0) =>
2024-05-06 14:43:32.831564   Set resolution 1280 * 800 =>
2024-05-06 14:43:32.833155   => Windows size is set to {'width': 1280, 'height': 800}

2024-05-06 14:43:33.863367   Капчи нет. Идем дальше

2024-05-06 14:43:33.863451   Работа с куками =>

2024-05-06 14:43:33.863465   => не требуется

2024-05-06 14:43:33.863474   Prev. country - 'ae'
2024-05-06 14:43:33.863484   Cur. country - 'ae'
2024-05-06 14:43:33.863492   => Country set to 'ae'

2024-05-06 14:43:33.863501   Prev. language - 'hu'
2024-05-06 14:43:33.863510   Cur. language - 'hu'
2024-05-06 14:43:33.863519   => Language is set to 'hu'

2024-05-06 14:43:33.863528   Prev. role - 'NoAuth'
2024-05-06 14:43:33.863536   Cur. role - 'NoAuth'
2024-05-06 14:43:33.863545   => The 'NoAuth' role is set

2024-05-06 14:43:33.866190   => Current URL - https://capital.com/hu

2024-05-06 14:43:33.866211   => THE END PRECONDITIONS

2024-05-06 14:43:33.866382   1. Arrange_v2
2024-05-06 14:43:33.866399   current_page = https://capital.com/hu
2024-05-06 14:43:33.868958   link = https://capital.com/hu/usd-jpy-arfolyam
2024-05-06 14:43:33.871598   Current page URL = https://capital.com/hu
2024-05-06 14:43:33.874117   self.link = https://capital.com/hu/usd-jpy-arfolyam
2024-05-06 14:43:33.874131   driver.get(https://capital.com/hu/usd-jpy-arfolyam) =>
2024-05-06 14:43:35.552726   => Loaded page https://capital.com/hu/usd-jpy-arfolyam
2024-05-06 14:43:35.556990   Is LONG_POSITION_OVERNIGHT_FEE present on the page? =>
2024-05-06 14:43:35.566530   => LONG_POSITION_OVERNIGHT_FEE is present on the page
2024-05-06 14:43:35.566555   LONG_POSITION_OVERNIGHT_FEE scroll =>
2024-05-06 14:43:35.569780   => LONG_POSITION_OVERNIGHT_FEE scrolled

2024-05-06 14:43:35.569927   2. Act_v2
2024-05-06 14:43:35.569942   LONG_POSITION_OVERNIGHT_FEE open =>
2024-05-06 14:43:36.359428   Is LONG_POSITION_OVERNIGHT_FEE open?  =>
2024-05-06 14:43:36.376876   => LONG_POSITION_OVERNIGHT_FEE opened
2024-05-06 14:43:36.376919   Move focus to button [Go to platform] and click on=>
2024-05-06 14:43:37.152673   => BUTTON_GO_TO_PLATFORM is clickable
2024-05-06 14:43:37.633508 => BUTTON_GO_TO_PLATFORM clicked

2024-05-06 14:43:37.633808   3. Assert_Login_v0
2024-05-06 14:43:37.633931   Check that 'Login' form is opened
2024-05-06 14:43:43.796036   'Login' form not opened
2024-05-06 14:43:43.796241   Check that new 'Login' form is opened
2024-05-06 14:43:46.906039   => New 'Login' form not opened
2024-05-06 14:43:46.908866   'Login' page not opened
2024-05-06 14:43:50.001943   'Login' form on trading platform not opened
2024-05-06 14:43:50.002133   Start step Check that [Sign up] form is opened
2024-05-06 14:43:53.090131   'Sign up' form not opened
2024-05-06 14:43:53.090320   Start step Check that new [Sign up] form is opened
2024-05-06 14:43:56.205029   => new 'Sign up' form not opened
2024-05-06 14:43:56.205210   Start method Check that [Sign up] page opened =>
2024-05-06 14:43:57.208413   'Sign up' page not opened
2024-05-06 14:43:57.208616   Check that [Sign up] form on trading platform opened =>
2024-05-06 14:43:57.224782   => 'Sign up' form on trading platform page opened
2024-05-06 14:43:57.224814   Assert SIGNUP_HEADER =>
2024-05-06 14:43:57.238066   => SIGNUP_HEADER is OK
2024-05-06 14:43:57.238100   Assert SIGNUP_PRIVACY_POLICY_ALL_1 =>
2024-05-06 14:43:57.251778   => SIGNUP_PRIVACY_POLICY_ALL_1 is OK
2024-05-06 14:43:57.251801   Assert SIGNUP_REF_LOGIN =>
2024-05-06 14:43:57.291255   => SIGNUP_REF_LOGIN is OK
2024-05-06 14:43:57.291297   => 'Signup' form on trading platform page is checked

Bug: Bid:01.03.01_003-hu.ae.NoAuth

2024-05-06 14:43:57.291361   Проверка бага в таблице ретеста  =>

2024-05-06 14:43:57.672746   4. Fixing one row check results into Google Sheet Bugs Report =>
1 cells updated.
2024-05-06 14:43:58.035071   => 4. One row check results into Google Sheet Bugs Report fixed

2024-05-06 14:43:59.050757   4. Fixing one row check results into Google Sheet Bugs Report =>
1 cells updated.
2024-05-06 14:43:59.412718   => 4. One row check results into Google Sheet Bugs Report fixed

2024-05-06 14:43:59.412953   4. Fixing one row check results into Google Sheet Bugs Report =>
1 cells updated.
2024-05-06 14:43:59.648209   => 4. One row check results into Google Sheet Bugs Report fixed

2024-05-06 14:43:59.648299   Баг Bid:01.03.01_003-hu.ae.NoAuth уже существует, но у него изменился тип с  на 07

2024-05-06 14:43:59.648495   4. Fixing one row check results into Google Sheet Bugs Report =>
1 cells updated.
2024-05-06 14:43:59.883351   => 4. One row check results into Google Sheet Bugs Report fixed

2024-05-06 14:43:59.885115   Баг Bid:01.03.01_003-hu.ae.NoAuth-07 обнаружен ранее и уже находится в 'Bugs Report Auto detect'
