{'width': 1280, 'height': 800}

2024-05-06 14:29:39.664601   worker_id = master

2024-05-06 14:29:39.664615   0. Allure grouping v4

2024-05-06 14:29:39.664791   START PRECONDITIONS =>

2024-05-06 14:29:39.664806   => URL after prev. preconditions - https://capital.com/hu
2024-05-06 14:29:39.664815   => flag_of_bug - False
2024-05-06 14:29:39.664826   => Current URL - https://capital.com/hu/coinbase-global-inc-class-a-common-stock-reszvenyar
2024-05-06 14:29:39.669774   Current page URL = https://capital.com/hu/coinbase-global-inc-class-a-common-stock-reszvenyar
2024-05-06 14:29:39.672173   self.link = https://capital.com/hu
2024-05-06 14:29:39.672187   driver.get(https://capital.com/hu) =>
2024-05-06 14:29:41.332464   => Loaded page https://capital.com/hu

2024-05-06 14:29:41.336913   => Windows size - {'width': 1280, 'height': 800}
2024-05-06 14:29:41.338205   Set windows position at (0, 0) =>
2024-05-06 14:29:41.339796   Set resolution 1280 * 800 =>
2024-05-06 14:29:41.343330   => Windows size is set to {'width': 1280, 'height': 800}

2024-05-06 14:29:42.379664   Капчи нет. Идем дальше

2024-05-06 14:29:42.379752   Работа с куками =>

2024-05-06 14:29:42.379766   => не требуется

2024-05-06 14:29:42.379776   Prev. country - 'ae'
2024-05-06 14:29:42.379785   Cur. country - 'ae'
2024-05-06 14:29:42.379794   => Country set to 'ae'

2024-05-06 14:29:42.379803   Prev. language - 'hu'
2024-05-06 14:29:42.379812   Cur. language - 'hu'
2024-05-06 14:29:42.379821   => Language is set to 'hu'

2024-05-06 14:29:42.379829   Prev. role - 'NoReg'
2024-05-06 14:29:42.379838   Cur. role - 'NoReg'
2024-05-06 14:29:42.379846   => The 'NoReg' role is set

2024-05-06 14:29:42.382615   => Current URL - https://capital.com/hu

2024-05-06 14:29:42.382637   => THE END PRECONDITIONS

2024-05-06 14:29:42.382817   1. Arrange_v0
2024-05-06 14:29:42.382834   current_page = https://capital.com/hu
2024-05-06 14:29:42.385302   link = https://capital.com/hu/coinbase-global-inc-class-a-common-stock-reszvenyar
2024-05-06 14:29:42.387795   Current page URL = https://capital.com/hu
2024-05-06 14:29:42.390250   self.link = https://capital.com/hu/coinbase-global-inc-class-a-common-stock-reszvenyar
2024-05-06 14:29:42.390263   driver.get(https://capital.com/hu/coinbase-global-inc-class-a-common-stock-reszvenyar) =>
2024-05-06 14:29:44.102088   => Loaded page https://capital.com/hu/coinbase-global-inc-class-a-common-stock-reszvenyar
2024-05-06 14:29:44.116739   Is button BUTTON_VIEW_DETAILED_CHART present on the page? =>
2024-05-06 14:29:44.116770   => BUTTON_VIEW_DETAILED_CHART is present on the page
2024-05-06 14:29:44.116780   BUTTON_VIEW_DETAILED_CHART scroll =>
2024-05-06 14:29:44.119986   => BUTTON_VIEW_DETAILED_CHART scrolled
2024-05-06 14:29:44.120180   Start Checking that form [Sign up] popped up on the page =>
2024-05-06 14:29:45.667246   '[Sign up]' form was not popped up

2024-05-06 14:29:45.667422   2. Act_v0
2024-05-06 14:29:45.667438   Start Click button [View Detailed Chart] =>
2024-05-06 14:29:45.684862   BUTTON_VIEW_DETAILED_CHART is clickable =>
2024-05-06 14:29:45.720796 => BUTTON_VIEW_DETAILED_CHART clicked

2024-05-06 14:29:45.721012   3. Assert_v0
2024-05-06 14:29:45.721102   Start step Check that [Sign up] form is opened
2024-05-06 14:29:45.976424   'Sign up' form opened
2024-05-06 14:29:45.976470   Assert SIGNUP_HEADER =>
2024-05-06 14:29:45.986663   Assert SIGNUP_REF_LOGIN =>
2024-05-06 14:29:45.997827   Assert SIGNUP_PRIVACY_POLICY_ALL_2 =>
2024-05-06 14:29:46.007390   => SIGNUP_PRIVACY_POLICY_ALL
2024-05-06 14:29:46.007424   => 'Signup' form is checked
2024-05-06 14:29:46.007637   Start step Close [Sign up] form =>
2024-05-06 14:29:46.071772   => 'Signup' form closed
2024-05-06 14:29:46.358585   => Focus moved to 'capital*com' logo
