


Current language - es



Current country - de
{'width': 1920, 'height': 1080}

2024-12-06 05:34:32.259328   worker_id = master

2024-12-06 05:34:32.259348   0. Allure grouping for US_55


2024-12-06 05:34:33.122773   START PRECONDITIONS =>

2024-12-06 05:34:33.122821   => URL after prev. preconditions - https://capital.com/en-gb
2024-12-06 05:34:33.122839   => flag_of_bug - True
2024-12-06 05:34:33.122862   => Current URL - https://capital.com/es-de
2024-12-06 05:34:33.152354   Current page URL = https://capital.com/es-de
2024-12-06 05:34:33.155222   self.link = https://capital.com/en-gb
2024-12-06 05:34:33.155239   driver.get(https://capital.com/en-gb) =>
2024-12-06 05:34:35.855519   => Loaded page https://capital.com/en-gb

2024-12-06 05:34:35.861560   => Windows size: {'width': 1920, 'height': 1080}

2024-12-06 05:34:35.863094   Set windows position at (0, 0) =>

2024-12-06 05:34:35.864860   Set resolution 1920 * 1080 =>

2024-12-06 05:34:35.866595   => Resolution set {'width': 1920, 'height': 1080}

2024-12-06 05:34:35.867918   Работа с куками =>
2024-12-06 05:34:35.867932   Prev. role - 'NoAuth'
2024-12-06 05:34:35.867941   Current testing role - 'NoReg'

2024-12-06 05:34:35.867950   All cookies must be delete =>
2024-12-06 05:34:35.926457   => All cookies are deleted
2024-12-06 05:34:35.926496   Current page URL = https://capital.com/en-gb
2024-12-06 05:34:35.929199   self.link = https://capital.com/en-gb
2024-12-06 05:34:35.929213   driver.get(https://capital.com/en-gb) =>
2024-12-06 05:34:38.205260   => Loaded page https://capital.com/en-gb

2024-12-06 05:34:38.331745   Step 'Click button [Accept all cookies]'
2024-12-06 05:34:38.331757   Is Visible Button [Accept all cookies]? =>
2024-12-06 05:34:39.448733   => Button [Accept all cookies] is visible
2024-12-06 05:34:39.948880   Is clickable Button [Accept all cookies] =>
2024-12-06 05:34:39.964318   => Button [Accept all cookies] is clickable
2024-12-06 05:34:39.964350   Click Button [Accept all cookies] =>
2024-12-06 05:34:40.205521   => Button [Accept all cookies] is clicked
2024-12-06 05:34:40.205570   => Accepted All Cookies

2024-12-06 05:34:40.705707   Prev. role - 'NoAuth'
2024-12-06 05:34:40.705773   Cur. role - 'NoReg'

2024-12-06 05:34:40.705788   => The 'NoReg' role is set

2024-12-06 05:34:40.705800   Prev. language: ?
2024-12-06 05:34:40.705811   Cur. language - 'es'

2024-12-06 05:34:40.705822   Prev. country: ?
2024-12-06 05:34:40.705833   Cur. country: de

2024-12-06 05:34:40.706064   Set "es" language and "de" country =>
2024-12-06 05:34:40.706087   Current page URL = https://capital.com/en-gb
2024-12-06 05:34:40.710908   self.link = https://capital.com/es-de
2024-12-06 05:34:40.710922   driver.get(https://capital.com/es-de) =>
2024-12-06 05:34:43.487652   => Loaded page https://capital.com/es-de
2024-12-06 05:34:43.493385   => Language is set to 'es'
2024-12-06 05:34:43.493401   => Country is set to 'de'
2024-12-06 05:34:43.493411   => Current URL - https://capital.com/es-de

2024-12-06 05:34:43.498567   => Current URL - https://capital.com/es-de

2024-12-06 05:34:43.498589   => END PRECONDITIONS

2024-12-06 05:34:43.498856   1. Arrange
2024-12-06 05:34:43.498874   IS [Sign up] button present on this page? =>
2024-12-06 05:34:43.504039   => [Sign up] button present on this page!

2024-12-06 05:34:43.512289   IS [Sign up] button visible on this page? =>
2024-12-06 05:34:43.521381   => [Sign up] button is visible on this page!


2024-12-06 05:34:43.521580   2. Act_v0
2024-12-06 05:34:43.521598   IS [Sign up] clickable on the page? =>
2024-12-06 05:34:43.535999   => [Sign up] is clickable on the page!


2024-12-06 05:34:43.536032   Start Click button [Sign up] =>
2024-12-06 05:34:43.594090   => End Click button [Sign up] 
2024-12-06 05:34:43.594327   Start step Check that [Sign up] form is opened
2024-12-06 05:34:43.793429   'Sign up' form opened
2024-12-06 05:34:43.793472   Assert SIGNUP_HEADER =>
2024-12-06 05:34:43.809733   Assert SIGNUP_REF_LOGIN =>
2024-12-06 05:34:43.820279   Assert SIGNUP_PRIVACY_POLICY_ALL_2 =>
2024-12-06 05:34:43.831910   => SIGNUP_PRIVACY_POLICY_ALL
2024-12-06 05:34:43.831949   => 'Signup' form is checked
2024-12-06 05:34:43.832023   => 'Sign up' form is opened

2024-12-06 05:34:43.832197   3. Assert
2024-12-06 05:34:43.832216   Is 'Please enter a valid Email' message displayed on this page after putting invalid email? =>
2024-12-06 05:34:43.832226   => Start fill out 'Email address' field.
2024-12-06 05:34:43.930621   => 'Email address' is inputted

2024-12-06 05:34:44.041727   => Switch to 'Password' field

get_attribute:  display: block;
2024-12-06 05:34:44.055424   => 'Please enter a valid Email' message is displayed

2024-12-06 05:34:44.055453   Save current screenshot into PNG file
2024-12-06 05:34:44.259070   Is [Continue] button active after putting invalid email? =>
2024-12-06 05:34:44.259102   => Start fill out 'Password' field.
2024-12-06 05:34:44.336103   => 'Password' is inputted

continue_button:  btn btn--md btn--wide s2_btn disabled hasPointer
2024-12-06 05:34:44.354402   => '[Continue] button is not active after putting invalid email

2024-12-06 05:34:44.354432   Save current screenshot into PNG file
