{'width': 1280, 'height': 720}

2024-02-06 05:29:51.069387   worker_id = master

2024-02-06 05:29:51.069405   0. Allure grouping v4


2024-02-06 05:29:51.069628   START PRECONDITIONS =>


2024-02-06 05:29:51.069648   {'width': 1280, 'height': 720}

2024-02-06 05:29:51.072366   Set windows position at (0, 0) =>

2024-02-06 05:29:51.174780   Set resolution 1280 * 720 =>

2024-02-06 05:29:51.277285   => Resolution seted {'width': 1280, 'height': 720}

2024-02-06 05:29:52.290279   Капчи нет. Идем дальше

2024-02-06 05:29:52.290371   Prev. Role: Auth

2024-02-06 05:29:52.290383   Current role: Auth

2024-02-06 05:29:53.333517   Капчи нет. Идем дальше

2024-02-06 05:29:53.333630   Prev language: de

2024-02-06 05:29:53.333643   => Current language: de

2024-02-06 05:29:54.374494   Капчи нет. Идем дальше

2024-02-06 05:29:54.374597   Prev country: de
2024-02-06 05:29:54.374611   => Current country: de

2024-02-06 05:29:54.374619   => THE END PRECONDITIONS

2024-02-06 05:29:54.374775   START Open "Education" menu, "CFD trading guide" submenu =>

2024-02-06 05:29:54.374789   1. Cur URL = https://capital.com/de/was-ist-cfd-handel

2024-02-06 05:29:54.377725   2. Link = https://capital.com/de
2024-02-06 05:29:54.380381   Current page URL = https://capital.com/de/was-ist-cfd-handel
2024-02-06 05:29:55.149630   => Loaded page https://capital.com/de
2024-02-06 05:29:55.662130   => Education menu is present
2024-02-06 05:29:55.681135   element = <selenium.webdriver.remote.webelement.WebElement (session="4012cc357961b343db288f12c6ba8791", element="73CE0B78CFD5C27279E9E63DC1B2B86D_element_856")>
2024-02-06 05:29:55.681181   => Education menu is visible
2024-02-06 05:29:56.955226   => Focus moved to Education menu

2024-02-06 05:29:58.969301   3. Cur URL = https://capital.com/de/was-ist-cfd-handel
2024-02-06 05:29:58.986107
2024-02-06 05:29:58.986144   CFD Trading guide include 4 child items for random select
2024-02-06 05:29:58.991948   k = 3 - https://capital.com/de/cfd-handel-einfach-erklaert
2024-02-06 05:29:58.994964   k = 3 - https://capital.com/de/cfd-handel-einfach-erklaert
2024-02-06 05:29:58.997939   k = 1 - https://capital.com/de/wie-cfd-handel-funktioniert
2024-02-06 05:29:59.000822   k = 3 - https://capital.com/de/cfd-handel-einfach-erklaert
2024-02-06 05:29:59.005419   k = 3 - https://capital.com/de/cfd-handel-einfach-erklaert
2024-02-06 05:29:59.009124   k = 3 - https://capital.com/de/cfd-handel-einfach-erklaert
2024-02-06 05:29:59.012069   k = 3 - https://capital.com/de/cfd-handel-einfach-erklaert
2024-02-06 05:29:59.014947   k = 1 - https://capital.com/de/wie-cfd-handel-funktioniert
2024-02-06 05:29:59.017838   k = 1 - https://capital.com/de/wie-cfd-handel-funktioniert
2024-02-06 05:29:59.022201   k = 1 - https://capital.com/de/wie-cfd-handel-funktioniert
2024-02-06 05:29:59.025320   k = 3 - https://capital.com/de/cfd-handel-einfach-erklaert
2024-02-06 05:29:59.028249   k = 3 - https://capital.com/de/cfd-handel-einfach-erklaert
2024-02-06 05:29:59.031246   k = 3 - https://capital.com/de/cfd-handel-einfach-erklaert
2024-02-06 05:29:59.034183   k = 1 - https://capital.com/de/wie-cfd-handel-funktioniert
2024-02-06 05:29:59.038594   k = 1 - https://capital.com/de/wie-cfd-handel-funktioniert
2024-02-06 05:29:59.041517   k = 2 - https://capital.com/de/cfd-maerkte
2024-02-06 05:29:59.041647   The file of hrefs contains the following URLs:
2024-02-06 05:29:59.041664   https://capital.com/de/cfd-handel-einfach-erklaert
2024-02-06 05:29:59.041673   https://capital.com/de/wie-cfd-handel-funktioniert
2024-02-06 05:29:59.041681   https://capital.com/de/cfd-maerkte
2024-02-06 05:29:59.041716   Test data include 3 item(s)
2024-02-06 05:29:59.041728   The test coverage = 75.0 %
