{'width': 1280, 'height': 800}

2024-05-02 13:43:35.635936   worker_id = master

2024-05-02 13:43:35.635950   0. Allure grouping v4

2024-05-02 13:43:35.636132   START PRECONDITIONS =>

2024-05-02 13:43:35.636148   => URL after prev. preconditions - https://capital.com/es
2024-05-02 13:43:35.636157   => flag_of_bug - True
2024-05-02 13:43:35.636168   => Current URL - https://capital.com/es/operar-gbp-cad
2024-05-02 13:43:35.641336   Current page URL = https://capital.com/es/operar-gbp-cad
2024-05-02 13:43:35.643775   self.link = https://capital.com/es
2024-05-02 13:43:35.643789   driver.get(https://capital.com/es) =>
2024-05-02 13:43:37.662867   => Loaded page https://capital.com/es

2024-05-02 13:43:37.667258   => Windows size - {'width': 1280, 'height': 800}
2024-05-02 13:43:37.668617   Set windows position at (0, 0) =>
2024-05-02 13:43:37.670278   Set resolution 1280 * 800 =>
2024-05-02 13:43:37.671890   => Windows size is set to {'width': 1280, 'height': 800}

2024-05-02 13:43:38.713690   Капчи нет. Идем дальше

2024-05-02 13:43:38.713784   Работа с куками =>

2024-05-02 13:43:38.713798   => не требуется

2024-05-02 13:43:38.713807   Prev. country - 'au'
2024-05-02 13:43:38.713816   Cur. country - 'au'
2024-05-02 13:43:38.713825   => Country set to 'au'

2024-05-02 13:43:38.713834   Prev. language - 'es'
2024-05-02 13:43:38.713843   Cur. language - 'es'
2024-05-02 13:43:38.713852   => Language is set to 'es'

2024-05-02 13:43:38.713860   Prev. role - 'NoAuth'
2024-05-02 13:43:38.713869   Cur. role - 'NoAuth'
2024-05-02 13:43:38.713878   => The 'NoAuth' role is set

2024-05-02 13:43:38.716584   => Current URL - https://capital.com/es

2024-05-02 13:43:38.716606   => THE END PRECONDITIONS

2024-05-02 13:43:38.716649   1. Arrange_v0
2024-05-02 13:43:38.716663   current_page = https://capital.com/es
2024-05-02 13:43:38.719164   link = https://capital.com/es/operar-gbp-cad
2024-05-02 13:43:38.722162   Current page URL = https://capital.com/es
2024-05-02 13:43:38.726470   self.link = https://capital.com/es/operar-gbp-cad
2024-05-02 13:43:38.726485   driver.get(https://capital.com/es/operar-gbp-cad) =>
2024-05-02 13:43:41.027114   => Loaded page https://capital.com/es/operar-gbp-cad
2024-05-02 13:43:41.031513   BUTTON_BUY_IN_CONTENT_BLOCK is located on the page? =>
2024-05-02 13:43:51.751158   => BUTTON_BUY_IN_CONTENT_BLOCK is not located on the page!
