{'width': 1280, 'height': 800}

2024-05-02 12:38:38.584381   worker_id = master

2024-05-02 12:38:38.584405   0. Allure grouping v4

2024-05-02 12:38:38.584757   START PRECONDITIONS =>

2024-05-02 12:38:38.584779   => URL after prev. preconditions - https://capital.com/es
2024-05-02 12:38:38.584795   => flag_of_bug - False
2024-05-02 12:38:38.584812   => Current URL - https://capital.com/es/soybean-spot-materia-prima
2024-05-02 12:38:38.592068   Current page URL = https://capital.com/es/soybean-spot-materia-prima
2024-05-02 12:38:38.594357   self.link = https://capital.com/es
2024-05-02 12:38:38.594371   driver.get(https://capital.com/es) =>
2024-05-02 12:38:41.940780   => Loaded page https://capital.com/es

2024-05-02 12:38:41.945925   => Windows size - {'width': 1280, 'height': 800}
2024-05-02 12:38:41.950936   Set windows position at (0, 0) =>
2024-05-02 12:38:41.953171   Set resolution 1280 * 800 =>
2024-05-02 12:38:41.955795   => Windows size is set to {'width': 1280, 'height': 800}

2024-05-02 12:38:42.960092   Капчи нет. Идем дальше

2024-05-02 12:38:42.960185   Работа с куками =>

2024-05-02 12:38:42.960200   => не требуется

2024-05-02 12:38:42.960210   Prev. country - 'au'
2024-05-02 12:38:42.960219   Cur. country - 'au'
2024-05-02 12:38:42.960228   => Country set to 'au'

2024-05-02 12:38:42.960237   Prev. language - 'es'
2024-05-02 12:38:42.960246   Cur. language - 'es'
2024-05-02 12:38:42.960255   => Language is set to 'es'

2024-05-02 12:38:42.960264   Prev. role - 'Auth'
2024-05-02 12:38:42.960272   Cur. role - 'Auth'
2024-05-02 12:38:42.960281   => The 'Auth' role is set

2024-05-02 12:38:42.970604   => Current URL - https://capital.com/es

2024-05-02 12:38:42.970638   => THE END PRECONDITIONS

2024-05-02 12:38:42.970840   1. Arrange_v2
2024-05-02 12:38:42.970858   current_page = https://capital.com/es
2024-05-02 12:38:42.973472   link = https://capital.com/es/soybean-spot-materia-prima
2024-05-02 12:38:42.975985   Current page URL = https://capital.com/es
2024-05-02 12:38:42.978482   self.link = https://capital.com/es/soybean-spot-materia-prima
2024-05-02 12:38:42.978496   driver.get(https://capital.com/es/soybean-spot-materia-prima) =>
2024-05-02 12:38:44.880804   => Loaded page https://capital.com/es/soybean-spot-materia-prima
2024-05-02 12:38:44.887112   Is LONG_POSITION_OVERNIGHT_FEE present on the page? =>
2024-05-02 12:38:44.896039   => LONG_POSITION_OVERNIGHT_FEE is present on the page
2024-05-02 12:38:44.896083   LONG_POSITION_OVERNIGHT_FEE scroll =>
2024-05-02 12:38:44.904342   => LONG_POSITION_OVERNIGHT_FEE scrolled

2024-05-02 12:38:44.904509   2. Act_v2
2024-05-02 12:38:44.904525   LONG_POSITION_OVERNIGHT_FEE open =>
2024-05-02 12:38:45.715958   Is LONG_POSITION_OVERNIGHT_FEE open?  =>
2024-05-02 12:38:45.732763   => LONG_POSITION_OVERNIGHT_FEE opened
2024-05-02 12:38:45.732815   Move focus to button [Go to platform] and click on=>
2024-05-02 12:38:46.517221   => BUTTON_GO_TO_PLATFORM is clickable
2024-05-02 12:38:47.228528 => BUTTON_GO_TO_PLATFORM clicked

2024-05-02 12:38:47.228993   3. Assert_v4

2024-05-02 12:38:47.229407   
2024-05-02 12:38:47.229829   Checking that the trading platform page has opened (v4) =>
2024-05-02 12:38:47.240301   Checking way # 1 => 

2024-05-02 12:38:47.240458   1. Checking that the Trading platform (or TradingView site) page has valid title =>
2024-05-02 12:38:47.243951   => The title of current page is 'Trading Platform | Capital.com'

2024-05-02 12:38:47.244048   2. Checking that the LOGO is present on the page =>
2024-05-02 12:38:48.332839   => 'capital*com' logo is present on the current page

2024-05-02 12:38:48.332888   tpd = False
2024-05-02 12:38:49.240952   => Driver.backed
