{'width': 1280, 'height': 800}

2024-05-02 13:56:27.364660   worker_id = master

2024-05-02 13:56:27.364678   0. Allure grouping v4

2024-05-02 13:56:27.364933   START PRECONDITIONS =>

2024-05-02 13:56:27.364959   => URL after prev. preconditions - https://capital.com/es
2024-05-02 13:56:27.364976   => flag_of_bug - True
2024-05-02 13:56:27.364995   => Current URL - https://capital.com/es/trade-bitcoin
2024-05-02 13:56:27.370394   Current page URL = https://capital.com/es/trade-bitcoin
2024-05-02 13:56:27.372851   self.link = https://capital.com/es
2024-05-02 13:56:27.372864   driver.get(https://capital.com/es) =>
2024-05-02 13:56:29.345040   => Loaded page https://capital.com/es

2024-05-02 13:56:29.349131   => Windows size - {'width': 1280, 'height': 800}
2024-05-02 13:56:29.350553   Set windows position at (0, 0) =>
2024-05-02 13:56:29.352137   Set resolution 1280 * 800 =>
2024-05-02 13:56:29.353670   => Windows size is set to {'width': 1280, 'height': 800}

2024-05-02 13:56:30.395921   Капчи нет. Идем дальше

2024-05-02 13:56:30.396008   Работа с куками =>

2024-05-02 13:56:30.396022   => не требуется

2024-05-02 13:56:30.396032   Prev. country - 'au'
2024-05-02 13:56:30.396041   Cur. country - 'au'
2024-05-02 13:56:30.396050   => Country set to 'au'

2024-05-02 13:56:30.396059   Prev. language - 'es'
2024-05-02 13:56:30.396068   Cur. language - 'es'
2024-05-02 13:56:30.396076   => Language is set to 'es'

2024-05-02 13:56:30.396085   Prev. role - 'NoAuth'
2024-05-02 13:56:30.396094   Cur. role - 'NoAuth'
2024-05-02 13:56:30.396103   => The 'NoAuth' role is set

2024-05-02 13:56:30.398827   => Current URL - https://capital.com/es

2024-05-02 13:56:30.398849   => THE END PRECONDITIONS

2024-05-02 13:56:30.398892   1. Arrange_v0
2024-05-02 13:56:30.398906   current_page = https://capital.com/es
2024-05-02 13:56:30.401273   link = https://capital.com/es/trade-bitcoin
2024-05-02 13:56:30.403672   Current page URL = https://capital.com/es
2024-05-02 13:56:30.406013   self.link = https://capital.com/es/trade-bitcoin
2024-05-02 13:56:30.406028   driver.get(https://capital.com/es/trade-bitcoin) =>
2024-05-02 13:56:32.259574   => Loaded page https://capital.com/es/trade-bitcoin

2024-05-02 13:56:32.274744   2. Act_v0
2024-05-02 13:56:32.274767   BUTTON_GET_STARTED_ON_STICKY_BAR is present? =>
2024-05-02 13:56:32.281396   => BUTTON_GET_STARTED_ON_STICKY_BAR is present on the page!
2024-05-02 13:56:32.281419   BUTTON_GET_STARTED_ON_STICKY_BAR scroll =>
2024-05-02 13:56:32.343440   => BUTTON_GET_STARTED_ON_STICKY_BAR clicked!

2024-05-02 13:56:32.343669   3. Assert_Login_v0
2024-05-02 13:56:32.343754   Check that 'Login' form is opened
2024-05-02 13:56:38.538511   'Login' form not opened
2024-05-02 13:56:38.538695   Check that new 'Login' form is opened
2024-05-02 13:56:41.653348   => New 'Login' form not opened
2024-05-02 13:56:41.656094   'Login' page not opened
2024-05-02 13:56:44.754088   'Login' form on trading platform not opened
2024-05-02 13:56:44.754285   Start step Check that [Sign up] form is opened
2024-05-02 13:56:44.770009   'Sign up' form opened
2024-05-02 13:56:44.770033   Assert SIGNUP_HEADER =>
2024-05-02 13:56:44.785307   Assert SIGNUP_REF_LOGIN =>
2024-05-02 13:56:44.799956   Assert SIGNUP_PRIVACY_POLICY_ALL_2 =>
2024-05-02 13:56:44.814954   => SIGNUP_PRIVACY_POLICY_ALL
2024-05-02 13:56:44.814978   => 'Signup' form is checked

Bug: Bid:11.02.05.01_06-es.au.NoAuth

2024-05-02 13:56:44.815032   Проверка бага в таблице ретеста  =>

2024-05-02 13:56:45.195260   4. Fixing one row check results into Google Sheet Bugs Report =>
1 cells updated.
2024-05-02 13:56:45.443794   => 4. One row check results into Google Sheet Bugs Report fixed

2024-05-02 13:56:47.354214   4. Fixing one row check results into Google Sheet Bugs Report =>
1 cells updated.
2024-05-02 13:56:47.606170   => 4. One row check results into Google Sheet Bugs Report fixed

2024-05-02 13:56:47.611936   Баг Bid:11.02.05.01_06-es.au.NoAuth-05 обнаружен ранее и уже находится в 'Bugs Report Auto detect'
