{'width': 1920, 'height': 1080}

2024-12-06 08:38:44.575713   worker_id = master

2024-12-06 08:38:44.575743   0. Allure grouping for US_55


2024-12-06 08:38:44.576157   START PRECONDITIONS =>

2024-12-06 08:38:44.576183   => URL after prev. preconditions - https://capital.com/en-gb
2024-12-06 08:38:44.576200   => flag_of_bug - True
2024-12-06 08:38:44.576221   => Current URL - https://capital.com/en-gb/why-capital
2024-12-06 08:38:44.595329   Current page URL = https://capital.com/en-gb/why-capital
2024-12-06 08:38:44.599131   self.link = https://capital.com/en-gb
2024-12-06 08:38:44.599152   driver.get(https://capital.com/en-gb) =>
2024-12-06 08:38:46.881921   => Loaded page https://capital.com/en-gb

2024-12-06 08:38:46.886343   => Windows size: {'width': 1920, 'height': 1080}

2024-12-06 08:38:46.887769   Set windows position at (0, 0) =>

2024-12-06 08:38:46.889491   Set resolution 1920 * 1080 =>

2024-12-06 08:38:46.891192   => Resolution set {'width': 1920, 'height': 1080}

2024-12-06 08:38:46.892488   Работа с куками =>

2024-12-06 08:38:46.892503   => не требуется

2024-12-06 08:38:46.892513   Prev. role - 'NoReg'
2024-12-06 08:38:46.892522   Cur. role - 'NoReg'

2024-12-06 08:38:46.892532   => The 'NoReg' role is set

2024-12-06 08:38:46.892541   Prev. language: ?
2024-12-06 08:38:46.892550   Cur. language - 'en'

2024-12-06 08:38:46.892559   Prev. country: ?
2024-12-06 08:38:46.892567   Cur. country: au

2024-12-06 08:38:46.892721   Set "en" language and "au" country =>
2024-12-06 08:38:46.892741   Current page URL = https://capital.com/en-gb
2024-12-06 08:38:46.895280   self.link = https://capital.com/en-au
2024-12-06 08:38:46.895293   driver.get(https://capital.com/en-au) =>
2024-12-06 08:38:49.265032   => Loaded page https://capital.com/en-au
2024-12-06 08:38:49.269876   => Language is set to 'en'
2024-12-06 08:38:49.269896   => Country is set to 'au'
2024-12-06 08:38:49.269906   => Current URL - https://capital.com/en-au

2024-12-06 08:38:49.275814   => Current URL - https://capital.com/en-au

2024-12-06 08:38:49.275840   => END PRECONDITIONS

2024-12-06 08:38:49.276047   START Open "Learn" menu, "Risk-management guide" submenu =>

2024-12-06 08:38:49.276064   1. Cur URL = https://capital.com/en-au

2024-12-06 08:38:49.278710   2. Link = https://capital.com/en-au
2024-12-06 08:38:49.278727   current_page = https://capital.com/en-au
2024-12-06 08:38:49.281310   link = https://capital.com/en-au
2024-12-06 08:38:49.793390   => 'Learn' menu is present
2024-12-06 08:38:49.810856   => 'Learn' menu is visible
2024-12-06 08:38:51.510371   => Focus moved to 'Learn' menu
2024-12-06 08:38:51.537456   => 'Risk-management guide' submenu is visible
2024-12-06 08:38:52.330269   => 'Risk-management guide' sub-menu clicked
2024-12-06 08:38:57.616146   => Focus moved to 'capital*com' logo
2024-12-06 08:38:57.616195   3. Cur URL = https://capital.com/en-au/learn/risk-management

2024-12-06 08:38:57.621811   Click link "broker" =>
2024-12-06 08:38:57.967045   => Done, the corresponding page is opened
2024-12-06 08:38:57.967093   Current URL: https://capital.com/en-gb/why-capital
