{'width': 1280, 'height': 800}

2024-04-26 21:05:44.991548   worker_id = master

2024-04-26 21:05:44.991563   0. Allure grouping v4

2024-04-26 21:05:44.991766   START PRECONDITIONS =>

2024-04-26 21:05:44.991782   => URL after prev. preconditions - https://capital.com/
2024-04-26 21:05:44.991792   => flag_of_bug - False
2024-04-26 21:05:44.991803   => Current URL - https://capital.com/trade-stellar
2024-04-26 21:05:45.015262   Current page URL = https://capital.com/trade-stellar
2024-04-26 21:05:45.021088   self.link = https://capital.com/
2024-04-26 21:05:45.021103   driver.get(https://capital.com/) =>
2024-04-26 21:05:46.841477   => Loaded page https://capital.com/

2024-04-26 21:05:46.845932   => Windows size - {'width': 1280, 'height': 800}
2024-04-26 21:05:46.847270   Set windows position at (0, 0) =>
2024-04-26 21:05:46.848947   Set resolution 1280 * 800 =>
2024-04-26 21:05:46.852409   => Windows size is set to {'width': 1280, 'height': 800}

2024-04-26 21:05:47.884618   Капчи нет. Идем дальше

2024-04-26 21:05:47.884701   Работа с куками =>

2024-04-26 21:05:47.884715   => не требуется

2024-04-26 21:05:47.884725   Prev. country - 'ae'
2024-04-26 21:05:47.884735   Cur. country - 'ae'
2024-04-26 21:05:47.884744   => Country set to 'ae'

2024-04-26 21:05:47.884753   Prev. language - 'en'
2024-04-26 21:05:47.884762   Cur. language - 'en'
2024-04-26 21:05:47.884771   => Language is set to 'en'

2024-04-26 21:05:47.884780   Prev. role - 'Auth'
2024-04-26 21:05:47.884788   Cur. role - 'Auth'
2024-04-26 21:05:47.884797   => The 'Auth' role is set

2024-04-26 21:05:47.887426   => Current URL - https://capital.com/

2024-04-26 21:05:47.887447   => THE END PRECONDITIONS

2024-04-26 21:05:47.887629   1. Arrange_v0
2024-04-26 21:05:47.887647   current_page = https://capital.com/
2024-04-26 21:05:47.890131   link = https://capital.com/trade-stellar
2024-04-26 21:05:47.892623   Current page URL = https://capital.com/
2024-04-26 21:05:47.894989   self.link = https://capital.com/trade-stellar
2024-04-26 21:05:47.895003   driver.get(https://capital.com/trade-stellar) =>
2024-04-26 21:05:49.776916   => Loaded page https://capital.com/trade-stellar
2024-04-26 21:05:49.797892   => BUTTON_TRY_DEMO is present on this page
2024-04-26 21:05:49.797939   BUTTON_TRY_DEMO scroll =>
2024-04-26 21:05:49.805874   BUTTON_TRY_DEMO is visible? =>
2024-04-26 21:05:49.832110   => BUTTON_TRY_DEMO is visible on this page

2024-04-26 21:05:49.832275   2. Act_v0
2024-04-26 21:05:49.842132   BUTTON_TRY_DEMO is clickable? =>
2024-04-26 21:05:49.865718   => BUTTON_TRY_DEMO clicked!

2024-04-26 21:05:49.865993   3. Assert_v4

2024-04-26 21:05:49.866012   
2024-04-26 21:05:49.866114   Checking that the trading platform page has opened (v4) =>
2024-04-26 21:05:50.904390   Checking way # 1 => 

2024-04-26 21:05:50.904565   1. Checking that the Trading platform (or TradingView site) page has valid title =>
2024-04-26 21:05:50.906972   => The title of current page is 'Trading Platform | Capital.com'

2024-04-26 21:05:50.907038   2. Checking that the LOGO is present on the page =>
2024-04-26 21:05:51.804011   => 'capital*com' logo is present on the current page

2024-04-26 21:05:51.804057   tpd = True
2024-04-26 21:05:51.804119   3.1. Checking that the Trading platform opened in DEMO mode =>
2024-04-26 21:05:52.686205   => The page with https://capital.com/trading/platform/?mode=demo url was opened in DEMO mode
2024-04-26 21:05:53.674532   => Driver.backed
