{'width': 1280, 'height': 800}

2024-04-26 21:14:37.002847   worker_id = master

2024-04-26 21:14:37.002860   0. Allure grouping v4

2024-04-26 21:14:37.003043   START PRECONDITIONS =>

2024-04-26 21:14:37.003058   => URL after prev. preconditions - https://capital.com/
2024-04-26 21:14:37.003068   => flag_of_bug - False
2024-04-26 21:14:37.003078   => Current URL - https://capital.com/trade-indices
2024-04-26 21:14:37.008153   Current page URL = https://capital.com/trade-indices
2024-04-26 21:14:37.010598   self.link = https://capital.com/
2024-04-26 21:14:37.010611   driver.get(https://capital.com/) =>
2024-04-26 21:14:38.743230   => Loaded page https://capital.com/

2024-04-26 21:14:38.749298   => Windows size - {'width': 1280, 'height': 800}
2024-04-26 21:14:38.750604   Set windows position at (0, 0) =>
2024-04-26 21:14:38.752164   Set resolution 1280 * 800 =>
2024-04-26 21:14:38.753741   => Windows size is set to {'width': 1280, 'height': 800}

2024-04-26 21:14:39.782661   Капчи нет. Идем дальше

2024-04-26 21:14:39.782751   Работа с куками =>

2024-04-26 21:14:39.782765   => не требуется

2024-04-26 21:14:39.782775   Prev. country - 'ae'
2024-04-26 21:14:39.782784   Cur. country - 'ae'
2024-04-26 21:14:39.782793   => Country set to 'ae'

2024-04-26 21:14:39.782802   Prev. language - 'en'
2024-04-26 21:14:39.782810   Cur. language - 'en'
2024-04-26 21:14:39.782819   => Language is set to 'en'

2024-04-26 21:14:39.782828   Prev. role - 'NoReg'
2024-04-26 21:14:39.782836   Cur. role - 'NoReg'
2024-04-26 21:14:39.782845   => The 'NoReg' role is set

2024-04-26 21:14:39.785512   => Current URL - https://capital.com/

2024-04-26 21:14:39.785534   => THE END PRECONDITIONS

2024-04-26 21:14:39.785712   1. Cur URL = https://capital.com/

2024-04-26 21:14:39.788081   2. Link = https://capital.com/
2024-04-26 21:14:39.788096   current_page = https://capital.com/
2024-04-26 21:14:39.790455   link = https://capital.com/
2024-04-26 21:14:40.299034   => Education menu is present in DOM
2024-04-26 21:14:40.303917   => Education menu is visible
2024-04-26 21:14:41.588734   => Focus moved to Education menu
2024-04-26 21:14:43.847035   => Focus moved to 'capital*com' logo

2024-04-26 21:14:43.847082   3. Cur URL = https://capital.com/trade-indices

2024-04-26 21:14:43.852581   1. Arrange_v0
2024-04-26 21:14:43.852604   current_page = https://capital.com/trade-indices
2024-04-26 21:14:43.855064   link = https://capital.com/trade-indices
2024-04-26 21:14:43.857585   BUTTON_CREATE_YOUR_ACCOUNT is located on the page? =>

2024-04-26 21:14:43.866715   2. Act_v0: Define of locator

2024-04-26 21:14:43.866737   2. Act_v0: Go to web element

2024-04-26 21:14:44.982997   2. Act_v0: Click web element
2024-04-26 21:14:45.008091   => BUTTON_CREATE_YOUR_ACCOUNT is clicked

2024-04-26 21:14:45.008338   3. Assert_v0
2024-04-26 21:14:45.008457   Start step Check that [Sign up] form is opened
2024-04-26 21:14:45.235962   'Sign up' form opened
2024-04-26 21:14:45.236008   Assert SIGNUP_HEADER =>
2024-04-26 21:14:45.246643   Assert SIGNUP_REF_LOGIN =>
2024-04-26 21:14:45.256762   Assert SIGNUP_PRIVACY_POLICY_ALL_2 =>
2024-04-26 21:14:45.266864   => SIGNUP_PRIVACY_POLICY_ALL
2024-04-26 21:14:45.266893   => 'Signup' form is checked
2024-04-26 21:14:45.267091   Start step Close [Sign up] form =>
2024-04-26 21:14:45.344710   => 'Signup' form closed
2024-04-26 21:14:45.630038   => Focus moved to 'capital*com' logo
