{'width': 1280, 'height': 800}

2024-04-26 21:52:57.143235   worker_id = master

2024-04-26 21:52:57.143249   0. Allure grouping v4

2024-04-26 21:52:57.143447   START PRECONDITIONS =>

2024-04-26 21:52:57.143463   => URL after prev. preconditions - https://capital.com/
2024-04-26 21:52:57.143473   => flag_of_bug - False
2024-04-26 21:52:57.143484   => Current URL - https://capital.com/swing-trading
2024-04-26 21:52:57.149035   Current page URL = https://capital.com/swing-trading
2024-04-26 21:52:57.151666   self.link = https://capital.com/
2024-04-26 21:52:57.151685   driver.get(https://capital.com/) =>
2024-04-26 21:52:59.616998   => Loaded page https://capital.com/

2024-04-26 21:52:59.623286   => Windows size - {'width': 1280, 'height': 800}
2024-04-26 21:52:59.624881   Set windows position at (0, 0) =>
2024-04-26 21:52:59.626546   Set resolution 1280 * 800 =>
2024-04-26 21:52:59.628121   => Windows size is set to {'width': 1280, 'height': 800}

2024-04-26 21:53:00.661068   Капчи нет. Идем дальше

2024-04-26 21:53:00.661153   Работа с куками =>

2024-04-26 21:53:00.661168   => не требуется

2024-04-26 21:53:00.661178   Prev. country - 'ae'
2024-04-26 21:53:00.661188   Cur. country - 'ae'
2024-04-26 21:53:00.661197   => Country set to 'ae'

2024-04-26 21:53:00.661207   Prev. language - 'en'
2024-04-26 21:53:00.661216   Cur. language - 'en'
2024-04-26 21:53:00.661224   => Language is set to 'en'

2024-04-26 21:53:00.661233   Prev. role - 'Auth'
2024-04-26 21:53:00.661242   Cur. role - 'Auth'
2024-04-26 21:53:00.661251   => The 'Auth' role is set

2024-04-26 21:53:00.663832   => Current URL - https://capital.com/

2024-04-26 21:53:00.663853   => THE END PRECONDITIONS

2024-04-26 21:53:00.663895   1. Arrange_v0
2024-04-26 21:53:00.663910   current_page = https://capital.com/
2024-04-26 21:53:00.666251   link = https://capital.com/swing-trading
2024-04-26 21:53:00.668540   Current page URL = https://capital.com/
2024-04-26 21:53:00.670947   self.link = https://capital.com/swing-trading
2024-04-26 21:53:00.670961   driver.get(https://capital.com/swing-trading) =>
2024-04-26 21:53:02.495745   => Loaded page https://capital.com/swing-trading
2024-04-26 21:53:02.507478   => BUTTON_TRY_DEMO is present on this page
2024-04-26 21:53:02.507502   BUTTON_TRY_DEMO scroll =>
2024-04-26 21:53:02.511698   BUTTON_TRY_DEMO is visible? =>
2024-04-26 21:53:02.533896   => BUTTON_TRY_DEMO is visible on this page

2024-04-26 21:53:02.534055   2. Act_v0
2024-04-26 21:53:02.539331   BUTTON_TRY_DEMO is clickable? =>
2024-04-26 21:53:02.561174   => BUTTON_TRY_DEMO clicked!

2024-04-26 21:53:02.561515   3. Assert_v4

2024-04-26 21:53:02.561546   
2024-04-26 21:53:02.561657   Checking that the trading platform page has opened (v4) =>
2024-04-26 21:53:03.576174   Checking way # 1 => 

2024-04-26 21:53:03.576376   1. Checking that the Trading platform (or TradingView site) page has valid title =>
2024-04-26 21:53:03.578866   => The title of current page is 'Trading Platform | Capital.com'

2024-04-26 21:53:03.578932   2. Checking that the LOGO is present on the page =>
2024-04-26 21:53:04.101708   => 'capital*com' logo is present on the current page

2024-04-26 21:53:04.101755   tpd = True
2024-04-26 21:53:04.101816   3.1. Checking that the Trading platform opened in DEMO mode =>
2024-04-26 21:53:04.989785   => The page with https://capital.com/trading/platform/?mode=demo url was opened in DEMO mode
2024-04-26 21:53:05.864748   => Driver.backed
