{'width': 1280, 'height': 800}

2024-04-26 21:39:06.326915   worker_id = master

2024-04-26 21:39:06.326929   0. Allure grouping v4

2024-04-26 21:39:06.327112   START PRECONDITIONS =>

2024-04-26 21:39:06.327128   => URL after prev. preconditions - https://capital.com/
2024-04-26 21:39:06.327137   => flag_of_bug - True
2024-04-26 21:39:06.327147   => Current URL - https://capital.com/trading/platform/charting/15839732013552836?side=buy&ids=21680337780298948,1679716659553719492,1496662958757060,22855552501634244,67517667577209881,68501464196097049,12671424833606852,3594075878020292,93810675766468,374675767067974,55001351226694,123763777635654,253454610158788,422839530378436,15839732013552836,12241936693896217,96683858476406084,389605073441988,27045129890124996,14659243072378052,53068615951385,93810675721241,427748677997764,145998823326404,26039789715281092,23381801971780,15871553426248900,357105055839112,426627691533508,7093817094264004,7090561509053636,23381802001433,5983666832495812,27342779713672388,123763777688772,21182778791108,3644116541985988,374675767075865,2604592722433220,23381802046660,2302102557892,123763777613892,3315714839748,7096862226076868,7094972440466628,16150730595456196,426090820621508,65212000283698201,248828930380996,7089977393501380,67429732416791577,123763777643545,453949400050390212,7092687517865156,1657857463492,4908507669288132,93810675684676,93810675708048,7091880064013508,508931114652423506,93810675713350,374675767088654,55001351234585,7091871474078916,7096810686469316,2306899949212868,18773302138052,53373558609234,38856569148754,233693465629892,142150532617554,27041281599427780,21621659937100996,10500838556456274,322264281208004,55001351270731,65125138865103897,1361805280629956,374675767046662,7090488494609604,7096896585815236,21638732432102596,123763777708114,305243519000335556,286753491539282,2276324076967250,18773302072658,70682276812114,56959856301394,9099248993850706
2024-04-26 21:39:06.332955   Current page URL = https://capital.com/trading/platform/charting/15839732013552836?side=buy&ids=21680337780298948,1679716659553719492,1496662958757060,22855552501634244,67517667577209881,68501464196097049,12671424833606852,3594075878020292,93810675766468,374675767067974,55001351226694,123763777635654,253454610158788,422839530378436,15839732013552836,12241936693896217,96683858476406084,389605073441988,27045129890124996,14659243072378052,53068615951385,93810675721241,427748677997764,145998823326404,26039789715281092,23381801971780,15871553426248900,357105055839112,426627691533508,7093817094264004,7090561509053636,23381802001433,5983666832495812,27342779713672388,123763777688772,21182778791108,3644116541985988,374675767075865,2604592722433220,23381802046660,2302102557892,123763777613892,3315714839748,7096862226076868,7094972440466628,16150730595456196,426090820621508,65212000283698201,248828930380996,7089977393501380,67429732416791577,123763777643545,453949400050390212,7092687517865156,1657857463492,4908507669288132,93810675684676,93810675708048,7091880064013508,508931114652423506,93810675713350,374675767088654,55001351234585,7091871474078916,7096810686469316,2306899949212868,18773302138052,53373558609234,38856569148754,233693465629892,142150532617554,27041281599427780,21621659937100996,10500838556456274,322264281208004,55001351270731,65125138865103897,1361805280629956,374675767046662,7090488494609604,7096896585815236,21638732432102596,123763777708114,305243519000335556,286753491539282,2276324076967250,18773302072658,70682276812114,56959856301394,9099248993850706
2024-04-26 21:39:06.335450   self.link = https://capital.com/
2024-04-26 21:39:06.335463   driver.get(https://capital.com/) =>
2024-04-26 21:39:08.207838   => Loaded page https://capital.com/

2024-04-26 21:39:08.212202   => Windows size - {'width': 1280, 'height': 800}
2024-04-26 21:39:08.213619   Set windows position at (0, 0) =>
2024-04-26 21:39:08.215240   Set resolution 1280 * 800 =>
2024-04-26 21:39:08.216864   => Windows size is set to {'width': 1280, 'height': 800}

2024-04-26 21:39:09.253685   Капчи нет. Идем дальше

2024-04-26 21:39:09.253784   Работа с куками =>

2024-04-26 21:39:09.253801   => не требуется

2024-04-26 21:39:09.253811   Prev. country - 'ae'
2024-04-26 21:39:09.253820   Cur. country - 'ae'
2024-04-26 21:39:09.253829   => Country set to 'ae'

2024-04-26 21:39:09.253838   Prev. language - 'en'
2024-04-26 21:39:09.253847   Cur. language - 'en'
2024-04-26 21:39:09.253855   => Language is set to 'en'

2024-04-26 21:39:09.253864   Prev. role - 'Auth'
2024-04-26 21:39:09.253873   Cur. role - 'Auth'
2024-04-26 21:39:09.253881   => The 'Auth' role is set

2024-04-26 21:39:09.256552   => Current URL - https://capital.com/

2024-04-26 21:39:09.256574   => THE END PRECONDITIONS

2024-04-26 21:39:09.256758   1. Arrange_v3
2024-04-26 21:39:09.256776   current_page = https://capital.com/
2024-04-26 21:39:09.259194   link = https://capital.com/day-trading
2024-04-26 21:39:09.261595   Current page URL = https://capital.com/
2024-04-26 21:39:09.263935   self.link = https://capital.com/day-trading
2024-04-26 21:39:09.263949   driver.get(https://capital.com/day-trading) =>
2024-04-26 21:39:11.152434   => Loaded page https://capital.com/day-trading
2024-04-26 21:39:11.156882   Is visible BUTTON_START_TRADING_IN_ARTICLE? =>
2024-04-26 21:39:11.156896   => BUTTON_START_TRADING_IN_ARTICLE =>

2024-04-26 21:39:11.166258   2. Act_v3
2024-04-26 21:39:11.166283   Start Click button BUTTON_START_TRADING_IN_ARTICLE =>
2024-04-26 21:39:11.783465   => BUTTON_START_TRADING_IN_ARTICLE is clicked

2024-04-26 21:39:11.783725   3. Assert_v4

2024-04-26 21:39:11.783746   
2024-04-26 21:39:11.783848   Checking that the trading platform page has opened (v4) =>
2024-04-26 21:39:11.789807   Checking way # 1 => 

2024-04-26 21:39:11.789955   1. Checking that the Trading platform (or TradingView site) page has valid title =>
2024-04-26 21:39:11.792800   => The title of current page is 'Trading Platform | Capital.com'

2024-04-26 21:39:11.792870   2. Checking that the LOGO is present on the page =>
2024-04-26 21:39:12.669016   => 'capital*com' logo is present on the current page

2024-04-26 21:39:12.669065   tpd = False
2024-04-26 21:39:13.530996   => Driver.backed
