{'width': 1280, 'height': 800}

2024-05-05 11:43:32.103668   worker_id = master

2024-05-05 11:43:32.103681   0. Allure grouping v4

2024-05-05 11:43:32.103862   START PRECONDITIONS =>

2024-05-05 11:43:32.103878   => URL after prev. preconditions - https://capital.com/it
2024-05-05 11:43:32.103887   => flag_of_bug - False
2024-05-05 11:43:32.103898   => Current URL - https://capital.com/it/gbp-usd-tasso
2024-05-05 11:43:32.109039   Current page URL = https://capital.com/it/gbp-usd-tasso
2024-05-05 11:43:32.111568   self.link = https://capital.com/it
2024-05-05 11:43:32.111590   driver.get(https://capital.com/it) =>
2024-05-05 11:43:34.291883   => Loaded page https://capital.com/it

2024-05-05 11:43:34.296355   => Windows size - {'width': 1280, 'height': 800}
2024-05-05 11:43:34.297752   Set windows position at (0, 0) =>
2024-05-05 11:43:34.299371   Set resolution 1280 * 800 =>
2024-05-05 11:43:34.301219   => Windows size is set to {'width': 1280, 'height': 800}

2024-05-05 11:43:35.329059   Капчи нет. Идем дальше

2024-05-05 11:43:35.329146   Работа с куками =>

2024-05-05 11:43:35.329161   => не требуется

2024-05-05 11:43:35.329170   Prev. country - 'ae'
2024-05-05 11:43:35.329179   Cur. country - 'ae'
2024-05-05 11:43:35.329188   => Country set to 'ae'

2024-05-05 11:43:35.329197   Prev. language - 'it'
2024-05-05 11:43:35.329205   Cur. language - 'it'
2024-05-05 11:43:35.329214   => Language is set to 'it'

2024-05-05 11:43:35.329222   Prev. role - 'NoReg'
2024-05-05 11:43:35.329231   Cur. role - 'NoReg'
2024-05-05 11:43:35.329239   => The 'NoReg' role is set

2024-05-05 11:43:35.331910   => Current URL - https://capital.com/it

2024-05-05 11:43:35.331930   => THE END PRECONDITIONS

2024-05-05 11:43:35.332105   1. Arrange_v0
2024-05-05 11:43:35.332122   current_page = https://capital.com/it
2024-05-05 11:43:35.334632   link = https://capital.com/it/gbp-usd-tasso
2024-05-05 11:43:35.337095   Current page URL = https://capital.com/it
2024-05-05 11:43:35.339530   self.link = https://capital.com/it/gbp-usd-tasso
2024-05-05 11:43:35.339543   driver.get(https://capital.com/it/gbp-usd-tasso) =>
2024-05-05 11:43:37.126443   => Loaded page https://capital.com/it/gbp-usd-tasso
2024-05-05 11:43:37.131009   IS 'Trading calculator' widget present on this page? =>
2024-05-05 11:43:37.139857   => 'Trading calculator' widget present on this page!

2024-05-05 11:43:37.139886   IS 'Trading calculator' widget visible on this page? =>
2024-05-05 11:43:37.152157   => 'Trading calculator' widget is visible on this page!

2024-05-05 11:43:37.152185   IS [Start Trading] button present on this page? =>
2024-05-05 11:43:37.160968   => [Start Trading] button present on this page!

2024-05-05 11:43:37.160999   IS [Start Trading] button visible on this page? =>
2024-05-05 11:43:37.172999   => [Start Trading] button is visible on this page!

2024-05-05 11:43:37.173028   [Start Trading] button scroll =>

2024-05-05 11:43:37.178756   2. Act_v0
2024-05-05 11:43:37.178791   [Start Trading] button is clickable? =>
2024-05-05 11:43:37.219029   => [Start Trading] button is clickable!

2024-05-05 11:43:37.254234   => [Start Trading] button clicked!

2024-05-05 11:43:37.254461   3. Assert_v0
2024-05-05 11:43:37.254552   Start step Check that [Sign up] form is opened
2024-05-05 11:43:37.464829   'Sign up' form opened
2024-05-05 11:43:37.464878   Assert SIGNUP_HEADER =>
2024-05-05 11:43:37.478267   Assert SIGNUP_REF_LOGIN =>
2024-05-05 11:43:37.494049   Assert SIGNUP_PRIVACY_POLICY_ALL_2 =>
2024-05-05 11:43:37.507856   => SIGNUP_PRIVACY_POLICY_ALL
2024-05-05 11:43:37.507895   => 'Signup' form is checked
2024-05-05 11:43:37.508057   Start step Close [Sign up] form =>
2024-05-05 11:43:37.590898   => 'Signup' form closed
2024-05-05 11:43:37.879594   => Focus moved to 'capital*com' logo
