{'width': 1280, 'height': 800}

2024-05-05 13:25:47.958368   worker_id = master

2024-05-05 13:25:47.958382   0. Allure grouping v4

2024-05-05 13:25:47.958565   START PRECONDITIONS =>

2024-05-05 13:25:47.958580   => URL after prev. preconditions - https://capital.com/it
2024-05-05 13:25:47.958590   => flag_of_bug - False
2024-05-05 13:25:47.958600   => Current URL - https://capital.com/it/negozia-hang-seng-50
2024-05-05 13:25:47.963639   Current page URL = https://capital.com/it/negozia-hang-seng-50
2024-05-05 13:25:47.966153   self.link = https://capital.com/it
2024-05-05 13:25:47.966167   driver.get(https://capital.com/it) =>
2024-05-05 13:25:49.850895   => Loaded page https://capital.com/it

2024-05-05 13:25:49.855338   => Windows size - {'width': 1280, 'height': 800}
2024-05-05 13:25:49.856752   Set windows position at (0, 0) =>
2024-05-05 13:25:49.858384   Set resolution 1280 * 800 =>
2024-05-05 13:25:49.859963   => Windows size is set to {'width': 1280, 'height': 800}

2024-05-05 13:25:50.892898   Капчи нет. Идем дальше

2024-05-05 13:25:50.892988   Работа с куками =>

2024-05-05 13:25:50.893001   => не требуется

2024-05-05 13:25:50.893011   Prev. country - 'ae'
2024-05-05 13:25:50.893020   Cur. country - 'ae'
2024-05-05 13:25:50.893029   => Country set to 'ae'

2024-05-05 13:25:50.893038   Prev. language - 'it'
2024-05-05 13:25:50.893046   Cur. language - 'it'
2024-05-05 13:25:50.893055   => Language is set to 'it'

2024-05-05 13:25:50.893063   Prev. role - 'NoReg'
2024-05-05 13:25:50.893072   Cur. role - 'NoReg'
2024-05-05 13:25:50.893080   => The 'NoReg' role is set

2024-05-05 13:25:50.895907   => Current URL - https://capital.com/it

2024-05-05 13:25:50.895928   => THE END PRECONDITIONS

2024-05-05 13:25:50.896110   1. Arrange_v0
2024-05-05 13:25:50.896127   current_page = https://capital.com/it
2024-05-05 13:25:50.898649   link = https://capital.com/it/negozia-hang-seng-50
2024-05-05 13:25:50.901673   Current page URL = https://capital.com/it
2024-05-05 13:25:50.904125   self.link = https://capital.com/it/negozia-hang-seng-50
2024-05-05 13:25:50.904139   driver.get(https://capital.com/it/negozia-hang-seng-50) =>
2024-05-05 13:25:52.767435   => Loaded page https://capital.com/it/negozia-hang-seng-50
2024-05-05 13:25:52.781050   => BUTTON_TRY_DEMO is present on this page
2024-05-05 13:25:52.781083   BUTTON_TRY_DEMO scroll =>
2024-05-05 13:25:52.784792   BUTTON_TRY_DEMO is visible? =>
2024-05-05 13:25:52.796706   => BUTTON_TRY_DEMO is visible on this page

2024-05-05 13:25:52.796864   2. Act_v0
2024-05-05 13:25:52.815726   BUTTON_TRY_DEMO is clickable? =>
2024-05-05 13:25:52.838626   => BUTTON_TRY_DEMO clicked!

2024-05-05 13:25:52.838848   3. Assert_v0
2024-05-05 13:25:52.838937   Start step Check that [Sign up] form is opened
2024-05-05 13:25:53.025028   'Sign up' form opened
2024-05-05 13:25:53.025070   Assert SIGNUP_HEADER =>
2024-05-05 13:25:53.035588   Assert SIGNUP_REF_LOGIN =>
2024-05-05 13:25:53.045988   Assert SIGNUP_PRIVACY_POLICY_ALL_2 =>
2024-05-05 13:25:53.057216   => SIGNUP_PRIVACY_POLICY_ALL
2024-05-05 13:25:53.057251   => 'Signup' form is checked
2024-05-05 13:25:53.057420   Start step Close [Sign up] form =>
2024-05-05 13:25:53.144286   => 'Signup' form closed
2024-05-05 13:25:53.419600   => Focus moved to 'capital*com' logo
