Current test role - NoAuth

{'width': 1280, 'height': 800}

2024-05-05 12:55:10.482230   worker_id = master

2024-05-05 12:55:10.482243   0. Allure grouping v4

2024-05-05 12:55:10.482427   START PRECONDITIONS =>

2024-05-05 12:55:10.482442   => URL after prev. preconditions - https://capital.com/it
2024-05-05 12:55:10.482451   => flag_of_bug - False
2024-05-05 12:55:10.482462   => Current URL - https://capital.com/it/trading-su-forex
2024-05-05 12:55:10.487370   Current page URL = https://capital.com/it/trading-su-forex
2024-05-05 12:55:10.490821   self.link = https://capital.com/it
2024-05-05 12:55:10.490834   driver.get(https://capital.com/it) =>
2024-05-05 12:55:12.508728   => Loaded page https://capital.com/it

2024-05-05 12:55:12.513188   => Windows size - {'width': 1280, 'height': 800}
2024-05-05 12:55:12.514471   Set windows position at (0, 0) =>
2024-05-05 12:55:12.516072   Set resolution 1280 * 800 =>
2024-05-05 12:55:12.517722   => Windows size is set to {'width': 1280, 'height': 800}

2024-05-05 12:55:13.550326   Капчи нет. Идем дальше

2024-05-05 12:55:13.550431   Работа с куками =>
2024-05-05 12:55:13.550446   Prev. role - 'Auth'
2024-05-05 12:55:13.550456   Current testing role - 'NoAuth'

2024-05-05 12:55:13.550465   All cookies must be delete =>
2024-05-05 12:55:13.626742   => All cookies are deleted
2024-05-05 12:55:13.626778   Current page URL = https://capital.com/it
2024-05-05 12:55:13.629417   self.link = https://capital.com/
2024-05-05 12:55:13.629430   driver.get(https://capital.com/) =>
2024-05-05 12:55:15.204999   => Loaded page https://capital.com/

2024-05-05 12:55:15.210175   Step 'Click button [Accept all cookies]'
2024-05-05 12:55:15.210187   Is Visible Button [Accept all cookies]? =>
2024-05-05 12:55:15.226018   => Button [Accept all cookies] is visible
2024-05-05 12:55:15.726174   Is clickable Button [Accept all cookies] =>
2024-05-05 12:55:15.743823   => Button [Accept all cookies] is clickable
2024-05-05 12:55:15.743855   Click Button [Accept all cookies] =>
2024-05-05 12:55:15.882010   => Button [Accept all cookies] is clicked
2024-05-05 12:55:15.882058   => Accepted All Cookies

2024-05-05 12:55:16.382199   Prev. country - '?'
2024-05-05 12:55:16.382263   Cur. country - 'ae'
2024-05-05 12:55:16.382278   Set 'ae' country =>
2024-05-05 12:55:16.395367   => Language and Country menu is present
2024-05-05 12:55:16.408090   => Language and Country menu is visible
2024-05-05 12:55:17.675928   => Focus is moved on Language and Country menu 
2024-05-05 12:55:20.220578   => Cur url = https://capital.com/?country=ae
2024-05-05 12:55:20.247748   => Country set to 'ae'

2024-05-05 12:55:20.247773   Prev. language - '?'
2024-05-05 12:55:20.247783   Cur. language - 'it'
2024-05-05 12:55:20.247793   Set 'it' language =>
2024-05-05 12:55:20.268653   => Language and Country menu is present
2024-05-05 12:55:20.280496   => Language and Country menu is visible
2024-05-05 12:55:21.561507   => Focus is moved on Language and Country menu 
2024-05-05 12:55:21.570239   Move focus on it item and click =>
2024-05-05 12:55:23.187250   => Focus moved on it item and clicked
2024-05-05 12:55:23.187299   => Cur url = https://capital.com/it
2024-05-05 12:55:23.216135   => Language is set to 'it'

2024-05-05 12:55:23.216162   Prev. role - 'Auth'
2024-05-05 12:55:23.216179   Cur. role - 'NoAuth'
2024-05-05 12:55:23.220043   Start Autorization

2024-05-05 12:55:23.220065   => Current URL - https://capital.com/it

2024-05-05 12:55:23.222786   2. Act
2024-05-05 12:55:23.222807   Start Click button [Log in] =>
2024-05-05 12:55:23.233662   BUTTON_LOGIN scroll =>
2024-05-05 12:55:23.237563   Is BUTTON_LOGIN clickable? =>
2024-05-05 12:55:23.251497   => BUTTON_LOGIN is clickable
2024-05-05 12:55:23.251529   BUTTON_LOGIN click =>
2024-05-05 12:55:23.300411   => BUTTON_LOGIN is clicked!
2024-05-05 12:55:23.300698   Check that 'Login' form is opened
2024-05-05 12:55:23.492146   'Login' form opened
2024-05-05 12:55:23.492186   Assert LOGIN_REF_SIGNUP =>
2024-05-05 12:55:23.509354   Assert LOGIN_CHECKBOX =>
2024-05-05 12:55:23.527271   Assert LOGIN_PASS_FORGOT =>
2024-05-05 12:55:23.544758   => 'Login' form is checked
2024-05-05 12:55:23.544872   => 'Login' form is opened
2024-05-05 12:55:23.755227   => "login" and "password" are inputted
2024-05-05 12:55:23.755274   Click [Continue] button on [Login] form =>
2024-05-05 12:55:23.804138   => [Continue] button on [Login] form is clicked

2024-05-05 12:55:23.804174   1. Checking that the Page opened with 'Trading Platform | Capital.com' title
2024-05-05 12:55:23.804185   Set timeout = 30
2024-05-05 12:55:23.804195   Wait Trading platform page with 'Trading Platform | Capital.com' title open =>
2024-05-05 12:55:25.198081   => Trading platform page with 'Trading Platform | Capital.com' title opened

2024-05-05 12:55:25.198155   2. Checking that the LOGO is present on the page =>
2024-05-05 12:55:26.015819   => 'capital*com' logo is present on the current page
2024-05-05 12:55:26.971137   => Driver.back
https://capital.com/it

2024-05-05 12:55:27.000927   => Current URL - https://capital.com/it
2024-05-05 12:55:27.013079   Start DeAuthorisation

2024-05-05 12:55:27.013116   => Current URL - https://capital.com/it
2024-05-05 12:55:27.015808   1. BUTTON_MY_ACCOUNT is present? =>
2024-05-05 12:55:27.026957   => BUTTON_MY_ACCOUNT is present on this page
2024-05-05 12:55:28.307690   => Move to BUTTON_MY_ACCOUNT
2024-05-05 12:55:28.307733   2. BUTTON_MY_ACCOUNT is clickable? =>
2024-05-05 12:55:28.322888   => BUTTON_MY_ACCOUNT is clickable
2024-05-05 12:55:28.322915   BUTTON_MY_ACCOUNT Click =>
2024-05-05 12:55:29.136624   => User panel [My account] is opened

2024-05-05 12:55:29.136830   Start Click [Logout] button:
2024-05-05 12:55:29.136846   BUTTON_LOGOUT is present? =>
2024-05-05 12:55:29.144605   => BUTTON_LOGOUT is present
2024-05-05 12:55:29.144630   Is BUTTON_LOGOUT visible? =>
2024-05-05 12:55:29.153934   => BUTTON_LOGOUT is visible
2024-05-05 12:55:29.153957   BUTTON_LOGOUT is clickable? =>
2024-05-05 12:55:29.162991   => BUTTON_LOGOUT is clickable
2024-05-05 12:55:29.163018   BUTTON_LOGOUT click =>
2024-05-05 12:55:29.217904   => BUTTON_LOGOUT is clicked

2024-05-05 12:55:29.218035   => Current URL - https://capital.com/it
2024-05-05 12:55:29.234418   => The 'NoAuth' role is set

2024-05-05 12:55:29.236888   => Current URL - https://capital.com/it

2024-05-05 12:55:29.236910   => THE END PRECONDITIONS

2024-05-05 12:55:29.237095   1. Cur URL = https://capital.com/it

2024-05-05 12:55:29.239641   2. Link = https://capital.com/it
2024-05-05 12:55:29.239656   current_page = https://capital.com/it
2024-05-05 12:55:29.242067   link = https://capital.com/it
2024-05-05 12:55:30.148941   => Education menu is present in DOM
2024-05-05 12:55:30.154662   => Education menu is visible
2024-05-05 12:55:31.424418   => Focus moved to Education menu
2024-05-05 12:55:33.395409   => Focus moved to Forex trading sub-menu and clicked
2024-05-05 12:55:33.690603   => Focus moved to 'capital*com' logo

2024-05-05 12:55:33.690650   3. Cur URL = https://capital.com/it/trading-su-forex

2024-05-05 12:55:33.696441   1. Arrange_v0
2024-05-05 12:55:33.696468   current_page = https://capital.com/it/trading-su-forex
2024-05-05 12:55:33.699101   link = https://capital.com/it/trading-su-forex
2024-05-05 12:55:33.701704   => current_url == cur_item_link
2024-05-05 12:55:33.711015   BUTTON_START_TRADING scroll =>
2024-05-05 12:55:33.714568   BUTTON_START_TRADING is visible? =>
2024-05-05 12:55:33.729271   => BUTTON_START_TRADING is visible on the page!

2024-05-05 12:55:33.729441   2. Act_v0
2024-05-05 12:55:33.729457   Start Click button [Start Trading] =>
2024-05-05 12:55:33.734667   BUTTON_START_TRADING is clickable? =>
2024-05-05 12:55:33.745912   BUTTON_START_TRADING click =>
2024-05-05 12:55:33.788946   => BUTTON_START_TRADING clicked

2024-05-05 12:55:33.789258   3. Assert_Login_v0
2024-05-05 12:55:33.789369   Check that 'Login' form is opened
2024-05-05 12:55:39.931844   'Login' form not opened
2024-05-05 12:55:39.932036   Check that new 'Login' form is opened
2024-05-05 12:55:43.028924   => New 'Login' form not opened
2024-05-05 12:55:43.031549   'Login' page not opened
2024-05-05 12:55:46.137477   'Login' form on trading platform not opened
2024-05-05 12:55:46.137677   Start step Check that [Sign up] form is opened
2024-05-05 12:55:46.150948   'Sign up' form opened
2024-05-05 12:55:46.150973   Assert SIGNUP_HEADER =>
2024-05-05 12:55:46.164208   Assert SIGNUP_REF_LOGIN =>
2024-05-05 12:55:46.176203   Assert SIGNUP_PRIVACY_POLICY_ALL_2 =>
2024-05-05 12:55:46.188524   => SIGNUP_PRIVACY_POLICY_ALL
2024-05-05 12:55:46.188551   => 'Signup' form is checked

Bug: Bid:11.02.04.00_01-it.ae.NoAuth

2024-05-05 12:55:46.188615   Проверка бага в таблице ретеста  =>

2024-05-05 12:55:46.599216   4. Fixing one row check results into Google Sheet Bugs Report =>
1 cells updated.
2024-05-05 12:55:46.787339   => 4. One row check results into Google Sheet Bugs Report fixed

2024-05-05 12:55:48.659331   4. Fixing one row check results into Google Sheet Bugs Report =>
1 cells updated.
2024-05-05 12:55:48.878598   => 4. One row check results into Google Sheet Bugs Report fixed

2024-05-05 12:55:48.880654   Баг Bid:11.02.04.00_01-it.ae.NoAuth-05 обнаружен ранее и уже находится в 'Bugs Report Auto detect'
