{'width': 1280, 'height': 800}

2024-04-15 09:39:33.403608   worker_id = master

2024-04-15 09:39:33.403629   0. Allure grouping v4

2024-04-15 09:39:33.403904   START PRECONDITIONS =>

2024-04-15 09:39:33.403928   => URL after prev. preconditions - https://capital.com/ru
2024-04-15 09:39:33.403942   => flag_of_bug - False
2024-04-15 09:39:33.403953   => Current URL - https://capital.com/ru/torgovlya-akcii-netflix-cfd
2024-04-15 09:39:33.413000   Current page URL = https://capital.com/ru/torgovlya-akcii-netflix-cfd
2024-04-15 09:39:33.415319   self.link = https://capital.com/ru
2024-04-15 09:39:33.415340   driver.get(https://capital.com/ru) =>
2024-04-15 09:39:35.363594   => Loaded page https://capital.com/ru

2024-04-15 09:39:35.368142   => Windows size - {'width': 1280, 'height': 800}
2024-04-15 09:39:35.369517   Set windows position at (0, 0) =>
2024-04-15 09:39:35.471595   Set resolution 1280 * 800 =>
2024-04-15 09:39:35.574893   => Windows size is set to {'width': 1280, 'height': 800}

2024-04-15 09:39:36.603324   Капчи нет. Идем дальше

2024-04-15 09:39:36.603415   Работа с куками =>

2024-04-15 09:39:36.603430   => не требуется

2024-04-15 09:39:36.603439   Prev. country - 'de'
2024-04-15 09:39:36.603449   Cur. country - 'de'
2024-04-15 09:39:36.603458   => Country set to 'de'

2024-04-15 09:39:36.603467   Prev. language - 'ru'
2024-04-15 09:39:36.603476   Cur. language - 'ru'
2024-04-15 09:39:36.603485   => Language is set to 'ru'

2024-04-15 09:39:36.603494   Prev. role - 'Auth'
2024-04-15 09:39:36.603503   Cur. role - 'Auth'
2024-04-15 09:39:36.603511   => The 'Auth' role is set

2024-04-15 09:39:36.609905   => Current URL - https://capital.com/ru

2024-04-15 09:39:36.609936   => THE END PRECONDITIONS

2024-04-15 09:39:36.610002   1. Arrange
2024-04-15 09:39:36.610022   current_page = https://capital.com/ru
2024-04-15 09:39:36.612939   link = https://capital.com/ru/torgovlya-akcii-netflix-cfd

2024-04-15 09:39:36.615345   Open page: https://capital.com/ru/torgovlya-akcii-netflix-cfd
2024-04-15 09:39:36.615366   Current page URL = https://capital.com/ru
2024-04-15 09:39:36.617813   self.link = https://capital.com/ru/torgovlya-akcii-netflix-cfd
2024-04-15 09:39:36.617827   driver.get(https://capital.com/ru/torgovlya-akcii-netflix-cfd) =>
2024-04-15 09:39:38.950923   => Loaded page https://capital.com/ru/torgovlya-akcii-netflix-cfd
2024-04-15 09:39:38.954472   BUTTON_ON_VER_BANNER is present? =>
2024-04-15 09:39:38.965121   => BUTTON_ON_VER_BANNER is present on the page!
2024-04-15 09:39:38.965145   BUTTON_ON_VER_BANNER scroll =>
2024-04-15 09:39:38.968406   BUTTON_ON_VER_BANNER is visible? =>
2024-04-15 09:39:38.991423   => BUTTON_ON_VER_BANNER is visible on the page!
2024-04-15 09:39:38.991646   Start Checking that form [Sign up] popped up on the page =>
2024-04-15 09:39:40.519832   '[Sign up]' form was not popped up

2024-04-15 09:39:40.520015   2. Act

2024-04-15 09:39:40.535238   => Button on Vertical banner clickable

2024-04-15 09:39:40.539916   data_id = 393
2024-04-15 09:39:41.650420   => BUTTON_ON_VER_BANNER clicked!
2024-04-15 09:39:41.650515   For Vertical banner [type-id=393] Trading platform should be open in Demo Mode =>

2024-04-15 09:39:41.650757   3. Assert_v4

2024-04-15 09:39:41.650786   
2024-04-15 09:39:41.650946   Checking that the trading platform page has opened (v4) =>
2024-04-15 09:39:51.735778   Checking way # 2 =>

2024-04-15 09:39:51.735952   1. Checking that the Trading platform (or TradingView site) page has valid title =>
2024-04-15 09:39:51.741189   => The title of current page is 'Online Trading with Smart Investment App | Capital.com'
