


Current market - Forex
{'width': 1280, 'height': 800}

2024-04-15 07:25:48.357105   worker_id = master

2024-04-15 07:25:48.357122   0. Allure grouping v4

2024-04-15 07:25:48.357378   START PRECONDITIONS =>

2024-04-15 07:25:48.357393   => URL after prev. preconditions - https://capital.com/ru
2024-04-15 07:25:48.357402   => flag_of_bug - False
2024-04-15 07:25:48.357412   => Current URL - https://capital.com/ru

2024-04-15 07:25:48.366541   => Windows size - {'width': 1280, 'height': 800}
2024-04-15 07:25:48.367736   Set windows position at (0, 0) =>
2024-04-15 07:25:48.469915   Set resolution 1280 * 800 =>
2024-04-15 07:25:48.572285   => Windows size is set to {'width': 1280, 'height': 800}

2024-04-15 07:25:49.612637   Капчи нет. Идем дальше

2024-04-15 07:25:49.612731   Работа с куками =>

2024-04-15 07:25:49.612745   => не требуется

2024-04-15 07:25:49.612755   Prev. country - 'de'
2024-04-15 07:25:49.612764   Cur. country - 'de'
2024-04-15 07:25:49.612773   => Country set to 'de'

2024-04-15 07:25:49.612782   Prev. language - 'ru'
2024-04-15 07:25:49.612791   Cur. language - 'ru'
2024-04-15 07:25:49.612800   => Language is set to 'ru'

2024-04-15 07:25:49.612808   Prev. role - 'NoAuth'
2024-04-15 07:25:49.612817   Cur. role - 'NoAuth'
2024-04-15 07:25:49.612826   => The 'NoAuth' role is set

2024-04-15 07:25:49.615507   => Current URL - https://capital.com/ru

2024-04-15 07:25:49.615525   => THE END PRECONDITIONS

2024-04-15 07:25:49.615566   1. Arrange for 'Trading instrument' widget: 'Forex' market
2024-04-15 07:25:49.615579   current_page = https://capital.com/ru
2024-04-15 07:25:49.617986   link = https://capital.com/ru

2024-04-15 07:25:49.620326   IS 'Trading instrument' widget present on this page? =>
2024-04-15 07:25:49.624793   => 'Trading instrument' widget present on this page!

2024-04-15 07:25:49.634014   IS 'Trading instrument' widget visible on this page? =>
2024-04-15 07:25:49.647225   => 'Trading instrument' widget is visible on this page!

2024-04-15 07:25:49.647266   IS MARKET 'Forex' present on this page? =>
2024-04-15 07:25:49.667351   => MARKET 'Forex' present on this page!

2024-04-15 07:25:49.675204   IS MARKET 'Forex' visible on this page? =>
2024-04-15 07:25:51.731928   => MARKET 'Forex' is NOT visible right now on page, but need to check in 'Meatballs menu'!
2024-04-15 07:25:51.739634   => 'Meatballs menu' button is present
2024-04-15 07:25:51.750767   => 'Meatballs menu' button is visible
2024-04-15 07:25:53.028575   => Focus is moved on 'Meatballs menu' button
2024-04-15 07:25:53.049247   => MARKET 'Forex' is visible on this page!

2024-04-15 07:25:53.049278   Start Click Tab 'Forex' MARKET =>
2024-04-15 07:25:53.049288   Check that Tab 'Forex' MARKET is clickable =>
2024-04-15 07:25:53.065393   => Tab 'Forex' MARKET is clickable
2024-04-15 07:25:53.108312   => End Click Tab 'Forex' MARKET

2024-04-15 07:25:53.108351   Is Instruments present? =>
2024-04-15 07:25:53.116743   => Instruments is present on this page

2024-04-15 07:25:53.116770   Is Instruments visible? =>
2024-04-15 07:25:53.125974   => Instruments is visible on this page

2024-04-15 07:25:53.126000   Start find random buttons [Trade] on the TAB 'Forex'=>
2024-04-15 07:25:53.126032   => End find '1' random buttons [Trade] from list [1] on the TAB 'Forex'
2024-04-15 07:25:53.126247   2. Act for 'Trading instrument' widget and 'Forex' tab 1-item from item list [1]
2024-04-15 07:25:53.126273   Start Click button TAB 'Forex' in METHOD: element_click =>
2024-04-15 07:25:53.136401   IS MARKET 'Forex' visible on this page? =>
2024-04-15 07:25:53.149717   Check that MARKET 'Forex' is visible on this page =>
2024-04-15 07:25:53.164556   => MARKET 'Forex' is visible on this page!
2024-04-15 07:25:53.164596   Tab 'Forex' MARKET is scroll =>
2024-04-15 07:25:53.173126   => Tab 'Forex' MARKET is scrolled
2024-04-15 07:25:53.173149   Check that Tab 'Forex' MARKET is clickable =>
2024-04-15 07:25:53.185034   => Tab 'Forex' MARKET is clickable
2024-04-15 07:25:53.208546   => End Click Tab 'Forex' MARKET

2024-04-15 07:25:53.208574   Start get name of trading instrument =>
2024-04-15 07:25:53.221877   => Name of trading instrument: USD/JPY

2024-04-15 07:25:53.221902   Start click button [Trade] =>
2024-04-15 07:25:53.271380   => Button [Trade] for 1-item clicked!


2024-04-15 07:25:53.271493   1. Arrange for 'Trading instrument' widget: 'Forex' market

2024-04-15 07:25:53.271664   3. Assert_Login_v0
2024-04-15 07:25:53.271748   Check that 'Login' form is opened
2024-04-15 07:25:53.517904   'Login' form opened
2024-04-15 07:25:53.517943   Assert LOGIN_REF_SIGNUP =>
2024-04-15 07:25:53.534310   Assert LOGIN_CHECKBOX =>
2024-04-15 07:25:53.549378   Assert LOGIN_PASS_FORGOT =>
2024-04-15 07:25:53.561942   => 'Login' form is checked
2024-04-15 07:25:53.582818   Click 'Close' button on 'Login' form =>
2024-04-15 07:25:53.927087   => Focus moved to 'capital*com' logo
2024-04-15 07:25:53.927129   => 'Login' form closed
