


Current tab - most_traded
{'width': 1280, 'height': 800}

2024-04-15 10:37:35.653423   worker_id = master

2024-04-15 10:37:35.653437   0. Allure grouping v4

2024-04-15 10:37:35.653620   START PRECONDITIONS =>

2024-04-15 10:37:35.653636   => URL after prev. preconditions - https://capital.com/ru
2024-04-15 10:37:35.653645   => flag_of_bug - True
2024-04-15 10:37:35.653655   => Current URL - https://capital.com/ru/sp-500-cfd
2024-04-15 10:37:35.658576   Current page URL = https://capital.com/ru/sp-500-cfd
2024-04-15 10:37:35.660931   self.link = https://capital.com/ru
2024-04-15 10:37:35.660944   driver.get(https://capital.com/ru) =>
2024-04-15 10:37:37.673339   => Loaded page https://capital.com/ru

2024-04-15 10:37:37.676551   => Windows size - {'width': 1280, 'height': 800}
2024-04-15 10:37:37.677894   Set windows position at (0, 0) =>
2024-04-15 10:37:37.779858   Set resolution 1280 * 800 =>
2024-04-15 10:37:37.881768   => Windows size is set to {'width': 1280, 'height': 800}

2024-04-15 10:37:38.917895   Капчи нет. Идем дальше

2024-04-15 10:37:38.917990   Работа с куками =>

2024-04-15 10:37:38.918004   => не требуется

2024-04-15 10:37:38.918014   Prev. country - 'de'
2024-04-15 10:37:38.918023   Cur. country - 'de'
2024-04-15 10:37:38.918032   => Country set to 'de'

2024-04-15 10:37:38.918041   Prev. language - 'ru'
2024-04-15 10:37:38.918050   Cur. language - 'ru'
2024-04-15 10:37:38.918058   => Language is set to 'ru'

2024-04-15 10:37:38.918067   Prev. role - 'Auth'
2024-04-15 10:37:38.918075   Cur. role - 'Auth'
2024-04-15 10:37:38.918084   => The 'Auth' role is set

2024-04-15 10:37:38.920846   => Current URL - https://capital.com/ru

2024-04-15 10:37:38.920869   => THE END PRECONDITIONS

2024-04-15 10:37:38.920911   1. Arrange for Indices finance instrument and "most_traded" tab
2024-04-15 10:37:38.920925   current_page = https://capital.com/ru
2024-04-15 10:37:38.923625   link = https://capital.com/ru/sp-500-cfd
2024-04-15 10:37:38.925997   Current page URL = https://capital.com/ru
2024-04-15 10:37:38.928321   self.link = https://capital.com/ru/sp-500-cfd
2024-04-15 10:37:38.928334   driver.get(https://capital.com/ru/sp-500-cfd) =>
2024-04-15 10:37:41.328726   => Loaded page https://capital.com/ru/sp-500-cfd
2024-04-15 10:37:41.336121   IS CFDs TABLE visible on the page? =>
2024-04-15 10:37:42.358595   => CFDs TABLE is NOT visible on the page!

