{'width': 1280, 'height': 800}

2024-05-11 19:46:14.354388   worker_id = master

2024-05-11 19:46:14.354403   0. Allure grouping v4

2024-05-11 19:46:14.354592   START PRECONDITIONS =>

2024-05-11 19:46:14.354608   => URL after prev. preconditions - https://capital.com/
2024-05-11 19:46:14.354618   => flag_of_bug - False
2024-05-11 19:46:14.354628   => Current URL - https://capital.com/negativity-bias
2024-05-11 19:46:14.359790   Current page URL = https://capital.com/negativity-bias
2024-05-11 19:46:14.362218   self.link = https://capital.com/
2024-05-11 19:46:14.362232   driver.get(https://capital.com/) =>
2024-05-11 19:46:16.062218   => Loaded page https://capital.com/

2024-05-11 19:46:16.068412   => Windows size - {'width': 1280, 'height': 800}
2024-05-11 19:46:16.069744   Set windows position at (0, 0) =>
2024-05-11 19:46:16.071369   Set resolution 1280 * 800 =>
2024-05-11 19:46:16.072939   => Windows size is set to {'width': 1280, 'height': 800}

2024-05-11 19:46:17.111880   Капчи нет. Идем дальше

2024-05-11 19:46:17.111971   Работа с куками =>

2024-05-11 19:46:17.111985   => не требуется

2024-05-11 19:46:17.111994   Prev. country - 'ae'
2024-05-11 19:46:17.112004   Cur. country - 'ae'
2024-05-11 19:46:17.112013   => Country set to 'ae'

2024-05-11 19:46:17.112022   Prev. language - 'en'
2024-05-11 19:46:17.112030   Cur. language - 'en'
2024-05-11 19:46:17.112039   => Language is set to 'en'

2024-05-11 19:46:17.112047   Prev. role - 'NoReg'
2024-05-11 19:46:17.112056   Cur. role - 'NoReg'
2024-05-11 19:46:17.112065   => The 'NoReg' role is set

2024-05-11 19:46:17.114852   => Current URL - https://capital.com/

2024-05-11 19:46:17.114876   => THE END PRECONDITIONS

2024-05-11 19:46:17.114919   1. Arrange_v3
2024-05-11 19:46:17.114932   current_page = https://capital.com/
2024-05-11 19:46:17.117379   link = https://capital.com/negativity-bias
2024-05-11 19:46:17.119793   Current page URL = https://capital.com/
2024-05-11 19:46:17.122166   self.link = https://capital.com/negativity-bias
2024-05-11 19:46:17.122179   driver.get(https://capital.com/negativity-bias) =>
2024-05-11 19:46:18.781180   => Loaded page https://capital.com/negativity-bias
2024-05-11 19:46:18.785759   Is visible BUTTON_PRACTISE_FOR_FREE? =>
2024-05-11 19:46:18.785774   => BUTTON_PRACTISE_FOR_FREE? =>

2024-05-11 19:46:18.794385   2. Act_v3
2024-05-11 19:46:18.794409   Start Click button BUTTON_PRACTISE_FOR_FREE_IN_ARTICLE =>
2024-05-11 19:46:19.487602   => BUTTON_PRACTISE_FOR_FREE_IN_ARTICLE is clicked

2024-05-11 19:46:19.487942   3. Assert_v0
2024-05-11 19:46:19.488105   Start step Check that [Sign up] form is opened
2024-05-11 19:46:26.153668   'Sign up' form not opened
2024-05-11 19:46:26.153868   Start step Check that new [Sign up] form is opened
2024-05-11 19:46:29.258778   => new 'Sign up' form not opened
2024-05-11 19:46:29.258971   Start method Check that [Sign up] page opened =>
2024-05-11 19:46:30.263094   'Sign up' page opened
2024-05-11 19:46:30.263135   Assert SIGNUP_SIGNUP_FRAME =>
2024-05-11 19:46:30.272178   Assert SIGNUP_REF_LOGIN =>
2024-05-11 19:46:30.285809   Assert SIGNUP_PRIVACY_POLICY_ALL_1 =>
2024-05-11 19:46:31.827667   Assert SIGNUP_PRIVACY_POLICY_ALL_2 =>
2024-05-11 19:46:31.840948   => SIGNUP_PRIVACY_POLICY_ALL
2024-05-11 19:46:31.840974   => 'Signup' page is checked
2024-05-11 19:46:32.841348   Start method 'Close [Sign up] page' =>
2024-05-11 19:46:33.805897   => [Sign up] page is closed
