{'width': 1280, 'height': 800}

2024-05-11 17:27:38.954352   worker_id = master

2024-05-11 17:27:38.954366   0. Allure grouping v4

2024-05-11 17:27:38.954541   START PRECONDITIONS =>

2024-05-11 17:27:38.954556   => URL after prev. preconditions - https://capital.com/
2024-05-11 17:27:38.954565   => flag_of_bug - False
2024-05-11 17:27:38.954575   => Current URL - https://capital.com/usd-jpy-rate
2024-05-11 17:27:38.960741   Current page URL = https://capital.com/usd-jpy-rate
2024-05-11 17:27:38.963117   self.link = https://capital.com/
2024-05-11 17:27:38.963130   driver.get(https://capital.com/) =>
2024-05-11 17:27:40.725225   => Loaded page https://capital.com/

2024-05-11 17:27:40.728513   => Windows size - {'width': 1280, 'height': 800}
2024-05-11 17:27:40.729816   Set windows position at (0, 0) =>
2024-05-11 17:27:40.732327   Set resolution 1280 * 800 =>
2024-05-11 17:27:40.733956   => Windows size is set to {'width': 1280, 'height': 800}

2024-05-11 17:27:41.762780   Капчи нет. Идем дальше

2024-05-11 17:27:41.762871   Работа с куками =>

2024-05-11 17:27:41.762885   => не требуется

2024-05-11 17:27:41.762895   Prev. country - 'ae'
2024-05-11 17:27:41.762904   Cur. country - 'ae'
2024-05-11 17:27:41.762913   => Country set to 'ae'

2024-05-11 17:27:41.762922   Prev. language - 'en'
2024-05-11 17:27:41.762931   Cur. language - 'en'
2024-05-11 17:27:41.762939   => Language is set to 'en'

2024-05-11 17:27:41.762948   Prev. role - 'NoAuth'
2024-05-11 17:27:41.762958   Cur. role - 'NoAuth'
2024-05-11 17:27:41.762966   => The 'NoAuth' role is set

2024-05-11 17:27:41.765667   => Current URL - https://capital.com/

2024-05-11 17:27:41.765688   => THE END PRECONDITIONS
Trade instrument from Full test is <pages.Elements.AssertClass.AssertClass object at 0x7f499f8d4950>

2024-05-11 17:27:41.765962   3. Assert_v0
2024-05-11 17:27:41.766043   Start step Check that [Sign up] form is opened
2024-05-11 17:27:44.845137   'Sign up' form not opened
2024-05-11 17:27:44.845327   Start step Check that new [Sign up] form is opened
2024-05-11 17:27:47.926586   => new 'Sign up' form not opened
2024-05-11 17:27:47.926781   Start method Check that [Sign up] page opened =>
2024-05-11 17:27:48.930525   'Sign up' page not opened
2024-05-11 17:27:48.930730   Check that [Sign up] form on trading platform opened =>
2024-05-11 17:27:52.020344   'Sign up' form on trading platform page not opened

Bug: Bid:01.03.01_010-en.ae.NoAuth

2024-05-11 17:27:52.020434   Проверка бага в таблице ретеста  =>

2024-05-11 17:27:52.428950   4. Fixing one row check results into Google Sheet Bugs Report =>
1 cells updated.
2024-05-11 17:27:52.646013   => 4. One row check results into Google Sheet Bugs Report fixed

2024-05-11 17:27:53.570787   4. Fixing one row check results into Google Sheet Bugs Report =>
1 cells updated.
2024-05-11 17:27:53.834829   => 4. One row check results into Google Sheet Bugs Report fixed

2024-05-11 17:27:53.835045   4. Fixing one row check results into Google Sheet Bugs Report =>
1 cells updated.
2024-05-11 17:27:54.020076   => 4. One row check results into Google Sheet Bugs Report fixed

2024-05-11 17:27:54.020153   Баг Bid:01.03.01_010-en.ae.NoAuth уже существует, но у него изменился тип с  на 04

2024-05-11 17:27:54.020313   4. Fixing one row check results into Google Sheet Bugs Report =>
1 cells updated.
2024-05-11 17:27:54.276444   => 4. One row check results into Google Sheet Bugs Report fixed

2024-05-11 17:27:54.278508   Баг Bid:01.03.01_010-en.ae.NoAuth-04 обнаружен ранее и уже находится в 'Bugs Report Auto detect'
