{'width': 1280, 'height': 800}

2024-05-11 18:41:27.079026   worker_id = master

2024-05-11 18:41:27.079040   0. Allure grouping v4

2024-05-11 18:41:27.079224   START PRECONDITIONS =>

2024-05-11 18:41:27.079240   => URL after prev. preconditions - https://capital.com/
2024-05-11 18:41:27.079249   => flag_of_bug - False
2024-05-11 18:41:27.079259   => Current URL - https://capital.com/trade-forex
2024-05-11 18:41:27.084314   Current page URL = https://capital.com/trade-forex
2024-05-11 18:41:27.089908   self.link = https://capital.com/
2024-05-11 18:41:27.089923   driver.get(https://capital.com/) =>
2024-05-11 18:41:30.012828   => Loaded page https://capital.com/

2024-05-11 18:41:30.017333   => Windows size - {'width': 1280, 'height': 800}
2024-05-11 18:41:30.018728   Set windows position at (0, 0) =>
2024-05-11 18:41:30.023019   Set resolution 1280 * 800 =>
2024-05-11 18:41:30.024687   => Windows size is set to {'width': 1280, 'height': 800}

2024-05-11 18:41:31.054877   Капчи нет. Идем дальше

2024-05-11 18:41:31.054962   Работа с куками =>

2024-05-11 18:41:31.054977   => не требуется

2024-05-11 18:41:31.054986   Prev. country - 'ae'
2024-05-11 18:41:31.054995   Cur. country - 'ae'
2024-05-11 18:41:31.055009   => Country set to 'ae'

2024-05-11 18:41:31.055018   Prev. language - 'en'
2024-05-11 18:41:31.055027   Cur. language - 'en'
2024-05-11 18:41:31.055035   => Language is set to 'en'

2024-05-11 18:41:31.055044   Prev. role - 'NoReg'
2024-05-11 18:41:31.055053   Cur. role - 'NoReg'
2024-05-11 18:41:31.055062   => The 'NoReg' role is set

2024-05-11 18:41:31.057760   => Current URL - https://capital.com/

2024-05-11 18:41:31.057781   => THE END PRECONDITIONS

2024-05-11 18:41:31.057965   1. Cur URL = https://capital.com/

2024-05-11 18:41:31.060425   2. Link = https://capital.com/
2024-05-11 18:41:31.060441   current_page = https://capital.com/
2024-05-11 18:41:31.062884   link = https://capital.com/
2024-05-11 18:41:31.574215   => Education menu is present in DOM
2024-05-11 18:41:31.579437   => Education menu is visible
2024-05-11 18:41:32.854929   => Focus moved to Education menu
2024-05-11 18:41:34.616865   => Focus moved to Forex trading sub-menu and clicked
2024-05-11 18:41:34.904459   => Focus moved to 'capital*com' logo

2024-05-11 18:41:34.904499   3. Cur URL = https://capital.com/trade-forex

2024-05-11 18:41:34.912162   1. Arrange_v0
2024-05-11 18:41:34.912188   current_page = https://capital.com/trade-forex
2024-05-11 18:41:34.914653   link = https://capital.com/trade-forex
2024-05-11 18:41:34.925228   => BUTTON_TRY_DEMO is present on this page
2024-05-11 18:41:34.925251   BUTTON_TRY_DEMO scroll =>
2024-05-11 18:41:34.929595   BUTTON_TRY_DEMO is visible? =>
2024-05-11 18:41:34.941897   => BUTTON_TRY_DEMO is visible on this page

2024-05-11 18:41:34.942055   2. Act_v0
2024-05-11 18:41:34.947233   BUTTON_TRY_DEMO is clickable? =>
2024-05-11 18:41:34.967863   => BUTTON_TRY_DEMO clicked!

2024-05-11 18:41:34.968061   3. Assert_v0
2024-05-11 18:41:34.968149   Start step Check that [Sign up] form is opened
2024-05-11 18:41:35.185842   'Sign up' form opened
2024-05-11 18:41:35.185884   Assert SIGNUP_HEADER =>
2024-05-11 18:41:35.198649   Assert SIGNUP_REF_LOGIN =>
2024-05-11 18:41:35.211535   Assert SIGNUP_PRIVACY_POLICY_ALL_2 =>
2024-05-11 18:41:35.221762   => SIGNUP_PRIVACY_POLICY_ALL
2024-05-11 18:41:35.221793   => 'Signup' form is checked
2024-05-11 18:41:35.221970   Start step Close [Sign up] form =>
2024-05-11 18:41:35.298961   => 'Signup' form closed
2024-05-11 18:41:35.570978   => Focus moved to 'capital*com' logo
