{'width': 1280, 'height': 800}

2024-05-11 16:59:09.024444   worker_id = master

2024-05-11 16:59:09.024458   0. Allure grouping v4

2024-05-11 16:59:09.024643   START PRECONDITIONS =>

2024-05-11 16:59:09.024658   => URL after prev. preconditions - https://capital.com/
2024-05-11 16:59:09.024668   => flag_of_bug - False
2024-05-11 16:59:09.024679   => Current URL - https://capital.com/btc-usd-chart
2024-05-11 16:59:09.029584   Current page URL = https://capital.com/btc-usd-chart
2024-05-11 16:59:09.032050   self.link = https://capital.com/
2024-05-11 16:59:09.032070   driver.get(https://capital.com/) =>
2024-05-11 16:59:10.679007   => Loaded page https://capital.com/

2024-05-11 16:59:10.684545   => Windows size - {'width': 1280, 'height': 800}
2024-05-11 16:59:10.685945   Set windows position at (0, 0) =>
2024-05-11 16:59:10.687591   Set resolution 1280 * 800 =>
2024-05-11 16:59:10.689167   => Windows size is set to {'width': 1280, 'height': 800}

2024-05-11 16:59:11.718641   Капчи нет. Идем дальше

2024-05-11 16:59:11.718721   Работа с куками =>

2024-05-11 16:59:11.718734   => не требуется

2024-05-11 16:59:11.718744   Prev. country - 'ae'
2024-05-11 16:59:11.718753   Cur. country - 'ae'
2024-05-11 16:59:11.718762   => Country set to 'ae'

2024-05-11 16:59:11.718771   Prev. language - 'en'
2024-05-11 16:59:11.718780   Cur. language - 'en'
2024-05-11 16:59:11.718788   => Language is set to 'en'

2024-05-11 16:59:11.718797   Prev. role - 'NoReg'
2024-05-11 16:59:11.718805   Cur. role - 'NoReg'
2024-05-11 16:59:11.718814   => The 'NoReg' role is set

2024-05-11 16:59:11.721489   => Current URL - https://capital.com/

2024-05-11 16:59:11.721509   => THE END PRECONDITIONS

2024-05-11 16:59:11.721550   1. Arrange_v0
2024-05-11 16:59:11.721563   current_page = https://capital.com/
2024-05-11 16:59:11.723957   link = https://capital.com/btc-usd-chart
2024-05-11 16:59:11.726245   Current page URL = https://capital.com/
2024-05-11 16:59:11.728669   self.link = https://capital.com/btc-usd-chart
2024-05-11 16:59:11.728684   driver.get(https://capital.com/btc-usd-chart) =>
2024-05-11 16:59:13.378815   => Loaded page https://capital.com/btc-usd-chart
2024-05-11 16:59:13.384827   BUTTON_SELL is located on the page? =>
2024-05-11 16:59:13.393151   => BUTTON_SELL is located on the page!
2024-05-11 16:59:13.393320   Start Checking that form [Sign up] popped up on the page =>
2024-05-11 16:59:14.938559   '[Sign up]' form was not popped up

2024-05-11 16:59:14.938758   2. Act_v0
2024-05-11 16:59:14.944025   BUTTON_SELL is present? =>
2024-05-11 16:59:14.944049   => BUTTON_SELL is present on the page
2024-05-11 16:59:14.944059   BUTTON_SELL scroll =>
2024-05-11 16:59:14.947236   => BUTTON_SELL scrolled
2024-05-11 16:59:14.971416   BUTTON_SELL is clickable? =>
2024-05-11 16:59:14.980806   BUTTON_SELL CLICK =>
2024-05-11 16:59:15.021224   => BUTTON_SELL clicked!

2024-05-11 16:59:15.021443   3. Assert_v0
2024-05-11 16:59:15.021534   Start step Check that [Sign up] form is opened
2024-05-11 16:59:15.202793   'Sign up' form opened
2024-05-11 16:59:15.202837   Assert SIGNUP_HEADER =>
2024-05-11 16:59:15.213606   Assert SIGNUP_REF_LOGIN =>
2024-05-11 16:59:15.225714   Assert SIGNUP_PRIVACY_POLICY_ALL_2 =>
2024-05-11 16:59:15.236357   => SIGNUP_PRIVACY_POLICY_ALL
2024-05-11 16:59:15.236391   => 'Signup' form is checked
2024-05-11 16:59:15.236600   Start step Close [Sign up] form =>
2024-05-11 16:59:15.332094   => 'Signup' form closed
2024-05-11 16:59:15.599946   => Focus moved to 'capital*com' logo
