{'width': 1280, 'height': 800}

2024-05-11 17:56:08.302961   worker_id = master

2024-05-11 17:56:08.302975   0. Allure grouping v4

2024-05-11 17:56:08.303166   START PRECONDITIONS =>

2024-05-11 17:56:08.303182   => URL after prev. preconditions - https://capital.com/
2024-05-11 17:56:08.303191   => flag_of_bug - False
2024-05-11 17:56:08.303201   => Current URL - https://capital.com/iron-ore-spot-commodity
2024-05-11 17:56:08.308210   Current page URL = https://capital.com/iron-ore-spot-commodity
2024-05-11 17:56:08.310657   self.link = https://capital.com/
2024-05-11 17:56:08.310672   driver.get(https://capital.com/) =>
2024-05-11 17:56:09.973811   => Loaded page https://capital.com/

2024-05-11 17:56:09.977988   => Windows size - {'width': 1280, 'height': 800}
2024-05-11 17:56:09.981313   Set windows position at (0, 0) =>
2024-05-11 17:56:09.982965   Set resolution 1280 * 800 =>
2024-05-11 17:56:09.984539   => Windows size is set to {'width': 1280, 'height': 800}

2024-05-11 17:56:11.010801   Капчи нет. Идем дальше

2024-05-11 17:56:11.010886   Работа с куками =>

2024-05-11 17:56:11.010900   => не требуется

2024-05-11 17:56:11.010909   Prev. country - 'ae'
2024-05-11 17:56:11.010919   Cur. country - 'ae'
2024-05-11 17:56:11.010928   => Country set to 'ae'

2024-05-11 17:56:11.010936   Prev. language - 'en'
2024-05-11 17:56:11.010945   Cur. language - 'en'
2024-05-11 17:56:11.010954   => Language is set to 'en'

2024-05-11 17:56:11.010962   Prev. role - 'NoAuth'
2024-05-11 17:56:11.010971   Cur. role - 'NoAuth'
2024-05-11 17:56:11.010980   => The 'NoAuth' role is set

2024-05-11 17:56:11.013774   => Current URL - https://capital.com/

2024-05-11 17:56:11.013795   => THE END PRECONDITIONS

2024-05-11 17:56:11.013979   1. Arrange_v0
2024-05-11 17:56:11.013996   current_page = https://capital.com/
2024-05-11 17:56:11.016404   link = https://capital.com/iron-ore-spot-commodity
2024-05-11 17:56:11.018764   Current page URL = https://capital.com/
2024-05-11 17:56:11.021082   self.link = https://capital.com/iron-ore-spot-commodity
2024-05-11 17:56:11.021096   driver.get(https://capital.com/iron-ore-spot-commodity) =>
2024-05-11 17:56:12.666343   => Loaded page https://capital.com/iron-ore-spot-commodity
2024-05-11 17:56:12.670961   IS 'Trading calculator' widget present on this page? =>
2024-05-11 17:56:12.681324   => 'Trading calculator' widget present on this page!

2024-05-11 17:56:12.681354   IS 'Trading calculator' widget visible on this page? =>
2024-05-11 17:56:12.693712   => 'Trading calculator' widget is visible on this page!

2024-05-11 17:56:12.693736   IS [Start Trading] button present on this page? =>
2024-05-11 17:56:12.703967   => [Start Trading] button present on this page!

2024-05-11 17:56:12.703992   IS [Start Trading] button visible on this page? =>
2024-05-11 17:56:12.717708   => [Start Trading] button is visible on this page!

2024-05-11 17:56:12.717732   [Start Trading] button scroll =>

2024-05-11 17:56:12.721046   2. Act_v0
2024-05-11 17:56:12.721068   [Start Trading] button is clickable? =>
2024-05-11 17:56:12.759678   => [Start Trading] button is clickable!

2024-05-11 17:56:12.806841   => [Start Trading] button clicked!

2024-05-11 17:56:12.807077   3. Assert_Login_v0
2024-05-11 17:56:12.807167   Check that 'Login' form is opened
2024-05-11 17:56:12.992630   'Login' form opened
2024-05-11 17:56:12.992666   Assert LOGIN_REF_SIGNUP =>
2024-05-11 17:56:13.005391   Assert LOGIN_CHECKBOX =>
2024-05-11 17:56:13.017607   Assert LOGIN_PASS_FORGOT =>
2024-05-11 17:56:13.031561   => 'Login' form is checked
2024-05-11 17:56:13.047794   Click 'Close' button on 'Login' form =>
2024-05-11 17:56:13.396871   => Focus moved to 'capital*com' logo
2024-05-11 17:56:13.396912   => 'Login' form closed
