{'width': 1280, 'height': 800}

2024-05-11 17:12:56.124317   worker_id = master

2024-05-11 17:12:56.124343   0. Allure grouping v4

2024-05-11 17:12:56.124636   START PRECONDITIONS =>

2024-05-11 17:12:56.124655   => URL after prev. preconditions - https://capital.com/
2024-05-11 17:12:56.124665   => flag_of_bug - False
2024-05-11 17:12:56.124676   => Current URL - https://capital.com/amc-entertainment-holdings-cl-a-share-price
2024-05-11 17:12:56.141897   Current page URL = https://capital.com/amc-entertainment-holdings-cl-a-share-price
2024-05-11 17:12:56.148023   self.link = https://capital.com/
2024-05-11 17:12:56.148038   driver.get(https://capital.com/) =>
2024-05-11 17:12:57.811336   => Loaded page https://capital.com/

2024-05-11 17:12:57.815585   => Windows size - {'width': 1280, 'height': 800}
2024-05-11 17:12:57.818001   Set windows position at (0, 0) =>
2024-05-11 17:12:57.819675   Set resolution 1280 * 800 =>
2024-05-11 17:12:57.821271   => Windows size is set to {'width': 1280, 'height': 800}

2024-05-11 17:12:58.849186   Капчи нет. Идем дальше

2024-05-11 17:12:58.849274   Работа с куками =>

2024-05-11 17:12:58.849288   => не требуется

2024-05-11 17:12:58.849298   Prev. country - 'ae'
2024-05-11 17:12:58.849307   Cur. country - 'ae'
2024-05-11 17:12:58.849316   => Country set to 'ae'

2024-05-11 17:12:58.849325   Prev. language - 'en'
2024-05-11 17:12:58.849334   Cur. language - 'en'
2024-05-11 17:12:58.849343   => Language is set to 'en'

2024-05-11 17:12:58.849351   Prev. role - 'NoReg'
2024-05-11 17:12:58.849360   Cur. role - 'NoReg'
2024-05-11 17:12:58.849368   => The 'NoReg' role is set

2024-05-11 17:12:58.852033   => Current URL - https://capital.com/

2024-05-11 17:12:58.852056   => THE END PRECONDITIONS

2024-05-11 17:12:58.852233   1. Arrange_v2
2024-05-11 17:12:58.852250   current_page = https://capital.com/
2024-05-11 17:12:58.854650   link = https://capital.com/amc-entertainment-holdings-cl-a-share-price
2024-05-11 17:12:58.856988   Current page URL = https://capital.com/
2024-05-11 17:12:58.859397   self.link = https://capital.com/amc-entertainment-holdings-cl-a-share-price
2024-05-11 17:12:58.859410   driver.get(https://capital.com/amc-entertainment-holdings-cl-a-share-price) =>
2024-05-11 17:13:00.510997   => Loaded page https://capital.com/amc-entertainment-holdings-cl-a-share-price
2024-05-11 17:13:00.515728 Is SHORT_POSITION_OVERNIGHT_FEE present on the page? =>
2024-05-11 17:13:00.525806   => SHORT_POSITION_OVERNIGHT_FEE is present on the page
2024-05-11 17:13:00.525834   SHORT_POSITION_OVERNIGHT_FEE  scroll =>
2024-05-11 17:13:00.529482   => SHORT_POSITION_OVERNIGHT_FEE  scrolled

2024-05-11 17:13:00.529632   2. Act_v2
2024-05-11 17:13:00.529647   SHORT_POSITION_OVERNIGHT_FEE open =>
2024-05-11 17:13:01.320932   Is SHORT_POSITION_OVERNIGHT_FEE open?  =>
2024-05-11 17:13:01.334225   => TOOLTIP_SHORT_POSITION_FEE is open
2024-05-11 17:13:01.334253   Move focus to button [Go to platform] and click on =>
2024-05-11 17:13:02.112316   => BUTTON_GO_TO_PLATFORM is clickable
2024-05-11 17:13:02.582146 => BUTTON_GO_TO_PLATFORM clicked

2024-05-11 17:13:02.582477   3. Assert_v0
2024-05-11 17:13:02.582628   Start step Check that [Sign up] form is opened
2024-05-11 17:13:05.794676   'Sign up' form not opened
2024-05-11 17:13:05.794876   Start step Check that new [Sign up] form is opened
2024-05-11 17:13:08.893415   => new 'Sign up' form not opened
2024-05-11 17:13:08.893607   Start method Check that [Sign up] page opened =>
2024-05-11 17:13:09.896990   'Sign up' page not opened
2024-05-11 17:13:09.897192   Check that [Sign up] form on trading platform opened =>
2024-05-11 17:13:09.907220   => 'Sign up' form on trading platform page opened
2024-05-11 17:13:09.907243   Assert SIGNUP_HEADER =>
2024-05-11 17:13:09.916590   => SIGNUP_HEADER is OK
2024-05-11 17:13:09.916616   Assert SIGNUP_PRIVACY_POLICY_ALL_1 =>
2024-05-11 17:13:09.925678   => SIGNUP_PRIVACY_POLICY_ALL_1 is OK
2024-05-11 17:13:09.925702   Assert SIGNUP_REF_LOGIN =>
2024-05-11 17:13:09.934783   => SIGNUP_REF_LOGIN is OK
2024-05-11 17:13:09.934818   => 'Signup' form on trading platform page is checked
2024-05-11 17:13:09.934967   Close [Sign up] form with trading platform page =>
2024-05-11 17:13:10.684579   => [Sign up] form with trading platform page is closed
