{'width': 1280, 'height': 800}

2024-05-09 05:41:37.699543   worker_id = master

2024-05-09 05:41:37.699557   0. Allure grouping v4

2024-05-09 05:41:37.699740   START PRECONDITIONS =>

2024-05-09 05:41:37.699756   => URL after prev. preconditions - https://capital.com/zh
2024-05-09 05:41:37.699766   => flag_of_bug - False
2024-05-09 05:41:37.699776   => Current URL - https://capital.com/zh/swing-trading
2024-05-09 05:41:37.704866   Current page URL = https://capital.com/zh/swing-trading
2024-05-09 05:41:37.707258   self.link = https://capital.com/zh
2024-05-09 05:41:37.707272   driver.get(https://capital.com/zh) =>
2024-05-09 05:41:39.519095   => Loaded page https://capital.com/zh

2024-05-09 05:41:39.523752   => Windows size - {'width': 1280, 'height': 800}
2024-05-09 05:41:39.527246   Set windows position at (0, 0) =>
2024-05-09 05:41:39.528972   Set resolution 1280 * 800 =>
2024-05-09 05:41:39.530592   => Windows size is set to {'width': 1280, 'height': 800}

2024-05-09 05:41:40.569058   Капчи нет. Идем дальше

2024-05-09 05:41:40.569157   Работа с куками =>

2024-05-09 05:41:40.569173   => не требуется

2024-05-09 05:41:40.569183   Prev. country - 'ae'
2024-05-09 05:41:40.569192   Cur. country - 'ae'
2024-05-09 05:41:40.569201   => Country set to 'ae'

2024-05-09 05:41:40.569210   Prev. language - 'zh'
2024-05-09 05:41:40.569219   Cur. language - 'zh'
2024-05-09 05:41:40.569227   => Language is set to 'zh'

2024-05-09 05:41:40.569236   Prev. role - 'NoReg'
2024-05-09 05:41:40.569245   Cur. role - 'NoReg'
2024-05-09 05:41:40.569253   => The 'NoReg' role is set

2024-05-09 05:41:40.572432   => Current URL - https://capital.com/zh

2024-05-09 05:41:40.572456   => THE END PRECONDITIONS

2024-05-09 05:41:40.572661   1. Arrange_v0
2024-05-09 05:41:40.572678   current_page = https://capital.com/zh
2024-05-09 05:41:40.578152   link = https://capital.com/zh/swing-trading
2024-05-09 05:41:40.580718   Current page URL = https://capital.com/zh
2024-05-09 05:41:40.583145   self.link = https://capital.com/zh/swing-trading
2024-05-09 05:41:40.583159   driver.get(https://capital.com/zh/swing-trading) =>
2024-05-09 05:41:42.287796   => Loaded page https://capital.com/zh/swing-trading
2024-05-09 05:41:42.300644   => BUTTON_TRY_DEMO is present on this page
2024-05-09 05:41:42.300670   BUTTON_TRY_DEMO scroll =>
2024-05-09 05:41:42.303962   BUTTON_TRY_DEMO is visible? =>
2024-05-09 05:41:42.317976   => BUTTON_TRY_DEMO is visible on this page

2024-05-09 05:41:42.318158   2. Act_v0
2024-05-09 05:41:42.323696   BUTTON_TRY_DEMO is clickable? =>
2024-05-09 05:41:42.345091   => BUTTON_TRY_DEMO clicked!

2024-05-09 05:41:42.345305   3. Assert_v0
2024-05-09 05:41:42.345395   Start step Check that [Sign up] form is opened
2024-05-09 05:41:42.632884   'Sign up' form opened
2024-05-09 05:41:42.632926   Assert SIGNUP_HEADER =>
2024-05-09 05:41:42.643661   Assert SIGNUP_REF_LOGIN =>
2024-05-09 05:41:42.654364   Assert SIGNUP_PRIVACY_POLICY_ALL_2 =>
2024-05-09 05:41:42.665563   => SIGNUP_PRIVACY_POLICY_ALL
2024-05-09 05:41:42.665593   => 'Signup' form is checked
2024-05-09 05:41:42.665761   Start step Close [Sign up] form =>
2024-05-09 05:41:42.750950   => 'Signup' form closed
2024-05-09 05:41:43.027274   => Focus moved to 'capital*com' logo
