


Current market - Shares



Current sort - Top risers
{'width': 1280, 'height': 800}

2024-05-09 03:27:47.693824   worker_id = master

2024-05-09 03:27:47.693839   0. Allure grouping v4

2024-05-09 03:27:47.694028   START PRECONDITIONS =>

2024-05-09 03:27:47.694044   => URL after prev. preconditions - https://capital.com/zh
2024-05-09 03:27:47.694053   => flag_of_bug - True
2024-05-09 03:27:47.694064   => Current URL - https://capital.com/zh/etherum-pound-sterling-zou-shi-tu
2024-05-09 03:27:47.701721   Current page URL = https://capital.com/zh/etherum-pound-sterling-zou-shi-tu
2024-05-09 03:27:47.704353   self.link = https://capital.com/zh
2024-05-09 03:27:47.704367   driver.get(https://capital.com/zh) =>
2024-05-09 03:27:49.554965   => Loaded page https://capital.com/zh

2024-05-09 03:27:49.559490   => Windows size - {'width': 1280, 'height': 800}
2024-05-09 03:27:49.560905   Set windows position at (0, 0) =>
2024-05-09 03:27:49.562575   Set resolution 1280 * 800 =>
2024-05-09 03:27:49.565891   => Windows size is set to {'width': 1280, 'height': 800}

2024-05-09 03:27:50.611771   Капчи нет. Идем дальше

2024-05-09 03:27:50.611865   Работа с куками =>

2024-05-09 03:27:50.611879   => не требуется

2024-05-09 03:27:50.611889   Prev. country - 'ae'
2024-05-09 03:27:50.611899   Cur. country - 'ae'
2024-05-09 03:27:50.611908   => Country set to 'ae'

2024-05-09 03:27:50.611917   Prev. language - 'zh'
2024-05-09 03:27:50.611926   Cur. language - 'zh'
2024-05-09 03:27:50.611935   => Language is set to 'zh'

2024-05-09 03:27:50.611943   Prev. role - 'NoAuth'
2024-05-09 03:27:50.611952   Cur. role - 'NoAuth'
2024-05-09 03:27:50.611961   => The 'NoAuth' role is set

2024-05-09 03:27:50.616442   => Current URL - https://capital.com/zh

2024-05-09 03:27:50.616467   => THE END PRECONDITIONS

2024-05-09 03:27:50.616660   START Open "Markets" menu, "All Markets" submenu =>

2024-05-09 03:27:50.616676   1. Cur URL = https://capital.com/zh

2024-05-09 03:27:50.619199   2. Link = https://capital.com/zh
2024-05-09 03:27:50.619216   current_page = https://capital.com/zh
2024-05-09 03:27:50.621765   link = https://capital.com/zh
2024-05-09 03:27:51.136692   => 'Markets' menu is present
2024-05-09 03:27:51.156900   => 'Markets' menu is visible
2024-05-09 03:27:52.431249   => Focus moved to 'Markets' menu
2024-05-09 03:27:52.439866   => 'Markets > All Markets' submenu is present
2024-05-09 03:27:54.214000   => Focus moved to 'capital*com' logo

2024-05-09 03:27:54.214047   3. Cur URL = https://capital.com/zh/derivative-financial-instruments

2024-05-09 03:27:54.219661   1. Arrange for TABLE_TRADING_INSTRUMENTS and 'Top risers' cur_sort
2024-05-09 03:27:54.219685   current_page = https://capital.com/zh/derivative-financial-instruments
2024-05-09 03:27:54.222195   link = https://capital.com/zh/derivative-financial-instruments
2024-05-09 03:27:54.224694   TABLE_TRADING_INSTRUMENTS present on this page? =>
2024-05-09 03:27:54.232591   => TABLE_TRADING_INSTRUMENTS is present on the page!
2024-05-09 03:27:54.232614   IS MARKETS_LIST present on this page? =>
2024-05-09 03:27:54.239837   Start scroll to markets list =>
2024-05-09 03:27:54.243230   => MARKETS_LIST is present on the page!
2024-05-09 03:27:54.243254   Start scroll and click cur_market 'Shares' =>
2024-05-09 03:27:54.297097   => End Click cur_market "Shares"
2024-05-09 03:27:54.297152   IS FIELD_DROPDOWN_SORT present in the Live prices table? =>
2024-05-09 03:27:54.332984   =>  FIELD_DROPDOWN_SORT is present in the table!
2024-05-09 03:27:54.333033   Start scroll and click FIELD_DROPDOWN_SORT =>
2024-05-09 03:27:54.371819   Is item_sort_list visible on the FIELD_DROPDOWN_SORT ? =>
2024-05-09 03:27:54.390609   => item_sort_list is visible on the FIELD_DROPDOWN_SORT!
2024-05-09 03:27:54.390642   Is cur_sort "Top risers" present in item_sort_list? =>
2024-05-09 03:27:54.404900   => cur_sort "Top risers" is present in item_sort_list!
2024-05-09 03:27:54.404949   Start click cur_sort "Top risers" =>
2024-05-09 03:27:54.449338   => End Click cur_sort "Top risers"

2024-05-09 03:27:54.449397   Buttons [Buy] is visible and sum buttons no zero? =>
2024-05-09 03:27:54.458033   => Buttons [Buy] is visible and sum buttons no zero!

2024-05-09 03:27:54.458057   Start find 1 random buttons [Buy] on cur_sort "Top risers"=>
2024-05-09 03:27:54.463349   => End find 1 random buttons [Buy] on the cur_sort "Top risers"

2024-05-09 03:27:54.463390   List of random items = [1]
2024-05-09 03:27:54.463629   2. Act for trading instrument, cur_market Shares and "Top risers" cur_sort
2024-05-09 03:27:54.480356   Start click button [Buy] =>
2024-05-09 03:27:54.748519   Check that BUTTON_BUY with item 'AMZN' clickable =>
2024-05-09 03:27:54.766033   => BUTTON_BUY is clickable
2024-05-09 03:27:55.033582   =>   BUTTON_BUY on item 'AMZN' clicked

2024-05-09 03:27:55.033818   3. Assert_Login_v0
2024-05-09 03:27:55.033900   Check that 'Login' form is opened
2024-05-09 03:28:01.171746   'Login' form not opened
2024-05-09 03:28:01.171932   Check that new 'Login' form is opened
2024-05-09 03:28:04.258899   => New 'Login' form not opened
2024-05-09 03:28:04.261727   'Login' page not opened
2024-05-09 03:28:07.337019   'Login' form on trading platform not opened
2024-05-09 03:28:07.337217   Start step Check that [Sign up] form is opened
2024-05-09 03:28:07.350210   'Sign up' form opened
2024-05-09 03:28:07.350233   Assert SIGNUP_HEADER =>
2024-05-09 03:28:07.362359   Assert SIGNUP_REF_LOGIN =>
2024-05-09 03:28:07.374270   Assert SIGNUP_PRIVACY_POLICY_ALL_2 =>
2024-05-09 03:28:07.386299   => SIGNUP_PRIVACY_POLICY_ALL
2024-05-09 03:28:07.386321   => 'Signup' form is checked

Bug: Bid:01.01.00_002-zh.ae.NoAuth

2024-05-09 03:28:07.386377   Проверка бага в таблице ретеста  =>

2024-05-09 03:28:07.677747   4. Fixing one row check results into Google Sheet Bugs Report =>
1 cells updated.
2024-05-09 03:28:07.868467   => 4. One row check results into Google Sheet Bugs Report fixed

2024-05-09 03:28:10.318952   4. Fixing one row check results into Google Sheet Bugs Report =>
1 cells updated.
2024-05-09 03:28:10.534750   => 4. One row check results into Google Sheet Bugs Report fixed

2024-05-09 03:28:10.534989   4. Fixing one row check results into Google Sheet Bugs Report =>
1 cells updated.
2024-05-09 03:28:10.742880   => 4. One row check results into Google Sheet Bugs Report fixed

2024-05-09 03:28:10.742963   Баг Bid:01.01.00_002-zh.ae.NoAuth уже существует, но у него изменился тип с  на 05

2024-05-09 03:28:10.743145   4. Fixing one row check results into Google Sheet Bugs Report =>
1 cells updated.
2024-05-09 03:28:10.947037   => 4. One row check results into Google Sheet Bugs Report fixed

2024-05-09 03:28:10.949026   Баг Bid:01.01.00_002-zh.ae.NoAuth-05 обнаружен ранее и уже находится в 'Bugs Report Auto detect'
