{'width': 1280, 'height': 800}

2024-04-23 07:10:47.756383   worker_id = master

2024-04-23 07:10:47.756397   0. Allure grouping v4

2024-04-23 07:10:47.756578   START PRECONDITIONS =>

2024-04-23 07:10:47.756593   => URL after prev. preconditions - https://capital.com/de
2024-04-23 07:10:47.756603   => flag_of_bug - True
2024-04-23 07:10:47.756613   => Current URL - https://capital.com/de/trading-strategien-leitfaden
2024-04-23 07:10:47.762392   Current page URL = https://capital.com/de/trading-strategien-leitfaden
2024-04-23 07:10:47.765080   self.link = https://capital.com/de
2024-04-23 07:10:47.765102   driver.get(https://capital.com/de) =>
2024-04-23 07:10:49.517061   => Loaded page https://capital.com/de

2024-04-23 07:10:49.521181   => Windows size - {'width': 1280, 'height': 800}
2024-04-23 07:10:49.522549   Set windows position at (0, 0) =>
2024-04-23 07:10:49.626878   Set resolution 1280 * 800 =>
2024-04-23 07:10:49.728909   => Windows size is set to {'width': 1280, 'height': 800}

2024-04-23 07:10:50.764954   Капчи нет. Идем дальше

2024-04-23 07:10:50.765039   Работа с куками =>

2024-04-23 07:10:50.765053   => не требуется

2024-04-23 07:10:50.765062   Prev. country - 'de'
2024-04-23 07:10:50.765071   Cur. country - 'de'
2024-04-23 07:10:50.765081   => Country set to 'de'

2024-04-23 07:10:50.765089   Prev. language - 'de'
2024-04-23 07:10:50.765098   Cur. language - 'de'
2024-04-23 07:10:50.765107   => Language is set to 'de'

2024-04-23 07:10:50.765116   Prev. role - 'NoAuth'
2024-04-23 07:10:50.765124   Cur. role - 'NoAuth'
2024-04-23 07:10:50.765133   => The 'NoAuth' role is set

2024-04-23 07:10:50.767828   => Current URL - https://capital.com/de

2024-04-23 07:10:50.767850   => THE END PRECONDITIONS
2024-04-23 07:10:51.273930   => Education menu is present in DOM
2024-04-23 07:10:51.280155   => Education menu is visible
2024-04-23 07:10:52.568239   => Focus moved to Education menu

2024-04-23 07:10:54.049255   1. Arrange_v4
2024-04-23 07:10:54.049292   current_page = https://capital.com/de/trading-strategien-leitfaden
2024-04-23 07:10:54.052351   link = https://capital.com/de/trading-strategien-leitfaden
2024-04-23 07:10:54.054971   MOST_TRADED is present? =>
2024-04-23 07:10:54.063941   => MOST_TRADED widget is present on this page
2024-04-23 07:10:54.063967   => Found 5 elements in block MOST_TRADED
2024-04-23 07:10:54.063978   Most traded widget is scroll =>
2024-04-23 07:10:54.067820   => Most traded widget is scrolled into screen center

2024-04-23 07:10:54.067860   Random indexes = [3]

2024-04-23 07:10:54.067875   Testing Most traded 1 random element with 3 index

2024-04-23 07:10:54.068012   2. Act_v4
2024-04-23 07:10:54.068104   Start Checking that form [Sign up] popped up on the page =>
2024-04-23 07:10:55.611764   '[Sign up]' form was not popped up
2024-04-23 07:10:55.624593   instrument_title = 'Ripple to US Dollar'
2024-04-23 07:10:55.629513   Selected Trade button on Most traded widget is scroll =>
2024-04-23 07:10:55.633200   Selected Trade button click for 'Ripple to US Dollar' trading instrument =>
2024-04-23 07:10:56.700547   => Selected Trade button clicked!

2024-04-23 07:10:56.700751   3. Assert_Login_v0
2024-04-23 07:10:56.700832   Check that 'Login' form is opened
2024-04-23 07:10:56.952805   'Login' form opened
2024-04-23 07:10:56.952847   Assert LOGIN_REF_SIGNUP =>
2024-04-23 07:10:56.966967   Assert LOGIN_CHECKBOX =>
2024-04-23 07:10:56.981440   Assert LOGIN_PASS_FORGOT =>
2024-04-23 07:10:56.995016   => 'Login' form is checked
2024-04-23 07:10:57.015194   Click 'Close' button on 'Login' form =>
2024-04-23 07:10:57.341586   => Focus moved to 'capital*com' logo
2024-04-23 07:10:57.341629   => 'Login' form closed
