{'width': 1280, 'height': 800}

2024-04-23 06:36:32.760720   worker_id = master

2024-04-23 06:36:32.760735   0. Allure grouping v4

2024-04-23 06:36:32.760927   START PRECONDITIONS =>

2024-04-23 06:36:32.760943   => URL after prev. preconditions - https://capital.com/de
2024-04-23 06:36:32.760954   => flag_of_bug - False
2024-04-23 06:36:32.760965   => Current URL - https://capital.com/de/euraud-handel
2024-04-23 06:36:32.765968   Current page URL = https://capital.com/de/euraud-handel
2024-04-23 06:36:32.768404   self.link = https://capital.com/de
2024-04-23 06:36:32.768418   driver.get(https://capital.com/de) =>
2024-04-23 06:36:34.670603   => Loaded page https://capital.com/de

2024-04-23 06:36:34.676733   => Windows size - {'width': 1280, 'height': 800}
2024-04-23 06:36:34.678091   Set windows position at (0, 0) =>
2024-04-23 06:36:34.780324   Set resolution 1280 * 800 =>
2024-04-23 06:36:34.882437   => Windows size is set to {'width': 1280, 'height': 800}

2024-04-23 06:36:35.925006   Капчи нет. Идем дальше

2024-04-23 06:36:35.925120   Работа с куками =>

2024-04-23 06:36:35.925143   => не требуется

2024-04-23 06:36:35.925156   Prev. country - 'de'
2024-04-23 06:36:35.925168   Cur. country - 'de'
2024-04-23 06:36:35.925180   => Country set to 'de'

2024-04-23 06:36:35.925192   Prev. language - 'de'
2024-04-23 06:36:35.925203   Cur. language - 'de'
2024-04-23 06:36:35.925215   => Language is set to 'de'

2024-04-23 06:36:35.925226   Prev. role - 'Auth'
2024-04-23 06:36:35.925237   Cur. role - 'Auth'
2024-04-23 06:36:35.925248   => The 'Auth' role is set

2024-04-23 06:36:35.927960   => Current URL - https://capital.com/de

2024-04-23 06:36:35.927982   => THE END PRECONDITIONS

2024-04-23 06:36:35.928170   1. Arrange_v0
2024-04-23 06:36:35.928188   current_page = https://capital.com/de
2024-04-23 06:36:35.930693   link = https://capital.com/de/euraud-handel
2024-04-23 06:36:35.933072   Current page URL = https://capital.com/de
2024-04-23 06:36:35.935462   self.link = https://capital.com/de/euraud-handel
2024-04-23 06:36:35.935476   driver.get(https://capital.com/de/euraud-handel) =>
2024-04-23 06:36:38.021264   => Loaded page https://capital.com/de/euraud-handel
2024-04-23 06:36:38.036793   => BUTTON_TRY_DEMO is present on this page
2024-04-23 06:36:38.036819   BUTTON_TRY_DEMO scroll =>
2024-04-23 06:36:38.044531   BUTTON_TRY_DEMO is visible? =>
2024-04-23 06:36:38.072559   => BUTTON_TRY_DEMO is visible on this page

2024-04-23 06:36:38.072749   2. Act_v0
2024-04-23 06:36:38.080986   BUTTON_TRY_DEMO is clickable? =>
2024-04-23 06:36:38.105748   => BUTTON_TRY_DEMO clicked!

2024-04-23 06:36:38.106007   3. Assert_v4

2024-04-23 06:36:38.106028   
2024-04-23 06:36:38.106135   Checking that the trading platform page has opened (v4) =>
2024-04-23 06:36:39.331381   Checking way # 1 => 

2024-04-23 06:36:39.331552   1. Checking that the Trading platform (or TradingView site) page has valid title =>
2024-04-23 06:36:39.333958   => The title of current page is 'Trading Platform | Capital.com'

2024-04-23 06:36:39.334025   2. Checking that the LOGO is present on the page =>
2024-04-23 06:36:40.272899   => 'capital*com' logo is present on the current page

2024-04-23 06:36:40.272945   tpd = True
2024-04-23 06:36:40.272999   3.1. Checking that the Trading platform opened in DEMO mode =>
2024-04-23 06:36:40.754504   => The page with https://capital.com/trading/platform/?mode=demo url was opened in DEMO mode
2024-04-23 06:36:42.172615   => Driver.backed
