{'width': 1280, 'height': 800}

2024-04-23 07:15:46.206247   worker_id = master

2024-04-23 07:15:46.206261   0. Allure grouping v4

2024-04-23 07:15:46.206438   START PRECONDITIONS =>

2024-04-23 07:15:46.206454   => URL after prev. preconditions - https://capital.com/de
2024-04-23 07:15:46.206464   => flag_of_bug - False
2024-04-23 07:15:46.206474   => Current URL - https://apps.apple.com/ie/app/capital-com-trading-finance/id1230088754?mt=8
2024-04-23 07:15:46.211373   Current page URL = https://apps.apple.com/ie/app/capital-com-trading-finance/id1230088754?mt=8
2024-04-23 07:15:46.213750   self.link = https://capital.com/de
2024-04-23 07:15:46.213763   driver.get(https://capital.com/de) =>
2024-04-23 07:15:48.090303   => Loaded page https://capital.com/de

2024-04-23 07:15:48.095163   => Windows size - {'width': 1280, 'height': 800}
2024-04-23 07:15:48.098166   Set windows position at (0, 0) =>
2024-04-23 07:15:48.200148   Set resolution 1280 * 800 =>
2024-04-23 07:15:48.302431   => Windows size is set to {'width': 1280, 'height': 800}

2024-04-23 07:15:49.342970   Капчи нет. Идем дальше

2024-04-23 07:15:49.343059   Работа с куками =>

2024-04-23 07:15:49.343073   => не требуется

2024-04-23 07:15:49.343083   Prev. country - 'de'
2024-04-23 07:15:49.343092   Cur. country - 'de'
2024-04-23 07:15:49.343101   => Country set to 'de'

2024-04-23 07:15:49.343110   Prev. language - 'de'
2024-04-23 07:15:49.343119   Cur. language - 'de'
2024-04-23 07:15:49.343127   => Language is set to 'de'

2024-04-23 07:15:49.343136   Prev. role - 'NoReg'
2024-04-23 07:15:49.343145   Cur. role - 'NoReg'
2024-04-23 07:15:49.343153   => The 'NoReg' role is set

2024-04-23 07:15:49.347803   => Current URL - https://capital.com/de

2024-04-23 07:15:49.347828   => THE END PRECONDITIONS

2024-04-23 07:15:49.347877   1. Arrange
2024-04-23 07:15:49.347891   current_page = https://capital.com/de
2024-04-23 07:15:49.350390   link = https://capital.com/de/positionstrading
2024-04-23 07:15:49.352844   Current page URL = https://capital.com/de
2024-04-23 07:15:49.355275   self.link = https://capital.com/de/positionstrading
2024-04-23 07:15:49.355289   driver.get(https://capital.com/de/positionstrading) =>
2024-04-23 07:15:51.133947   => Loaded page https://capital.com/de/positionstrading
2024-04-23 07:15:51.138344   Is visible BUTTON_EXPLORE_WEB_PLATFORM? =>
2024-04-23 07:15:51.152555   => BUTTON_EXPLORE_WEB_PLATFORM is visible on the page!

2024-04-23 07:15:51.152705   2. Act
2024-04-23 07:15:51.160037   1 checking element(s) with current CSS locator is(are) present(s) on this page
2024-04-23 07:15:51.898602   => BUTTON_EXPLORE_WEB_PLATFORM IS CLICKED

2024-04-23 07:15:51.898832   3. Assert_v0
2024-04-23 07:15:51.898974   Start method Check that [Sign up] page opened =>
2024-04-23 07:15:51.902069   'Sign up' page opened on the Trading Platform
2024-04-23 07:15:51.902091   SIGNUP_FRAME =>
2024-04-23 07:15:53.457540   INPUT_EMAIL =>
2024-04-23 07:15:53.689513   INPUT_PASS =>
2024-04-23 07:15:53.881870   BUTTON_CONTINUE =>
