{'width': 1280, 'height': 800}

2024-04-09 11:55:16.657888   worker_id = master

2024-04-09 11:55:16.657903   0. Allure grouping v4

2024-04-09 11:55:16.658103   START PRECONDITIONS =>

2024-04-09 11:55:16.658118   => URL after prev. preconditions - https://capital.com/zh
2024-04-09 11:55:16.658128   => flag_of_bug - False
2024-04-09 11:55:16.658139   => Current URL - https://capital.com/zh/trading-strategies-guide
2024-04-09 11:55:16.663532   Current page URL = https://capital.com/zh/trading-strategies-guide
2024-04-09 11:55:16.666085   self.link = https://capital.com/zh
2024-04-09 11:55:16.666099   driver.get(https://capital.com/zh) =>
2024-04-09 11:55:18.589876   => Loaded page https://capital.com/zh

2024-04-09 11:55:18.594122   => Windows size - {'width': 1280, 'height': 800}
2024-04-09 11:55:18.595472   Set windows position at (0, 0) =>
2024-04-09 11:55:18.697618   Set resolution 1280 * 800 =>
2024-04-09 11:55:18.800260   => Windows size is set to {'width': 1280, 'height': 800}

2024-04-09 11:55:19.845563   Капчи нет. Идем дальше

2024-04-09 11:55:19.845655   Работа с куками =>

2024-04-09 11:55:19.845669   => не требуется

2024-04-09 11:55:19.845679   Prev. country - 'ae'
2024-04-09 11:55:19.845688   Cur. country - 'ae'
2024-04-09 11:55:19.845697   => Country set to 'ae'

2024-04-09 11:55:19.845706   Prev. language - 'zh'
2024-04-09 11:55:19.845715   Cur. language - 'zh'
2024-04-09 11:55:19.845724   => Language is set to 'zh'

2024-04-09 11:55:19.845732   Prev. role - 'NoAuth'
2024-04-09 11:55:19.845741   Cur. role - 'NoAuth'
2024-04-09 11:55:19.845750   => The 'NoAuth' role is set

2024-04-09 11:55:19.848429   => Current URL - https://capital.com/zh

2024-04-09 11:55:19.848454   => THE END PRECONDITIONS
2024-04-09 11:55:20.355340   => Education menu is present in DOM
2024-04-09 11:55:20.360262   => Education menu is visible
2024-04-09 11:55:21.635392   => Focus moved to Education menu

2024-04-09 11:55:23.176515   1. Arrange_v0
2024-04-09 11:55:23.176561   current_page = https://capital.com/zh/trading-strategies-guide
2024-04-09 11:55:23.179781   link = https://capital.com/zh/trading-strategies-guide
2024-04-09 11:55:23.182310   BUTTON_CREATE_YOUR_ACCOUNT is located on the page? =>

2024-04-09 11:55:23.193068   2. Act_v0: Define of locator

2024-04-09 11:55:23.193099   2. Act_v0: Go to web element

2024-04-09 11:55:24.252644   2. Act_v0: Click web element
2024-04-09 11:55:24.279518   => BUTTON_CREATE_YOUR_ACCOUNT is clicked

2024-04-09 11:55:24.279737   3. Assert_v0
2024-04-09 11:55:24.279827   Start step Check that [Sign up] form is opened
2024-04-09 11:55:24.499318   'Sign up' form opened
2024-04-09 11:55:24.499370   Assert SIGNUP_HEADER =>
2024-04-09 11:55:24.512923   Assert SIGNUP_REF_LOGIN =>
2024-04-09 11:55:24.523789   Assert SIGNUP_PRIVACY_POLICY_ALL_2 =>
2024-04-09 11:55:24.534391   => SIGNUP_PRIVACY_POLICY_ALL
2024-04-09 11:55:24.534421   => 'Signup' form is checked
2024-04-09 11:55:24.534622   Start step Close [Sign up] form =>
2024-04-09 11:55:24.599685   => 'Signup' form closed
2024-04-09 11:55:24.884990   => Focus moved to 'capital*com' logo
