


Current tab - most_traded
{'width': 1280, 'height': 800}

2024-04-09 11:43:27.979321   worker_id = master

2024-04-09 11:43:27.979335   0. Allure grouping v4

2024-04-09 11:43:27.979509   START PRECONDITIONS =>

2024-04-09 11:43:27.979524   => URL after prev. preconditions - https://capital.com/zh
2024-04-09 11:43:27.979534   => flag_of_bug - False
2024-04-09 11:43:27.979545   => Current URL - https://capital.com/zh/trade-ftsemib
2024-04-09 11:43:27.984934   Current page URL = https://capital.com/zh/trade-ftsemib
2024-04-09 11:43:27.987507   self.link = https://capital.com/zh
2024-04-09 11:43:27.987521   driver.get(https://capital.com/zh) =>
2024-04-09 11:43:29.909163   => Loaded page https://capital.com/zh

2024-04-09 11:43:29.913494   => Windows size - {'width': 1280, 'height': 800}
2024-04-09 11:43:29.914854   Set windows position at (0, 0) =>
2024-04-09 11:43:30.018987   Set resolution 1280 * 800 =>
2024-04-09 11:43:30.124518   => Windows size is set to {'width': 1280, 'height': 800}

2024-04-09 11:43:31.157827   Капчи нет. Идем дальше

2024-04-09 11:43:31.157923   Работа с куками =>

2024-04-09 11:43:31.157937   => не требуется

2024-04-09 11:43:31.157947   Prev. country - 'ae'
2024-04-09 11:43:31.157956   Cur. country - 'ae'
2024-04-09 11:43:31.157965   => Country set to 'ae'

2024-04-09 11:43:31.157974   Prev. language - 'zh'
2024-04-09 11:43:31.157983   Cur. language - 'zh'
2024-04-09 11:43:31.157991   => Language is set to 'zh'

2024-04-09 11:43:31.158000   Prev. role - 'NoAuth'
2024-04-09 11:43:31.158008   Cur. role - 'NoAuth'
2024-04-09 11:43:31.158017   => The 'NoAuth' role is set

2024-04-09 11:43:31.160928   => Current URL - https://capital.com/zh

2024-04-09 11:43:31.160952   => THE END PRECONDITIONS

2024-04-09 11:43:31.161002   1. Arrange for Indices finance instrument and "most_traded" tab
2024-04-09 11:43:31.161017   current_page = https://capital.com/zh
2024-04-09 11:43:31.163562   link = https://capital.com/zh/trade-ftsemib
2024-04-09 11:43:31.167940   Current page URL = https://capital.com/zh
2024-04-09 11:43:31.170419   self.link = https://capital.com/zh/trade-ftsemib
2024-04-09 11:43:31.170433   driver.get(https://capital.com/zh/trade-ftsemib) =>
2024-04-09 11:43:33.249236   => Loaded page https://capital.com/zh/trade-ftsemib
2024-04-09 11:43:33.253685   Save current screenshot into PNG file
2024-04-09 11:43:33.330226   IS CFDs TABLE visible on the page? =>
2024-04-09 11:43:34.369449   => CFDs TABLE is NOT visible on the page!

