{'width': 1280, 'height': 800}

2024-04-09 11:49:23.746265   worker_id = master

2024-04-09 11:49:23.746279   0. Allure grouping v4

2024-04-09 11:49:23.746463   START PRECONDITIONS =>

2024-04-09 11:49:23.746478   => URL after prev. preconditions - https://capital.com/zh
2024-04-09 11:49:23.746488   => flag_of_bug - False
2024-04-09 11:49:23.746499   => Current URL - https://capital.com/zh/trade-hangseng
2024-04-09 11:49:23.756611   Current page URL = https://capital.com/zh/trade-hangseng
2024-04-09 11:49:23.759076   self.link = https://capital.com/zh
2024-04-09 11:49:23.759090   driver.get(https://capital.com/zh) =>
2024-04-09 11:49:25.765335   => Loaded page https://capital.com/zh

2024-04-09 11:49:25.770422   => Windows size - {'width': 1280, 'height': 800}
2024-04-09 11:49:25.771917   Set windows position at (0, 0) =>
2024-04-09 11:49:25.874184   Set resolution 1280 * 800 =>
2024-04-09 11:49:25.976593   => Windows size is set to {'width': 1280, 'height': 800}

2024-04-09 11:49:27.005595   Капчи нет. Идем дальше

2024-04-09 11:49:27.005689   Работа с куками =>

2024-04-09 11:49:27.005703   => не требуется

2024-04-09 11:49:27.005713   Prev. country - 'ae'
2024-04-09 11:49:27.005722   Cur. country - 'ae'
2024-04-09 11:49:27.005731   => Country set to 'ae'

2024-04-09 11:49:27.005740   Prev. language - 'zh'
2024-04-09 11:49:27.005749   Cur. language - 'zh'
2024-04-09 11:49:27.005757   => Language is set to 'zh'

2024-04-09 11:49:27.005766   Prev. role - 'Auth'
2024-04-09 11:49:27.005774   Cur. role - 'Auth'
2024-04-09 11:49:27.005783   => The 'Auth' role is set

2024-04-09 11:49:27.008515   => Current URL - https://capital.com/zh

2024-04-09 11:49:27.008538   => THE END PRECONDITIONS

2024-04-09 11:49:27.008584   1. Arrange
2024-04-09 11:49:27.008598   current_page = https://capital.com/zh
2024-04-09 11:49:27.011057   link = https://capital.com/zh/trade-hangseng

2024-04-09 11:49:27.013504   Open page: https://capital.com/zh/trade-hangseng
2024-04-09 11:49:27.013524   Current page URL = https://capital.com/zh
2024-04-09 11:49:27.016167   self.link = https://capital.com/zh/trade-hangseng
2024-04-09 11:49:27.016181   driver.get(https://capital.com/zh/trade-hangseng) =>
2024-04-09 11:49:29.158806   => Loaded page https://capital.com/zh/trade-hangseng
2024-04-09 11:49:29.163210   BUTTON_ON_HOR_BANNER is present? =>
2024-04-09 11:49:29.171257   => BUTTON_ON_HOR_BANNER is present on this page
2024-04-09 11:49:29.171286   BUTTON_ON_HOR_BANNER scroll =>
2024-04-09 11:49:29.235491   BUTTON_ON_HOR_BANNER is visible? =>
2024-04-09 11:49:29.268424   => BUTTON_ON_HOR_BANNER is visible on the page!
2024-04-09 11:49:29.268614   Start Checking that form [Sign up] popped up on the page =>
2024-04-09 11:49:30.806910   '[Sign up]' form was not popped up

2024-04-09 11:49:30.807097   2. Act

2024-04-09 11:49:30.824084   => Button on Horizontal banner is clickable

2024-04-09 11:49:30.828741   data_id = 430
2024-04-09 11:49:31.532770   => BUTTON_ON_HOR_BANNER clicked!
2024-04-09 11:49:31.532869   For Horizontal banner [type-id=430] Trading platform should be open in Live Mode =>

2024-04-09 11:49:31.533041   3. Assert_v4

2024-04-09 11:49:31.533058   
2024-04-09 11:49:31.533160   Checking that the trading platform page has opened (v4) =>
2024-04-09 11:49:31.538403   Checking way # 1 => 

2024-04-09 11:49:31.538521   1. Checking that the Trading platform (or TradingView site) page has valid title =>
2024-04-09 11:49:31.541335   => The title of current page is 'Trading Platform | Capital.com'

2024-04-09 11:49:31.541403   2. Checking that the LOGO is present on the page =>
2024-04-09 11:49:32.514117   => 'capital*com' logo is present on the current page

2024-04-09 11:49:32.514170   tpd = False
2024-04-09 11:49:33.577413   => Driver.backed
