{'width': 1280, 'height': 800}

2024-04-09 11:57:16.108213   worker_id = master

2024-04-09 11:57:16.108227   0. Allure grouping v4

2024-04-09 11:57:16.108413   START PRECONDITIONS =>

2024-04-09 11:57:16.108428   => URL after prev. preconditions - https://capital.com/zh
2024-04-09 11:57:16.108438   => flag_of_bug - False
2024-04-09 11:57:16.108448   => Current URL - https://apps.apple.com/ie/app/capital-com-trading-finance/id1230088754?mt=8
2024-04-09 11:57:16.113748   Current page URL = https://apps.apple.com/ie/app/capital-com-trading-finance/id1230088754?mt=8
2024-04-09 11:57:16.117252   self.link = https://capital.com/zh
2024-04-09 11:57:16.117266   driver.get(https://capital.com/zh) =>
2024-04-09 11:57:19.463390   => Loaded page https://capital.com/zh

2024-04-09 11:57:19.468612   => Windows size - {'width': 1280, 'height': 800}
2024-04-09 11:57:19.470132   Set windows position at (0, 0) =>
2024-04-09 11:57:19.572516   Set resolution 1280 * 800 =>
2024-04-09 11:57:19.675061   => Windows size is set to {'width': 1280, 'height': 800}

2024-04-09 11:57:20.722633   Капчи нет. Идем дальше

2024-04-09 11:57:20.722724   Работа с куками =>

2024-04-09 11:57:20.722738   => не требуется

2024-04-09 11:57:20.722749   Prev. country - 'ae'
2024-04-09 11:57:20.722758   Cur. country - 'ae'
2024-04-09 11:57:20.722767   => Country set to 'ae'

2024-04-09 11:57:20.722776   Prev. language - 'zh'
2024-04-09 11:57:20.722785   Cur. language - 'zh'
2024-04-09 11:57:20.722793   => Language is set to 'zh'

2024-04-09 11:57:20.722802   Prev. role - 'Auth'
2024-04-09 11:57:20.722811   Cur. role - 'Auth'
2024-04-09 11:57:20.722819   => The 'Auth' role is set

2024-04-09 11:57:20.725781   => Current URL - https://capital.com/zh

2024-04-09 11:57:20.725808   => THE END PRECONDITIONS

2024-04-09 11:57:20.725864   1. Arrange
2024-04-09 11:57:20.725878   current_page = https://capital.com/zh
2024-04-09 11:57:20.728435   link = https://capital.com/zh/fibonnaci-retracement
2024-04-09 11:57:20.730973   Current page URL = https://capital.com/zh
2024-04-09 11:57:20.733353   self.link = https://capital.com/zh/fibonnaci-retracement
2024-04-09 11:57:20.733368   driver.get(https://capital.com/zh/fibonnaci-retracement) =>
2024-04-09 11:57:22.734132   => Loaded page https://capital.com/zh/fibonnaci-retracement
2024-04-09 11:57:22.737537   Is visible BUTTON_EXPLORE_WEB_PLATFORM? =>
2024-04-09 11:57:22.752388   => BUTTON_EXPLORE_WEB_PLATFORM is visible on the page!

2024-04-09 11:57:22.752539   2. Act
2024-04-09 11:57:22.759975   1 checking element(s) with current CSS locator is(are) present(s) on this page
2024-04-09 11:57:23.422378   => BUTTON_EXPLORE_WEB_PLATFORM IS CLICKED

2024-04-09 11:57:23.422722   3. Assert_v4

2024-04-09 11:57:23.422753   
2024-04-09 11:57:23.422960   Checking that the trading platform page has opened (v4) =>
2024-04-09 11:57:23.431498   Checking way # 1 => 

2024-04-09 11:57:23.431689   1. Checking that the Trading platform (or TradingView site) page has valid title =>
2024-04-09 11:57:23.435663   => The title of current page is 'Trading Platform | Capital.com'

2024-04-09 11:57:23.435772   2. Checking that the LOGO is present on the page =>
2024-04-09 11:57:25.075736   => 'capital*com' logo is present on the current page

2024-04-09 11:57:25.075784   tpd = False
2024-04-09 11:57:26.023181   => Driver.backed
