{'width': 1280, 'height': 800}

2024-04-09 10:19:50.804647   worker_id = master

2024-04-09 10:19:50.804662   0. Allure grouping v4

2024-04-09 10:19:50.804857   START PRECONDITIONS =>

2024-04-09 10:19:50.804873   => URL after prev. preconditions - https://capital.com/zh
2024-04-09 10:19:50.804882   => flag_of_bug - False
2024-04-09 10:19:50.804893   => Current URL - https://capital.com/zh/usd-jpy-feilv
2024-04-09 10:19:50.810812   Current page URL = https://capital.com/zh/usd-jpy-feilv
2024-04-09 10:19:50.813598   self.link = https://capital.com/zh
2024-04-09 10:19:50.813613   driver.get(https://capital.com/zh) =>
2024-04-09 10:19:52.632148   => Loaded page https://capital.com/zh

2024-04-09 10:19:52.636655   => Windows size - {'width': 1280, 'height': 800}
2024-04-09 10:19:52.638016   Set windows position at (0, 0) =>
2024-04-09 10:19:52.740400   Set resolution 1280 * 800 =>
2024-04-09 10:19:52.842974   => Windows size is set to {'width': 1280, 'height': 800}

2024-04-09 10:19:53.877353   Капчи нет. Идем дальше

2024-04-09 10:19:53.877453   Работа с куками =>

2024-04-09 10:19:53.877468   => не требуется

2024-04-09 10:19:53.877478   Prev. country - 'ae'
2024-04-09 10:19:53.877487   Cur. country - 'ae'
2024-04-09 10:19:53.877496   => Country set to 'ae'

2024-04-09 10:19:53.877505   Prev. language - 'zh'
2024-04-09 10:19:53.877514   Cur. language - 'zh'
2024-04-09 10:19:53.877523   => Language is set to 'zh'

2024-04-09 10:19:53.877531   Prev. role - 'NoAuth'
2024-04-09 10:19:53.877540   Cur. role - 'NoAuth'
2024-04-09 10:19:53.877549   => The 'NoAuth' role is set

2024-04-09 10:19:53.880292   => Current URL - https://capital.com/zh

2024-04-09 10:19:53.880316   => THE END PRECONDITIONS

2024-04-09 10:19:53.880513 1.Arrange_v0
2024-04-09 10:19:53.880531   current_page = https://capital.com/zh
2024-04-09 10:19:53.883024   link = https://capital.com/zh/usd-jpy-feilv
2024-04-09 10:19:53.885412   Current page URL = https://capital.com/zh
2024-04-09 10:19:53.887845   self.link = https://capital.com/zh/usd-jpy-feilv
2024-04-09 10:19:53.887859   driver.get(https://capital.com/zh/usd-jpy-feilv) =>
2024-04-09 10:19:55.587467   => Loaded page https://capital.com/zh/usd-jpy-feilv
2024-04-09 10:19:55.592105 BUTTON_NOTIFICATION is located on the page? =>
2024-04-09 10:19:55.603221   Is BUTTON_NOTIFICATION present on the page? =>
2024-04-09 10:19:55.603263   => BUTTON_NOTIFICATION is present on the page
2024-04-09 10:19:55.603273   [Notification] button scroll =>
2024-04-09 10:19:55.607013   Start Checking that form [Sign up] popped up on the page =>
2024-04-09 10:19:57.143407   '[Sign up]' form was not popped up

2024-04-09 10:19:57.143599   2. Act_v0
2024-04-09 10:19:57.143615   Start Click button [Notification] =>
2024-04-09 10:19:57.158731 BUTTON_NOTIFICATION is clickable =>
2024-04-09 10:19:57.191286 => BUTTON_NOTIFICATION clicked
Trade instrument from Full test is True
Test element is <pages.Elements.AssertClass.AssertClass object at 0x7f60d79e25a0>

2024-04-09 10:19:57.191551   3. Assert_Login_v0
2024-04-09 10:19:57.191634   Check that 'Login' form is opened
2024-04-09 10:19:57.556292   'Login' form opened
2024-04-09 10:19:57.556341   Assert LOGIN_REF_SIGNUP =>
2024-04-09 10:19:57.568430   Assert LOGIN_CHECKBOX =>
2024-04-09 10:19:57.578336   Assert LOGIN_PASS_FORGOT =>
2024-04-09 10:19:57.591295   => 'Login' form is checked
2024-04-09 10:19:57.608783   Click 'Close' button on 'Login' form =>
2024-04-09 10:19:57.947932   => Focus moved to 'capital*com' logo
2024-04-09 10:19:57.947976   => 'Login' form closed
