{'width': 1280, 'height': 800}

2024-04-24 18:00:45.408086   worker_id = master

2024-04-24 18:00:45.408100   0. Allure grouping v4

2024-04-24 18:00:45.408280   START PRECONDITIONS =>

2024-04-24 18:00:45.408296   => URL after prev. preconditions - https://capital.com/zh
2024-04-24 18:00:45.408305   => flag_of_bug - True
2024-04-24 18:00:45.408316   => Current URL - https://capital.com/zh/live-commodity-prices?t=volatile
2024-04-24 18:00:45.413646   Current page URL = https://capital.com/zh/live-commodity-prices?t=volatile
2024-04-24 18:00:45.416158   self.link = https://capital.com/zh
2024-04-24 18:00:45.416172   driver.get(https://capital.com/zh) =>
2024-04-24 18:00:47.405442   => Loaded page https://capital.com/zh

2024-04-24 18:00:47.409627   => Windows size - {'width': 1280, 'height': 800}
2024-04-24 18:00:47.410988   Set windows position at (0, 0) =>
2024-04-24 18:00:47.412623   Set resolution 1280 * 800 =>
2024-04-24 18:00:47.414232   => Windows size is set to {'width': 1280, 'height': 800}

2024-04-24 18:00:48.453142   Капчи нет. Идем дальше

2024-04-24 18:00:48.453230   Работа с куками =>

2024-04-24 18:00:48.453244   => не требуется

2024-04-24 18:00:48.453253   Prev. country - 'ae'
2024-04-24 18:00:48.453262   Cur. country - 'ae'
2024-04-24 18:00:48.453271   => Country set to 'ae'

2024-04-24 18:00:48.453280   Prev. language - 'zh'
2024-04-24 18:00:48.453289   Cur. language - 'zh'
2024-04-24 18:00:48.453298   => Language is set to 'zh'

2024-04-24 18:00:48.453306   Prev. role - 'NoAuth'
2024-04-24 18:00:48.453315   Cur. role - 'NoAuth'
2024-04-24 18:00:48.453324   => The 'NoAuth' role is set

2024-04-24 18:00:48.456266   => Current URL - https://capital.com/zh

2024-04-24 18:00:48.456288   => THE END PRECONDITIONS

2024-04-24 18:00:48.456462   START Open "Markets" menu, "Commodities" submenu =>

2024-04-24 18:00:48.456478   1. Cur URL = https://capital.com/zh

2024-04-24 18:00:48.458909   2. Link = https://capital.com/zh
2024-04-24 18:00:48.458924   current_page = https://capital.com/zh
2024-04-24 18:00:48.461257   link = https://capital.com/zh
2024-04-24 18:00:48.975085   => 'Markets' menu is present
2024-04-24 18:00:48.995466   => 'Markets' menu is visible
2024-04-24 18:00:50.269785   => Focus moved to 'Markets' menu
2024-04-24 18:00:50.278802   => 'Markets > Commodities' submenu is present
2024-04-24 18:00:52.102147   => Focus moved to 'capital*com' logo

2024-04-24 18:00:52.102192   3. Cur URL = https://capital.com/zh/live-commodity-prices

2024-04-24 18:00:52.107676   1. Arrange_v0
2024-04-24 18:00:52.107700   current_page = https://capital.com/zh/live-commodity-prices
2024-04-24 18:00:52.110156   link = https://capital.com/zh/live-commodity-prices
2024-04-24 18:00:52.112538   BUTTON_CREATE_YOUR_ACCOUNT is located on the page? =>

2024-04-24 18:00:52.120755   2. Act_v0: Define of locator

2024-04-24 18:00:52.120777   2. Act_v0: Go to web element

2024-04-24 18:00:53.177580   2. Act_v0: Click web element
2024-04-24 18:00:53.204241   => BUTTON_CREATE_YOUR_ACCOUNT is clicked

2024-04-24 18:00:53.204450   3. Assert_v0
2024-04-24 18:00:53.204538   Start step Check that [Sign up] form is opened
2024-04-24 18:00:53.388303   'Sign up' form opened
2024-04-24 18:00:53.388345   Assert SIGNUP_HEADER =>
2024-04-24 18:00:53.402583   Assert SIGNUP_REF_LOGIN =>
2024-04-24 18:00:53.418512   Assert SIGNUP_PRIVACY_POLICY_ALL_2 =>
2024-04-24 18:00:53.433642   => SIGNUP_PRIVACY_POLICY_ALL
2024-04-24 18:00:53.433692   => 'Signup' form is checked
2024-04-24 18:00:53.433925   Start step Close [Sign up] form =>
2024-04-24 18:00:53.531889   => 'Signup' form closed
2024-04-24 18:00:53.819491   => Focus moved to 'capital*com' logo
