


Current sort - Top fallers
{'width': 1280, 'height': 800}

2024-04-24 18:01:46.522487   worker_id = master

2024-04-24 18:01:46.522501   0. Allure grouping v4

2024-04-24 18:01:46.522726   START PRECONDITIONS =>

2024-04-24 18:01:46.522743   => URL after prev. preconditions - https://capital.com/zh
2024-04-24 18:01:46.522753   => flag_of_bug - False
2024-04-24 18:01:46.522763   => Current URL - https://capital.com/zh/live-commodity-prices?t=risers
2024-04-24 18:01:46.527991   Current page URL = https://capital.com/zh/live-commodity-prices?t=risers
2024-04-24 18:01:46.530545   self.link = https://capital.com/zh
2024-04-24 18:01:46.530558   driver.get(https://capital.com/zh) =>
2024-04-24 18:01:48.503896   => Loaded page https://capital.com/zh

2024-04-24 18:01:48.508283   => Windows size - {'width': 1280, 'height': 800}
2024-04-24 18:01:48.509644   Set windows position at (0, 0) =>
2024-04-24 18:01:48.511303   Set resolution 1280 * 800 =>
2024-04-24 18:01:48.512889   => Windows size is set to {'width': 1280, 'height': 800}

2024-04-24 18:01:49.561651   Капчи нет. Идем дальше

2024-04-24 18:01:49.561739   Работа с куками =>

2024-04-24 18:01:49.561754   => не требуется

2024-04-24 18:01:49.561764   Prev. country - 'ae'
2024-04-24 18:01:49.561773   Cur. country - 'ae'
2024-04-24 18:01:49.561783   => Country set to 'ae'

2024-04-24 18:01:49.561792   Prev. language - 'zh'
2024-04-24 18:01:49.561800   Cur. language - 'zh'
2024-04-24 18:01:49.561809   => Language is set to 'zh'

2024-04-24 18:01:49.561818   Prev. role - 'NoReg'
2024-04-24 18:01:49.561827   Cur. role - 'NoReg'
2024-04-24 18:01:49.561835   => The 'NoReg' role is set

2024-04-24 18:01:49.564518   => Current URL - https://capital.com/zh

2024-04-24 18:01:49.564540   => THE END PRECONDITIONS

2024-04-24 18:01:49.564715   START Open "Markets" menu, "Commodities" submenu =>

2024-04-24 18:01:49.564731   1. Cur URL = https://capital.com/zh

2024-04-24 18:01:49.568840   2. Link = https://capital.com/zh
2024-04-24 18:01:49.568855   current_page = https://capital.com/zh
2024-04-24 18:01:49.571268   link = https://capital.com/zh
2024-04-24 18:01:50.085033   => 'Markets' menu is present
2024-04-24 18:01:50.105150   => 'Markets' menu is visible
2024-04-24 18:01:51.384328   => Focus moved to 'Markets' menu
2024-04-24 18:01:51.393028   => 'Markets > Commodities' submenu is present
2024-04-24 18:01:53.232733   => Focus moved to 'capital*com' logo

2024-04-24 18:01:53.232778   3. Cur URL = https://capital.com/zh/live-commodity-prices

2024-04-24 18:01:53.238221   1. Arrange for TABLE_TRADING_INSTRUMENTS and 'Top fallers' cur_sort
2024-04-24 18:01:53.238244   current_page = https://capital.com/zh/live-commodity-prices
2024-04-24 18:01:53.240710   link = https://capital.com/zh/live-commodity-prices
2024-04-24 18:01:53.243148   TABLE_TRADING_INSTRUMENTS present on this page? =>
2024-04-24 18:01:53.251383   => Trading Instrument table is present on the page!
2024-04-24 18:01:53.251407   IS FIELD_DROPDOWN_SORT present in the Live TI prices table? =>
2024-04-24 18:01:53.258805   =>  FIELD_DROPDOWN_SORT is present in the Live TI price table!
2024-04-24 18:01:53.258832   Start scroll and click FIELD_DROPDOWN_SORT =>
2024-04-24 18:01:53.357951   Is item_sort_list visible on the FIELD_DROPDOWN_SORT ? =>
2024-04-24 18:01:53.389681   => items_sort_list is visible on the FIELD_DROPDOWN_SORT!
2024-04-24 18:01:53.389730   Is cur_sort "Top fallers" present in items_sort_list? =>
2024-04-24 18:01:53.410869   => cur_sort "Top fallers" is present in item_sort_list!
2024-04-24 18:01:53.410928   Start click cur_sort item - "Top fallers"=>
2024-04-24 18:01:54.127390   => End Click cur_sort "Top fallers"

2024-04-24 18:01:54.127436   Buttons [Sell] is visible and sum buttons no zero? =>
2024-04-24 18:01:54.154752   => Buttons [Sell] is visible and sum buttons no zero!

2024-04-24 18:01:54.154791   Start find 1 random buttons [Sell] on cur_sort "Top fallers"=>
2024-04-24 18:01:54.160893   => End find 1 random buttons [Sell] on the cur_sort "Top fallers"

2024-04-24 18:01:54.160921   List of random items = [19]
2024-04-24 18:01:54.161092   2. Act for trading instrument and "Top fallers" cur_sort
2024-04-24 18:01:54.178267   Start click button [Sell] =>
2024-04-24 18:01:54.188756   =>   BUTTON_SELL on item with ID = '7091880064013508' is present
2024-04-24 18:01:54.188783   BUTTON_SELL on item with ID = '7091880064013508' scroll into view =>
2024-04-24 18:01:54.192066   => BUTTON_SELL on item with ID = '7091880064013508' scrolled into view
2024-04-24 18:01:54.192091   Check that BUTTON_SELL with item 'Copper' clickable =>
2024-04-24 18:01:54.279039   => BUTTON_SELL is clickable
2024-04-24 18:01:54.568652   =>   BUTTON_SELL on item 'Copper' clicked

2024-04-24 18:01:54.568944   3. Assert_v0
2024-04-24 18:01:54.569060   Start step Check that [Sign up] form is opened
2024-04-24 18:01:54.744327   'Sign up' form opened
2024-04-24 18:01:54.744362   Assert SIGNUP_HEADER =>
2024-04-24 18:01:54.761072   Assert SIGNUP_REF_LOGIN =>
2024-04-24 18:01:54.777739   Assert SIGNUP_PRIVACY_POLICY_ALL_2 =>
2024-04-24 18:01:54.795434   => SIGNUP_PRIVACY_POLICY_ALL
2024-04-24 18:01:54.795472   => 'Signup' form is checked
2024-04-24 18:01:54.795631   Start step Close [Sign up] form =>
2024-04-24 18:01:54.887854   => 'Signup' form closed
2024-04-24 18:01:55.166781   => Focus moved to 'capital*com' logo
