{'width': 1280, 'height': 800}

2024-04-24 17:00:53.065117   worker_id = master

2024-04-24 17:00:53.065134   0. Allure grouping v4

2024-04-24 17:00:53.065356   START PRECONDITIONS =>

2024-04-24 17:00:53.065372   => URL after prev. preconditions - https://capital.com/zh
2024-04-24 17:00:53.065382   => flag_of_bug - True
2024-04-24 17:00:53.065394   => Current URL - https://capital.com/zh

2024-04-24 17:00:53.070883   => Windows size - {'width': 1280, 'height': 800}
2024-04-24 17:00:53.072154   Set windows position at (0, 0) =>
2024-04-24 17:00:53.073741   Set resolution 1280 * 800 =>
2024-04-24 17:00:53.075355   => Windows size is set to {'width': 1280, 'height': 800}

2024-04-24 17:00:54.110641   Капчи нет. Идем дальше

2024-04-24 17:00:54.110770   Работа с куками =>

2024-04-24 17:00:54.110802   => не требуется

2024-04-24 17:00:54.110819   Prev. country - 'ae'
2024-04-24 17:00:54.110836   Cur. country - 'ae'
2024-04-24 17:00:54.110846   => Country set to 'ae'

2024-04-24 17:00:54.110855   Prev. language - 'zh'
2024-04-24 17:00:54.110864   Cur. language - 'zh'
2024-04-24 17:00:54.110873   => Language is set to 'zh'

2024-04-24 17:00:54.110881   Prev. role - 'NoAuth'
2024-04-24 17:00:54.110890   Cur. role - 'NoAuth'
2024-04-24 17:00:54.110898   => The 'NoAuth' role is set

2024-04-24 17:00:54.115411   => Current URL - https://capital.com/zh

2024-04-24 17:00:54.115433   => THE END PRECONDITIONS

2024-04-24 17:00:54.115624   1. Arrange_v0
2024-04-24 17:00:54.115642   current_page = https://capital.com/zh
2024-04-24 17:00:54.118193   link = https://capital.com/zh
2024-04-24 17:00:54.120645   IS 'Trading calculator' widget present on this page? =>
2024-04-24 17:00:54.130409   => 'Trading calculator' widget present on this page!

2024-04-24 17:00:54.130439   IS 'Trading calculator' widget visible on this page? =>
2024-04-24 17:00:54.143581   => 'Trading calculator' widget is visible on this page!

2024-04-24 17:00:54.143608   IS [Start Trading] button present on this page? =>
2024-04-24 17:00:54.154787   => [Start Trading] button present on this page!

2024-04-24 17:00:54.154816   IS [Start Trading] button visible on this page? =>
2024-04-24 17:00:59.286462   => [Start Trading] button is NOT visible on this page!

