{'width': 1280, 'height': 720}

2024-02-25 19:07:25.389884   worker_id = master

2024-02-25 19:07:25.389898   0. Allure grouping v4


2024-02-25 19:07:25.390087   START PRECONDITIONS =>


2024-02-25 19:07:25.390103   {'width': 1280, 'height': 720}

2024-02-25 19:07:25.391384   Set windows position at (0, 0) =>

2024-02-25 19:07:25.496778   Set resolution 1280 * 720 =>

2024-02-25 19:07:25.598752   => Resolution seted {'width': 1280, 'height': 720}

2024-02-25 19:07:26.632270   Капчи нет. Идем дальше

2024-02-25 19:07:26.632357   Prev. Role: Auth

2024-02-25 19:07:26.632370   Run preconditions: set NoReg Role =>
2024-02-25 19:07:26.632381   Current page URL = https://capital.com/cn/finance-questions-trading-risk
2024-02-25 19:07:27.829474   => Loaded page https://capital.com/

2024-02-25 19:07:27.930808   => All cookies are deleted
2024-02-25 19:07:27.930844   Current page URL = https://capital.com/
2024-02-25 19:07:29.073503   => Loaded page https://capital.com/

2024-02-25 19:07:29.076221   Step 'Click button [Accept all cookies]'
2024-02-25 19:07:35.214091   Is Visible Button [Accept all cookies]? =>
2024-02-25 19:07:35.228318   => Button [Accept all cookies] is visible
2024-02-25 19:07:35.728447   Is clickable Button [Accept all cookies] =>
2024-02-25 19:07:35.744688   => Button [Accept all cookies] is clickable
2024-02-25 19:07:35.744712   Click Button [Accept all cookies] =>
2024-02-25 19:07:35.820189   => Button [Accept all cookies] is clicked
2024-02-25 19:07:35.820232   => Accepted All Cookies

2024-02-25 19:07:36.320463   Current role: NoReg

2024-02-25 19:07:37.347016   Капчи нет. Идем дальше

2024-02-25 19:07:37.347097   Prev language: ?

2024-02-25 19:07:37.347111   Run preconditions: set cn language =>


2024-02-25 19:07:37.352052   => Language and Country menu is present


2024-02-25 19:07:37.365060   => Language and Country menu is visible


2024-02-25 19:07:38.641334   => Focus is moved on Language and Country menu 
2024-02-25 19:07:38.649919   Move focus on cn item and click =>
2024-02-25 19:07:40.473037   => Focus moved on cn item and clicked
2024-02-25 19:07:40.473082   => Cur url = https://capital.com/cn

2024-02-25 19:07:40.498212   => Current language: cn

2024-02-25 19:07:41.536759   Капчи нет. Идем дальше

2024-02-25 19:07:41.536863   Prev country: ?
2024-02-25 19:07:41.536881   Run preconditions: set "de" country =>


2024-02-25 19:07:41.600098   => Language and Country menu is present


2024-02-25 19:07:41.614902   => Language and Country menu is visible


2024-02-25 19:07:42.880860   => Focus is moved on Language and Country menu 
2024-02-25 19:07:46.253192   => Cur url = https://capital.com/cn?country=de
2024-02-25 19:07:46.263485   => Current country: de

2024-02-25 19:07:46.263522   => THE END PRECONDITIONS

2024-02-25 19:07:46.263770   1. Arrange_v0
2024-02-25 19:07:46.266876   Current page URL = https://capital.com/cn?country=de
2024-02-25 19:07:47.446550   => Loaded page https://capital.com/cn/finance-questions-trading-risk
2024-02-25 19:07:47.449886   BUTTON_CREATE_YOUR_ACCOUNT is located on the page? =>

2024-02-25 19:07:47.458597   2. Act_v0: Define of locator

2024-02-25 19:07:47.458622   2. Act_v0: Go to web element

2024-02-25 19:07:48.523303   2. Act_v0: Click web element
2024-02-25 19:07:48.550761   => BUTTON_CREATE_YOUR_ACCOUNT is clicked

2024-02-25 19:07:48.551019   3. Assert_v0
2024-02-25 19:07:48.551135   Start step Check that [Sign up] form is opened
2024-02-25 19:07:49.067459   'Sign up' form opened
2024-02-25 19:07:49.067494   Assert SIGNUP_HEADER =>
2024-02-25 19:07:49.081944   Assert SIGNUP_REF_LOGIN =>
2024-02-25 19:07:49.096536   Assert SIGNUP_PRIVACY_POLICY_ALL_2 =>
2024-02-25 19:07:49.110902   => SIGNUP_PRIVACY_POLICY_ALL
2024-02-25 19:07:49.110932   => 'Signup' form is checked
2024-02-25 19:07:49.111095   Start step Close [Sign up] form =>
2024-02-25 19:07:49.194080   => 'Signup' form closed
