{'width': 1920, 'height': 1080}

2025-03-05 23:52:05.208394   worker_id = master

2025-03-05 23:52:05.208405   0. Allure grouping for US_55


2025-03-05 23:52:05.208579   START PRECONDITIONS =>

2025-03-05 23:52:05.208590   => URL after prev. preconditions - https://capital.com/en-gb
2025-03-05 23:52:05.208596   => flag_of_bug - True
2025-03-05 23:52:05.208603   => Current URL - https://capital.com/nl-nl/learn/market-guides/%E2%80%9Chttps:/capital.com/hu-hu/learn/trading-strategies/trading-vs-investing%E2%80%9D
2025-03-05 23:52:05.213955   Current page URL = https://capital.com/nl-nl/learn/market-guides/%E2%80%9Chttps:/capital.com/hu-hu/learn/trading-strategies/trading-vs-investing%E2%80%9D
2025-03-05 23:52:05.216452   self.link = https://capital.com/en-gb
2025-03-05 23:52:05.216462   driver.get(https://capital.com/en-gb) =>
2025-03-05 23:52:07.500568   => Loaded page https://capital.com/en-gb

2025-03-05 23:52:07.509992   => Windows size: {'width': 1920, 'height': 1080}

2025-03-05 23:52:07.511465   Set windows position at (0, 0) =>

2025-03-05 23:52:07.513295   Set resolution 1920 * 1080 =>

2025-03-05 23:52:07.514944   => Resolution set {'width': 1920, 'height': 1080}

2025-03-05 23:52:07.516237   Работа с куками =>
2025-03-05 23:52:07.516248   Prev. role - 'Auth'
2025-03-05 23:52:07.516254   Current testing role - 'NoAuth'

2025-03-05 23:52:07.516260   All cookies must be delete =>
2025-03-05 23:52:07.592618   => All cookies are deleted
2025-03-05 23:52:07.592660   Current page URL = https://capital.com/en-gb
2025-03-05 23:52:07.598301   self.link = https://capital.com/en-gb
2025-03-05 23:52:07.598312   driver.get(https://capital.com/en-gb) =>
2025-03-05 23:52:09.940453   => Loaded page https://capital.com/en-gb

2025-03-05 23:52:09.946952   Step 'Click button [Accept all cookies]'
2025-03-05 23:52:09.946959   Is Visible Button [Accept all cookies]? =>
2025-03-05 23:52:11.503534   => Button [Accept all cookies] is visible
2025-03-05 23:52:12.003647   Is clickable Button [Accept all cookies] =>
2025-03-05 23:52:12.018711   => Button [Accept all cookies] is clickable
2025-03-05 23:52:12.018739   Click Button [Accept all cookies] =>
2025-03-05 23:52:12.251481   => Button [Accept all cookies] is clicked
2025-03-05 23:52:12.251519   => Accepted All Cookies

2025-03-05 23:52:12.751622   Prev. role - 'Auth'
2025-03-05 23:52:12.751676   Cur. role - 'NoAuth'

2025-03-05 23:52:12.751894   Start Authorization
2025-03-05 23:52:12.879461   => 'Login' form is opened
2025-03-05 23:52:13.127662   => "login" and "password" are inputted
2025-03-05 23:52:13.127699   Click [Continue] button on [Login] form =>
2025-03-05 23:52:13.224062   => [Continue] button on [Login] form is clicked
2025-03-05 23:52:13.224099   Set timeout = 30
2025-03-05 23:52:14.460334   => Page with 'Trading Platform | Capital.com' title opened

2025-03-05 23:52:14.460402   2. Checking that the LOGO is present on the page =>
2025-03-05 23:52:15.291217   => 'capital*com' logo is present on the current page

2025-03-05 23:52:15.291429   Start Deauthorization
2025-03-05 23:52:15.291503   Start Logout from account info menu in top bar =>
2025-03-05 23:52:15.291516   Set timeout = 15
2025-03-05 23:52:15.291527   Is visible account info icon? =>
2025-03-05 23:52:15.305891   => Account info icon is visible on this page
2025-03-05 23:52:15.305922   Account info icon is click =>
2025-03-05 23:52:16.218840   => Account info icon is clicked
2025-03-05 23:52:16.218888   Is visible logout button in account info menu? =>
2025-03-05 23:52:16.236661   => Logout button from account info menu is visible
2025-03-05 23:52:16.236699   Logout button is click =>
2025-03-05 23:52:16.291438   => Logout button from Account info menu is clicked
2025-03-05 23:52:16.291535   => Logout is OK

2025-03-05 23:52:16.291582   => The 'NoAuth' role is set

2025-03-05 23:52:16.291599   Prev. language: cn
2025-03-05 23:52:16.291614   Cur. language - 'nl'

2025-03-05 23:52:16.291628   Prev. country: ua
2025-03-05 23:52:16.291642   Cur. country: nl

2025-03-05 23:52:16.291792   Set "nl" language and "nl" country =>
2025-03-05 23:52:16.291825   Current page URL = https://capital.com/trading/platform/
2025-03-05 23:52:16.294800   self.link = https://capital.com/nl-nl
2025-03-05 23:52:16.294810   driver.get(https://capital.com/nl-nl) =>
2025-03-05 23:52:18.679760   => Loaded page https://capital.com/nl-nl
2025-03-05 23:52:18.690240   => Language is set to 'nl'
2025-03-05 23:52:18.690252   => Country is set to 'nl'
2025-03-05 23:52:18.690259   => Current URL - https://capital.com/nl-nl

2025-03-05 23:52:18.695226   => Current URL - https://capital.com/nl-nl

2025-03-05 23:52:18.695244   => END PRECONDITIONS

2025-03-05 23:52:18.695409   START Open "Learn" menu, "Market guides" submenu =>

2025-03-05 23:52:18.695420   1. Cur URL = https://capital.com/nl-nl

2025-03-05 23:52:18.697853   2. Link = https://capital.com/nl-nl
2025-03-05 23:52:18.697864   current_page = https://capital.com/nl-nl
2025-03-05 23:52:18.700260   link = https://capital.com/nl-nl
2025-03-05 23:52:19.213988   => 'Learn' menu is present
2025-03-05 23:52:19.231741   => 'Learn' menu is visible
2025-03-05 23:52:20.573101   => Focus moved to 'Learn' menu
2025-03-05 23:52:20.593053   => 'Market guides' submenu is visible
2025-03-05 23:52:21.389300   => 'Market guides' sub-menu clicked
2025-03-05 23:52:26.719737   => Focus moved to 'capital*com' logo
2025-03-05 23:52:26.719778   3. Cur URL = https://capital.com/nl-nl/learn/market-guides
2025-03-05 23:52:26.725563   current_page = https://capital.com/nl-nl/learn/market-guides
2025-03-05 23:52:26.728196   link = https://capital.com/nl-nl/learn/market-guides

2025-03-05 23:52:26.739545   Page have block 'What is shares trading?' in DOM.
2025-03-05 23:52:26.751155   Scrolled to block 'What is shares trading?'
2025-03-05 23:52:26.751178   Start to check visibility block 'What is shares trading?'.'
2025-03-05 23:52:26.775577   Block 'What is shares trading?' visible on the current page

2025-03-05 23:52:26.787343   Page have link 'Shares trading guide' in DOM

2025-03-05 23:52:26.798110   Scrolled to link 'Shares trading guide'
2025-03-05 23:52:26.798133   Start to check visibility link 'Shares trading guide'.'
2025-03-05 23:52:26.809311   Link 'Shares trading guide' visible on the current page

2025-03-05 23:52:26.809354   Start to check clickability link 'Shares trading guide'.
2025-03-05 23:52:26.838482   Link 'Shares trading guide' is clickable.

2025-03-05 23:52:26.838515   Start click link 'Shares trading guide'.
2025-03-05 23:52:26.905914   End click link 'Shares trading guide'.
2025-03-05 23:52:27.469382   Page have link 'buy and sell physical shares' in DOM

2025-03-05 23:52:27.480084   Scrolled to link 'buy and sell physical shares'
2025-03-05 23:52:27.480104   Start to check visibility link 'buy and sell physical shares'.'
2025-03-05 23:52:27.497941   Link 'buy and sell physical shares' visible on the current page

2025-03-05 23:52:27.497974   Start to check clickability link 'buy and sell physical shares'.
2025-03-05 23:52:27.512121   Link 'buy and sell physical shares' is clickable.

2025-03-05 23:52:27.512300   2. Start Act.
2025-03-05 23:52:27.512311   Start to click link 'buy and sell physical shares'
2025-03-05 23:52:28.126553   Save current screenshot into PNG file
2025-03-05 23:52:28.394260   3. Start Assert.
2025-03-05 23:52:28.394292   Try to find 404 Message on the page
2025-03-05 23:52:28.417940   => Current page have 404 Message. Current URL is https://capital.com/nl-nl/learn/market-guides/%E2%80%9Chttps:/capital.com/hu-hu/learn/trading-strategies/trading-vs-investing%E2%80%9D.

