{'width': 1280, 'height': 800}

2024-04-11 19:27:37.902080   worker_id = master

2024-04-11 19:27:37.902094   0. Allure grouping v4

2024-04-11 19:27:37.902276   START PRECONDITIONS =>

2024-04-11 19:27:37.902292   => URL after prev. preconditions - https://capital.com/nl
2024-04-11 19:27:37.902301   => flag_of_bug - False
2024-04-11 19:27:37.902311   => Current URL - https://capital.com/nl

2024-04-11 19:27:37.907725   => Windows size - {'width': 1280, 'height': 800}
2024-04-11 19:27:37.908982   Set windows position at (0, 0) =>
2024-04-11 19:27:38.011298   Set resolution 1280 * 800 =>
2024-04-11 19:27:38.113771   => Windows size is set to {'width': 1280, 'height': 800}

2024-04-11 19:27:39.166854   Капчи нет. Идем дальше

2024-04-11 19:27:39.166946   Работа с куками =>

2024-04-11 19:27:39.166960   => не требуется

2024-04-11 19:27:39.166969   Prev. country - 'de'
2024-04-11 19:27:39.166979   Cur. country - 'de'
2024-04-11 19:27:39.166988   => Country set to 'de'

2024-04-11 19:27:39.166997   Prev. language - 'nl'
2024-04-11 19:27:39.167005   Cur. language - 'nl'
2024-04-11 19:27:39.167014   => Language is set to 'nl'

2024-04-11 19:27:39.167022   Prev. role - 'NoAuth'
2024-04-11 19:27:39.167031   Cur. role - 'NoAuth'
2024-04-11 19:27:39.167040   => The 'NoAuth' role is set

2024-04-11 19:27:39.169893   => Current URL - https://capital.com/nl

2024-04-11 19:27:39.169914   => THE END PRECONDITIONS

2024-04-11 19:27:39.170109   1. Arrange_v0
2024-04-11 19:27:39.170128   current_page = https://capital.com/nl
2024-04-11 19:27:39.172696   link = https://capital.com/nl/gold-spot-handelswaren
2024-04-11 19:27:39.175172   Current page URL = https://capital.com/nl
2024-04-11 19:27:39.177658   self.link = https://capital.com/nl/gold-spot-handelswaren
2024-04-11 19:27:39.177671   driver.get(https://capital.com/nl/gold-spot-handelswaren) =>
2024-04-11 19:27:40.790929   => Loaded page https://capital.com/nl/gold-spot-handelswaren
2024-04-11 19:27:40.804930   Is button BUTTON_VIEW_DETAILED_CHART present on the page? =>
2024-04-11 19:27:40.804965   => BUTTON_VIEW_DETAILED_CHART is present on the page
2024-04-11 19:27:40.804975   BUTTON_VIEW_DETAILED_CHART scroll =>
2024-04-11 19:27:40.808648   => BUTTON_VIEW_DETAILED_CHART scrolled
2024-04-11 19:27:40.808820   Start Checking that form [Sign up] popped up on the page =>
2024-04-11 19:27:42.355645   '[Sign up]' form was not popped up

2024-04-11 19:27:42.355833   2. Act_v0
2024-04-11 19:27:42.355849   Start Click button [View Detailed Chart] =>
2024-04-11 19:27:42.373094   BUTTON_VIEW_DETAILED_CHART is clickable =>
2024-04-11 19:27:42.410325 => BUTTON_VIEW_DETAILED_CHART clicked

2024-04-11 19:27:42.410594   3. Assert_Login_v0
2024-04-11 19:27:42.410736   Check that 'Login' form is opened
2024-04-11 19:27:42.601726   'Login' form opened
2024-04-11 19:27:42.601765   Assert LOGIN_REF_SIGNUP =>
2024-04-11 19:27:42.612616   Assert LOGIN_CHECKBOX =>
2024-04-11 19:27:42.624439   Assert LOGIN_PASS_FORGOT =>
2024-04-11 19:27:42.636786   => 'Login' form is checked
2024-04-11 19:27:42.658443   Click 'Close' button on 'Login' form =>
2024-04-11 19:27:42.988365   => Focus moved to 'capital*com' logo
2024-04-11 19:27:42.988408   => 'Login' form closed
