{'width': 1280, 'height': 800}

2024-04-11 19:34:27.645323   worker_id = master

2024-04-11 19:34:27.645336   0. Allure grouping v4

2024-04-11 19:34:27.645522   START PRECONDITIONS =>

2024-04-11 19:34:27.645538   => URL after prev. preconditions - https://capital.com/nl
2024-04-11 19:34:27.645547   => flag_of_bug - False
2024-04-11 19:34:27.645557   => Current URL - https://capital.com/nl/eur-usd-koers
2024-04-11 19:34:27.650882   Current page URL = https://capital.com/nl/eur-usd-koers
2024-04-11 19:34:27.653440   self.link = https://capital.com/nl
2024-04-11 19:34:27.653454   driver.get(https://capital.com/nl) =>
2024-04-11 19:34:29.371553   => Loaded page https://capital.com/nl

2024-04-11 19:34:29.377436   => Windows size - {'width': 1280, 'height': 800}
2024-04-11 19:34:29.378914   Set windows position at (0, 0) =>
2024-04-11 19:34:29.481044   Set resolution 1280 * 800 =>
2024-04-11 19:34:29.583365   => Windows size is set to {'width': 1280, 'height': 800}

2024-04-11 19:34:30.624527   Капчи нет. Идем дальше

2024-04-11 19:34:30.624631   Работа с куками =>

2024-04-11 19:34:30.624648   => не требуется

2024-04-11 19:34:30.624660   Prev. country - 'de'
2024-04-11 19:34:30.624671   Cur. country - 'de'
2024-04-11 19:34:30.624682   => Country set to 'de'

2024-04-11 19:34:30.624694   Prev. language - 'nl'
2024-04-11 19:34:30.624704   Cur. language - 'nl'
2024-04-11 19:34:30.624715   => Language is set to 'nl'

2024-04-11 19:34:30.624726   Prev. role - 'NoReg'
2024-04-11 19:34:30.624736   Cur. role - 'NoReg'
2024-04-11 19:34:30.624747   => The 'NoReg' role is set

2024-04-11 19:34:30.627581   => Current URL - https://capital.com/nl

2024-04-11 19:34:30.627602   => THE END PRECONDITIONS

2024-04-11 19:34:30.627796 1.Arrange_v0
2024-04-11 19:34:30.627814   current_page = https://capital.com/nl
2024-04-11 19:34:30.630337   link = https://capital.com/nl/eur-usd-koers
2024-04-11 19:34:30.632757   Current page URL = https://capital.com/nl
2024-04-11 19:34:30.635151   self.link = https://capital.com/nl/eur-usd-koers
2024-04-11 19:34:30.635165   driver.get(https://capital.com/nl/eur-usd-koers) =>
2024-04-11 19:34:32.229731   => Loaded page https://capital.com/nl/eur-usd-koers
2024-04-11 19:34:32.234174 BUTTON_NOTIFICATION is located on the page? =>
2024-04-11 19:34:32.244593   Is BUTTON_NOTIFICATION present on the page? =>
2024-04-11 19:34:32.244621 => BUTTON_NOTIFICATION is present on the page
2024-04-11 19:34:32.244631   [Notification] button scroll =>
2024-04-11 19:34:32.248169   Start Checking that form [Sign up] popped up on the page =>
2024-04-11 19:34:33.784214   '[Sign up]' form was not popped up

2024-04-11 19:34:33.784438   2. Act_v0
2024-04-11 19:34:33.784456   Start Click 'Notification' button =>
2024-04-11 19:34:33.812079 BUTTON_NOTIFICATION is clickable =>
2024-04-11 19:34:33.844599 => BUTTON_NOTIFICATION clicked
Trade instrument from Full test is Handelen Euro / US Dollar CFD
Test element is <pages.Elements.AssertClass.AssertClass object at 0x7f24771f9cd0>

2024-04-11 19:34:33.844875   3. Assert_v0
2024-04-11 19:34:33.844969   Start step Check that [Sign up] form is opened
2024-04-11 19:34:34.035371   'Sign up' form opened
2024-04-11 19:34:34.035409   Assert SIGNUP_HEADER =>
2024-04-11 19:34:34.047650   Assert SIGNUP_REF_LOGIN =>
2024-04-11 19:34:34.058496   Assert SIGNUP_PRIVACY_POLICY_ALL_2 =>
2024-04-11 19:34:34.068991   => SIGNUP_PRIVACY_POLICY_ALL
2024-04-11 19:34:34.069021   => 'Signup' form is checked
2024-04-11 19:34:34.069192   Start step Close [Sign up] form =>
2024-04-11 19:34:34.147562   => 'Signup' form closed
2024-04-11 19:34:34.423236   => Focus moved to 'capital*com' logo
