


Current market - Forex



Current sort - Most volatile
{'width': 1280, 'height': 800}

2024-04-25 15:08:42.568505   worker_id = master

2024-04-25 15:08:42.568519   0. Allure grouping v4

2024-04-25 15:08:42.568699   START PRECONDITIONS =>

2024-04-25 15:08:42.568715   => URL after prev. preconditions - https://capital.com/pl
2024-04-25 15:08:42.568724   => flag_of_bug - True
2024-04-25 15:08:42.568734   => Current URL - https://capital.com/pl/amazon-com-inc-cena-akcji
2024-04-25 15:08:42.580666   Current page URL = https://capital.com/pl/amazon-com-inc-cena-akcji
2024-04-25 15:08:42.583460   self.link = https://capital.com/pl
2024-04-25 15:08:42.583474   driver.get(https://capital.com/pl) =>
2024-04-25 15:08:44.351610   => Loaded page https://capital.com/pl

2024-04-25 15:08:44.356036   => Windows size - {'width': 1280, 'height': 800}
2024-04-25 15:08:44.357458   Set windows position at (0, 0) =>
2024-04-25 15:08:44.359048   Set resolution 1280 * 800 =>
2024-04-25 15:08:44.360631   => Windows size is set to {'width': 1280, 'height': 800}

2024-04-25 15:08:45.411344   Капчи нет. Идем дальше

2024-04-25 15:08:45.411439   Работа с куками =>

2024-04-25 15:08:45.411453   => не требуется

2024-04-25 15:08:45.411463   Prev. country - 'de'
2024-04-25 15:08:45.411472   Cur. country - 'de'
2024-04-25 15:08:45.411481   => Country set to 'de'

2024-04-25 15:08:45.411490   Prev. language - 'pl'
2024-04-25 15:08:45.411498   Cur. language - 'pl'
2024-04-25 15:08:45.411507   => Language is set to 'pl'

2024-04-25 15:08:45.411516   Prev. role - 'NoReg'
2024-04-25 15:08:45.411524   Cur. role - 'NoReg'
2024-04-25 15:08:45.411533   => The 'NoReg' role is set

2024-04-25 15:08:45.416433   => Current URL - https://capital.com/pl

2024-04-25 15:08:45.416457   => THE END PRECONDITIONS

2024-04-25 15:08:45.416644   START Open "Markets" menu, "All Markets" submenu =>

2024-04-25 15:08:45.416660   1. Cur URL = https://capital.com/pl

2024-04-25 15:08:45.419188   2. Link = https://capital.com/pl
2024-04-25 15:08:45.419204   current_page = https://capital.com/pl
2024-04-25 15:08:45.421620   link = https://capital.com/pl
2024-04-25 15:08:45.932568   => 'Markets' menu is present
2024-04-25 15:08:45.949522   => 'Markets' menu is visible
2024-04-25 15:08:47.230626   => Focus moved to 'Markets' menu
2024-04-25 15:08:47.236792   => 'Markets > All Markets' submenu is present
2024-04-25 15:08:49.123503   => Focus moved to 'capital*com' logo

2024-04-25 15:08:49.123559   3. Cur URL = https://capital.com/pl/pochodne-instrumenty-finansowe

2024-04-25 15:08:49.133739   1. Arrange for TABLE_TRADING_INSTRUMENTS and 'Most volatile' cur_sort
2024-04-25 15:08:49.133786   current_page = https://capital.com/pl/pochodne-instrumenty-finansowe
2024-04-25 15:08:49.137472   link = https://capital.com/pl/pochodne-instrumenty-finansowe
2024-04-25 15:08:49.141076   TABLE_TRADING_INSTRUMENTS present on this page? =>
2024-04-25 15:08:49.165547   => TABLE_TRADING_INSTRUMENTS is present on the page!
2024-04-25 15:08:49.165605   IS MARKETS_LIST present on this page? =>
2024-04-25 15:08:49.188354   Start scroll to markets list =>
2024-04-25 15:08:49.191725   => MARKETS_LIST is present on the page!
2024-04-25 15:08:49.191752   Start scroll and click cur_market 'Forex' =>
2024-04-25 15:08:49.229795   => End Click cur_market "Forex"
2024-04-25 15:08:49.229833   IS FIELD_DROPDOWN_SORT present in the Live prices table? =>
2024-04-25 15:08:49.237951   =>  FIELD_DROPDOWN_SORT is present in the table!
2024-04-25 15:08:49.237977   Start scroll and click FIELD_DROPDOWN_SORT =>
2024-04-25 15:08:49.264744   Is item_sort_list visible on the FIELD_DROPDOWN_SORT ? =>
2024-04-25 15:08:49.279584   => item_sort_list is visible on the FIELD_DROPDOWN_SORT!
2024-04-25 15:08:49.279623   Is cur_sort "Most volatile" present in item_sort_list? =>
2024-04-25 15:08:49.284995   => cur_sort "Most volatile" is present in item_sort_list!
2024-04-25 15:08:49.285019   Start click cur_sort "Most volatile" =>
2024-04-25 15:08:49.315745   => End Click cur_sort "Most volatile"

2024-04-25 15:08:49.315790   Buttons [Sell] is visible and sum buttons no zero? =>
2024-04-25 15:08:49.322259   => Buttons [Sell] is visible and sum buttons no zero!

2024-04-25 15:08:49.322286   Start find 1 random buttons [Sell] on cur_sort=>
2024-04-25 15:08:49.327256   => End find 1 random buttons [Sell] on the cur_sort "Most volatile"

2024-04-25 15:08:49.327282   List of random items = [8]
2024-04-25 15:08:49.327479   2. Act for trading instrument, "Most volatile" cur_sort and "Forex" cur_market
2024-04-25 15:08:49.340122   Start click button [Sell] =>
2024-04-25 15:08:49.346507   =>   BUTTON_SELL  is present
2024-04-25 15:08:49.346550   BUTTON_SELL o scroll into view =>
