{'width': 1280, 'height': 720}

2024-02-01 18:39:34.721470   worker_id = master

2024-02-01 18:39:34.721485   0. Allure grouping v4


2024-02-01 18:39:34.721654   START PRECONDITIONS =>


2024-02-01 18:39:34.721669   {'width': 1280, 'height': 720}

2024-02-01 18:39:34.723072   Set windows position at (0, 0) =>

2024-02-01 18:39:34.827184   Set resolution 1280 * 720 =>

2024-02-01 18:39:34.929413   => Resolution seted {'width': 1280, 'height': 720}

2024-02-01 18:39:35.959311   Капчи нет. Идем дальше

2024-02-01 18:39:35.959390   Prev. Role: NoReg

2024-02-01 18:39:35.959403   Current role: NoReg

2024-02-01 18:39:36.985832   Капчи нет. Идем дальше

2024-02-01 18:39:36.985918   Prev language: es

2024-02-01 18:39:36.985930   => Current language: es

2024-02-01 18:39:37.991626   Капчи нет. Идем дальше

2024-02-01 18:39:37.991714   Prev country: gb
2024-02-01 18:39:37.991727   => Current country: gb

2024-02-01 18:39:37.991735   => THE END PRECONDITIONS

2024-02-01 18:39:37.991896   1. Arrange_v0
2024-02-01 18:39:37.994789   BUTTON_TRY_DEMO is visible? =>
2024-02-01 18:39:38.008969   => BUTTON_TRY_DEMO is visible on the page!

2024-02-01 18:39:38.009105   2. Act_v0
2024-02-01 18:39:38.009120   BUTTON_TRY_DEMO is present? =>
2024-02-01 18:39:38.018149   => BUTTON_TRY_DEMO is present on the page!
2024-02-01 18:39:38.018174   BUTTON_TRY_DEMO scroll =>
2024-02-01 18:39:38.062138   => BUTTON_TRY_DEMO clicked!

2024-02-01 18:39:38.062424   3. Assert_v0
2024-02-01 18:39:38.062576   Start step Check that [Sign up] form is opened
2024-02-01 18:39:38.078391   'Sign up' form opened
2024-02-01 18:39:38.078435   Assert SIGNUP_HEADER =>
2024-02-01 18:39:38.090359   Assert SIGNUP_REF_LOGIN =>
2024-02-01 18:39:38.108562   Assert SIGNUP_PRIVACY_POLICY_ALL_2 =>
2024-02-01 18:39:38.154822   => SIGNUP_PRIVACY_POLICY_ALL
2024-02-01 18:39:38.154862   => 'Signup' form is checked
2024-02-01 18:39:38.155018   Start step Close [Sign up] form =>
2024-02-01 18:39:38.205857   => 'Signup' form closed
