{'width': 1920, 'height': 1080}

2024-11-16 22:40:12.502786   worker_id = master

2024-11-16 22:40:12.502815   0. Allure grouping for US_55


2024-11-16 22:40:12.503227   START PRECONDITIONS =>

2024-11-16 22:40:12.503253   => URL after prev. preconditions - https://capital.com/en-gb
2024-11-16 22:40:12.503270   => flag_of_bug - True
2024-11-16 22:40:12.503290   => Current URL - https://capital.com/en-gb

2024-11-16 22:40:12.552874   => Windows size: {'width': 1920, 'height': 1080}

2024-11-16 22:40:12.554258   Set windows position at (0, 0) =>

2024-11-16 22:40:12.555937   Set resolution 1920 * 1080 =>

2024-11-16 22:40:12.557553   => Resolution set {'width': 1920, 'height': 1080}

2024-11-16 22:40:12.558945   Работа с куками =>

2024-11-16 22:40:12.558959   => не требуется

2024-11-16 22:40:12.558969   Prev. role - 'Auth'
2024-11-16 22:40:12.558978   Cur. role - 'Auth'

2024-11-16 22:40:12.558987   => The 'Auth' role is set

2024-11-16 22:40:12.558996   Prev. language: ?
2024-11-16 22:40:12.559004   Cur. language - 'es'

2024-11-16 22:40:12.559013   Prev. country: ?
2024-11-16 22:40:12.559022   Cur. country: de

2024-11-16 22:40:12.559191   Set "es" language and "de" country =>
2024-11-16 22:40:12.559208   Stop! Указанный язык 'es' не обрабатывается. Stop running
