{'width': 1280, 'height': 800}

2024-04-25 17:05:44.644346   worker_id = master

2024-04-25 17:05:44.644360   0. Allure grouping v4

2024-04-25 17:05:44.644559   START PRECONDITIONS =>

2024-04-25 17:05:44.644574   => URL after prev. preconditions - https://capital.com/pl
2024-04-25 17:05:44.644584   => flag_of_bug - True
2024-04-25 17:05:44.644594   => Current URL - https://capital.com/pl/handlovac-platyna
2024-04-25 17:05:44.650179   Current page URL = https://capital.com/pl/handlovac-platyna
2024-04-25 17:05:44.652826   self.link = https://capital.com/pl
2024-04-25 17:05:44.652839   driver.get(https://capital.com/pl) =>
2024-04-25 17:05:46.532690   => Loaded page https://capital.com/pl

2024-04-25 17:05:46.537165   => Windows size - {'width': 1280, 'height': 800}
2024-04-25 17:05:46.538585   Set windows position at (0, 0) =>
2024-04-25 17:05:46.540274   Set resolution 1280 * 800 =>
2024-04-25 17:05:46.541902   => Windows size is set to {'width': 1280, 'height': 800}

2024-04-25 17:05:47.587214   Капчи нет. Идем дальше

2024-04-25 17:05:47.587310   Работа с куками =>

2024-04-25 17:05:47.587327   => не требуется

2024-04-25 17:05:47.587345   Prev. country - 'de'
2024-04-25 17:05:47.587362   Cur. country - 'de'
2024-04-25 17:05:47.587377   => Country set to 'de'

2024-04-25 17:05:47.587393   Prev. language - 'pl'
2024-04-25 17:05:47.587407   Cur. language - 'pl'
2024-04-25 17:05:47.587417   => Language is set to 'pl'

2024-04-25 17:05:47.587426   Prev. role - 'NoAuth'
2024-04-25 17:05:47.587434   Cur. role - 'NoAuth'
2024-04-25 17:05:47.587443   => The 'NoAuth' role is set

2024-04-25 17:05:47.591364   => Current URL - https://capital.com/pl

2024-04-25 17:05:47.591389   => THE END PRECONDITIONS

2024-04-25 17:05:47.591446   1. Arrange_v0
2024-04-25 17:05:47.591461   current_page = https://capital.com/pl
2024-04-25 17:05:47.594027   link = https://capital.com/pl/handlovac-platyna
2024-04-25 17:05:47.596486   Current page URL = https://capital.com/pl
2024-04-25 17:05:47.601633   self.link = https://capital.com/pl/handlovac-platyna
2024-04-25 17:05:47.601647   driver.get(https://capital.com/pl/handlovac-platyna) =>
2024-04-25 17:05:49.430051   => Loaded page https://capital.com/pl/handlovac-platyna
2024-04-25 17:05:49.437191   BUTTON_BUY_IN_CONTENT_BLOCK is located on the page? =>
2024-04-25 17:05:49.445948   => BUTTON_BUY_IN_CONTENT_BLOCK is located on the page!
2024-04-25 17:05:49.446132   Start Checking that form [Sign up] popped up on the page =>
2024-04-25 17:05:50.993307   '[Sign up]' form was not popped up

2024-04-25 17:05:50.993501   2. Act_v0
2024-04-25 17:05:50.998717   BUTTON_BUY_IN_CONTENT_BLOCK is present? =>
2024-04-25 17:05:50.998741   => BUTTON_BUY_IN_CONTENT_BLOCK is present on the page
2024-04-25 17:05:50.998751   BUTTON_BUY_IN_CONTENT_BLOCK scroll =>
2024-04-25 17:05:51.010441   => BUTTON_BUY_IN_CONTENT_BLOCK scrolled
2024-04-25 17:05:51.034743   BUTTON_BUY_IN_CONTENT_BLOCK is clickable? =>
2024-04-25 17:05:51.045770   BUTTON_BUY_IN_CONTENT_BLOCK CLICK =>
2024-04-25 17:05:51.057672   => BUTTON_BUY_IN_CONTENT_BLOCK clicked!

2024-04-25 17:05:51.057889   3. Assert_Login_v0
2024-04-25 17:05:51.058000   Check that 'Login' form is opened
2024-04-25 17:05:57.232010   'Login' form not opened
2024-04-25 17:05:57.232194   Check that new 'Login' form is opened
2024-04-25 17:06:00.319866   => New 'Login' form not opened
2024-04-25 17:06:00.322722   'Login' page not opened
2024-04-25 17:06:03.399411   'Login' form on trading platform not opened
2024-04-25 17:06:03.399607   Start step Check that [Sign up] form is opened
2024-04-25 17:06:03.409644   'Sign up' form opened
2024-04-25 17:06:03.409667   Assert SIGNUP_HEADER =>
2024-04-25 17:06:03.419479   Assert SIGNUP_REF_LOGIN =>
2024-04-25 17:06:03.428971   Assert SIGNUP_PRIVACY_POLICY_ALL_2 =>
2024-04-25 17:06:03.438633   => SIGNUP_PRIVACY_POLICY_ALL
2024-04-25 17:06:03.438658   => 'Signup' form is checked

Bug: Bid:11.02.03.01_04-pl.de.NoAuth

2024-04-25 17:06:03.438715   Проверка бага в таблице ретеста  =>

2024-04-25 17:06:03.721970   4. Fixing one row check results into Google Sheet Bugs Report =>
1 cells updated.
2024-04-25 17:06:03.914975   => 4. One row check results into Google Sheet Bugs Report fixed

2024-04-25 17:06:05.842633   4. Fixing one row check results into Google Sheet Bugs Report =>
1 cells updated.
2024-04-25 17:06:06.093523   => 4. One row check results into Google Sheet Bugs Report fixed

2024-04-25 17:06:06.095123   Баг Bid:11.02.03.01_04-pl.de.NoAuth-05 обнаружен ранее и уже находится в 'Bugs Report Auto detect'
