{'width': 1280, 'height': 800}

2024-04-25 15:32:21.611301   worker_id = master

2024-04-25 15:32:21.611315   0. Allure grouping v4

2024-04-25 15:32:21.611502   START PRECONDITIONS =>

2024-04-25 15:32:21.611517   => URL after prev. preconditions - https://capital.com/pl
2024-04-25 15:32:21.611527   => flag_of_bug - False
2024-04-25 15:32:21.611537   => Current URL - https://capital.com/pl/digital-world-acquisition-corp-cena-akcji
2024-04-25 15:32:21.616650   Current page URL = https://capital.com/pl/digital-world-acquisition-corp-cena-akcji
2024-04-25 15:32:21.619035   self.link = https://capital.com/pl
2024-04-25 15:32:21.619048   driver.get(https://capital.com/pl) =>
2024-04-25 15:32:23.363814   => Loaded page https://capital.com/pl

2024-04-25 15:32:23.368176   => Windows size - {'width': 1280, 'height': 800}
2024-04-25 15:32:23.369569   Set windows position at (0, 0) =>
2024-04-25 15:32:23.371255   Set resolution 1280 * 800 =>
2024-04-25 15:32:23.374307   => Windows size is set to {'width': 1280, 'height': 800}

2024-04-25 15:32:24.423822   Капчи нет. Идем дальше

2024-04-25 15:32:24.423912   Работа с куками =>

2024-04-25 15:32:24.423926   => не требуется

2024-04-25 15:32:24.423935   Prev. country - 'de'
2024-04-25 15:32:24.423945   Cur. country - 'de'
2024-04-25 15:32:24.423954   => Country set to 'de'

2024-04-25 15:32:24.423963   Prev. language - 'pl'
2024-04-25 15:32:24.423972   Cur. language - 'pl'
2024-04-25 15:32:24.423980   => Language is set to 'pl'

2024-04-25 15:32:24.423989   Prev. role - 'NoReg'
2024-04-25 15:32:24.423998   Cur. role - 'NoReg'
2024-04-25 15:32:24.424007   => The 'NoReg' role is set

2024-04-25 15:32:24.426874   => Current URL - https://capital.com/pl

2024-04-25 15:32:24.426897   => THE END PRECONDITIONS

2024-04-25 15:32:24.427093 1.Arrange_v0
2024-04-25 15:32:24.427111   current_page = https://capital.com/pl
2024-04-25 15:32:24.429705   link = https://capital.com/pl/digital-world-acquisition-corp-cena-akcji
2024-04-25 15:32:24.432207   Current page URL = https://capital.com/pl
2024-04-25 15:32:24.434699   self.link = https://capital.com/pl/digital-world-acquisition-corp-cena-akcji
2024-04-25 15:32:24.434713   driver.get(https://capital.com/pl/digital-world-acquisition-corp-cena-akcji) =>
2024-04-25 15:32:26.053501   => Loaded page https://capital.com/pl/digital-world-acquisition-corp-cena-akcji
2024-04-25 15:32:26.060069 BUTTON_NOTIFICATION is located on the page? =>
2024-04-25 15:32:26.068847   Is BUTTON_NOTIFICATION present on the page? =>
2024-04-25 15:32:26.068876 => BUTTON_NOTIFICATION is present on the page
2024-04-25 15:32:26.068886   [Notification] button scroll =>
2024-04-25 15:32:26.075100   Start Checking that form [Sign up] popped up on the page =>
2024-04-25 15:32:27.616857   '[Sign up]' form was not popped up

2024-04-25 15:32:27.617048   2. Act_v0
2024-04-25 15:32:27.617064   Start Click 'Notification' button =>
2024-04-25 15:32:27.645415 BUTTON_NOTIFICATION is clickable =>
2024-04-25 15:32:27.681950 => BUTTON_NOTIFICATION clicked
Trade instrument from Full test is Handel Trump Media & Technology Group - DJT CFD
Test element is <pages.Elements.AssertClass.AssertClass object at 0x7fdb20ee2660>

2024-04-25 15:32:27.682264   3. Assert_v0
2024-04-25 15:32:27.682383   Start step Check that [Sign up] form is opened
2024-04-25 15:32:27.886924   'Sign up' form opened
2024-04-25 15:32:27.886970   Assert SIGNUP_HEADER =>
2024-04-25 15:32:27.901378   Assert SIGNUP_REF_LOGIN =>
2024-04-25 15:32:27.913128   Assert SIGNUP_PRIVACY_POLICY_ALL_2 =>
2024-04-25 15:32:27.925758   => SIGNUP_PRIVACY_POLICY_ALL
2024-04-25 15:32:27.925790   => 'Signup' form is checked
2024-04-25 15:32:27.925957   Start step Close [Sign up] form =>
2024-04-25 15:32:28.023292   => 'Signup' form closed
2024-04-25 15:32:28.288907   => Focus moved to 'capital*com' logo
