


Current sort - Top fallers
{'width': 1280, 'height': 800}

2024-04-25 15:37:19.001183   worker_id = master

2024-04-25 15:37:19.001198   0. Allure grouping v4

2024-04-25 15:37:19.001401   START PRECONDITIONS =>

2024-04-25 15:37:19.001425   => URL after prev. preconditions - https://capital.com/pl
2024-04-25 15:37:19.001442   => flag_of_bug - False
2024-04-25 15:37:19.001457   => Current URL - https://capital.com/pl/aktualne-ceny-waluty
2024-04-25 15:37:19.024004   Current page URL = https://capital.com/pl/aktualne-ceny-waluty
2024-04-25 15:37:19.027235   self.link = https://capital.com/pl
2024-04-25 15:37:19.027258   driver.get(https://capital.com/pl) =>
2024-04-25 15:37:20.631192   => Loaded page https://capital.com/pl

2024-04-25 15:37:20.635584   => Windows size - {'width': 1280, 'height': 800}
2024-04-25 15:37:20.637133   Set windows position at (0, 0) =>
2024-04-25 15:37:20.638734   Set resolution 1280 * 800 =>
2024-04-25 15:37:20.640316   => Windows size is set to {'width': 1280, 'height': 800}

2024-04-25 15:37:21.684865   Капчи нет. Идем дальше

2024-04-25 15:37:21.684964   Работа с куками =>

2024-04-25 15:37:21.684981   => не требуется

2024-04-25 15:37:21.684990   Prev. country - 'de'
2024-04-25 15:37:21.684999   Cur. country - 'de'
2024-04-25 15:37:21.685009   => Country set to 'de'

2024-04-25 15:37:21.685018   Prev. language - 'pl'
2024-04-25 15:37:21.685026   Cur. language - 'pl'
2024-04-25 15:37:21.685035   => Language is set to 'pl'

2024-04-25 15:37:21.685043   Prev. role - 'NoAuth'
2024-04-25 15:37:21.685052   Cur. role - 'NoAuth'
2024-04-25 15:37:21.685060   => The 'NoAuth' role is set

2024-04-25 15:37:21.687760   => Current URL - https://capital.com/pl

2024-04-25 15:37:21.687782   => THE END PRECONDITIONS

2024-04-25 15:37:21.687962   START Open "Markets" menu, "Forex" submenu =>

2024-04-25 15:37:21.687978   1. Cur URL = https://capital.com/pl

2024-04-25 15:37:21.690546   2. Link = https://capital.com/pl
2024-04-25 15:37:21.690562   current_page = https://capital.com/pl
2024-04-25 15:37:21.694856   link = https://capital.com/pl
2024-04-25 15:37:22.203592   => 'Markets' menu is present
2024-04-25 15:37:22.217978   => 'Markets' menu is visible
2024-04-25 15:37:23.495624   => Focus moved to 'Markets' menu


2024-04-25 15:37:24.966044   => 'Forex' sub-menu clicked
2024-04-25 15:37:25.261653   => Focus moved to 'capital*com' logo

2024-04-25 15:37:25.261695   3. Cur URL = https://capital.com/pl/aktualne-ceny-waluty

2024-04-25 15:37:25.267235   1. Arrange for TABLE_TRADING_INSTRUMENTS and 'Top fallers' cur_sort
2024-04-25 15:37:25.267259   current_page = https://capital.com/pl/aktualne-ceny-waluty
2024-04-25 15:37:25.269767   link = https://capital.com/pl/aktualne-ceny-waluty
2024-04-25 15:37:25.272276   TABLE_TRADING_INSTRUMENTS present on this page? =>
2024-04-25 15:37:25.277556   => Trading Instrument table is present on the page!
2024-04-25 15:37:25.277578   IS FIELD_DROPDOWN_SORT present in the Live TI prices table? =>
2024-04-25 15:37:25.282346   =>  FIELD_DROPDOWN_SORT is present in the Live TI price table!
2024-04-25 15:37:25.282367   Start scroll and click FIELD_DROPDOWN_SORT =>
2024-04-25 15:37:25.389329   Is item_sort_list visible on the FIELD_DROPDOWN_SORT ? =>
2024-04-25 15:37:25.419278   => items_sort_list is visible on the FIELD_DROPDOWN_SORT!
2024-04-25 15:37:25.419327   Is cur_sort "Top fallers" present in items_sort_list? =>
2024-04-25 15:37:25.448115   => cur_sort "Top fallers" is present in item_sort_list!
2024-04-25 15:37:25.448172   Start click cur_sort item - "Top fallers"=>
2024-04-25 15:37:26.056256   => End Click cur_sort "Top fallers"

2024-04-25 15:37:26.056305   Buttons [Sell] is visible and sum buttons no zero? =>
2024-04-25 15:37:26.085231   => Buttons [Sell] is visible and sum buttons no zero!

2024-04-25 15:37:26.085270   Start find 1 random buttons [Sell] on cur_sort "Top fallers"=>
2024-04-25 15:37:26.091667   => End find 1 random buttons [Sell] on the cur_sort "Top fallers"

2024-04-25 15:37:26.091700   List of random items = [3]
2024-04-25 15:37:26.091893   2. Act for trading instrument and "Top fallers" cur_sort
2024-04-25 15:37:26.103488   Start click button [Sell] =>
2024-04-25 15:37:26.113724   =>   BUTTON_SELL on item with ID = '55001351226694' is present
2024-04-25 15:37:26.113750   BUTTON_SELL on item with ID = '55001351226694' scroll into view =>
2024-04-25 15:37:26.119549   => BUTTON_SELL on item with ID = '55001351226694' scrolled into view
2024-04-25 15:37:26.119581   Check that BUTTON_SELL with item 'CHF/HUF' clickable =>
2024-04-25 15:37:26.221044   => BUTTON_SELL is clickable
2024-04-25 15:37:26.512480   =>   BUTTON_SELL on item 'CHF/HUF' clicked

2024-04-25 15:37:26.512779   3. Assert_Login_v0
2024-04-25 15:37:26.512902   Check that 'Login' form is opened
2024-04-25 15:37:26.725590   'Login' form opened
2024-04-25 15:37:26.725639   Assert LOGIN_REF_SIGNUP =>
2024-04-25 15:37:26.739464   Assert LOGIN_CHECKBOX =>
2024-04-25 15:37:26.754593   Assert LOGIN_PASS_FORGOT =>
2024-04-25 15:37:26.769377   => 'Login' form is checked
2024-04-25 15:37:26.788492   Click 'Close' button on 'Login' form =>
2024-04-25 15:37:27.128404   => Focus moved to 'capital*com' logo
2024-04-25 15:37:27.128448   => 'Login' form closed
