


Current market - ETFs
{'width': 1280, 'height': 800}

2024-04-25 14:56:59.351682   worker_id = master

2024-04-25 14:56:59.351699   0. Allure grouping v4

2024-04-25 14:56:59.351891   START PRECONDITIONS =>

2024-04-25 14:56:59.351907   => URL after prev. preconditions - https://capital.com/pl
2024-04-25 14:56:59.351917   => flag_of_bug - False
2024-04-25 14:56:59.351928   => Current URL - https://capital.com/pl

2024-04-25 14:56:59.359637   => Windows size - {'width': 1280, 'height': 800}
2024-04-25 14:56:59.361159   Set windows position at (0, 0) =>
2024-04-25 14:56:59.363234   Set resolution 1280 * 800 =>
2024-04-25 14:56:59.365171   => Windows size is set to {'width': 1280, 'height': 800}

2024-04-25 14:57:00.420845   Капчи нет. Идем дальше

2024-04-25 14:57:00.420937   Работа с куками =>

2024-04-25 14:57:00.420952   => не требуется

2024-04-25 14:57:00.420962   Prev. country - 'de'
2024-04-25 14:57:00.420971   Cur. country - 'de'
2024-04-25 14:57:00.420981   => Country set to 'de'

2024-04-25 14:57:00.420990   Prev. language - 'pl'
2024-04-25 14:57:00.420999   Cur. language - 'pl'
2024-04-25 14:57:00.421007   => Language is set to 'pl'

2024-04-25 14:57:00.421016   Prev. role - 'NoReg'
2024-04-25 14:57:00.421025   Cur. role - 'NoReg'
2024-04-25 14:57:00.421033   => The 'NoReg' role is set

2024-04-25 14:57:00.427269   => Current URL - https://capital.com/pl

2024-04-25 14:57:00.427295   => THE END PRECONDITIONS

2024-04-25 14:57:00.427358   1. Arrange for 'Trading instrument' widget: 'ETFs' market
2024-04-25 14:57:00.427373   current_page = https://capital.com/pl
2024-04-25 14:57:00.430049   link = https://capital.com/pl

2024-04-25 14:57:00.432643   IS 'Trading instrument' widget present on this page? =>
2024-04-25 14:57:00.438020   => 'Trading instrument' widget present on this page!

2024-04-25 14:57:00.448730   IS 'Trading instrument' widget visible on this page? =>
2024-04-25 14:57:00.473174   => 'Trading instrument' widget is visible on this page!

2024-04-25 14:57:00.473223   IS MARKET 'ETFs' present on this page? =>
2024-04-25 14:57:00.490270   => MARKET 'ETFs' present on this page!

2024-04-25 14:57:00.503068   IS MARKET 'ETFs' visible on this page? =>
2024-04-25 14:57:02.570183   => MARKET 'ETFs' is NOT visible right now on page, but need to check in 'Meatballs menu'!
2024-04-25 14:57:02.584324   => 'Meatballs menu' button is present
2024-04-25 14:57:02.599157   => 'Meatballs menu' button is visible
2024-04-25 14:57:03.876200   => Focus is moved on 'Meatballs menu' button
2024-04-25 14:57:03.900154   => MARKET 'ETFs' is visible on this page!

2024-04-25 14:57:03.900195   Start Click Tab 'ETFs' MARKET =>
2024-04-25 14:57:03.900205   Check that Tab 'ETFs' MARKET is clickable =>
2024-04-25 14:57:03.917863   => Tab 'ETFs' MARKET is clickable
2024-04-25 14:57:03.971984   => End Click Tab 'ETFs' MARKET

2024-04-25 14:57:03.972044   Is Instruments present? =>
2024-04-25 14:57:03.981714   => Instruments is present on this page

2024-04-25 14:57:03.981747   Is Instruments visible? =>
2024-04-25 14:57:03.993532   => Instruments is visible on this page

2024-04-25 14:57:03.993566   Start find random buttons [Trade] on the TAB 'ETFs'=>
2024-04-25 14:57:03.993592   => End find '1' random buttons [Trade] from list [5] on the TAB 'ETFs'
2024-04-25 14:57:03.993771   2. Act for 'Trading instrument' widget and 'ETFs' tab 5-item from item list [5]
2024-04-25 14:57:03.993788   Start Click button TAB 'ETFs' in METHOD: element_click =>
2024-04-25 14:57:04.002928   IS MARKET 'ETFs' visible on this page? =>
2024-04-25 14:57:04.016153   Check that MARKET 'ETFs' is visible on this page =>
2024-04-25 14:57:04.031053   => MARKET 'ETFs' is visible on this page!
2024-04-25 14:57:04.031091   Tab 'ETFs' MARKET is scroll =>
2024-04-25 14:57:04.043534   => Tab 'ETFs' MARKET is scrolled
2024-04-25 14:57:04.043572   Check that Tab 'ETFs' MARKET is clickable =>
2024-04-25 14:57:04.054444   => Tab 'ETFs' MARKET is clickable
2024-04-25 14:57:04.082373   => End Click Tab 'ETFs' MARKET

2024-04-25 14:57:04.082413   Start get name of trading instrument =>
2024-04-25 14:57:04.097181   => Name of trading instrument: iShares U.S. Technology ETF

2024-04-25 14:57:04.097220   Start click button [Trade] =>
2024-04-25 14:57:04.171360   => Button [Trade] for 5-item clicked!


2024-04-25 14:57:04.171458   1. Arrange for 'Trading instrument' widget: 'ETFs' market

2024-04-25 14:57:04.171621   3. Assert_v0
2024-04-25 14:57:04.171713   Start step Check that [Sign up] form is opened
2024-04-25 14:57:04.616736   'Sign up' form opened
2024-04-25 14:57:04.616779   Assert SIGNUP_HEADER =>
2024-04-25 14:57:04.629363   Assert SIGNUP_REF_LOGIN =>
2024-04-25 14:57:04.639129   Assert SIGNUP_PRIVACY_POLICY_ALL_2 =>
2024-04-25 14:57:04.651254   => SIGNUP_PRIVACY_POLICY_ALL
2024-04-25 14:57:04.651287   => 'Signup' form is checked
2024-04-25 14:57:04.651463   Start step Close [Sign up] form =>
2024-04-25 14:57:04.737440   => 'Signup' form closed
2024-04-25 14:57:05.024198   => Focus moved to 'capital*com' logo
