{'width': 1280, 'height': 800}

2024-04-12 06:52:25.799188   worker_id = master

2024-04-12 06:52:25.799201   0. Allure grouping v4

2024-04-12 06:52:25.799384   START PRECONDITIONS =>

2024-04-12 06:52:25.799399   => URL after prev. preconditions - https://capital.com/nl
2024-04-12 06:52:25.799409   => flag_of_bug - False
2024-04-12 06:52:25.799419   => Current URL - https://capital.com/nl/trade-commodities
2024-04-12 06:52:25.804958   Current page URL = https://capital.com/nl/trade-commodities
2024-04-12 06:52:25.807481   self.link = https://capital.com/nl
2024-04-12 06:52:25.807494   driver.get(https://capital.com/nl) =>
2024-04-12 06:52:27.643750   => Loaded page https://capital.com/nl

2024-04-12 06:52:27.648439   => Windows size - {'width': 1280, 'height': 800}
2024-04-12 06:52:27.649849   Set windows position at (0, 0) =>
2024-04-12 06:52:27.752242   Set resolution 1280 * 800 =>
2024-04-12 06:52:27.857948   => Windows size is set to {'width': 1280, 'height': 800}

2024-04-12 06:52:28.911425   Капчи нет. Идем дальше

2024-04-12 06:52:28.911515   Работа с куками =>

2024-04-12 06:52:28.911529   => не требуется

2024-04-12 06:52:28.911539   Prev. country - 'au'
2024-04-12 06:52:28.911548   Cur. country - 'au'
2024-04-12 06:52:28.911557   => Country set to 'au'

2024-04-12 06:52:28.911565   Prev. language - 'nl'
2024-04-12 06:52:28.911574   Cur. language - 'nl'
2024-04-12 06:52:28.911583   => Language is set to 'nl'

2024-04-12 06:52:28.911592   Prev. role - 'NoAuth'
2024-04-12 06:52:28.911600   Cur. role - 'NoAuth'
2024-04-12 06:52:28.911609   => The 'NoAuth' role is set

2024-04-12 06:52:28.914482   => Current URL - https://capital.com/nl

2024-04-12 06:52:28.914504   => THE END PRECONDITIONS

2024-04-12 06:52:28.914724   1. Cur URL = https://capital.com/nl

2024-04-12 06:52:28.917437   2. Link = https://capital.com/nl
2024-04-12 06:52:28.917453   current_page = https://capital.com/nl
2024-04-12 06:52:28.920002   link = https://capital.com/nl
2024-04-12 06:52:29.433909   => Education menu is present in DOM
2024-04-12 06:52:29.442382   => Education menu is visible
2024-04-12 06:52:30.723827   => Focus moved to Education menu
2024-04-12 06:52:32.773813   => Focus moved to 'capital*com' logo

2024-04-12 06:52:32.773857   3. Cur URL = https://capital.com/nl/trade-commodities

2024-04-12 06:52:32.779655   1. Arrange
2024-04-12 06:52:32.779681   current_page = https://capital.com/nl/trade-commodities
2024-04-12 06:52:32.782269   link = https://capital.com/nl/trade-commodities
2024-04-12 06:52:32.784890   BUTTON_ON_HOR_BANNER is present? =>
2024-04-12 06:52:32.793470   => BUTTON_ON_HOR_BANNER is present on this page
2024-04-12 06:52:32.793495   BUTTON_ON_HOR_BANNER scroll =>
2024-04-12 06:52:32.797070   BUTTON_ON_HOR_BANNER is visible? =>
2024-04-12 06:52:32.893127   => BUTTON_ON_HOR_BANNER is visible on the page!
2024-04-12 06:52:32.893327   Start Checking that form [Sign up] popped up on the page =>
2024-04-12 06:52:34.437667   '[Sign up]' form was not popped up

2024-04-12 06:52:34.437849   2. Act

2024-04-12 06:52:34.453124   => Button on Horizontal banner is clickable

2024-04-12 06:52:34.457865   data_id = 281
2024-04-12 06:52:35.183137   => BUTTON_ON_HOR_BANNER clicked!

2024-04-12 06:52:35.183446   3. Assert_Login_v0
2024-04-12 06:52:35.183572   Check that 'Login' form is opened
2024-04-12 06:52:41.720583   'Login' form not opened
2024-04-12 06:52:41.720769   Check that new 'Login' form is opened
2024-04-12 06:52:44.789135   => New 'Login' form not opened
2024-04-12 06:52:44.792223   'Login' page not opened
2024-04-12 06:52:47.884961   'Login' form on trading platform not opened
2024-04-12 06:52:47.885157   Start step Check that [Sign up] form is opened
2024-04-12 06:52:50.974901   'Sign up' form not opened
2024-04-12 06:52:50.975222   Start step Check that new [Sign up] form is opened
2024-04-12 06:52:54.045050   => new 'Sign up' form not opened
2024-04-12 06:52:54.045240   Start method Check that [Sign up] page opened =>
2024-04-12 06:52:55.049543   'Sign up' page opened
2024-04-12 06:52:55.049582   Assert SIGNUP_SIGNUP_FRAME =>
2024-04-12 06:52:55.058192   Assert SIGNUP_REF_LOGIN =>
2024-04-12 06:52:55.073348   Assert SIGNUP_PRIVACY_POLICY_ALL_1 =>
2024-04-12 06:52:56.616177   Assert SIGNUP_PRIVACY_POLICY_ALL_2 =>
2024-04-12 06:52:56.629422   => SIGNUP_PRIVACY_POLICY_ALL
2024-04-12 06:52:56.629452   => 'Signup' page is checked

Bug: Bid:11.02.03.00_09-nl.au.NoAuth

2024-04-12 06:52:57.629700   Проверка бага в таблице ретеста  =>

2024-04-12 06:52:58.079991   4. Fixing one row check results into Google Sheet Bugs Report =>
1 cells updated.
2024-04-12 06:52:58.671073   => 4. One row check results into Google Sheet Bugs Report fixed

2024-04-12 06:52:59.363633   4. Fixing one row check results into Google Sheet Bugs Report =>
1 cells updated.
2024-04-12 06:52:59.699234   => 4. One row check results into Google Sheet Bugs Report fixed

2024-04-12 06:52:59.699309   Баг Bid:11.02.03.00_09-nl.au.NoAuth уже существует, но у него изменился тип с  на 06

2024-04-12 06:52:59.699470   4. Fixing one row check results into Google Sheet Bugs Report =>
1 cells updated.
2024-04-12 06:52:59.910187   => 4. One row check results into Google Sheet Bugs Report fixed

2024-04-12 06:52:59.911688   Баг Bid:11.02.03.00_09-nl.au.NoAuth-06 обнаружен ранее и уже находится в 'Bugs Report Auto detect'
