


Current market - Cryptocurrencies
{'width': 1280, 'height': 800}

2024-04-12 05:31:43.680404   worker_id = master

2024-04-12 05:31:43.680422   0. Allure grouping v4

2024-04-12 05:31:43.680676   START PRECONDITIONS =>

2024-04-12 05:31:43.680697   => URL after prev. preconditions - https://capital.com/nl
2024-04-12 05:31:43.680710   => flag_of_bug - True
2024-04-12 05:31:43.680726   => Current URL - https://capital.com/trading/platform/
2024-04-12 05:31:43.686839   Current page URL = https://capital.com/trading/platform/
2024-04-12 05:31:43.689687   self.link = https://capital.com/nl
2024-04-12 05:31:43.689705   driver.get(https://capital.com/nl) =>
2024-04-12 05:31:45.722147   => Loaded page https://capital.com/nl

2024-04-12 05:31:45.725631   => Windows size - {'width': 1280, 'height': 800}
2024-04-12 05:31:45.727180   Set windows position at (0, 0) =>
2024-04-12 05:31:45.829627   Set resolution 1280 * 800 =>
2024-04-12 05:31:45.936037   => Windows size is set to {'width': 1280, 'height': 800}

2024-04-12 05:31:46.986703   Капчи нет. Идем дальше

2024-04-12 05:31:46.986815   Работа с куками =>

2024-04-12 05:31:46.986838   => не требуется

2024-04-12 05:31:46.986849   Prev. country - 'au'
2024-04-12 05:31:46.986858   Cur. country - 'au'
2024-04-12 05:31:46.986867   => Country set to 'au'

2024-04-12 05:31:46.986876   Prev. language - 'nl'
2024-04-12 05:31:46.986885   Cur. language - 'nl'
2024-04-12 05:31:46.986894   => Language is set to 'nl'

2024-04-12 05:31:46.986903   Prev. role - 'Auth'
2024-04-12 05:31:46.986912   Cur. role - 'Auth'
2024-04-12 05:31:46.986920   => The 'Auth' role is set

2024-04-12 05:31:46.989826   => Current URL - https://capital.com/nl

2024-04-12 05:31:46.989851   => THE END PRECONDITIONS

2024-04-12 05:31:46.989910   1. Arrange for 'Trading instrument' widget: 'Cryptocurrencies' market
2024-04-12 05:31:46.989925   current_page = https://capital.com/nl
2024-04-12 05:31:46.992974   link = https://capital.com/nl

2024-04-12 05:31:46.995546   IS 'Trading instrument' widget present on this page? =>
2024-04-12 05:31:47.001353   => 'Trading instrument' widget present on this page!

2024-04-12 05:31:47.009312   IS 'Trading instrument' widget visible on this page? =>
2024-04-12 05:31:47.042888   => 'Trading instrument' widget is visible on this page!

2024-04-12 05:31:47.042936   IS MARKET 'Cryptocurrencies' present on this page? =>
2024-04-12 05:31:47.054664   => MARKET 'Cryptocurrencies' present on this page!

2024-04-12 05:31:47.059895   IS MARKET 'Cryptocurrencies' visible on this page? =>
2024-04-12 05:31:47.094947   => MARKET 'Cryptocurrencies' is visible on this page!

2024-04-12 05:31:47.094990   Start Click Tab 'Cryptocurrencies' MARKET =>
2024-04-12 05:31:47.095000   Check that Tab 'Cryptocurrencies' MARKET is clickable =>
2024-04-12 05:31:47.114527   => Tab 'Cryptocurrencies' MARKET is clickable
2024-04-12 05:31:47.178011   => End Click Tab 'Cryptocurrencies' MARKET

2024-04-12 05:31:47.178069   Is Instruments present? =>
2024-04-12 05:31:47.187277   => Instruments is present on this page

2024-04-12 05:31:47.187315   Is Instruments visible? =>
2024-04-12 05:31:47.203119   => Instruments is visible on this page

2024-04-12 05:31:47.203167   Start find random buttons [Trade] on the TAB 'Cryptocurrencies'=>
2024-04-12 05:31:47.203202   => End find '1' random buttons [Trade] from list [2] on the TAB 'Cryptocurrencies'
2024-04-12 05:31:47.203420   2. Act for 'Trading instrument' widget and 'Cryptocurrencies' tab 2-item from item list [2]
2024-04-12 05:31:47.203440   Start Click button TAB 'Cryptocurrencies' in METHOD: element_click =>
2024-04-12 05:31:47.212777   IS MARKET 'Cryptocurrencies' visible on this page? =>
2024-04-12 05:31:47.225101   Check that MARKET 'Cryptocurrencies' is visible on this page =>
2024-04-12 05:31:47.238921   => MARKET 'Cryptocurrencies' is visible on this page!
2024-04-12 05:31:47.238959   Tab 'Cryptocurrencies' MARKET is scroll =>
2024-04-12 05:31:47.247901   => Tab 'Cryptocurrencies' MARKET is scrolled
2024-04-12 05:31:47.247934   Check that Tab 'Cryptocurrencies' MARKET is clickable =>
2024-04-12 05:31:47.261833   => Tab 'Cryptocurrencies' MARKET is clickable
2024-04-12 05:31:47.294880   => End Click Tab 'Cryptocurrencies' MARKET

2024-04-12 05:31:47.294923   Start get name of trading instrument =>
2024-04-12 05:31:47.309400   => Name of trading instrument: Ethereum / USD

2024-04-12 05:31:47.309437   Start click button [Trade] =>
2024-04-12 05:31:47.594612   => Button [Trade] for 2-item clicked!


2024-04-12 05:31:47.594768   1. Arrange for 'Trading instrument' widget: 'Cryptocurrencies' market

2024-04-12 05:31:47.595031   3. Assert_v4

2024-04-12 05:31:47.595062   
2024-04-12 05:31:47.595248   Checking that the trading platform page has opened (v4) =>
2024-04-12 05:31:47.609972   Checking way # 1 => 

2024-04-12 05:31:47.610220   1. Checking that the Trading platform (or TradingView site) page has valid title =>
2024-04-12 05:31:47.613873   => The title of current page is 'Trading Platform | Capital.com'

2024-04-12 05:31:47.613991   2. Checking that the LOGO is present on the page =>
2024-04-12 05:31:49.192704   => 'capital*com' logo is present on the current page

2024-04-12 05:31:49.192742   tpd = False

2024-04-12 05:31:49.192755   4. Check that opened page with https://capital.com/trading/platform/ url
with selected corresponding trading instrument 'Ethereum / USD' =>

2024-04-12 05:31:49.195851   trade_instrument = 'Ethereum / USD'

2024-04-12 05:31:49.195863   4.1. Check that Trading Platform is opened in Chart mode
2024-04-12 05:31:50.243736   => Bug # 14. Trading platform opened, but not Chart mode
Bid: Bid:00.00_001-nl.au.Auth

2024-04-12 05:31:50.243790   Проверка бага в таблице ретеста  =>

2024-04-12 05:31:50.547015   4. Fixing one row check results into Google Sheet Bugs Report =>
1 cells updated.
2024-04-12 05:31:50.847190   => 4. One row check results into Google Sheet Bugs Report fixed

2024-04-12 05:31:51.478345   4. Fixing one row check results into Google Sheet Bugs Report =>
1 cells updated.
2024-04-12 05:31:51.783652   => 4. One row check results into Google Sheet Bugs Report fixed

2024-04-12 05:31:51.785869   Баг Bid:00.00_001-nl.au.Auth-14 обнаружен ранее и уже находится в 'Bugs Report Auto detect'
