{'width': 1280, 'height': 720}

2024-01-17 08:28:42.062076   worker_id = master

2024-01-17 08:28:42.062099   0. Allure grouping v4


2024-01-17 08:28:42.062402   START PRECONDITIONS =>


2024-01-17 08:28:42.062423   {'width': 1280, 'height': 720}

2024-01-17 08:28:42.064868   Set windows position at (0, 0) =>

2024-01-17 08:28:42.167674   Set resolution 1280 * 720 =>

2024-01-17 08:28:42.270192   => Resolution seted {'width': 1280, 'height': 720}

2024-01-17 08:28:47.308512   Капчи нет. Тестим дальше

2024-01-17 08:28:47.308601   Prev. Role: NoReg

2024-01-17 08:28:47.308616   Current role: NoReg

2024-01-17 08:28:47.308625   Prev language: el

2024-01-17 08:28:47.308633   => Current language: el

2024-01-17 08:28:47.308641   Prev country: gb

2024-01-17 08:28:47.308649   => Current country: gb

2024-01-17 08:28:47.308657   => THE END PRECONDITIONS

2024-01-17 08:28:47.308685   1. Arrange
2024-01-17 08:28:47.311873   Is present VIDEO_BANNER? =>
2024-01-17 08:28:47.323872   => VIDEO_BANNER IS PRESENT

2024-01-17 08:28:47.324017   2. Act
2024-01-17 08:28:47.324031   Is present VIDEO_BANNER? =>
2024-01-17 08:28:47.329059   => VIDEO_BANNER is present
2024-01-17 08:28:47.334758   Is clickable VIDEO_BANNER? =>
2024-01-17 08:28:47.354792   Click VIDEO_BANNER =>
2024-01-17 08:28:47.410104   => VIDEO_BANNER CLICKED

2024-01-17 08:28:47.410383   3. Assert_v0
2024-01-17 08:28:47.410494   Start step Check that [Sign up] form is opened
2024-01-17 08:28:47.429200   'Sign up' form opened
2024-01-17 08:28:47.429246   Assert SIGNUP_HEADER =>
2024-01-17 08:28:47.442224   Assert SIGNUP_REF_LOGIN =>
2024-01-17 08:28:47.455459   Assert SIGNUP_PRIVACY_POLICY_ALL_2 =>
2024-01-17 08:28:47.467445   => SIGNUP_PRIVACY_POLICY_ALL
2024-01-17 08:28:47.467485   => 'Signup' form is checked
2024-01-17 08:28:47.467645   Start step Close [Sign up] form =>
2024-01-17 08:28:47.528951   => 'Signup' form closed
