{'width': 1280, 'height': 800}

2024-04-06 11:29:49.481021   worker_id = master

2024-04-06 11:29:49.481035   0. Allure grouping v4

2024-04-06 11:29:49.481209   START PRECONDITIONS =>

2024-04-06 11:29:49.481224   => Current URL - https://capital.com/lead-commodity

2024-04-06 11:29:49.483924   => URL after prev. preconditions - https://capital.com/lead-commodity

2024-04-06 11:29:49.483937   => flag_of_bug - False

2024-04-06 11:29:49.483950   => Windows size - {'width': 1280, 'height': 800}
2024-04-06 11:29:49.485248   Set windows position at (0, 0) =>
2024-04-06 11:29:49.587568   Set resolution 1280 * 800 =>
2024-04-06 11:29:49.690047   => Windows size is set to {'width': 1280, 'height': 800}

2024-04-06 11:29:50.746220   Капчи нет. Идем дальше

2024-04-06 11:29:50.746310   Работа с куками

2024-04-06 11:29:50.746324   Prev. country - 'au'
2024-04-06 11:29:50.746334   Cur. country - 'au'
2024-04-06 11:29:50.746343   => Country set to 'au'

2024-04-06 11:29:50.746352   Prev. language - 'en'
2024-04-06 11:29:50.746361   Cur. language - 'en'
2024-04-06 11:29:50.746369   => Language is set to 'en'

2024-04-06 11:29:50.746378   Prev. role - 'NoReg'
2024-04-06 11:29:50.746387   Cur. role - 'NoReg'
2024-04-06 11:29:50.746395   => The 'NoReg' role is set

2024-04-06 11:29:50.749223   => Current URL - https://capital.com/lead-commodity

2024-04-06 11:29:50.749246   => THE END PRECONDITIONS

2024-04-06 11:29:50.749423   1. Arrange_v0
2024-04-06 11:29:50.749440   current_page = https://capital.com/lead-commodity
2024-04-06 11:29:50.751972   link = https://capital.com/lead-commodity
2024-04-06 11:29:50.754586   BUTTON_CREATE_YOUR_ACCOUNT is located on the page? =>

2024-04-06 11:29:50.763519   2. Act_v0: Define of locator

2024-04-06 11:29:50.763545   2. Act_v0: Go to web element

2024-04-06 11:29:51.818605   2. Act_v0: Click web element
2024-04-06 11:29:51.890363   => BUTTON_CREATE_YOUR_ACCOUNT is clicked

2024-04-06 11:29:51.890674   3. Assert_v0
2024-04-06 11:29:51.890812   Start step Check that [Sign up] form is opened
2024-04-06 11:29:51.904023   'Sign up' form opened
2024-04-06 11:29:51.904064   Assert SIGNUP_HEADER =>
2024-04-06 11:29:51.916099   Assert SIGNUP_REF_LOGIN =>
2024-04-06 11:29:51.927691   Assert SIGNUP_PRIVACY_POLICY_ALL_2 =>
2024-04-06 11:29:51.949026   => SIGNUP_PRIVACY_POLICY_ALL
2024-04-06 11:29:51.949073   => 'Signup' form is checked
2024-04-06 11:29:51.949298   Start step Close [Sign up] form =>
2024-04-06 11:29:52.032799   => 'Signup' form closed
2024-04-06 11:29:52.309651   => Focus moved to 'capital*com' logo
