{'width': 1280, 'height': 800}

2024-04-06 10:37:40.165321   worker_id = master

2024-04-06 10:37:40.165334   0. Allure grouping v4

2024-04-06 10:37:40.165520   START PRECONDITIONS =>

2024-04-06 10:37:40.165536   => Current URL - https://capital.com/trading/platform/

2024-04-06 10:37:40.168414   => URL after prev. preconditions - https://capital.com/tilray-inc-share-price

2024-04-06 10:37:40.168428   => flag_of_bug - True
2024-04-06 10:37:40.168440   Current page URL = https://capital.com/trading/platform/
2024-04-06 10:37:40.170960   self.link = https://capital.com/tilray-inc-share-price
2024-04-06 10:37:40.170974   link = https://capital.com/tilray-inc-share-price
2024-04-06 10:37:41.985640   => Loaded page https://capital.com/tilray-inc-share-price

2024-04-06 10:37:41.990054   => Windows size - {'width': 1280, 'height': 800}
2024-04-06 10:37:41.991391   Set windows position at (0, 0) =>
2024-04-06 10:37:42.093762   Set resolution 1280 * 800 =>
2024-04-06 10:37:42.196286   => Windows size is set to {'width': 1280, 'height': 800}

2024-04-06 10:37:43.227943   Капчи нет. Идем дальше

2024-04-06 10:37:43.228036   Работа с куками

2024-04-06 10:37:43.228050   Prev. country - 'au'
2024-04-06 10:37:43.228060   Cur. country - 'au'
2024-04-06 10:37:43.228069   => Country set to 'au'

2024-04-06 10:37:43.228078   Prev. language - 'en'
2024-04-06 10:37:43.228087   Cur. language - 'en'
2024-04-06 10:37:43.228095   => Language is set to 'en'

2024-04-06 10:37:43.228104   Prev. role - 'NoAuth'
2024-04-06 10:37:43.228113   Cur. role - 'NoAuth'
2024-04-06 10:37:43.228121   => The 'NoAuth' role is set

2024-04-06 10:37:43.230889   => Current URL - https://capital.com/tilray-inc-share-price

2024-04-06 10:37:43.230911   => THE END PRECONDITIONS

2024-04-06 10:37:43.230952   1. Arrange_v0
2024-04-06 10:37:43.230965   current_page = https://capital.com/tilray-inc-share-price
2024-04-06 10:37:43.233423   link = https://capital.com/tilray-inc-share-price
2024-04-06 10:37:43.235859   BUTTON_BUY is located on the page? =>
2024-04-06 10:37:43.243532   => BUTTON_BUY is located on the page!
2024-04-06 10:37:43.243711   Start Checking that form [Sign up] popped up on the page =>
2024-04-06 10:37:44.774894   '[Sign up]' form was not popped up

2024-04-06 10:37:44.775086   2. Act_v0
2024-04-06 10:37:44.780494   BUTTON_BUY is present? =>
2024-04-06 10:37:44.780516   => BUTTON_BUY is present on the page
2024-04-06 10:37:44.780526   BUTTON_BUY scroll =>
2024-04-06 10:37:44.783897   => BUTTON_BUY scrolled
2024-04-06 10:37:44.801815   BUTTON_BUY is clickable? =>
2024-04-06 10:37:44.824821   BUTTON_BUY CLICK =>
2024-04-06 10:37:44.860646   => BUTTON_BUY clicked!

2024-04-06 10:37:44.860874   3. Assert_Login_v0
2024-04-06 10:37:44.860957   Check that 'Login' form is opened
2024-04-06 10:37:45.140147   'Login' form opened
2024-04-06 10:37:45.140183   Assert LOGIN_REF_SIGNUP =>
2024-04-06 10:37:45.156147   Assert LOGIN_CHECKBOX =>
2024-04-06 10:37:45.170530   Assert LOGIN_PASS_FORGOT =>
2024-04-06 10:37:45.186297   => 'Login' form is checked
2024-04-06 10:37:45.205728   Click 'Close' button on 'Login' form =>
2024-04-06 10:37:45.550388   => Focus moved to 'capital*com' logo
2024-04-06 10:37:45.550432   => 'Login' form closed
