{'width': 1280, 'height': 800}

2024-04-06 10:36:40.287322   worker_id = master

2024-04-06 10:36:40.287337   0. Allure grouping v4

2024-04-06 10:36:40.287529   START PRECONDITIONS =>

2024-04-06 10:36:40.287545   => Current URL - https://capital.com/marathon-patent-group-inc-share-price

2024-04-06 10:36:40.290997   => URL after prev. preconditions - https://capital.com/marathon-patent-group-inc-share-price

2024-04-06 10:36:40.291010   => flag_of_bug - True
2024-04-06 10:36:40.291023   Current page URL = https://capital.com/marathon-patent-group-inc-share-price
2024-04-06 10:36:40.293653   self.link = https://capital.com/marathon-patent-group-inc-share-price
2024-04-06 10:36:40.293667   link = https://capital.com/marathon-patent-group-inc-share-price
2024-04-06 10:36:42.092160   => Loaded page https://capital.com/marathon-patent-group-inc-share-price

2024-04-06 10:36:42.096371   => Windows size - {'width': 1280, 'height': 800}
2024-04-06 10:36:42.097808   Set windows position at (0, 0) =>
2024-04-06 10:36:42.200099   Set resolution 1280 * 800 =>
2024-04-06 10:36:42.302645   => Windows size is set to {'width': 1280, 'height': 800}

2024-04-06 10:36:43.335455   Капчи нет. Идем дальше

2024-04-06 10:36:43.335542   Работа с куками

2024-04-06 10:36:43.335556   Prev. country - 'au'
2024-04-06 10:36:43.335566   Cur. country - 'au'
2024-04-06 10:36:43.335575   => Country set to 'au'

2024-04-06 10:36:43.335584   Prev. language - 'en'
2024-04-06 10:36:43.335592   Cur. language - 'en'
2024-04-06 10:36:43.335601   => Language is set to 'en'

2024-04-06 10:36:43.335610   Prev. role - 'NoAuth'
2024-04-06 10:36:43.335618   Cur. role - 'NoAuth'
2024-04-06 10:36:43.335627   => The 'NoAuth' role is set

2024-04-06 10:36:43.338287   => Current URL - https://capital.com/marathon-patent-group-inc-share-price

2024-04-06 10:36:43.338309   => THE END PRECONDITIONS

2024-04-06 10:36:43.338495   1. Arrange_v0
2024-04-06 10:36:43.338513   current_page = https://capital.com/marathon-patent-group-inc-share-price
2024-04-06 10:36:43.340880   link = https://capital.com/marathon-patent-group-inc-share-price
2024-04-06 10:36:43.343219   IS 'Trading calculator' widget present on this page? =>
2024-04-06 10:36:43.350989   => 'Trading calculator' widget present on this page!

2024-04-06 10:36:43.351012   IS 'Trading calculator' widget present on this page? =>
2024-04-06 10:36:43.362802   => 'Trading calculator' widget is visible on this page!

2024-04-06 10:36:43.362825   IS [Start Trading] button present on this page? =>
2024-04-06 10:36:43.370320   => [Start Trading] button present on this page!

2024-04-06 10:36:43.370343   IS [Start Trading] button present on this page? =>
2024-04-06 10:36:43.381748   => [Start Trading] button is visible on this page!

2024-04-06 10:36:43.381773   [Start Trading] button scroll =>

2024-04-06 10:36:43.388957   2. Act_v0
2024-04-06 10:36:43.388992   [Start Trading] button is clickable? =>
2024-04-06 10:36:43.425771   => [Start Trading] button is clickable!

2024-04-06 10:36:43.461908   => [Start Trading] button clicked!

2024-04-06 10:36:43.462193   3. Assert_Login_v0
2024-04-06 10:36:43.462304   Check that 'Login' form is opened
2024-04-06 10:36:43.753545   'Login' form opened
2024-04-06 10:36:43.753599   Assert LOGIN_REF_SIGNUP =>
2024-04-06 10:36:43.763771   Assert LOGIN_CHECKBOX =>
2024-04-06 10:36:43.776925   Assert LOGIN_PASS_FORGOT =>
2024-04-06 10:36:43.788342   => 'Login' form is checked
2024-04-06 10:36:43.804875   Click 'Close' button on 'Login' form =>
2024-04-06 10:36:44.153932   => Focus moved to 'capital*com' logo
2024-04-06 10:36:44.153978   => 'Login' form closed
