{'width': 1280, 'height': 800}

2024-04-06 11:51:26.528397   worker_id = master

2024-04-06 11:51:26.528412   0. Allure grouping v4

2024-04-06 11:51:26.528636   START PRECONDITIONS =>

2024-04-06 11:51:26.528655   => Current URL - https://capital.com/learn-trading-app

2024-04-06 11:51:26.531229   => URL after prev. preconditions - https://capital.com/learn-trading-app

2024-04-06 11:51:26.531244   => flag_of_bug - False

2024-04-06 11:51:26.531257   => Windows size - {'width': 1280, 'height': 800}
2024-04-06 11:51:26.532596   Set windows position at (0, 0) =>
2024-04-06 11:51:26.634906   Set resolution 1280 * 800 =>
2024-04-06 11:51:26.737505   => Windows size is set to {'width': 1280, 'height': 800}

2024-04-06 11:51:27.766000   Капчи нет. Идем дальше

2024-04-06 11:51:27.766093   Работа с куками

2024-04-06 11:51:27.766107   Prev. country - 'au'
2024-04-06 11:51:27.766117   Cur. country - 'au'
2024-04-06 11:51:27.766127   => Country set to 'au'

2024-04-06 11:51:27.766136   Prev. language - 'en'
2024-04-06 11:51:27.766145   Cur. language - 'en'
2024-04-06 11:51:27.766155   => Language is set to 'en'

2024-04-06 11:51:27.766164   Prev. role - 'NoReg'
2024-04-06 11:51:27.766173   Cur. role - 'NoReg'
2024-04-06 11:51:27.766182   => The 'NoReg' role is set

2024-04-06 11:51:27.768902   => Current URL - https://capital.com/learn-trading-app

2024-04-06 11:51:27.768925   => THE END PRECONDITIONS

2024-04-06 11:51:27.768970   1. Arrange
2024-04-06 11:51:27.768984   current_page = https://capital.com/learn-trading-app
2024-04-06 11:51:27.771401   link = https://capital.com/learn-trading-app
2024-04-06 11:51:27.773793   Is visible BUTTON_EXPLORE_WEB_PLATFORM? =>
2024-04-06 11:51:27.787738   => BUTTON_EXPLORE_WEB_PLATFORM is visible on the page!

2024-04-06 11:51:27.787896   2. Act
2024-04-06 11:51:27.795343   1 checking element(s) with current CSS locator is(are) present(s) on this page
2024-04-06 11:51:28.165516   => BUTTON_EXPLORE_WEB_PLATFORM IS CLICKED

2024-04-06 11:51:28.165835   3. Assert_v0
2024-04-06 11:51:28.165980   Start method Check that [Sign up] page opened =>
2024-04-06 11:51:28.169590   'Sign up' page opened on the Trading Platform
2024-04-06 11:51:28.169614   SIGNUP_FRAME =>
2024-04-06 11:51:29.842926   INPUT_EMAIL =>
2024-04-06 11:51:29.858073   INPUT_PASS =>
2024-04-06 11:51:29.871703   BUTTON_CONTINUE =>
