{'width': 1280, 'height': 800}

2024-04-06 12:29:44.272264   worker_id = master

2024-04-06 12:29:44.272278   0. Allure grouping v4

2024-04-06 12:29:44.272483   START PRECONDITIONS =>

2024-04-06 12:29:44.272502   => Current URL - https://capital.com/trade-euraud

2024-04-06 12:29:44.275086   => URL after prev. preconditions - https://capital.com/trade-euraud

2024-04-06 12:29:44.275099   => flag_of_bug - False

2024-04-06 12:29:44.275111   => Windows size - {'width': 1280, 'height': 800}
2024-04-06 12:29:44.276321   Set windows position at (0, 0) =>
2024-04-06 12:29:44.378628   Set resolution 1280 * 800 =>
2024-04-06 12:29:44.481073   => Windows size is set to {'width': 1280, 'height': 800}

2024-04-06 12:29:45.512359   Капчи нет. Идем дальше

2024-04-06 12:29:45.512447   Работа с куками

2024-04-06 12:29:45.512492   Prev. country - 'au'
2024-04-06 12:29:45.512502   Cur. country - 'au'
2024-04-06 12:29:45.512511   => Country set to 'au'

2024-04-06 12:29:45.512520   Prev. language - 'en'
2024-04-06 12:29:45.512529   Cur. language - 'en'
2024-04-06 12:29:45.512538   => Language is set to 'en'

2024-04-06 12:29:45.512546   Prev. role - 'NoReg'
2024-04-06 12:29:45.512555   Cur. role - 'NoReg'
2024-04-06 12:29:45.512564   => The 'NoReg' role is set

2024-04-06 12:29:45.515854   => Current URL - https://capital.com/trade-euraud

2024-04-06 12:29:45.515875   => THE END PRECONDITIONS

2024-04-06 12:29:45.516053   1. Arrange_v0
2024-04-06 12:29:45.516070   current_page = https://capital.com/trade-euraud
2024-04-06 12:29:45.518581   link = https://capital.com/trade-eurchf
2024-04-06 12:29:45.521044   => current_url != cur_item_link
2024-04-06 12:29:45.521066   Current page URL = https://capital.com/trade-euraud
2024-04-06 12:29:45.523565   self.link = https://capital.com/trade-eurchf
2024-04-06 12:29:45.523578   link = https://capital.com/trade-eurchf
2024-04-06 12:29:47.247363   => Loaded page https://capital.com/trade-eurchf
2024-04-06 12:29:47.262150   BUTTON_START_TRADING scroll =>
2024-04-06 12:29:47.269157   BUTTON_START_TRADING is visible? =>
2024-04-06 12:29:47.286875   => BUTTON_START_TRADING is visible on the page!

2024-04-06 12:29:47.287092   2. Act_v0
2024-04-06 12:29:47.287112   Start Click button [Start Trading] =>
2024-04-06 12:29:47.296999   BUTTON_START_TRADING is clickable? =>
2024-04-06 12:29:47.309920   BUTTON_START_TRADING click =>
2024-04-06 12:29:47.352890   => BUTTON_START_TRADING clicked

2024-04-06 12:29:47.353109   3. Assert_v0
2024-04-06 12:29:47.353197   Start step Check that [Sign up] form is opened
2024-04-06 12:29:47.688899   'Sign up' form opened
2024-04-06 12:29:47.688937   Assert SIGNUP_HEADER =>
2024-04-06 12:29:47.699502   Assert SIGNUP_REF_LOGIN =>
2024-04-06 12:29:47.709597   Assert SIGNUP_PRIVACY_POLICY_ALL_2 =>
2024-04-06 12:29:47.720535   => SIGNUP_PRIVACY_POLICY_ALL
2024-04-06 12:29:47.720581   => 'Signup' form is checked
2024-04-06 12:29:47.720783   Start step Close [Sign up] form =>
2024-04-06 12:29:47.789259   => 'Signup' form closed
2024-04-06 12:29:48.069080   => Focus moved to 'capital*com' logo
