{'width': 1280, 'height': 800}

2024-04-06 10:21:57.351689   worker_id = master

2024-04-06 10:21:57.351705   0. Allure grouping v4

2024-04-06 10:21:57.351942   START PRECONDITIONS =>

2024-04-06 10:21:57.351966   => Current URL - https://capital.com/

2024-04-06 10:21:57.358751   => URL after prev. preconditions - https://capital.com/

2024-04-06 10:21:57.358769   => flag_of_bug - False

2024-04-06 10:21:57.358782   => Windows size - {'width': 1280, 'height': 800}
2024-04-06 10:21:57.360241   Set windows position at (0, 0) =>
2024-04-06 10:21:57.462683   Set resolution 1280 * 800 =>
2024-04-06 10:21:57.565149   => Windows size is set to {'width': 1280, 'height': 800}

2024-04-06 10:21:58.612632   Капчи нет. Идем дальше

2024-04-06 10:21:58.612723   Работа с куками

2024-04-06 10:21:58.612737   Prev. country - 'au'
2024-04-06 10:21:58.612747   Cur. country - 'au'
2024-04-06 10:21:58.612756   => Country set to 'au'

2024-04-06 10:21:58.612765   Prev. language - 'en'
2024-04-06 10:21:58.612774   Cur. language - 'en'
2024-04-06 10:21:58.612783   => Language is set to 'en'

2024-04-06 10:21:58.612791   Prev. role - 'Auth'
2024-04-06 10:21:58.612800   Cur. role - 'Auth'
2024-04-06 10:21:58.612809   => The 'Auth' role is set

2024-04-06 10:21:58.615338   => Current URL - https://capital.com/

2024-04-06 10:21:58.615359   => THE END PRECONDITIONS

2024-04-06 10:21:58.615543   1. Arrange_v0
2024-04-06 10:21:58.615561   current_page = https://capital.com/
2024-04-06 10:21:58.618210   link = https://capital.com/
2024-04-06 10:21:58.622056   BUTTON_CREATE_YOUR_ACCOUNT is located on the page? =>

2024-04-06 10:21:58.629809   2. Act_v0: Define of locator

2024-04-06 10:21:58.629834   2. Act_v0: Go to web element

2024-04-06 10:21:59.667257   2. Act_v0: Click web element
2024-04-06 10:21:59.981158   => BUTTON_CREATE_YOUR_ACCOUNT is clicked

2024-04-06 10:21:59.981489   3. Assert_v4
2024-04-06 10:21:59.981673   Checking that the trading platform page has opened (v4) =>
2024-04-06 10:22:00.494786   Checking way # 1 => 

2024-04-06 10:22:00.494989   1. Checking that the Trading platform (or TradingView site) page has valid title =>
2024-04-06 10:22:00.497632   => The title of current page is 'Trading Platform | Capital.com'

2024-04-06 10:22:00.497722   2. Checking that the LOGO is present on the page =>
2024-04-06 10:22:01.418135   => 'capital*com' logo is present on the current page

2024-04-06 10:22:01.418177   tpd = False
2024-04-06 10:22:02.300519   => Driver.backed
