{'width': 1280, 'height': 800}

2024-04-06 10:54:24.549113   worker_id = master

2024-04-06 10:54:24.549126   0. Allure grouping v4

2024-04-06 10:54:24.549297   START PRECONDITIONS =>

2024-04-06 10:54:24.549313   => Current URL - https://capital.com/gbp-usd-rate

2024-04-06 10:54:24.551955   => URL after prev. preconditions - https://capital.com/gbp-usd-rate

2024-04-06 10:54:24.551968   => flag_of_bug - False

2024-04-06 10:54:24.551979   => Windows size - {'width': 1280, 'height': 800}
2024-04-06 10:54:24.553244   Set windows position at (0, 0) =>
2024-04-06 10:54:24.655589   Set resolution 1280 * 800 =>
2024-04-06 10:54:24.758297   => Windows size is set to {'width': 1280, 'height': 800}

2024-04-06 10:54:25.789395   Капчи нет. Идем дальше

2024-04-06 10:54:25.789480   Работа с куками

2024-04-06 10:54:25.789493   Prev. country - 'au'
2024-04-06 10:54:25.789503   Cur. country - 'au'
2024-04-06 10:54:25.789512   => Country set to 'au'

2024-04-06 10:54:25.789521   Prev. language - 'en'
2024-04-06 10:54:25.789529   Cur. language - 'en'
2024-04-06 10:54:25.789538   => Language is set to 'en'

2024-04-06 10:54:25.789547   Prev. role - 'NoAuth'
2024-04-06 10:54:25.789555   Cur. role - 'NoAuth'
2024-04-06 10:54:25.789564   => The 'NoAuth' role is set

2024-04-06 10:54:25.792374   => Current URL - https://capital.com/gbp-usd-rate

2024-04-06 10:54:25.792396   => THE END PRECONDITIONS

2024-04-06 10:54:25.792606 1.Arrange_v0
2024-04-06 10:54:25.792633   current_page = https://capital.com/gbp-usd-rate
2024-04-06 10:54:25.795113   link = https://capital.com/gbp-usd-rate
2024-04-06 10:54:25.797679 BUTTON_NOTIFICATION is located on the page? =>
2024-04-06 10:54:25.805222   Is BUTTON_NOTIFICATION present on the page? =>
2024-04-06 10:54:25.805244   => BUTTON_NOTIFICATION is present on the page
2024-04-06 10:54:25.805360   Start Checking that form [Sign up] popped up on the page =>
2024-04-06 10:54:27.337400   '[Sign up]' form was not popped up

2024-04-06 10:54:27.337576   2. Act_v0
2024-04-06 10:54:27.337591   Start Click button [Notification] =>
2024-04-06 10:54:27.352444 BUTTON_NOTIFICATION is clickable =>
2024-04-06 10:54:28.408494 => BUTTON_NOTIFICATION not clicked
2024-04-06 10:54:28.408536   'Signup' or 'Login' form is automatically opened
2024-04-06 10:54:28.408692   Start step Close [Sign up] form =>
2024-04-06 10:54:30.458039   => Close button on 'Sign up' form is not clickable
