{'width': 1920, 'height': 1080}

2025-03-28 23:17:28.201709   worker_id = master

2025-03-28 23:17:28.201719   0. Allure grouping for US_55


2025-03-28 23:17:28.201898   START PRECONDITIONS =>

2025-03-28 23:17:28.201909   => URL after prev. preconditions - https://capital.com/en-gb
2025-03-28 23:17:28.201915   => flag_of_bug - True
2025-03-28 23:17:28.201922   => Current URL - https://capital.com/en-gb

2025-03-28 23:17:28.207335   => Windows size: {'width': 1920, 'height': 1080}

2025-03-28 23:17:28.208636   Set windows position at (0, 0) =>

2025-03-28 23:17:28.210304   Set resolution 1920 * 1080 =>

2025-03-28 23:17:28.211971   => Resolution set {'width': 1920, 'height': 1080}

2025-03-28 23:17:28.213290   Работа с куками =>

2025-03-28 23:17:28.213301   => не требуется

2025-03-28 23:17:28.213307   Prev. role - 'NoReg'
2025-03-28 23:17:28.213313   Cur. role - 'NoReg'

2025-03-28 23:17:28.213318   => The 'NoReg' role is set

2025-03-28 23:17:28.213324   Prev. language: es
2025-03-28 23:17:28.213330   Cur. language - 'en'

2025-03-28 23:17:28.213335   Prev. country: ua
2025-03-28 23:17:28.213340   Cur. country: ae

2025-03-28 23:17:28.213434   Set "en" language and "ae" country =>
2025-03-28 23:17:28.213446   Current page URL = https://capital.com/en-gb
2025-03-28 23:17:28.216114   self.link = https://capital.com/en-ae
2025-03-28 23:17:28.216124   driver.get(https://capital.com/en-ae) =>
2025-03-28 23:17:30.483886   => Loaded page https://capital.com/en-ae
2025-03-28 23:17:30.491755   => Language is set to 'en'
2025-03-28 23:17:30.491770   => Country is set to 'ae'
2025-03-28 23:17:30.491779   => Current URL - https://capital.com/en-ae

2025-03-28 23:17:30.496743   => Current URL - https://capital.com/en-ae

2025-03-28 23:17:30.496763   => END PRECONDITIONS

2025-03-28 23:17:30.496937   START Open "Markets" menu, "Market analysis" submenu =>

2025-03-28 23:17:30.496952   1. Cur URL = https://capital.com/en-ae

2025-03-28 23:17:30.499422   2. Link = https://capital.com/en-ae
2025-03-28 23:17:30.499436   current_page = https://capital.com/en-ae
2025-03-28 23:17:30.501894   link = https://capital.com/en-ae
2025-03-28 23:17:31.012850   => 'Markets' menu is present
2025-03-28 23:17:31.027793   => 'Markets' menu is visible
2025-03-28 23:17:32.316240   => Focus moved to 'Markets' menu
2025-03-28 23:17:37.445473   => 'Market analysis' submenu not visible
2025-03-28 23:17:37.445512   Save current screenshot into PNG file
