


Current market - Cryptocurrencies



Current sort - Most volatile
{'width': 1280, 'height': 800}

2024-04-30 04:31:29.770144   worker_id = master

2024-04-30 04:31:29.770166   0. Allure grouping v4

2024-04-30 04:31:29.770645   START PRECONDITIONS =>

2024-04-30 04:31:29.770672   => URL after prev. preconditions - https://capital.com/ru
2024-04-30 04:31:29.770690   => flag_of_bug - False
2024-04-30 04:31:29.770704   => Current URL - https://capital.com/ru/proizvodnyye-finansovyye-instrumenty
2024-04-30 04:31:29.777486   Current page URL = https://capital.com/ru/proizvodnyye-finansovyye-instrumenty
2024-04-30 04:31:29.780490   self.link = https://capital.com/ru
2024-04-30 04:31:29.780503   driver.get(https://capital.com/ru) =>
2024-04-30 04:31:31.390454   => Loaded page https://capital.com/ru

2024-04-30 04:31:31.394855   => Windows size - {'width': 1280, 'height': 800}
2024-04-30 04:31:31.397518   Set windows position at (0, 0) =>
2024-04-30 04:31:31.399117   Set resolution 1280 * 800 =>
2024-04-30 04:31:31.400733   => Windows size is set to {'width': 1280, 'height': 800}

2024-04-30 04:31:32.428706   Капчи нет. Идем дальше

2024-04-30 04:31:32.428800   Работа с куками =>

2024-04-30 04:31:32.428814   => не требуется

2024-04-30 04:31:32.428824   Prev. country - 'de'
2024-04-30 04:31:32.428833   Cur. country - 'de'
2024-04-30 04:31:32.428842   => Country set to 'de'

2024-04-30 04:31:32.428851   Prev. language - 'ru'
2024-04-30 04:31:32.428860   Cur. language - 'ru'
2024-04-30 04:31:32.428868   => Language is set to 'ru'

2024-04-30 04:31:32.428877   Prev. role - 'NoReg'
2024-04-30 04:31:32.428886   Cur. role - 'NoReg'
2024-04-30 04:31:32.428894   => The 'NoReg' role is set

2024-04-30 04:31:32.431499   => Current URL - https://capital.com/ru

2024-04-30 04:31:32.431521   => THE END PRECONDITIONS

2024-04-30 04:31:32.431700   START Open "Markets" menu, "All Markets" submenu =>

2024-04-30 04:31:32.431715   1. Cur URL = https://capital.com/ru

2024-04-30 04:31:32.434086   2. Link = https://capital.com/ru
2024-04-30 04:31:32.434101   current_page = https://capital.com/ru
2024-04-30 04:31:32.436568   link = https://capital.com/ru
2024-04-30 04:31:32.945590   => 'Markets' menu is present
2024-04-30 04:31:32.958964   => 'Markets' menu is visible
2024-04-30 04:31:34.229990   => Focus moved to 'Markets' menu
2024-04-30 04:31:34.235817   => 'Markets > All Markets' submenu is present
2024-04-30 04:31:35.929386   => Focus moved to 'capital*com' logo

2024-04-30 04:31:35.929435   3. Cur URL = https://capital.com/ru/proizvodnyye-finansovyye-instrumenty

2024-04-30 04:31:35.935085   1. Arrange for TABLE_TRADING_INSTRUMENTS and 'Most volatile' cur_sort
2024-04-30 04:31:35.935108   current_page = https://capital.com/ru/proizvodnyye-finansovyye-instrumenty
2024-04-30 04:31:35.937640   link = https://capital.com/ru/proizvodnyye-finansovyye-instrumenty
2024-04-30 04:31:35.940074   TABLE_TRADING_INSTRUMENTS present on this page? =>
2024-04-30 04:31:35.945226   => TABLE_TRADING_INSTRUMENTS is present on the page!
2024-04-30 04:31:35.945248   IS MARKETS_LIST present on this page? =>
2024-04-30 04:31:35.949972   Start scroll to markets list =>
2024-04-30 04:31:35.954180   => MARKETS_LIST is present on the page!
2024-04-30 04:31:35.954212   Start scroll and click cur_market 'Cryptocurrencies' =>
2024-04-30 04:31:36.008323   => End Click cur_market "Cryptocurrencies"
2024-04-30 04:31:36.008379   IS FIELD_DROPDOWN_SORT present in the Live prices table? =>
2024-04-30 04:31:36.025529   =>  FIELD_DROPDOWN_SORT is present in the table!
2024-04-30 04:31:36.025593   Start scroll and click FIELD_DROPDOWN_SORT =>
2024-04-30 04:31:36.066330   Is item_sort_list visible on the FIELD_DROPDOWN_SORT ? =>
2024-04-30 04:31:36.080534   => item_sort_list is visible on the FIELD_DROPDOWN_SORT!
2024-04-30 04:31:36.080562   Is cur_sort "Most volatile" present in item_sort_list? =>
2024-04-30 04:31:36.085669   => cur_sort "Most volatile" is present in item_sort_list!
2024-04-30 04:31:36.085691   Start click cur_sort "Most volatile" =>
2024-04-30 04:31:36.114701   => End Click cur_sort "Most volatile"

2024-04-30 04:31:36.114758   Buttons [Buy] is visible and sum buttons no zero? =>
2024-04-30 04:31:36.121024   => Buttons [Buy] is visible and sum buttons no zero!

2024-04-30 04:31:36.121050   Start find 1 random buttons [Buy] on cur_sort "Most volatile"=>
2024-04-30 04:31:36.125925   => End find 1 random buttons [Buy] on the cur_sort "Most volatile"

2024-04-30 04:31:36.125967   List of random items = [7]
2024-04-30 04:31:36.126144   2. Act for trading instrument, "Most volatile" cur_sort and "Cryptocurrencies" cur_market
2024-04-30 04:31:36.139526   Start click button [Buy] =>
2024-04-30 04:31:36.144535   =>   BUTTON_BUY on item is present
2024-04-30 04:31:36.144568   BUTTON_BUY on item scroll into view =>
2024-04-30 04:31:36.148348   => BUTTON_BUY on item scrolled into view
2024-04-30 04:31:36.148370   Check that BUTTON_BUY with item 'US500' clickable =>
2024-04-30 04:31:36.165248   => BUTTON_BUY is clickable
2024-04-30 04:31:36.933160   =>   BUTTON_BUY on item 'US500' clicked

2024-04-30 04:31:36.933398   3. Assert_v0
2024-04-30 04:31:36.933488   Start step Check that [Sign up] form is opened
2024-04-30 04:31:37.178356   'Sign up' form opened
2024-04-30 04:31:37.178406   Assert SIGNUP_HEADER =>
2024-04-30 04:31:37.190144   Assert SIGNUP_REF_LOGIN =>
2024-04-30 04:31:37.200656   Assert SIGNUP_PRIVACY_POLICY_ALL_2 =>
2024-04-30 04:31:37.209846   => SIGNUP_PRIVACY_POLICY_ALL
2024-04-30 04:31:37.209871   => 'Signup' form is checked
2024-04-30 04:31:37.210035   Start step Close [Sign up] form =>
2024-04-30 04:31:37.261690   => 'Signup' form closed
2024-04-30 04:31:37.531101   => Focus moved to 'capital*com' logo
