


Current market - Forex



Current sort - Most volatile
{'width': 1280, 'height': 800}

2024-04-30 04:27:26.119392   worker_id = master

2024-04-30 04:27:26.119406   0. Allure grouping v4

2024-04-30 04:27:26.119625   START PRECONDITIONS =>

2024-04-30 04:27:26.119643   => URL after prev. preconditions - https://capital.com/ru
2024-04-30 04:27:26.119653   => flag_of_bug - True
2024-04-30 04:27:26.119664   => Current URL - https://capital.com/ru/proizvodnyye-finansovyye-instrumenty
2024-04-30 04:27:26.125319   Current page URL = https://capital.com/ru/proizvodnyye-finansovyye-instrumenty
2024-04-30 04:27:26.127878   self.link = https://capital.com/ru
2024-04-30 04:27:26.127891   driver.get(https://capital.com/ru) =>
2024-04-30 04:27:28.081861   => Loaded page https://capital.com/ru

2024-04-30 04:27:28.086385   => Windows size - {'width': 1280, 'height': 800}
2024-04-30 04:27:28.087834   Set windows position at (0, 0) =>
2024-04-30 04:27:28.091536   Set resolution 1280 * 800 =>
2024-04-30 04:27:28.093217   => Windows size is set to {'width': 1280, 'height': 800}

2024-04-30 04:27:29.132453   Капчи нет. Идем дальше

2024-04-30 04:27:29.132544   Работа с куками =>

2024-04-30 04:27:29.132557   => не требуется

2024-04-30 04:27:29.132567   Prev. country - 'de'
2024-04-30 04:27:29.132576   Cur. country - 'de'
2024-04-30 04:27:29.132585   => Country set to 'de'

2024-04-30 04:27:29.132594   Prev. language - 'ru'
2024-04-30 04:27:29.132602   Cur. language - 'ru'
2024-04-30 04:27:29.132611   => Language is set to 'ru'

2024-04-30 04:27:29.132620   Prev. role - 'NoAuth'
2024-04-30 04:27:29.132628   Cur. role - 'NoAuth'
2024-04-30 04:27:29.132637   => The 'NoAuth' role is set

2024-04-30 04:27:29.135276   => Current URL - https://capital.com/ru

2024-04-30 04:27:29.135297   => THE END PRECONDITIONS

2024-04-30 04:27:29.135504   START Open "Markets" menu, "All Markets" submenu =>

2024-04-30 04:27:29.135522   1. Cur URL = https://capital.com/ru

2024-04-30 04:27:29.138059   2. Link = https://capital.com/ru
2024-04-30 04:27:29.138075   current_page = https://capital.com/ru
2024-04-30 04:27:29.140633   link = https://capital.com/ru
2024-04-30 04:27:29.649092   => 'Markets' menu is present
2024-04-30 04:27:29.661939   => 'Markets' menu is visible
2024-04-30 04:27:30.939703   => Focus moved to 'Markets' menu
2024-04-30 04:27:30.945498   => 'Markets > All Markets' submenu is present
2024-04-30 04:27:33.094510   => Focus moved to 'capital*com' logo

2024-04-30 04:27:33.094557   3. Cur URL = https://capital.com/ru/proizvodnyye-finansovyye-instrumenty

2024-04-30 04:27:33.099763   1. Arrange for TABLE_TRADING_INSTRUMENTS and 'Most volatile' cur_sort
2024-04-30 04:27:33.099786   current_page = https://capital.com/ru/proizvodnyye-finansovyye-instrumenty
2024-04-30 04:27:33.102113   link = https://capital.com/ru/proizvodnyye-finansovyye-instrumenty
2024-04-30 04:27:33.104516   TABLE_TRADING_INSTRUMENTS present on this page? =>
2024-04-30 04:27:33.112516   => TABLE_TRADING_INSTRUMENTS is present on the page!
2024-04-30 04:27:33.112538   IS MARKETS_LIST present on this page? =>
2024-04-30 04:27:33.119582   Start scroll to markets list =>
2024-04-30 04:27:33.124142   => MARKETS_LIST is present on the page!
2024-04-30 04:27:33.124180   Start scroll and click cur_market 'Forex' =>
2024-04-30 04:27:33.162630   => End Click cur_market "Forex"
2024-04-30 04:27:33.162671   IS FIELD_DROPDOWN_SORT present in the Live prices table? =>
2024-04-30 04:27:33.168553   =>  FIELD_DROPDOWN_SORT is present in the table!
2024-04-30 04:27:33.168599   Start scroll and click FIELD_DROPDOWN_SORT =>
2024-04-30 04:27:33.197777   Is item_sort_list visible on the FIELD_DROPDOWN_SORT ? =>
2024-04-30 04:27:33.214957   => item_sort_list is visible on the FIELD_DROPDOWN_SORT!
2024-04-30 04:27:33.214997   Is cur_sort "Most volatile" present in item_sort_list? =>
2024-04-30 04:27:33.220953   => cur_sort "Most volatile" is present in item_sort_list!
2024-04-30 04:27:33.220984   Start click cur_sort "Most volatile" =>
2024-04-30 04:27:33.254387   => End Click cur_sort "Most volatile"

2024-04-30 04:27:33.254428   Buttons [Sell] is visible and sum buttons no zero? =>
2024-04-30 04:27:33.263010   => Buttons [Sell] is visible and sum buttons no zero!

2024-04-30 04:27:33.263073   Start find 1 random buttons [Sell] on cur_sort=>
2024-04-30 04:27:33.268308   => End find 1 random buttons [Sell] on the cur_sort "Most volatile"

2024-04-30 04:27:33.268338   List of random items = [8]
2024-04-30 04:27:33.268516   2. Act for trading instrument, "Most volatile" cur_sort and "Forex" cur_market
2024-04-30 04:27:33.279078   Start click button [Sell] =>
2024-04-30 04:27:33.284014   =>   BUTTON_SELL  is present
2024-04-30 04:27:33.284038   BUTTON_SELL o scroll into view =>
2024-04-30 04:27:33.287260   => BUTTON_SELL scrolled into view
2024-04-30 04:27:33.287282   Check that BUTTON_SELL with item 'Oil - Brent' clickable =>
2024-04-30 04:27:33.309183   => BUTTON_SELL is clickable
2024-04-30 04:27:34.088475   =>   BUTTON_SELL on item 'Oil - Brent' clicked

2024-04-30 04:27:34.088723   3. Assert_Login_v0
2024-04-30 04:27:34.088806   Check that 'Login' form is opened
2024-04-30 04:27:34.424830   'Login' form opened
2024-04-30 04:27:34.424871   Assert LOGIN_REF_SIGNUP =>
2024-04-30 04:27:34.439255   Assert LOGIN_CHECKBOX =>
2024-04-30 04:27:34.451946   Assert LOGIN_PASS_FORGOT =>
2024-04-30 04:27:34.464526   => 'Login' form is checked
2024-04-30 04:27:34.482833   Click 'Close' button on 'Login' form =>
2024-04-30 04:27:34.839242   => Focus moved to 'capital*com' logo
2024-04-30 04:27:34.839286   => 'Login' form closed
