


Current tab - most_volatile
{'width': 1280, 'height': 800}

2024-04-30 06:32:24.867889   worker_id = master

2024-04-30 06:32:24.867903   0. Allure grouping v4

2024-04-30 06:32:24.868080   START PRECONDITIONS =>

2024-04-30 06:32:24.868096   => URL after prev. preconditions - https://capital.com/ru
2024-04-30 06:32:24.868105   => flag_of_bug - True
2024-04-30 06:32:24.868115   => Current URL - https://capital.com/ru/ftse-100-cfd
2024-04-30 06:32:24.873064   Current page URL = https://capital.com/ru/ftse-100-cfd
2024-04-30 06:32:24.875413   self.link = https://capital.com/ru
2024-04-30 06:32:24.875426   driver.get(https://capital.com/ru) =>
2024-04-30 06:32:26.735308   => Loaded page https://capital.com/ru

2024-04-30 06:32:26.741892   => Windows size - {'width': 1280, 'height': 800}
2024-04-30 06:32:26.743499   Set windows position at (0, 0) =>
2024-04-30 06:32:26.745409   Set resolution 1280 * 800 =>
2024-04-30 06:32:26.747051   => Windows size is set to {'width': 1280, 'height': 800}

2024-04-30 06:32:27.791632   Капчи нет. Идем дальше

2024-04-30 06:32:27.791716   Работа с куками =>

2024-04-30 06:32:27.791730   => не требуется

2024-04-30 06:32:27.791739   Prev. country - 'de'
2024-04-30 06:32:27.791749   Cur. country - 'de'
2024-04-30 06:32:27.791758   => Country set to 'de'

2024-04-30 06:32:27.791767   Prev. language - 'ru'
2024-04-30 06:32:27.791776   Cur. language - 'ru'
2024-04-30 06:32:27.791785   => Language is set to 'ru'

2024-04-30 06:32:27.791793   Prev. role - 'Auth'
2024-04-30 06:32:27.791802   Cur. role - 'Auth'
2024-04-30 06:32:27.791811   => The 'Auth' role is set

2024-04-30 06:32:27.794456   => Current URL - https://capital.com/ru

2024-04-30 06:32:27.794477   => THE END PRECONDITIONS

2024-04-30 06:32:27.794525   1. Arrange for Indices finance instrument and "most_volatile" tab
2024-04-30 06:32:27.794539   current_page = https://capital.com/ru
2024-04-30 06:32:27.796961   link = https://capital.com/ru/ftse-100-cfd
2024-04-30 06:32:27.799348   Current page URL = https://capital.com/ru
2024-04-30 06:32:27.801749   self.link = https://capital.com/ru/ftse-100-cfd
2024-04-30 06:32:27.801762   driver.get(https://capital.com/ru/ftse-100-cfd) =>
2024-04-30 06:32:29.967746   => Loaded page https://capital.com/ru/ftse-100-cfd
2024-04-30 06:32:29.974808   IS CFDs TABLE visible on the page? =>
2024-04-30 06:32:29.980376   => CFDs TABLE is visible on the page!

2024-04-30 06:32:29.980406   IS TAB "most_volatile" visible on the page? =>
2024-04-30 06:32:31.017109   => CFDs TABLE is NOT visible on the page!

