{'width': 1280, 'height': 720}

2024-02-16 07:53:20.986421   worker_id = master

2024-02-16 07:53:20.986438   0. Allure grouping v4


2024-02-16 07:53:20.986631   START PRECONDITIONS =>


2024-02-16 07:53:20.986647   {'width': 1280, 'height': 720}

2024-02-16 07:53:20.987963   Set windows position at (0, 0) =>

2024-02-16 07:53:21.090214   Set resolution 1280 * 720 =>

2024-02-16 07:53:21.195323   => Resolution seted {'width': 1280, 'height': 720}

2024-02-16 07:53:22.212094   Капчи нет. Идем дальше

2024-02-16 07:53:22.212214   Prev. Role: NoAuth

2024-02-16 07:53:22.212238   Current role: NoAuth

2024-02-16 07:53:23.264597   Капчи нет. Идем дальше

2024-02-16 07:53:23.264689   Prev language: en

2024-02-16 07:53:23.264703   => Current language: en

2024-02-16 07:53:24.319128   Капчи нет. Идем дальше

2024-02-16 07:53:24.319231   Prev country: ae
2024-02-16 07:53:24.319244   => Current country: ae

2024-02-16 07:53:24.319253   => THE END PRECONDITIONS

2024-02-16 07:53:24.319289   1. Arrange_v0
2024-02-16 07:53:24.322389   BUTTON_BUY_IN_CONTENT_BLOCK is located on the page? =>
2024-02-16 07:53:24.334000   => BUTTON_BUY_IN_CONTENT_BLOCK is located on the page!
2024-02-16 07:53:24.334182   Start Checking that form [Sign up] popped up on the page =>
2024-02-16 07:53:24.349211   'Sign up' form opened
2024-02-16 07:53:24.349381   Start step Close [Sign up] form =>
2024-02-16 07:53:24.417087   => 'Signup' form closed

2024-02-16 07:53:24.693971   2. Act_v0
2024-02-16 07:53:24.699875   BUTTON_BUY_IN_CONTENT_BLOCK is present? =>
2024-02-16 07:53:24.699930   => BUTTON_BUY_IN_CONTENT_BLOCK is present on the page
2024-02-16 07:53:24.699942   BUTTON_BUY_IN_CONTENT_BLOCK scroll =>
2024-02-16 07:53:24.703441   => BUTTON_BUY_IN_CONTENT_BLOCK scrolled
2024-02-16 07:53:24.710731   BUTTON_BUY_IN_CONTENT_BLOCK is clickable? =>
2024-02-16 07:53:24.721897   BUTTON_BUY_IN_CONTENT_BLOCK CLICK =>
2024-02-16 07:53:24.760760   => BUTTON_BUY_IN_CONTENT_BLOCK clicked!

2024-02-16 07:53:24.761071   3. Assert_Login_v0
2024-02-16 07:53:24.761208   Check that 'Login' form is opened
2024-02-16 07:53:27.886899   'Login' form not opened
2024-02-16 07:53:27.887087   Check that new 'Login' form is opened
2024-02-16 07:53:30.963231   => New 'Login' form not opened
2024-02-16 07:53:30.966266   'Login' page not opened
2024-02-16 07:53:34.040799   'Login' form on trading platform not opened
2024-02-16 07:53:34.041000   Start step Check that [Sign up] form is opened
2024-02-16 07:53:34.052764   'Sign up' form opened
2024-02-16 07:53:34.052798   Assert SIGNUP_HEADER =>
2024-02-16 07:53:34.063696   Assert SIGNUP_REF_LOGIN =>
2024-02-16 07:53:34.074970   Assert SIGNUP_PRIVACY_POLICY_ALL_2 =>
2024-02-16 07:53:34.085676   => SIGNUP_PRIVACY_POLICY_ALL
2024-02-16 07:53:34.085706   => 'Signup' form is checked

Bug: Bid:11.02.06.01_08-en.ae.NoAuth

2024-02-16 07:53:34.085771   Проверка бага в таблице ретеста  =>

2024-02-16 07:53:34.091676   4. Fixing one row check results into Google Sheet Bugs Report =>
1 cells updated.
2024-02-16 07:53:34.724954   => 4. One row check results into Google Sheet Bugs Report fixed

2024-02-16 07:53:35.299143   4. Fixing one row check results into Google Sheet Bugs Report =>
1 cells updated.
2024-02-16 07:53:35.559971   => 4. One row check results into Google Sheet Bugs Report fixed

2024-02-16 07:53:35.560045   Bug: Bid:11.02.06.01_08-en.ae.NoAuth уже существует, но тип бага изменился с failed на 05

2024-02-16 07:53:35.561270   Bug: Bid:11.02.06.01_08-en.ae.NoAuth-05 уже существует

2024-02-16 07:53:35.561452   4. Fixing one row check results into Google Sheet Bugs Report =>
1 cells updated.
2024-02-16 07:53:35.836699   => 4. One row check results into Google Sheet Bugs Report fixed
