{'width': 1280, 'height': 800}

2024-05-09 03:37:44.420637   worker_id = master

2024-05-09 03:37:44.420651   0. Allure grouping v4

2024-05-09 03:37:44.420827   START PRECONDITIONS =>

2024-05-09 03:37:44.420843   => URL after prev. preconditions - https://capital.com/zh
2024-05-09 03:37:44.420852   => flag_of_bug - False
2024-05-09 03:37:44.420862   => Current URL - https://capital.com/zh/us-natural-gas-spot-shang-pin
2024-05-09 03:37:44.425752   Current page URL = https://capital.com/zh/us-natural-gas-spot-shang-pin
2024-05-09 03:37:44.428155   self.link = https://capital.com/zh
2024-05-09 03:37:44.428168   driver.get(https://capital.com/zh) =>
2024-05-09 03:37:46.616215   => Loaded page https://capital.com/zh

2024-05-09 03:37:46.620436   => Windows size - {'width': 1280, 'height': 800}
2024-05-09 03:37:46.621736   Set windows position at (0, 0) =>
2024-05-09 03:37:46.623345   Set resolution 1280 * 800 =>
2024-05-09 03:37:46.624887   => Windows size is set to {'width': 1280, 'height': 800}

2024-05-09 03:37:47.665981   Капчи нет. Идем дальше

2024-05-09 03:37:47.666075   Работа с куками =>

2024-05-09 03:37:47.666089   => не требуется

2024-05-09 03:37:47.666099   Prev. country - 'au'
2024-05-09 03:37:47.666108   Cur. country - 'au'
2024-05-09 03:37:47.666117   => Country set to 'au'

2024-05-09 03:37:47.666126   Prev. language - 'zh'
2024-05-09 03:37:47.666134   Cur. language - 'zh'
2024-05-09 03:37:47.666143   => Language is set to 'zh'

2024-05-09 03:37:47.666152   Prev. role - 'NoAuth'
2024-05-09 03:37:47.666161   Cur. role - 'NoAuth'
2024-05-09 03:37:47.666169   => The 'NoAuth' role is set

2024-05-09 03:37:47.669498   => Current URL - https://capital.com/zh

2024-05-09 03:37:47.669519   => THE END PRECONDITIONS

2024-05-09 03:37:47.669712 1.Arrange_v0
2024-05-09 03:37:47.669729   current_page = https://capital.com/zh
2024-05-09 03:37:47.672435   link = https://capital.com/zh/us-natural-gas-spot-shang-pin
2024-05-09 03:37:47.675165   Current page URL = https://capital.com/zh
2024-05-09 03:37:47.677968   self.link = https://capital.com/zh/us-natural-gas-spot-shang-pin
2024-05-09 03:37:47.677982   driver.get(https://capital.com/zh/us-natural-gas-spot-shang-pin) =>
2024-05-09 03:37:49.365667   => Loaded page https://capital.com/zh/us-natural-gas-spot-shang-pin
2024-05-09 03:37:49.370812 BUTTON_NOTIFICATION is located on the page? =>
2024-05-09 03:37:49.382286   Is BUTTON_NOTIFICATION present on the page? =>
2024-05-09 03:37:49.382315 => BUTTON_NOTIFICATION is present on the page
2024-05-09 03:37:49.382325   [Notification] button scroll =>
2024-05-09 03:37:49.385909   Start Checking that form [Sign up] popped up on the page =>
2024-05-09 03:37:50.927834   '[Sign up]' form was not popped up

2024-05-09 03:37:50.928024   2. Act_v0
2024-05-09 03:37:50.928040   Start Click 'Notification' button =>
2024-05-09 03:37:50.956005 BUTTON_NOTIFICATION is clickable =>
2024-05-09 03:37:50.991696 => BUTTON_NOTIFICATION clicked
Trade instrument from Full test is 交易 US Natural Gas Spot CFD
Test element is <pages.Elements.AssertClass.AssertClass object at 0x7ffa6a4fb1a0>

2024-05-09 03:37:50.991946   3. Assert_Login_v0
2024-05-09 03:37:50.992028   Check that 'Login' form is opened
2024-05-09 03:37:51.250313   'Login' form opened
2024-05-09 03:37:51.250362   Assert LOGIN_REF_SIGNUP =>
2024-05-09 03:37:51.261658   Assert LOGIN_CHECKBOX =>
2024-05-09 03:37:51.275874   Assert LOGIN_PASS_FORGOT =>
2024-05-09 03:37:51.287064   => 'Login' form is checked
2024-05-09 03:37:51.302992   Click 'Close' button on 'Login' form =>
2024-05-09 03:37:51.615078   => Focus moved to 'capital*com' logo
2024-05-09 03:37:51.615120   => 'Login' form closed
