{'width': 1280, 'height': 800}

2024-03-26 11:08:45.930781   worker_id = master

2024-03-26 11:08:45.930799   0. Allure grouping v4


2024-03-26 11:08:45.931009   START PRECONDITIONS =>


2024-03-26 11:08:45.931025   => flag_of_bug - False

2024-03-26 11:08:45.931037   => Windows size - {'width': 1280, 'height': 800}
2024-03-26 11:08:45.932509   Set windows position at (0, 0) =>
2024-03-26 11:08:46.034903   Set resolution 1280 * 800 =>
2024-03-26 11:08:46.137423   => Windows size is set to {'width': 1280, 'height': 800}

2024-03-26 11:08:47.170802   Капчи нет. Идем дальше

2024-03-26 11:08:47.170898   Работа с куками

2024-03-26 11:08:47.170911   => Prev. country - 'ae'
2024-03-26 11:08:47.170921   => Country set to 'ae'

2024-03-26 11:08:47.170931   => Prev. language - 'de'
2024-03-26 11:08:47.170940   => Language is set to 'de'

2024-03-26 11:08:47.170949   => Prev. role - 'NoReg'
2024-03-26 11:08:47.170957   => The 'NoReg' role is set

2024-03-26 11:08:47.173978   => THE END PRECONDITIONS

2024-03-26 11:08:47.174039   1. Arrange_v0
2024-03-26 11:08:47.174053   current_page = https://capital.com/de/kupfer-preis
2024-03-26 11:08:47.176755   link = https://capital.com/de/rohstoff-aluminum-spot
2024-03-26 11:08:47.179345   Current page URL = https://capital.com/de/kupfer-preis
2024-03-26 11:08:47.181907   self.link = https://capital.com/de/rohstoff-aluminum-spot
2024-03-26 11:08:47.181921   link = https://capital.com/de/rohstoff-aluminum-spot
2024-03-26 11:08:48.935904   => Loaded page https://capital.com/de/rohstoff-aluminum-spot
2024-03-26 11:08:48.943430   BUTTON_ADD_TO_FAVOURITE is located on the page? =>
2024-03-26 11:08:48.949282   => BUTTON_ADD_TO_FAVOURITE is located on the page!
2024-03-26 11:08:48.949463   Start Checking that form [Sign up] popped up on the page =>
2024-03-26 11:08:50.485344   '[Sign up]' form was not popped up

2024-03-26 11:08:50.485532   2. Act_v0
2024-03-26 11:08:50.490689   BUTTON_ADD_TO_FAVOURITE is present? =>
2024-03-26 11:08:50.490712   => BUTTON_ADD_TO_FAVOURITE is present on the page
2024-03-26 11:08:50.490721   BUTTON_ADD_TO_FAVOURITE scroll =>
2024-03-26 11:08:50.494094   => BUTTON_ADD_TO_FAVOURITE scrolled
2024-03-26 11:08:50.497823   BUTTON_ADD_TO_FAVOURITE is clickable? =>
2024-03-26 11:08:50.509708   BUTTON_ADD_TO_FAVOURITE CLICK =>
2024-03-26 11:08:50.542744   => BUTTON_ADD_TO_FAVOURITE clicked!

2024-03-26 11:08:50.542986   3. Assert_v0
2024-03-26 11:08:50.543085   Start step Check that [Sign up] form is opened
2024-03-26 11:08:50.721308   'Sign up' form opened
2024-03-26 11:08:50.721347   Assert SIGNUP_HEADER =>
2024-03-26 11:08:50.737218   Assert SIGNUP_REF_LOGIN =>
2024-03-26 11:08:50.750069   Assert SIGNUP_PRIVACY_POLICY_ALL_2 =>
2024-03-26 11:08:50.765455   => SIGNUP_PRIVACY_POLICY_ALL
2024-03-26 11:08:50.765496   => 'Signup' form is checked
2024-03-26 11:08:50.765688   Start step Close [Sign up] form =>
2024-03-26 11:08:50.845005   => 'Signup' form closed
