


Current sorting - Most traded
{'width': 1280, 'height': 800}

2024-03-26 10:56:01.844198   worker_id = master

2024-03-26 10:56:01.844216   0. Allure grouping v4


2024-03-26 10:56:01.844422   START PRECONDITIONS =>


2024-03-26 10:56:01.844438   => flag_of_bug - False

2024-03-26 10:56:01.844450   => Windows size - {'width': 1280, 'height': 800}
2024-03-26 10:56:01.845820   Set windows position at (0, 0) =>
2024-03-26 10:56:01.948178   Set resolution 1280 * 800 =>
2024-03-26 10:56:02.050644   => Windows size is set to {'width': 1280, 'height': 800}

2024-03-26 10:56:03.084051   Капчи нет. Идем дальше

2024-03-26 10:56:03.084142   Работа с куками

2024-03-26 10:56:03.084156   => Prev. country - 'ae'
2024-03-26 10:56:03.084165   => Country set to 'ae'

2024-03-26 10:56:03.084174   => Prev. language - 'de'
2024-03-26 10:56:03.084184   => Language is set to 'de'

2024-03-26 10:56:03.084193   => Prev. role - 'NoReg'
2024-03-26 10:56:03.084203   => The 'NoReg' role is set

2024-03-26 10:56:03.087493   => THE END PRECONDITIONS

2024-03-26 10:56:03.087687   START Open "Markets" menu, "Indices" submenu =>

2024-03-26 10:56:03.087705   1. Cur URL = https://capital.com/de/welt-indizes

2024-03-26 10:56:03.090224   2. Link = https://capital.com/de/welt-indizes
2024-03-26 10:56:03.090239   current_page = https://capital.com/de/welt-indizes
2024-03-26 10:56:03.092675   link = https://capital.com/de/welt-indizes
2024-03-26 10:56:03.601737   => 'Markets' menu is present
2024-03-26 10:56:03.618642   element = <selenium.webdriver.remote.webelement.WebElement (session="9c9601cef39315f0aaa5aba1bf021706", element="f.B5D579C8053E6FF8778332DFB6B2C4B0.d.B67ABA225826AC6CC3CAD4A5373F8FC7.e.4645")>
2024-03-26 10:56:03.618677   => 'Markets' menu is visible
2024-03-26 10:56:04.882823   => Focus moved to 'Markets' menu


2024-03-26 10:56:06.425248   => 'Indices' submenu clicked

2024-03-26 10:56:06.447684   3. Cur URL = https://capital.com/de/welt-indizes

2024-03-26 10:56:06.453324   1. Arrange for TABLE_TRADING_INSTRUMENTS and 'Most traded' cur_sort
2024-03-26 10:56:06.453359   current_page = https://capital.com/de/welt-indizes
2024-03-26 10:56:06.455816   link = https://capital.com/de/welt-indizes
2024-03-26 10:56:06.458242   TABLE_TRADING_INSTRUMENTS present on this page? =>
2024-03-26 10:56:06.466406   => TABLE_TRADING_INSTRUMENTS is present on the page!
2024-03-26 10:56:06.466433   IS FIELD_DROPDOWN_SORT present in the Live prices table? =>
2024-03-26 10:56:06.474045   =>  FIELD_DROPDOWN_SORT is present in the Live prices table!
2024-03-26 10:56:06.474067   Start scroll and click FIELD_DROPDOWN_SORT =>
2024-03-26 10:56:06.564839   Is item_sort_list visible on the FIELD_DROPDOWN_SORT ? =>
2024-03-26 10:56:06.606117   => item_sort_list is visible on the FIELD_DROPDOWN_SORT!
2024-03-26 10:56:06.606156   Is cur_sort "Most traded" present in item_sort_list? =>
2024-03-26 10:56:06.613644   => cur_sort "Most traded" is present in item_sort_list!
2024-03-26 10:56:06.613671   Start click cur_sort "Most traded" =>
2024-03-26 10:56:07.373440   => End Click cur_sort "Most traded"

2024-03-26 10:56:07.373490   Buttons [Sell] is visible and sum buttons no zero? =>
2024-03-26 10:56:07.397512   => Buttons [Sell] is visible and sum buttons no zero!

2024-03-26 10:56:07.397551   Start find two random buttons [Sell] on cur_sort "Most traded"=>
2024-03-26 10:56:07.403714   => End find two random buttons [Sell] on the cur_sort "Most traded"


2024-03-26 10:56:07.403744   item_list = [16]
2024-03-26 10:56:07.403912   Start Checking that form [Sign up] popped up on the page =>
2024-03-26 10:56:08.956264   '[Sign up]' form was not popped up
2024-03-26 10:56:08.956473   2. Act for trading instrument and "Most traded" cur_sort
2024-03-26 10:56:08.956491   Start click button [Sell] =>
