{'width': 1280, 'height': 800}

2024-03-26 11:08:51.130142   worker_id = master

2024-03-26 11:08:51.130159   0. Allure grouping v4


2024-03-26 11:08:51.130362   START PRECONDITIONS =>


2024-03-26 11:08:51.130378   => flag_of_bug - False

2024-03-26 11:08:51.130391   => Windows size - {'width': 1280, 'height': 800}
2024-03-26 11:08:51.131767   Set windows position at (0, 0) =>
2024-03-26 11:08:51.234139   Set resolution 1280 * 800 =>
2024-03-26 11:08:51.336668   => Windows size is set to {'width': 1280, 'height': 800}

2024-03-26 11:08:52.367295   Капчи нет. Идем дальше

2024-03-26 11:08:52.367387   Работа с куками

2024-03-26 11:08:52.367401   => Prev. country - 'ae'
2024-03-26 11:08:52.367411   => Country set to 'ae'

2024-03-26 11:08:52.367420   => Prev. language - 'de'
2024-03-26 11:08:52.367429   => Language is set to 'de'

2024-03-26 11:08:52.367438   => Prev. role - 'NoReg'
2024-03-26 11:08:52.367447   => The 'NoReg' role is set

2024-03-26 11:08:52.370256   => THE END PRECONDITIONS

2024-03-26 11:08:52.370462   1. Arrange_v0
2024-03-26 11:08:52.370480   current_page = https://capital.com/de/rohstoff-aluminum-spot
2024-03-26 11:08:52.373059   link = https://capital.com/de/rohstoff-aluminum-spot
2024-03-26 11:08:52.380812   Is button BUTTON_VIEW_DETAILED_CHART present on the page? =>
2024-03-26 11:08:52.380847   => BUTTON_VIEW_DETAILED_CHART is present on the page
2024-03-26 11:08:52.380857   BUTTON_VIEW_DETAILED_CHART scroll =>
2024-03-26 11:08:52.385979   => BUTTON_VIEW_DETAILED_CHART scrolled
2024-03-26 11:08:52.386207   Start Checking that form [Sign up] popped up on the page =>
2024-03-26 11:08:53.936703   '[Sign up]' form was not popped up

2024-03-26 11:08:53.936887   2. Act_v0
2024-03-26 11:08:53.936903   Start Click button [View Detailed Chart] =>
2024-03-26 11:08:53.970624   BUTTON_VIEW_DETAILED_CHART is clickable =>
2024-03-26 11:08:54.038107 => BUTTON_VIEW_DETAILED_CHART clicked

2024-03-26 11:08:54.038445   3. Assert_v0
2024-03-26 11:08:54.038617   Start step Check that [Sign up] form is opened
2024-03-26 11:08:54.054102   'Sign up' form opened
2024-03-26 11:08:54.054141   Assert SIGNUP_HEADER =>
2024-03-26 11:08:54.067361   Assert SIGNUP_REF_LOGIN =>
2024-03-26 11:08:54.080129   Assert SIGNUP_PRIVACY_POLICY_ALL_2 =>
2024-03-26 11:08:54.091769   => SIGNUP_PRIVACY_POLICY_ALL
2024-03-26 11:08:54.091800   => 'Signup' form is checked
2024-03-26 11:08:54.091973   Start step Close [Sign up] form =>
2024-03-26 11:08:54.156486   => 'Signup' form closed
