{'width': 1280, 'height': 800}

2024-03-26 11:41:21.435395   worker_id = master

2024-03-26 11:41:21.435409   0. Allure grouping v4


2024-03-26 11:41:21.435606   START PRECONDITIONS =>


2024-03-26 11:41:21.435621   => flag_of_bug - False

2024-03-26 11:41:21.435633   => Windows size - {'width': 1280, 'height': 800}
2024-03-26 11:41:21.436976   Set windows position at (0, 0) =>
2024-03-26 11:41:21.539314   Set resolution 1280 * 800 =>
2024-03-26 11:41:21.641815   => Windows size is set to {'width': 1280, 'height': 800}

2024-03-26 11:41:22.672777   Капчи нет. Идем дальше

2024-03-26 11:41:22.672865   Работа с куками

2024-03-26 11:41:22.672878   => Prev. country - 'ae'
2024-03-26 11:41:22.672888   => Country set to 'ae'

2024-03-26 11:41:22.672897   => Prev. language - 'de'
2024-03-26 11:41:22.672907   => Language is set to 'de'

2024-03-26 11:41:22.672916   => Prev. role - 'NoAuth'
2024-03-26 11:41:22.672924   => The 'NoAuth' role is set

2024-03-26 11:41:22.675643   => THE END PRECONDITIONS

2024-03-26 11:41:22.675700   1. Arrange_v0
2024-03-26 11:41:22.675714   current_page = https://capital.com/de/trade-uber
2024-03-26 11:41:22.678330   link = https://capital.com/de/trade-uber

2024-03-26 11:41:22.688870   2. Act_v0
2024-03-26 11:41:22.688892   BUTTON_GET_STARTED_ON_STICKY_BAR is present? =>
2024-03-26 11:41:22.693478   => BUTTON_GET_STARTED_ON_STICKY_BAR is present on the page!
2024-03-26 11:41:22.693501   BUTTON_GET_STARTED_ON_STICKY_BAR scroll =>
2024-03-26 11:41:22.755087   => BUTTON_GET_STARTED_ON_STICKY_BAR clicked!

2024-03-26 11:41:22.755391   3. Assert_Login_v0
2024-03-26 11:41:22.755512   Check that 'Login' form is opened
2024-03-26 11:41:25.830652   'Login' form not opened
2024-03-26 11:41:25.830837   Check that new 'Login' form is opened
2024-03-26 11:41:28.914843   => New 'Login' form not opened
2024-03-26 11:41:28.917654   'Login' page not opened
2024-03-26 11:41:31.986047   'Login' form on trading platform not opened
2024-03-26 11:41:31.986242   Start step Check that [Sign up] form is opened
2024-03-26 11:41:31.998609   'Sign up' form opened
2024-03-26 11:41:31.998632   Assert SIGNUP_HEADER =>
2024-03-26 11:41:32.012207   Assert SIGNUP_REF_LOGIN =>
2024-03-26 11:41:32.025319   Assert SIGNUP_PRIVACY_POLICY_ALL_2 =>
2024-03-26 11:41:32.039016   => SIGNUP_PRIVACY_POLICY_ALL
2024-03-26 11:41:32.039040   => 'Signup' form is checked

Bug: Bid:11.02.02.01_07-de.ae.NoAuth

2024-03-26 11:41:32.039099   Проверка бага в таблице ретеста  =>

 gs = GoogleSheet() - создаем объект gs # 1: <tests.ReTestsAuto.GoogleSheets.googlesheets.GoogleSheet object at 0x7fc8558aa3c0>

2024-03-26 11:41:32.397030   4. Fixing one row check results into Google Sheet Bugs Report =>
1 cells updated.
2024-03-26 11:41:32.595902   => 4. One row check results into Google Sheet Bugs Report fixed

2024-03-26 11:41:33.173042   4. Fixing one row check results into Google Sheet Bugs Report =>
1 cells updated.
2024-03-26 11:41:33.457481   => 4. One row check results into Google Sheet Bugs Report fixed

2024-03-26 11:41:33.459351   Баг Bid:11.02.02.01_07-de.ae.NoAuth-05 обнаружен ранее и уже находится в 'Bugs Report Auto detect'
