{'width': 1280, 'height': 800}

2024-03-26 12:34:22.122404   worker_id = master

2024-03-26 12:34:22.122429   0. Allure grouping v4


2024-03-26 12:34:22.122715   START PRECONDITIONS =>


2024-03-26 12:34:22.122737   => flag_of_bug - False

2024-03-26 12:34:22.122755   => Windows size - {'width': 1280, 'height': 800}
2024-03-26 12:34:22.124882   Set windows position at (0, 0) =>
2024-03-26 12:34:22.227702   Set resolution 1280 * 800 =>
2024-03-26 12:34:22.330276   => Windows size is set to {'width': 1280, 'height': 800}

2024-03-26 12:34:23.372045   Капчи нет. Идем дальше

2024-03-26 12:34:23.372137   Работа с куками

2024-03-26 12:34:23.372152   => Prev. country - 'ae'
2024-03-26 12:34:23.372161   => Country set to 'ae'

2024-03-26 12:34:23.372170   => Prev. language - 'de'
2024-03-26 12:34:23.372180   => Language is set to 'de'

2024-03-26 12:34:23.372189   => Prev. role - 'Auth'
2024-03-26 12:34:23.372197   => The 'Auth' role is set

2024-03-26 12:34:23.375157   => THE END PRECONDITIONS

2024-03-26 12:34:23.375223   1. Cur URL = https://capital.com/de/indizeshandel

2024-03-26 12:34:23.377966   2. Link = https://capital.com/de/indizeshandel
2024-03-26 12:34:23.377983   current_page = https://capital.com/de/indizeshandel
2024-03-26 12:34:23.380606   link = https://capital.com/de/indizeshandel
2024-03-26 12:34:23.892791   => Education menu is present in DOM
2024-03-26 12:34:23.899666   element = <selenium.webdriver.remote.webelement.WebElement (session="5492db7ca31cfa499334bbbee72731f3", element="f.43DD74F60C74FA15BC4808C4D1F04935.d.941FBF1538F967FCA7F9F496592E3711.e.1971")>
2024-03-26 12:34:23.899698   => Education menu is visible
2024-03-26 12:34:25.170026   => Focus moved to Education menu

2024-03-26 12:34:26.252356   1. Arrange
2024-03-26 12:34:26.252413   current_page = https://capital.com/de/indizeshandel
2024-03-26 12:34:26.255762   link = https://capital.com/de/indizeshandel
2024-03-26 12:34:26.258678   BUTTON_ON_HOR_BANNER is present? =>
2024-03-26 12:34:26.267092   => BUTTON_ON_HOR_BANNER is present on this page
2024-03-26 12:34:26.267121   BUTTON_ON_HOR_BANNER scroll =>
2024-03-26 12:34:26.272049   BUTTON_ON_HOR_BANNER is visible? =>
2024-03-26 12:34:26.398994   => BUTTON_ON_HOR_BANNER is visible on the page!
2024-03-26 12:34:26.399246   Start Checking that form [Sign up] popped up on the page =>
2024-03-26 12:34:28.009713   '[Sign up]' form was not popped up

2024-03-26 12:34:28.009889   2. Act

2024-03-26 12:34:28.029789   => Button on Horizontal banner is clickable

2024-03-26 12:34:28.038723   data_id = 167
2024-03-26 12:34:37.692035   => BUTTON_ON_HOR_BANNER clicked!
2024-03-26 12:34:37.692157   For Horizontal banner [type-id=167] Trading platform should be open in Live Mode =>

2024-03-26 12:34:37.692388   3. Assert_v4
2024-03-26 12:34:37.692548   Checking that the trading platform page has opened (v4) =>
2024-03-26 12:34:37.771404   Checking way # 1 => 
2024-03-26 12:34:37.771588   Checking that the Trading platform page has valid title =>
2024-03-26 12:34:37.782287   => Current page title: Trading Platform | Capital.com
2024-03-26 12:34:37.782483   Checking that the Trading platform LOGO is present on the page =>
2024-03-26 12:34:39.337227   => Trading platform LOGO is present on the page
2024-03-26 12:34:39.337312   tpd = False
2024-03-26 12:34:39.337461   Checking that the Trading platform opened in LIVE mode =>
2024-03-26 12:34:39.357730   => The page with https://capital.com/trading/platform/ url was opened in lIVE mode
2024-03-26 12:34:41.287161   => Driver.backed
