{'width': 1280, 'height': 800}

2024-03-26 11:57:54.288105   worker_id = master

2024-03-26 11:57:54.288134   0. Allure grouping v4


2024-03-26 11:57:54.288394   START PRECONDITIONS =>


2024-03-26 11:57:54.288414   => flag_of_bug - True
2024-03-26 11:57:54.288427   Current page URL = https://capital.com/de/trade-uscrude-oil
2024-03-26 11:57:54.291446   self.link = https://capital.com
2024-03-26 11:57:54.291462   link = https://capital.com
2024-03-26 11:57:56.040634   => Loaded page https://capital.com/

2024-03-26 11:57:56.045088   => Windows size - {'width': 1280, 'height': 800}
2024-03-26 11:57:56.046473   Set windows position at (0, 0) =>
2024-03-26 11:57:56.148791   Set resolution 1280 * 800 =>
2024-03-26 11:57:56.251446   => Windows size is set to {'width': 1280, 'height': 800}

2024-03-26 11:57:57.289440   Капчи нет. Идем дальше

2024-03-26 11:57:57.289530   Работа с куками

2024-03-26 11:57:57.289544   => Prev. country - 'ae'
2024-03-26 11:57:57.289554   => Country set to 'ae'

2024-03-26 11:57:57.289563   => Prev. language - 'de'
2024-03-26 11:57:57.289573   Set 'de' language =>
2024-03-26 11:57:57.300033   => Language and Country menu is present
2024-03-26 11:57:57.313821   => Language and Country menu is visible
2024-03-26 11:57:58.593055   => Focus is moved on Language and Country menu 
2024-03-26 11:57:58.599056   Move focus on de item and click =>
2024-03-26 11:58:00.217254   => Focus moved on de item and clicked
2024-03-26 11:58:00.217306   => Cur url = https://capital.com/de
2024-03-26 11:58:00.248412   => Language is set to 'de'

2024-03-26 11:58:00.248443   => Prev. role - 'NoAuth'
2024-03-26 11:58:00.248454   => The 'NoAuth' role is set

2024-03-26 11:58:00.251042   => THE END PRECONDITIONS

2024-03-26 11:58:00.251259   1. Arrange_v4
2024-03-26 11:58:00.251278   current_page = https://capital.com/de
2024-03-26 11:58:00.253854   link = https://capital.com/de/trade-uscrude-oil
2024-03-26 11:58:00.259723   Current page URL = https://capital.com/de
2024-03-26 11:58:00.262312   self.link = https://capital.com/de/trade-uscrude-oil
2024-03-26 11:58:00.262328   link = https://capital.com/de/trade-uscrude-oil
2024-03-26 11:58:02.116651   => Loaded page https://capital.com/de/trade-uscrude-oil
2024-03-26 11:58:02.121532   MOST_TRADED is present? =>
2024-03-26 11:58:02.133544   => MOST_TRADED widget is present on this page
2024-03-26 11:58:02.133577   => Found 5 elements in block MOST_TRADED
2024-03-26 11:58:02.133588   Most traded widget is scroll =>
2024-03-26 11:58:02.137274   => Most traded widget is scrolled into screen center

2024-03-26 11:58:02.137325   Random indexes = [0]

2024-03-26 11:58:02.137340   Testing Most traded 1 random element with 0 index

2024-03-26 11:58:02.137495   2. Act_v4
2024-03-26 11:58:02.137647   Start Checking that form [Sign up] popped up on the page =>
2024-03-26 11:58:03.667818   '[Sign up]' form was not popped up
2024-03-26 11:58:03.680914   instrument_item = <selenium.webdriver.remote.webelement.WebElement (session="70ebd2ab80733cdb050bbdc7bf45c4b0", element="f.43D067F1F556BC3D7705BEC8758575D4.d.84953182FAD49163690A5D7274837679.e.3824")>
2024-03-26 11:58:03.686192   instrument_title = Gold Spot
2024-03-26 11:58:03.695011   Selected Trade button on Most traded widget is scroll =>
2024-03-26 11:58:03.698736   Selected Trade button click for 'Gold Spot' trading instrument =>
2024-03-26 11:58:04.749566   => Selected Trade button clicked!

2024-03-26 11:58:04.749804   3. Assert_Login_v0
2024-03-26 11:58:04.749894   Check that 'Login' form is opened
2024-03-26 11:58:04.946042   'Login' form opened
2024-03-26 11:58:04.946086   Assert LOGIN_REF_SIGNUP =>
2024-03-26 11:58:04.993295   Assert LOGIN_CHECKBOX =>
2024-03-26 11:58:05.013284   Assert LOGIN_PASS_FORGOT =>
2024-03-26 11:58:05.029288   => 'Login' form is checked
2024-03-26 11:58:05.050304   Click 'Close' button on 'Login' form =>
2024-03-26 11:58:05.372954   => 'Login' form closed
