{'width': 1280, 'height': 720}

2024-03-07 17:33:39.314851   worker_id = master

2024-03-07 17:33:39.314868   0. Allure grouping v4


2024-03-07 17:33:39.315072   START PRECONDITIONS =>


2024-03-07 17:33:39.315089   => Windows size - {'width': 1280, 'height': 720}
2024-03-07 17:33:39.316450   Set windows position at (0, 0) =>
2024-03-07 17:33:39.418816   Set resolution 1280 * 720 =>
2024-03-07 17:33:39.521345   => Windows size is set to {'width': 1280, 'height': 720}

2024-03-07 17:33:40.559593   Капчи нет. Идем дальше

2024-03-07 17:33:40.559690   Работа с куками

2024-03-07 17:33:40.559704   => Prev. country - 'ae'
2024-03-07 17:33:40.559714   => Country set to 'ae'

2024-03-07 17:33:40.559723   => Prev. language - 'ro'
2024-03-07 17:33:40.559732   => Language is set to 'ro'

2024-03-07 17:33:40.559741   => Prev. role - 'NoAuth'
2024-03-07 17:33:40.559749   => The 'NoAuth' role is set

2024-03-07 17:33:40.562883   => THE END PRECONDITIONS

2024-03-07 17:33:40.563089   1. Arrange_v0
2024-03-07 17:33:40.565856   BUTTON_CREATE_YOUR_ACCOUNT is located on the page? =>

2024-03-07 17:33:40.583765   2. Act_v0: Define of locator

2024-03-07 17:33:40.583817   2. Act_v0: Go to web element

2024-03-07 17:33:41.661376   2. Act_v0: Click web element
2024-03-07 17:33:41.697167   => BUTTON_CREATE_YOUR_ACCOUNT is clicked

2024-03-07 17:33:41.697462   3. Assert_v0
2024-03-07 17:33:41.697581   Start step Check that [Sign up] form is opened
2024-03-07 17:33:41.714208   'Sign up' form opened
2024-03-07 17:33:41.714260   Assert SIGNUP_HEADER =>
2024-03-07 17:33:41.728150   Assert SIGNUP_REF_LOGIN =>
2024-03-07 17:33:41.741063   Assert SIGNUP_PRIVACY_POLICY_ALL_2 =>
2024-03-07 17:33:41.753896   => SIGNUP_PRIVACY_POLICY_ALL
2024-03-07 17:33:41.753937   => 'Signup' form is checked
2024-03-07 17:33:41.754119   Start step Close [Sign up] form =>
2024-03-07 17:33:41.823294   => 'Signup' form closed
