{'width': 1280, 'height': 800}

2024-04-25 11:30:23.951087   worker_id = master

2024-04-25 11:30:23.951101   0. Allure grouping v4

2024-04-25 11:30:23.951285   START PRECONDITIONS =>

2024-04-25 11:30:23.951301   => URL after prev. preconditions - https://capital.com/el
2024-04-25 11:30:23.951310   => flag_of_bug - False
2024-04-25 11:30:23.951321   => Current URL - https://capital.com/el/online-finance-courses
2024-04-25 11:30:23.956261   Current page URL = https://capital.com/el/online-finance-courses
2024-04-25 11:30:23.958674   self.link = https://capital.com/el
2024-04-25 11:30:23.958687   driver.get(https://capital.com/el) =>
2024-04-25 11:30:25.709744   => Loaded page https://capital.com/el

2024-04-25 11:30:25.715427   => Windows size - {'width': 1280, 'height': 800}
2024-04-25 11:30:25.716743   Set windows position at (0, 0) =>
2024-04-25 11:30:25.718314   Set resolution 1280 * 800 =>
2024-04-25 11:30:25.719919   => Windows size is set to {'width': 1280, 'height': 800}

2024-04-25 11:30:26.761136   Капчи нет. Идем дальше

2024-04-25 11:30:26.761222   Работа с куками =>

2024-04-25 11:30:26.761236   => не требуется

2024-04-25 11:30:26.761245   Prev. country - 'ae'
2024-04-25 11:30:26.761255   Cur. country - 'ae'
2024-04-25 11:30:26.761264   => Country set to 'ae'

2024-04-25 11:30:26.761273   Prev. language - 'el'
2024-04-25 11:30:26.761281   Cur. language - 'el'
2024-04-25 11:30:26.761290   => Language is set to 'el'

2024-04-25 11:30:26.761299   Prev. role - 'NoAuth'
2024-04-25 11:30:26.761307   Cur. role - 'NoAuth'
2024-04-25 11:30:26.761316   => The 'NoAuth' role is set

2024-04-25 11:30:26.764000   => Current URL - https://capital.com/el

2024-04-25 11:30:26.764021   => THE END PRECONDITIONS
2024-04-25 11:30:27.270234   => Education menu is present in DOM
2024-04-25 11:30:27.275169   => Education menu is visible
2024-04-25 11:30:28.545458   => Focus moved to Education menu

2024-04-25 11:30:29.907179   1. Arrange_v0
2024-04-25 11:30:29.907214   current_page = https://capital.com/el/online-finance-courses
2024-04-25 11:30:29.912306   link = https://capital.com/el/online-finance-courses
2024-04-25 11:30:29.916825   BUTTON_CREATE_YOUR_ACCOUNT is located on the page? =>

2024-04-25 11:30:29.939981   2. Act_v0: Define of locator

2024-04-25 11:30:29.940015   2. Act_v0: Go to web element

2024-04-25 11:30:30.992520   2. Act_v0: Click web element
2024-04-25 11:30:31.019264   => BUTTON_CREATE_YOUR_ACCOUNT is clicked

2024-04-25 11:30:31.019474   3. Assert_v0
2024-04-25 11:30:31.019565   Start step Check that [Sign up] form is opened
2024-04-25 11:30:31.251408   'Sign up' form opened
2024-04-25 11:30:31.251455   Assert SIGNUP_HEADER =>
2024-04-25 11:30:31.262671   Assert SIGNUP_REF_LOGIN =>
2024-04-25 11:30:31.272335   Assert SIGNUP_PRIVACY_POLICY_ALL_2 =>
2024-04-25 11:30:31.282776   => SIGNUP_PRIVACY_POLICY_ALL
2024-04-25 11:30:31.282806   => 'Signup' form is checked
2024-04-25 11:30:31.282980   Start step Close [Sign up] form =>
2024-04-25 11:30:31.338593   => 'Signup' form closed
2024-04-25 11:30:31.613577   => Focus moved to 'capital*com' logo
