


Current market - Indices



Current sort - Most traded
{'width': 1280, 'height': 800}

2024-04-25 10:07:47.946666   worker_id = master

2024-04-25 10:07:47.946682   0. Allure grouping v4

2024-04-25 10:07:47.946902   START PRECONDITIONS =>

2024-04-25 10:07:47.946919   => URL after prev. preconditions - https://capital.com/el
2024-04-25 10:07:47.946929   => flag_of_bug - True
2024-04-25 10:07:47.946939   => Current URL - https://capital.com/el/paragoga-xrimatopistotika-mesa
2024-04-25 10:07:47.952461   Current page URL = https://capital.com/el/paragoga-xrimatopistotika-mesa
2024-04-25 10:07:47.955015   self.link = https://capital.com/el
2024-04-25 10:07:47.955029   driver.get(https://capital.com/el) =>
2024-04-25 10:07:49.928267   => Loaded page https://capital.com/el

2024-04-25 10:07:49.936050   => Windows size - {'width': 1280, 'height': 800}
2024-04-25 10:07:49.937621   Set windows position at (0, 0) =>
2024-04-25 10:07:49.939464   Set resolution 1280 * 800 =>
2024-04-25 10:07:49.941192   => Windows size is set to {'width': 1280, 'height': 800}

2024-04-25 10:07:50.983442   Капчи нет. Идем дальше

2024-04-25 10:07:50.983536   Работа с куками =>

2024-04-25 10:07:50.983551   => не требуется

2024-04-25 10:07:50.983560   Prev. country - 'ae'
2024-04-25 10:07:50.983570   Cur. country - 'ae'
2024-04-25 10:07:50.983579   => Country set to 'ae'

2024-04-25 10:07:50.983587   Prev. language - 'el'
2024-04-25 10:07:50.983596   Cur. language - 'el'
2024-04-25 10:07:50.983604   => Language is set to 'el'

2024-04-25 10:07:50.983613   Prev. role - 'Auth'
2024-04-25 10:07:50.983621   Cur. role - 'Auth'
2024-04-25 10:07:50.983630   => The 'Auth' role is set

2024-04-25 10:07:50.986462   => Current URL - https://capital.com/el

2024-04-25 10:07:50.986485   => THE END PRECONDITIONS

2024-04-25 10:07:50.986673   START Open "Markets" menu, "All Markets" submenu =>

2024-04-25 10:07:50.986688   1. Cur URL = https://capital.com/el

2024-04-25 10:07:50.989115   2. Link = https://capital.com/el
2024-04-25 10:07:50.989131   current_page = https://capital.com/el
2024-04-25 10:07:50.991512   link = https://capital.com/el
2024-04-25 10:07:51.500329   => 'Markets' menu is present
2024-04-25 10:07:51.516193   => 'Markets' menu is visible
2024-04-25 10:07:52.793428   => Focus moved to 'Markets' menu
2024-04-25 10:07:52.800239   => 'Markets > All Markets' submenu is present
2024-04-25 10:07:54.728628   => Focus moved to 'capital*com' logo

2024-04-25 10:07:54.728670   3. Cur URL = https://capital.com/el/paragoga-xrimatopistotika-mesa

2024-04-25 10:07:54.734186   1. Arrange for TABLE_TRADING_INSTRUMENTS and 'Most traded' cur_sort
2024-04-25 10:07:54.734210   current_page = https://capital.com/el/paragoga-xrimatopistotika-mesa
2024-04-25 10:07:54.736667   link = https://capital.com/el/paragoga-xrimatopistotika-mesa
2024-04-25 10:07:54.739120   TABLE_TRADING_INSTRUMENTS present on this page? =>
2024-04-25 10:07:54.745124   => TABLE_TRADING_INSTRUMENTS is present on the page!
2024-04-25 10:07:54.745162   IS MARKETS_LIST present on this page? =>
2024-04-25 10:07:54.750176   Start scroll to markets list =>
2024-04-25 10:07:54.754679   => MARKETS_LIST is present on the page!
2024-04-25 10:07:54.754717   Start scroll and click cur_market 'Indices' =>
2024-04-25 10:07:54.790163   => End Click cur_market "Indices"
2024-04-25 10:07:54.790200   IS FIELD_DROPDOWN_SORT present in the Live prices table? =>
2024-04-25 10:07:54.797412   =>  FIELD_DROPDOWN_SORT is present in the table!
2024-04-25 10:07:54.797455   Start scroll and click FIELD_DROPDOWN_SORT =>
2024-04-25 10:07:54.829119   Is item_sort_list visible on the FIELD_DROPDOWN_SORT ? =>
2024-04-25 10:07:54.848413   => item_sort_list is visible on the FIELD_DROPDOWN_SORT!
2024-04-25 10:07:54.848468   Is cur_sort "Most traded" present in item_sort_list? =>
2024-04-25 10:07:54.856855   => cur_sort "Most traded" is present in item_sort_list!
2024-04-25 10:07:54.856892   Start click cur_sort "Most traded" =>
2024-04-25 10:07:54.889720   => End Click cur_sort "Most traded"

2024-04-25 10:07:54.889767   Buttons [Sell] is visible and sum buttons no zero? =>
2024-04-25 10:07:54.898503   => Buttons [Sell] is visible and sum buttons no zero!

2024-04-25 10:07:54.898545   Start find 1 random buttons [Sell] on cur_sort=>
2024-04-25 10:07:54.904668   => End find 1 random buttons [Sell] on the cur_sort "Most traded"

2024-04-25 10:07:54.904714   List of random items = [2]
2024-04-25 10:07:54.904899   2. Act for trading instrument, "Most traded" cur_sort and "Indices" cur_market
2024-04-25 10:07:54.917228   Start click button [Sell] =>
2024-04-25 10:07:54.922563   =>   BUTTON_SELL  is present
2024-04-25 10:07:54.922601   BUTTON_SELL o scroll into view =>
2024-04-25 10:07:54.928843   => BUTTON_SELL scrolled into view
2024-04-25 10:07:54.928885   Check that BUTTON_SELL with item 'US100' clickable =>
2024-04-25 10:07:54.961444   => BUTTON_SELL is clickable
2024-04-25 10:07:56.489290   =>   BUTTON_SELL on item 'US100' clicked

2024-04-25 10:07:56.489572   3. Assert_v4

2024-04-25 10:07:56.489600   
2024-04-25 10:07:56.489726   Checking that the trading platform page has opened (v4) =>
2024-04-25 10:07:56.496478   Checking way # 1 => 

2024-04-25 10:07:56.496663   1. Checking that the Trading platform (or TradingView site) page has valid title =>
2024-04-25 10:07:56.499708   => The title of current page is 'Trading Platform | Capital.com'

2024-04-25 10:07:56.499805   2. Checking that the LOGO is present on the page =>
2024-04-25 10:07:57.417652   => 'capital*com' logo is present on the current page

2024-04-25 10:07:57.417691   tpd = False

2024-04-25 10:07:57.417703   4. Check that opened page with https://capital.com/trading/platform/ url
with selected corresponding trading instrument 'US100' =>

2024-04-25 10:07:57.420564   trade_instrument = 'US100'

2024-04-25 10:07:57.420576   4.1. Check that Trading Platform is opened in Chart mode
2024-04-25 10:07:58.433818   => Bug # 14. Trading platform opened, but not Chart mode
Bid: Bid:01.01.00_001-el.ae.Auth

2024-04-25 10:07:58.433877   Проверка бага в таблице ретеста  =>

2024-04-25 10:08:00.233428   4. Fixing one row check results into Google Sheet Bugs Report =>
1 cells updated.
2024-04-25 10:08:00.575659   => 4. One row check results into Google Sheet Bugs Report fixed

2024-04-25 10:08:04.777414   4. Fixing one row check results into Google Sheet Bugs Report =>
1 cells updated.
2024-04-25 10:08:05.457807   => 4. One row check results into Google Sheet Bugs Report fixed

2024-04-25 10:08:05.459815   Баг Bid:01.01.00_001-el.ae.Auth-14 обнаружен ранее и уже находится в 'Bugs Report Auto detect'
