{'width': 1280, 'height': 800}

2024-04-11 05:49:26.290889   worker_id = master

2024-04-11 05:49:26.290903   0. Allure grouping v4

2024-04-11 05:49:26.291083   START PRECONDITIONS =>

2024-04-11 05:49:26.291098   => URL after prev. preconditions - https://capital.com/ar
2024-04-11 05:49:26.291108   => flag_of_bug - False
2024-04-11 05:49:26.291119   => Current URL - https://capital.com/ar/us-dollar-swiss-franc-rate
2024-04-11 05:49:26.296319   Current page URL = https://capital.com/ar/us-dollar-swiss-franc-rate
2024-04-11 05:49:26.298820   self.link = https://capital.com/ar
2024-04-11 05:49:26.298834   driver.get(https://capital.com/ar) =>
2024-04-11 05:49:28.086564   => Loaded page https://capital.com/ar

2024-04-11 05:49:28.091128   => Windows size - {'width': 1280, 'height': 800}
2024-04-11 05:49:28.092594   Set windows position at (0, 0) =>
2024-04-11 05:49:28.195025   Set resolution 1280 * 800 =>
2024-04-11 05:49:28.297530   => Windows size is set to {'width': 1280, 'height': 800}

2024-04-11 05:49:29.338103   Капчи нет. Идем дальше

2024-04-11 05:49:29.338196   Работа с куками =>

2024-04-11 05:49:29.338210   => не требуется

2024-04-11 05:49:29.338220   Prev. country - 'au'
2024-04-11 05:49:29.338229   Cur. country - 'au'
2024-04-11 05:49:29.338238   => Country set to 'au'

2024-04-11 05:49:29.338247   Prev. language - 'ar'
2024-04-11 05:49:29.338256   Cur. language - 'ar'
2024-04-11 05:49:29.338265   => Language is set to 'ar'

2024-04-11 05:49:29.338274   Prev. role - 'NoReg'
2024-04-11 05:49:29.338282   Cur. role - 'NoReg'
2024-04-11 05:49:29.338291   => The 'NoReg' role is set

2024-04-11 05:49:29.341204   => Current URL - https://capital.com/ar

2024-04-11 05:49:29.341226   => THE END PRECONDITIONS

2024-04-11 05:49:29.341414   1. Arrange_v0
2024-04-11 05:49:29.341432   current_page = https://capital.com/ar
2024-04-11 05:49:29.344042   link = https://capital.com/ar/us-dollar-swiss-franc-rate
2024-04-11 05:49:29.346488   Current page URL = https://capital.com/ar
2024-04-11 05:49:29.349049   self.link = https://capital.com/ar/us-dollar-swiss-franc-rate
2024-04-11 05:49:29.349063   driver.get(https://capital.com/ar/us-dollar-swiss-franc-rate) =>
2024-04-11 05:49:30.960931   => Loaded page https://capital.com/ar/us-dollar-swiss-franc-rate
2024-04-11 05:49:30.965422   IS 'Trading calculator' widget present on this page? =>
2024-04-11 05:49:30.974368   => 'Trading calculator' widget present on this page!

2024-04-11 05:49:30.974397   IS 'Trading calculator' widget present on this page? =>
2024-04-11 05:49:30.987856   => 'Trading calculator' widget is visible on this page!

2024-04-11 05:49:30.987886   IS [Start Trading] button present on this page? =>
2024-04-11 05:49:30.995703   => [Start Trading] button present on this page!

2024-04-11 05:49:30.995728   IS [Start Trading] button present on this page? =>
2024-04-11 05:49:31.010201   => [Start Trading] button is visible on this page!

2024-04-11 05:49:31.010234   [Start Trading] button scroll =>

2024-04-11 05:49:31.013997   2. Act_v0
2024-04-11 05:49:31.014019   [Start Trading] button is clickable? =>
2024-04-11 05:49:31.061315   => [Start Trading] button is clickable!

2024-04-11 05:49:31.095270   => [Start Trading] button clicked!

2024-04-11 05:49:31.095500   3. Assert_v0
2024-04-11 05:49:31.095591   Start step Check that [Sign up] form is opened
2024-04-11 05:49:31.286292   'Sign up' form opened
2024-04-11 05:49:31.286344   Assert SIGNUP_HEADER =>
2024-04-11 05:49:31.297947   Assert SIGNUP_REF_LOGIN =>
2024-04-11 05:49:31.311402   Assert SIGNUP_PRIVACY_POLICY_ALL_2 =>
2024-04-11 05:49:31.323304   => SIGNUP_PRIVACY_POLICY_ALL
2024-04-11 05:49:31.323347   => 'Signup' form is checked
2024-04-11 05:49:31.323570   Start step Close [Sign up] form =>
2024-04-11 05:49:31.399506   => 'Signup' form closed
2024-04-11 05:49:31.685128   => Focus moved to 'capital*com' logo
