{'width': 1280, 'height': 800}

2024-04-11 05:58:22.793211   worker_id = master

2024-04-11 05:58:22.793225   0. Allure grouping v4

2024-04-11 05:58:22.793414   START PRECONDITIONS =>

2024-04-11 05:58:22.793429   => URL after prev. preconditions - https://capital.com/ar
2024-04-11 05:58:22.793439   => flag_of_bug - True
2024-04-11 05:58:22.793450   => Current URL - https://capital.com/ar/trade-stocks
2024-04-11 05:58:22.799285   Current page URL = https://capital.com/ar/trade-stocks
2024-04-11 05:58:22.802041   self.link = https://capital.com/ar
2024-04-11 05:58:22.802054   driver.get(https://capital.com/ar) =>
2024-04-11 05:58:24.625419   => Loaded page https://capital.com/ar

2024-04-11 05:58:24.632642   => Windows size - {'width': 1280, 'height': 800}
2024-04-11 05:58:24.634088   Set windows position at (0, 0) =>
2024-04-11 05:58:24.736455   Set resolution 1280 * 800 =>
2024-04-11 05:58:24.838945   => Windows size is set to {'width': 1280, 'height': 800}

2024-04-11 05:58:25.870281   Капчи нет. Идем дальше

2024-04-11 05:58:25.870378   Работа с куками =>

2024-04-11 05:58:25.870392   => не требуется

2024-04-11 05:58:25.870402   Prev. country - 'au'
2024-04-11 05:58:25.870412   Cur. country - 'au'
2024-04-11 05:58:25.870421   => Country set to 'au'

2024-04-11 05:58:25.870459   Prev. language - 'ar'
2024-04-11 05:58:25.870470   Cur. language - 'ar'
2024-04-11 05:58:25.870479   => Language is set to 'ar'

2024-04-11 05:58:25.870488   Prev. role - 'NoAuth'
2024-04-11 05:58:25.870497   Cur. role - 'NoAuth'
2024-04-11 05:58:25.870505   => The 'NoAuth' role is set

2024-04-11 05:58:25.873372   => Current URL - https://capital.com/ar

2024-04-11 05:58:25.873393   => THE END PRECONDITIONS

2024-04-11 05:58:25.873573   1. Cur URL = https://capital.com/ar

2024-04-11 05:58:25.876291   2. Link = https://capital.com/ar
2024-04-11 05:58:25.876307   current_page = https://capital.com/ar
2024-04-11 05:58:25.878919   link = https://capital.com/ar
2024-04-11 05:58:26.390268   => Education menu is present in DOM
2024-04-11 05:58:26.395410   => Education menu is visible
2024-04-11 05:58:27.664239   => Focus moved to Education menu


2024-04-11 05:58:29.285312   => Shares trading sub-menu clicked
2024-04-11 05:58:29.580661   => Focus moved to 'capital*com' logo

2024-04-11 05:58:29.580708   3. Cur URL = https://capital.com/ar/trade-stocks

2024-04-11 05:58:29.586680   1. Arrange_v4
2024-04-11 05:58:29.586704   current_page = https://capital.com/ar/trade-stocks
2024-04-11 05:58:29.589351   link = https://capital.com/ar/trade-stocks
2024-04-11 05:58:29.592059   MOST_TRADED is present? =>
2024-04-11 05:58:29.601201   => MOST_TRADED widget is present on this page
2024-04-11 05:58:29.601224   => Found 5 elements in block MOST_TRADED
2024-04-11 05:58:29.601235   Most traded widget is scroll =>
2024-04-11 05:58:29.604801   => Most traded widget is scrolled into screen center

2024-04-11 05:58:29.604844   Random indexes = [4]

2024-04-11 05:58:29.604860   Testing Most traded 1 random element with 4 index

2024-04-11 05:58:29.604975   2. Act_v4
2024-04-11 05:58:29.605072   Start Checking that form [Sign up] popped up on the page =>
2024-04-11 05:58:31.119314   '[Sign up]' form was not popped up
2024-04-11 05:58:31.132353   instrument_title = 'Coinbase Global Inc'
2024-04-11 05:58:31.137623   Selected Trade button on Most traded widget is scroll =>
2024-04-11 05:58:31.143598   Selected Trade button click for 'Coinbase Global Inc' trading instrument =>
2024-04-11 05:58:32.182364   => Selected Trade button clicked!

2024-04-11 05:58:32.182628   3. Assert_Login_v0
2024-04-11 05:58:32.182718   Check that 'Login' form is opened
2024-04-11 05:58:32.427327   'Login' form opened
2024-04-11 05:58:32.427373   Assert LOGIN_REF_SIGNUP =>
2024-04-11 05:58:32.441899   Assert LOGIN_CHECKBOX =>
2024-04-11 05:58:32.456055   Assert LOGIN_PASS_FORGOT =>
2024-04-11 05:58:32.469511   => 'Login' form is checked
2024-04-11 05:58:32.490989   Click 'Close' button on 'Login' form =>
2024-04-11 05:58:32.831162   => Focus moved to 'capital*com' logo
2024-04-11 05:58:32.831217   => 'Login' form closed
