{'width': 1280, 'height': 720}

2023-12-20 02:15:48.081823   browser = chrome

2023-12-20 02:15:48.081854   worker_id = master

2023-12-20 02:15:48.081869   Start TC_11.03.07_04

2023-12-20 02:15:48.081883   <US_11-03-07_What_is_a_margin_test.TestWhatIsMargin object at 0x7fcee3c4fd10>.None

2023-12-20 02:15:48.081900   0. Arrange


2023-12-20 02:15:48.082216   START PRECONDITIONS =>


2023-12-20 02:15:48.082240   {'width': 1280, 'height': 720}

2023-12-20 02:15:48.085093   Set windows position at (320, 180) =>

2023-12-20 02:15:48.191822   Set resolution 1280 * 720 =>

2023-12-20 02:15:48.294061   => Resolution seted {'width': 1280, 'height': 720}

2023-12-20 02:15:52.309778   Капчи нет. Тестим дальше

2023-12-20 02:15:52.309823   Prev. Role: NoAuth

2023-12-20 02:15:52.309833   Current role: NoAuth

2023-12-20 02:15:52.309841   Prev language: es

2023-12-20 02:15:52.309849   => Current language: es

2023-12-20 02:15:52.309857   Prev country: ae

2023-12-20 02:15:52.309865   => Current country: ae

2023-12-20 02:15:52.309872   => THE END PRECONDITIONS

2023-12-20 02:15:52.309931   1. Arrange_v0
2023-12-20 02:15:52.312873   BUTTON_CREATE_YOUR_ACCOUNT is located on the page? =>

2023-12-20 02:15:52.321215   2. Act_v0
2023-12-20 02:15:52.526471   => BUTTON_CREATE_YOUR_ACCOUNT is clicked

2023-12-20 02:15:52.526691   3. Assert_v0
2023-12-20 02:15:52.526768   Start step Check that [Sign up] form is opened
2023-12-20 02:15:52.686889   'Sign up' form opened
2023-12-20 02:15:52.686933   Assert SIGNUP_HEADER =>
2023-12-20 02:15:52.700024   Assert SIGNUP_REF_LOGIN =>
2023-12-20 02:15:52.713842   Assert SIGNUP_PRIVACY_POLICY_ALL_2 =>
2023-12-20 02:15:52.727710   => SIGNUP_PRIVACY_POLICY_ALL
2023-12-20 02:15:52.727752   => 'Signup' form is checked
2023-12-20 02:15:52.727917   Start step Close [Sign up] form =>
2023-12-20 02:15:52.833430   => 'Signup' form closed
