


Current sorting - Most volatile
{'width': 1280, 'height': 800}

2024-03-20 18:54:47.376090   worker_id = master

2024-03-20 18:54:47.376113   0. Allure grouping v4


2024-03-20 18:54:47.376460   START PRECONDITIONS =>


2024-03-20 18:54:47.376480   => flag_of_bug - True
2024-03-20 18:54:47.376497   Current page URL = https://capital.com/el/kirioi-pagkosmioi-deiktes
2024-03-20 18:54:55.183869   => Loaded page https://capital.com/

2024-03-20 18:54:55.216485   => Windows size - {'width': 1280, 'height': 800}
2024-03-20 18:54:55.217946   Set windows position at (0, 0) =>
2024-03-20 18:54:55.320217   Set resolution 1280 * 800 =>
2024-03-20 18:54:55.429348   => Windows size is set to {'width': 1280, 'height': 800}

2024-03-20 18:54:56.467911   Капчи нет. Идем дальше

2024-03-20 18:54:56.468001   Работа с куками

2024-03-20 18:54:56.468015   => Prev. country - 'de'
2024-03-20 18:54:56.468025   => Country set to 'de'

2024-03-20 18:54:56.468034   => Prev. language - 'el'
2024-03-20 18:54:56.468043   Set 'el' language =>
2024-03-20 18:54:56.480160   => Language and Country menu is present
2024-03-20 18:54:56.497813   => Language and Country menu is visible
2024-03-20 18:54:57.775176   => Focus is moved on Language and Country menu 
2024-03-20 18:54:57.783779   Move focus on el item and click =>
2024-03-20 18:54:59.336802   => Focus moved on el item and clicked
2024-03-20 18:54:59.336851   => Cur url = https://capital.com/el
2024-03-20 18:54:59.368504   => Language is set to 'el'

2024-03-20 18:54:59.368531   => Prev. role - 'NoAuth'
2024-03-20 18:54:59.368541   => The 'NoAuth' role is set

2024-03-20 18:54:59.371033   => THE END PRECONDITIONS

2024-03-20 18:54:59.371225   START Open "Markets" menu, "Indices" submenu =>

2024-03-20 18:54:59.371241   1. Cur URL = https://capital.com/el

2024-03-20 18:54:59.377507   2. Link = https://capital.com/el
2024-03-20 18:54:59.897989   => 'Markets' menu is present
2024-03-20 18:54:59.926883   element = <selenium.webdriver.remote.webelement.WebElement (session="d97b23d7a04afaf32b51a0475945c249", element="f.6A856354A3F92C18BFAB3E761A20221E.d.C960C98583C574E0AC93B044C20E3888.e.3231")>
2024-03-20 18:54:59.926926   => 'Markets' menu is visible
2024-03-20 18:55:01.207282   => Focus moved to 'Markets' menu


2024-03-20 18:55:02.679641   => 'Indices' submenu clicked

2024-03-20 18:55:02.685407   3. Cur URL = https://capital.com/el/kirioi-pagkosmioi-deiktes

2024-03-20 18:55:02.707943   1. Arrange for Trading instrument and "Most volatile" cur_sort
2024-03-20 18:55:02.710479   IS TABLE_TRADING_INSTRUMENTS  present on the page? =>
2024-03-20 18:55:02.718726   => TABLE_TRADING_INSTRUMENTS is present on the page!
2024-03-20 18:55:02.718748   IS FIELD_DROPDOWN_SORT present in the Live prices table? =>
2024-03-20 18:55:02.727459   =>  FIELD_DROPDOWN_SORT is present in the Live prices table!
2024-03-20 18:55:02.727483   Start scroll and click FIELD_DROPDOWN_SORT =>
2024-03-20 18:55:02.815280   Is item_sort_list visible on the FIELD_DROPDOWN_SORT ? =>
2024-03-20 18:55:02.863360   => item_sort_list is visible on the FIELD_DROPDOWN_SORT!
2024-03-20 18:55:02.863399   Is cur_sort "Most volatile" present in item_sort_list? =>
2024-03-20 18:55:02.870922   => cur_sort "Most volatile" is present in item_sort_list!
2024-03-20 18:55:02.870954   Start click cur_sort "Most volatile" =>
2024-03-20 18:55:03.510372   => End Click cur_sort "Most volatile"

2024-03-20 18:55:03.510418   Buttons [Buy] is visible and quantity buttons not zero? =>
2024-03-20 18:55:03.538699   => Buttons [Buy] is visible and quantity buttons not zero!

2024-03-20 18:55:03.538736   Start find two random buttons [Buy] on cur_sort "Most volatile"=>
2024-03-20 18:55:03.544785   => End find two random buttons [Buy] on the cur_sort "Most volatile"


2024-03-20 18:55:03.544815   Item_list = [12, 3]
2024-03-20 18:55:03.544992   Start Checking that form [Sign up] popped up on the page =>
2024-03-20 18:55:05.077373   '[Sign up]' form was not popped up
2024-03-20 18:55:05.077580   2. Act for trading instrument and "Most volatile" cur_sort
2024-03-20 18:55:05.077597   Start click button [Buy] =>
2024-03-20 18:55:05.263083   =>   BUTTON_BUY with item 96683858476406084 clicked!


2024-03-20 18:55:05.263319   3. Assert_Login_v0
2024-03-20 18:55:05.263405   Check that 'Login' form is opened
2024-03-20 18:55:05.557107   'Login' form opened
2024-03-20 18:55:05.557155   Assert LOGIN_REF_SIGNUP =>
2024-03-20 18:55:05.574231   Assert LOGIN_CHECKBOX =>
2024-03-20 18:55:05.589080   Assert LOGIN_PASS_FORGOT =>
2024-03-20 18:55:05.606324   => 'Login' form is checked
2024-03-20 18:55:05.648235   Click 'Close' button on 'Login' form =>
2024-03-20 18:55:05.685782   => 'Login' form closed
2024-03-20 18:55:09.586684   2. Act for trading instrument and "Most volatile" cur_sort
2024-03-20 18:55:09.586728   Start click button [Buy] =>
2024-03-20 18:55:09.743411   =>   BUTTON_BUY with item 21680337780298948 clicked!


2024-03-20 18:55:09.743709   3. Assert_Login_v0
2024-03-20 18:55:09.743826   Check that 'Login' form is opened
2024-03-20 18:55:09.886552   'Login' form opened
2024-03-20 18:55:09.886587   Assert LOGIN_REF_SIGNUP =>
2024-03-20 18:55:09.899676   Assert LOGIN_CHECKBOX =>
2024-03-20 18:55:09.912106   Assert LOGIN_PASS_FORGOT =>
2024-03-20 18:55:09.923413   => 'Login' form is checked
2024-03-20 18:55:09.939748   Click 'Close' button on 'Login' form =>
2024-03-20 18:55:09.998855   => 'Login' form closed
