


Current sort - Top fallers
{'width': 1280, 'height': 800}

2024-03-20 18:44:12.164382   worker_id = master

2024-03-20 18:44:12.164408   0. Allure grouping v4


2024-03-20 18:44:12.164645   START PRECONDITIONS =>


2024-03-20 18:44:12.164662   => flag_of_bug - False

2024-03-20 18:44:12.164673   => Windows size - {'width': 1280, 'height': 800}
2024-03-20 18:44:12.166082   Set windows position at (0, 0) =>
2024-03-20 18:44:12.268087   Set resolution 1280 * 800 =>
2024-03-20 18:44:12.370379   => Windows size is set to {'width': 1280, 'height': 800}

2024-03-20 18:44:13.403885   Капчи нет. Идем дальше

2024-03-20 18:44:13.403971   Работа с куками

2024-03-20 18:44:13.403985   => Prev. country - 'au'
2024-03-20 18:44:13.403995   => Country set to 'au'

2024-03-20 18:44:13.404004   => Prev. language - 'el'
2024-03-20 18:44:13.404013   => Language is set to 'el'

2024-03-20 18:44:13.404021   => Prev. role - 'NoReg'
2024-03-20 18:44:13.404030   => The 'NoReg' role is set

2024-03-20 18:44:13.406897   => THE END PRECONDITIONS

2024-03-20 18:44:13.407086   START Open "Markets" menu, "Forex" submenu =>

2024-03-20 18:44:13.407101   1. Cur URL = https://capital.com/el/alla-ergaleia

2024-03-20 18:44:13.409645   2. Link = https://capital.com/el/alla-ergaleia
2024-03-20 18:44:13.918663   => 'Markets' menu is present
2024-03-20 18:44:13.935387   element = <selenium.webdriver.remote.webelement.WebElement (session="bee43bb05c17fd1b906658917e37dd5e", element="f.D1D09FB2A7C9118DD7644A4F05C6F751.d.55934BD4045CBE9E89FA22917B09085A.e.1680")>
2024-03-20 18:44:13.935430   => 'Markets' menu is visible
2024-03-20 18:44:15.222968   => Focus moved to 'Markets' menu


2024-03-20 18:44:16.001102   => 'Forex' sub-menu clicked

2024-03-20 18:44:16.003955   3. Cur URL = https://capital.com/el/alla-ergaleia

2024-03-20 18:44:16.008943   1. Arrange for Trading instrument and "Top fallers" cur_sort
2024-03-20 18:44:16.011459   IS TABLE_TRADING_INSTRUMENTS  present on the page? =>
2024-03-20 18:44:16.017176   => TABLE_TRADING_INSTRUMENTS is present on the page!
2024-03-20 18:44:16.017198   IS FIELD_DROPDOWN_SORT present in the Live prices table? =>
2024-03-20 18:44:16.021700   =>  FIELD_DROPDOWN_SORT is present in the Live prices table!
2024-03-20 18:44:16.021721   Start scroll and click FIELD_DROPDOWN_SORT =>
