{'width': 1280, 'height': 800}

2024-06-20 19:27:16.887310   worker_id = master

2024-06-20 19:27:16.887310   0. Allure grouping v4

2024-06-20 19:27:16.887310   START PRECONDITIONS =>

2024-06-20 19:27:16.887310   => URL after prev. preconditions - https://capital.com/it
2024-06-20 19:27:16.887310   => flag_of_bug - False
2024-06-20 19:27:16.887310   => Current URL - https://capital.com/it/dell-technologies-inc-prezzo-azione
2024-06-20 19:27:16.895466   Current page URL = https://capital.com/it/dell-technologies-inc-prezzo-azione
2024-06-20 19:27:16.898459   self.link = https://capital.com/it
2024-06-20 19:27:16.898459   driver.get(https://capital.com/it) =>
2024-06-20 19:27:18.744210   => Loaded page https://capital.com/it

2024-06-20 19:27:18.744210   => Windows size: {'width': 1280, 'height': 800}
2024-06-20 19:27:18.752739   Set windows position at (0, 0) =>
2024-06-20 19:27:18.756518   Set resolution 1280 * 800 =>
2024-06-20 19:27:18.759658   => Windows size is set to {'width': 1280, 'height': 800}

2024-06-20 19:27:19.804708   Капчи нет. Идем дальше

2024-06-20 19:27:19.804708   Работа с куками =>

2024-06-20 19:27:19.804708   => не требуется

2024-06-20 19:27:20.855723   Капчи нет. Идем дальше

2024-06-20 19:27:20.855723   Prev. country - 'au'
2024-06-20 19:27:20.855723   Cur. country - 'au'
2024-06-20 19:27:20.855723   => Country set to 'au'

2024-06-20 19:27:21.907994   Капчи нет. Идем дальше

2024-06-20 19:27:21.907994   Prev. language - 'it'
2024-06-20 19:27:21.907994   Cur. language - 'it'
2024-06-20 19:27:21.907994   => Language is set to 'it'

2024-06-20 19:27:22.955913   Капчи нет. Идем дальше

2024-06-20 19:27:22.955913   Prev. role - 'NoReg'
2024-06-20 19:27:22.955913   Cur. role - 'NoReg'
2024-06-20 19:27:22.955913   => The 'NoReg' role is set

2024-06-20 19:27:22.962043   => Current URL - https://capital.com/it

2024-06-20 19:27:22.962043   => THE END PRECONDITIONS

2024-06-20 19:27:22.962043   1. Arrange_v0
2024-06-20 19:27:22.962043   current_page = https://capital.com/it
2024-06-20 19:27:22.966092   link = https://capital.com/it/dell-technologies-inc-prezzo-azione
2024-06-20 19:27:22.969096   Current page URL = https://capital.com/it
2024-06-20 19:27:22.975247   self.link = https://capital.com/it/dell-technologies-inc-prezzo-azione
2024-06-20 19:27:22.975247   driver.get(https://capital.com/it/dell-technologies-inc-prezzo-azione) =>
2024-06-20 19:27:24.827722   => Loaded page https://capital.com/it/dell-technologies-inc-prezzo-azione
2024-06-20 19:27:24.847638   Is button BUTTON_VIEW_DETAILED_CHART present on the page? =>
2024-06-20 19:27:24.847638   => BUTTON_VIEW_DETAILED_CHART is present on the page
2024-06-20 19:27:24.847638   BUTTON_VIEW_DETAILED_CHART scroll =>
2024-06-20 19:27:24.851642   => BUTTON_VIEW_DETAILED_CHART scrolled
2024-06-20 19:27:24.852650   Start Checking that form [Sign up] popped up on the page =>
2024-06-20 19:27:26.405582   '[Sign up]' form was not popped up

2024-06-20 19:27:26.405582   2. Act_v0
2024-06-20 19:27:26.405582   Start Click button [View Detailed Chart] =>
2024-06-20 19:27:26.426897   BUTTON_VIEW_DETAILED_CHART is clickable =>
2024-06-20 19:27:26.469026 => BUTTON_VIEW_DETAILED_CHART clicked

2024-06-20 19:27:26.469026   3. Assert_Signup_v0
2024-06-20 19:27:26.469026   Start step Check that [Sign up] form is opened
2024-06-20 19:27:26.931487   'Sign up' form opened
2024-06-20 19:27:26.931487   Assert SIGNUP_HEADER =>
2024-06-20 19:27:26.946088   Assert SIGNUP_REF_LOGIN =>
2024-06-20 19:27:26.959252   Assert SIGNUP_PRIVACY_POLICY_ALL_2 =>
2024-06-20 19:27:27.007936   => SIGNUP_PRIVACY_POLICY_ALL
2024-06-20 19:27:27.007936   => 'Signup' form is checked
2024-06-20 19:27:27.007936   Start step Close [Sign up] form =>
2024-06-20 19:27:27.070765   => 'Signup' form closed
2024-06-20 19:27:27.359530   => Focus moved to 'capital*com' logo
