


Current test role - NoReg
{'width': 1280, 'height': 720}

2023-12-20 21:36:56.102785   worker_id = master

2023-12-20 21:36:56.102799   0. Allure grouping


2023-12-20 21:36:56.102943   START PRECONDITIONS =>


2023-12-20 21:36:56.102957   {'width': 1280, 'height': 720}

2023-12-20 21:36:56.104163   Set windows position at (320, 180) =>

2023-12-20 21:36:56.206224   Set resolution 1280 * 720 =>

2023-12-20 21:36:56.308386   => Resolution seted {'width': 1280, 'height': 720}

2023-12-20 21:37:00.361536   Капчи нет. Тестим дальше

2023-12-20 21:37:00.361581   Prev. Role: NoAuth

2023-12-20 21:37:00.361592   Run preconditions: set "NoReg" Role =>
2023-12-20 21:37:00.821713   Load page https://capital.com

2023-12-20 21:37:01.127117   => All cookies are deleted
2023-12-20 21:37:01.489512   Load page https://capital.com

2023-12-20 21:37:01.489727   Click button [Accept all cookies]
2023-12-20 21:37:01.489751   Is Visible BUTTON_ACCEPT_ALL_COOKIE? =>
2023-12-20 21:37:05.520065   Find BUTTON_ACCEPT_ALL_COOKIE =>
2023-12-20 21:37:05.532324   => BUTTON_ACCEPT_ALL_COOKIE presented
2023-12-20 21:37:05.532359   Is clickable BUTTON_ACCEPT_ALL_COOKIE? =>
2023-12-20 21:37:05.570715   Click BUTTON_ACCEPT_ALL_COOKIE =>
2023-12-20 21:37:06.615456   => BUTTON_ACCEPT_ALL_COOKIE is clicked
2023-12-20 21:37:06.615503   => Accepted All Cookies

2023-12-20 21:37:07.615690   Current role: NoReg

2023-12-20 21:37:07.615731   Prev language: ?

2023-12-20 21:37:07.615741   Run preconditions: set "cn" language =>


2023-12-20 21:37:07.624891   => Language and Country menu is present


2023-12-20 21:37:07.638236   => Language and Country menu is visible


2023-12-20 21:37:09.416607   => Focus is moved on Language and Country menu 

2023-12-20 21:37:10.874508   => Current language: cn

2023-12-20 21:37:10.874543   Prev country: ?

2023-12-20 21:37:10.874552   Run preconditions: set "gb" country =>


2023-12-20 21:37:10.887247   => Language and Country menu is present


2023-12-20 21:37:10.924144   => Language and Country menu is visible


2023-12-20 21:37:12.699671   => Focus is moved on Language and Country menu 

2023-12-20 21:37:15.793023   => Current country: gb

2023-12-20 21:37:15.793067   => THE END PRECONDITIONS

2023-12-20 21:37:15.793326   START Open "Education" menu, "Spread betting guide" submenu =>

2023-12-20 21:37:15.793347   1. Cur URL = https://capital.com/cn?country=gb

2023-12-20 21:37:15.944584   2. Link = https://capital.com/cn
2023-12-20 21:37:16.739834   Load page https://capital.com/cn
2023-12-20 21:37:16.952392   => Education menu is present
2023-12-20 21:37:16.973505   => Education menu is visible
2023-12-20 21:37:18.747952   => Education menu focus moved

2023-12-20 21:37:21.009556   3. Cur URL = https://capital.com/cn/what-is-spread-betting

2023-12-20 21:37:21.154966   1. Arrange_v0
2023-12-20 21:37:21.167141   BUTTON_START_TRADING scroll =>
2023-12-20 21:37:21.170727   BUTTON_START_TRADING is visible? =>
2023-12-20 21:37:21.214083   => BUTTON_START_TRADING is visible on the page!

2023-12-20 21:37:21.214248   2. Act_v0
2023-12-20 21:37:21.214262   Start Click button [Start Trading] =>
2023-12-20 21:37:21.220684   BUTTON_START_TRADING is clickable? =>
2023-12-20 21:37:21.259339   BUTTON_START_TRADING click =>
2023-12-20 21:37:21.301934   => BUTTON_START_TRADING clicked

2023-12-20 21:37:21.302210   3. Assert_v0
2023-12-20 21:37:21.302329   Start step Check that [Sign up] form is opened
2023-12-20 21:37:21.622925   'Sign up' form opened
2023-12-20 21:37:21.622963   Assert SIGNUP_HEADER =>
2023-12-20 21:37:21.639557   Assert SIGNUP_REF_LOGIN =>
2023-12-20 21:37:21.654974   Assert SIGNUP_PRIVACY_POLICY_ALL_2 =>
2023-12-20 21:37:21.673552   => SIGNUP_PRIVACY_POLICY_ALL
2023-12-20 21:37:21.673582   => 'Signup' form is checked
2023-12-20 21:37:21.673733   Start step Close [Sign up] form =>
2023-12-20 21:37:21.768746   => 'Signup' form closed
