{'width': 1280, 'height': 800}

2024-06-22 18:48:55.036118   worker_id = master

2024-06-22 18:48:55.036118   0. Allure grouping v4

2024-06-22 18:48:55.036118   START PRECONDITIONS =>

2024-06-22 18:48:55.036118   => URL after prev. preconditions - https://capital.com/el
2024-06-22 18:48:55.036118   => flag_of_bug - False
2024-06-22 18:48:55.036118   => Current URL - https://capital.com/el/uni-usd-chart
2024-06-22 18:48:55.043421   Current page URL = https://capital.com/el/uni-usd-chart
2024-06-22 18:48:55.046424   self.link = https://capital.com/el
2024-06-22 18:48:55.046424   driver.get(https://capital.com/el) =>
2024-06-22 18:48:56.739628   => Loaded page https://capital.com/el

2024-06-22 18:48:56.747941   => Windows size: {'width': 1280, 'height': 800}
2024-06-22 18:48:56.748949   Set windows position at (0, 0) =>
2024-06-22 18:48:56.752285   Set resolution 1280 * 800 =>
2024-06-22 18:48:56.755283   => Windows size is set to {'width': 1280, 'height': 800}

2024-06-22 18:48:57.805270   Капчи нет. Идем дальше

2024-06-22 18:48:57.805270   Работа с куками =>

2024-06-22 18:48:57.805270   => не требуется

2024-06-22 18:48:58.855706   Капчи нет. Идем дальше

2024-06-22 18:48:58.855706   Prev. country - 'ua'
2024-06-22 18:48:58.855706   Cur. country - 'ua'
2024-06-22 18:48:58.855706   => Country set to 'ua'

2024-06-22 18:48:59.869919   Капчи нет. Идем дальше

2024-06-22 18:48:59.869919   Prev. language - 'el'
2024-06-22 18:48:59.869919   Cur. language - 'el'
2024-06-22 18:48:59.869919   => Language is set to 'el'

2024-06-22 18:49:00.916877   Капчи нет. Идем дальше

2024-06-22 18:49:00.916877   Prev. role - 'NoReg'
2024-06-22 18:49:00.916877   Cur. role - 'NoReg'
2024-06-22 18:49:00.916877   => The 'NoReg' role is set

2024-06-22 18:49:00.919876   => Current URL - https://capital.com/el

2024-06-22 18:49:00.919876   => THE END PRECONDITIONS

2024-06-22 18:49:00.920875   1. Arrange_v0
2024-06-22 18:49:00.920875   current_page = https://capital.com/el
2024-06-22 18:49:00.923878   link = https://capital.com/el/uni-usd-chart
2024-06-22 18:49:00.926872   Current page URL = https://capital.com/el
2024-06-22 18:49:00.932190   self.link = https://capital.com/el/uni-usd-chart
2024-06-22 18:49:00.932190   driver.get(https://capital.com/el/uni-usd-chart) =>
2024-06-22 18:49:02.606496   => Loaded page https://capital.com/el/uni-usd-chart
2024-06-22 18:49:02.614173   BUTTON_SELL is located on the page? =>
2024-06-22 18:49:02.622179   => BUTTON_SELL is located on the page!
2024-06-22 18:49:02.623173   Start Checking that form [Sign up] popped up on the page =>
2024-06-22 18:49:04.169404   '[Sign up]' form was not popped up

2024-06-22 18:49:04.169404   2. Act_v0
2024-06-22 18:49:04.175406   BUTTON_SELL is present? =>
2024-06-22 18:49:04.175406   => BUTTON_SELL is present on the page
2024-06-22 18:49:04.175406   BUTTON_SELL scroll =>
2024-06-22 18:49:04.182518   => BUTTON_SELL scrolled
2024-06-22 18:49:04.188514   BUTTON_SELL is clickable? =>
2024-06-22 18:49:04.219626   BUTTON_SELL CLICK =>
2024-06-22 18:49:04.265139   => BUTTON_SELL clicked!

2024-06-22 18:49:04.265139   3. Assert_Signup_v0
2024-06-22 18:49:04.265139   Start step Check that [Sign up] form is opened
2024-06-22 18:49:04.445018   'Sign up' form opened
2024-06-22 18:49:04.445018   Assert SIGNUP_HEADER =>
2024-06-22 18:49:04.457429   Assert SIGNUP_REF_LOGIN =>
2024-06-22 18:49:04.471438   Assert SIGNUP_PRIVACY_POLICY_ALL_2 =>
2024-06-22 18:49:04.516183   => SIGNUP_PRIVACY_POLICY_ALL
2024-06-22 18:49:04.516183   => 'Signup' form is checked
2024-06-22 18:49:04.517178   Start step Close [Sign up] form =>
2024-06-22 18:49:04.575143   => 'Signup' form closed
2024-06-22 18:49:04.863137   => Focus moved to 'capital*com' logo
