{'width': 1280, 'height': 720}

2024-03-08 17:45:25.522170   worker_id = master

2024-03-08 17:45:25.522187   0. Allure grouping v4


2024-03-08 17:45:25.522384   START PRECONDITIONS =>


2024-03-08 17:45:25.522400   => Windows size - {'width': 1280, 'height': 720}
2024-03-08 17:45:25.523750   Set windows position at (0, 0) =>
2024-03-08 17:45:25.625814   Set resolution 1280 * 720 =>
2024-03-08 17:45:25.728301   => Windows size is set to {'width': 1280, 'height': 720}

2024-03-08 17:45:26.758251   Капчи нет. Идем дальше

2024-03-08 17:45:26.758343   Работа с куками

2024-03-08 17:45:26.758357   => Prev. country - 'ae'
2024-03-08 17:45:26.758366   => Country set to 'ae'

2024-03-08 17:45:26.758376   => Prev. language - 'fr'
2024-03-08 17:45:26.758385   => Language is set to 'fr'

2024-03-08 17:45:26.758393   => Prev. role - 'NoReg'
2024-03-08 17:45:26.758402   => The 'NoReg' role is set

2024-03-08 17:45:26.761176   => THE END PRECONDITIONS
2024-03-08 17:45:27.269501   => 'Markets' menu is present
2024-03-08 17:45:27.285791   element = <selenium.webdriver.remote.webelement.WebElement (session="0aec2436698b37a2229a5c6aec023aec", element="f.EFE142E7C72829BBF0727007BC733EC0.d.8E94ED9E116CE0C16451332375235F58.e.1250")>
2024-03-08 17:45:27.285826   => 'Markets' menu is visible
2024-03-08 17:45:28.550165   => Focus moved to 'Markets' menu

2024-03-08 17:45:29.824331   1. Arrange_v0
2024-03-08 17:45:29.826980   BUTTON_CREATE_YOUR_ACCOUNT is located on the page? =>

2024-03-08 17:45:29.836673   2. Act_v0: Define of locator

2024-03-08 17:45:29.836694   2. Act_v0: Go to web element

2024-03-08 17:45:30.918067   2. Act_v0: Click web element
2024-03-08 17:45:30.964258   => BUTTON_CREATE_YOUR_ACCOUNT is clicked

2024-03-08 17:45:30.964579   3. Assert_v0
2024-03-08 17:45:30.964711   Start step Check that [Sign up] form is opened
2024-03-08 17:45:30.983891   'Sign up' form opened
2024-03-08 17:45:30.983936   Assert SIGNUP_HEADER =>
2024-03-08 17:45:30.997093   Assert SIGNUP_REF_LOGIN =>
2024-03-08 17:45:31.011033   Assert SIGNUP_PRIVACY_POLICY_ALL_2 =>
2024-03-08 17:45:31.025642   => SIGNUP_PRIVACY_POLICY_ALL
2024-03-08 17:45:31.025674   => 'Signup' form is checked
2024-03-08 17:45:31.025847   Start step Close [Sign up] form =>
2024-03-08 17:45:31.098682   => 'Signup' form closed

2024-03-08 17:45:31.514885   *** end fixture Browser = teardown ***

