
2023-12-14 01:34:34.413706   Работает obj <us_11-02-05_cryptocurrency_trading_test.TestCryptocurrencyTrading object at 0x7fe041fa3d50> с именем TC_11.02.05_09
{'width': 1280, 'height': 720}

2023-12-14 01:34:34.415119   browser = chrome

2023-12-14 01:34:34.415134   worker_id = master

2023-12-14 01:34:34.415142   Start TC_11.02.05_09

2023-12-14 01:34:34.415150   <us_11-02-05_cryptocurrency_trading_test.TestCryptocurrencyTrading object at 0x7fe041fa3d50>.None

2023-12-14 01:34:34.415160   0. Arrange


2023-12-14 01:34:34.415302   START PRECONDITIONS =>


2023-12-14 01:34:34.415317   {'width': 1280, 'height': 720}

2023-12-14 01:34:34.416582   Set windows position at (320, 180) =>

2023-12-14 01:34:34.518631   Set resolution 1280 * 720 =>

2023-12-14 01:34:34.620667   => Resolution seted {'width': 1280, 'height': 720}

2023-12-14 01:34:38.660326   Капчи нет. Тестим дальше

2023-12-14 01:34:38.660368   Prev. Role: Auth

2023-12-14 01:34:38.660378   Current role: Auth

2023-12-14 01:34:38.660386   Prev language: pl

2023-12-14 01:34:38.660394   => Current language: pl

2023-12-14 01:34:38.660402   Prev country: ae

2023-12-14 01:34:38.660410   => Current country: ae

2023-12-14 01:34:38.660417   => THE END PRECONDITIONS

2023-12-14 01:34:38.660475   1. Arrange
2023-12-14 01:34:39.731055   Load page https://capital.com/pl/handlovac-neo
2023-12-14 01:34:39.731102   BUTTON_SELL_IN_CONTENT_BLOCK is visible? =>
2023-12-14 01:34:39.750639   => BUTTON_SELL_IN_CONTENT_BLOCK is visible on the page!

2023-12-14 01:34:39.824055   2. Act
2023-12-14 01:34:39.824097   BUTTON_SELL_IN_CONTENT_BLOCK is present? =>
2023-12-14 01:34:39.824112   => BUTTON_SELL_IN_CONTENT_BLOCK is present on the page
2023-12-14 01:34:39.824125   BUTTON_SELL_IN_CONTENT_BLOCK scroll =>
2023-12-14 01:34:40.023632   => BUTTON_SELL_IN_CONTENT_BLOCK scrolled
2023-12-14 01:34:40.023678   BUTTON_SELL_IN_CONTENT_BLOCK is clickable? =>
2023-12-14 01:34:40.158209   BUTTON_SELL_IN_CONTENT_BLOCK CLICK =>
2023-12-14 01:34:40.624392   => BUTTON_SELL_IN_CONTENT_BLOCK clicked!

2023-12-14 01:34:40.632945   3. Assert_v3
2023-12-14 01:34:40.633064   Checking that the trading platform page has opened (v3) =>
2023-12-14 01:34:40.642920   => Opened page with https://capital.com/trading/platform url. Expected: https://capital.com/trading/platform 
2023-12-14 01:34:40.669980   => Current page title: Trading Platform | Capital.com
2023-12-14 01:34:40.670095   Checking that the Trading platform LOGO is present on the page =>
2023-12-14 01:34:42.025120   Checking that the Trading platform opened in LIVE mode =>
