{'width': 1280, 'height': 800}

2024-04-09 16:32:38.597286   worker_id = master

2024-04-09 16:32:38.597305   0. Allure grouping v4

2024-04-09 16:32:38.597553   START PRECONDITIONS =>

2024-04-09 16:32:38.597569   => URL after prev. preconditions - https://capital.com/zh
2024-04-09 16:32:38.597578   => flag_of_bug - False
2024-04-09 16:32:38.597589   => Current URL - https://capital.com/zh/advanced-micro-devices-inc-gu-jia
2024-04-09 16:32:38.607644   Current page URL = https://capital.com/zh/advanced-micro-devices-inc-gu-jia
2024-04-09 16:32:38.610218   self.link = https://capital.com/zh
2024-04-09 16:32:38.610232   driver.get(https://capital.com/zh) =>
2024-04-09 16:32:40.532891   => Loaded page https://capital.com/zh

2024-04-09 16:32:40.540042   => Windows size - {'width': 1280, 'height': 800}
2024-04-09 16:32:40.541489   Set windows position at (0, 0) =>
2024-04-09 16:32:40.643750   Set resolution 1280 * 800 =>
2024-04-09 16:32:40.746035   => Windows size is set to {'width': 1280, 'height': 800}

2024-04-09 16:32:41.784222   Капчи нет. Идем дальше

2024-04-09 16:32:41.784307   Работа с куками =>

2024-04-09 16:32:41.784322   => не требуется

2024-04-09 16:32:41.784331   Prev. country - 'au'
2024-04-09 16:32:41.784341   Cur. country - 'au'
2024-04-09 16:32:41.784350   => Country set to 'au'

2024-04-09 16:32:41.784359   Prev. language - 'zh'
2024-04-09 16:32:41.784368   Cur. language - 'zh'
2024-04-09 16:32:41.784376   => Language is set to 'zh'

2024-04-09 16:32:41.784385   Prev. role - 'Auth'
2024-04-09 16:32:41.784394   Cur. role - 'Auth'
2024-04-09 16:32:41.784402   => The 'Auth' role is set

2024-04-09 16:32:41.788751   => Current URL - https://capital.com/zh

2024-04-09 16:32:41.788774   => THE END PRECONDITIONS

2024-04-09 16:32:41.788958   1. Arrange_v2
2024-04-09 16:32:41.788975   current_page = https://capital.com/zh
2024-04-09 16:32:41.791426   link = https://capital.com/zh/advanced-micro-devices-inc-gu-jia
2024-04-09 16:32:41.793788   Current page URL = https://capital.com/zh
2024-04-09 16:32:41.796118   self.link = https://capital.com/zh/advanced-micro-devices-inc-gu-jia
2024-04-09 16:32:41.796131   driver.get(https://capital.com/zh/advanced-micro-devices-inc-gu-jia) =>
2024-04-09 16:32:43.740097   => Loaded page https://capital.com/zh/advanced-micro-devices-inc-gu-jia
2024-04-09 16:32:43.744246   Is LONG_POSITION_OVERNIGHT_FEE present on the page? =>
2024-04-09 16:32:43.754399   => LONG_POSITION_OVERNIGHT_FEE is present on the page
2024-04-09 16:32:43.754428   LONG_POSITION_OVERNIGHT_FEE scroll =>
2024-04-09 16:32:43.757792   => LONG_POSITION_OVERNIGHT_FEE scrolled

2024-04-09 16:32:43.757946   2. Act_v2
2024-04-09 16:32:43.757961   LONG_POSITION_OVERNIGHT_FEE open =>
2024-04-09 16:32:44.537730   Is LONG_POSITION_OVERNIGHT_FEE open?  =>
2024-04-09 16:32:44.552038   => LONG_POSITION_OVERNIGHT_FEE opened
2024-04-09 16:32:44.552071   Move focus to button [Go to platform] and click on=>
2024-04-09 16:32:45.331334   => BUTTON_GO_TO_PLATFORM is clickable
2024-04-09 16:32:45.605651 => BUTTON_GO_TO_PLATFORM clicked

2024-04-09 16:32:45.605960   3. Assert_v4

2024-04-09 16:32:45.605982   
2024-04-09 16:32:45.606140   Checking that the trading platform page has opened (v4) =>
2024-04-09 16:32:46.116597   Checking way # 1 => 

2024-04-09 16:32:46.116773   1. Checking that the Trading platform (or TradingView site) page has valid title =>
2024-04-09 16:32:46.119308   => The title of current page is 'Trading Platform | Capital.com'

2024-04-09 16:32:46.119376   2. Checking that the LOGO is present on the page =>
2024-04-09 16:32:47.832142   => 'capital*com' logo is present on the current page

2024-04-09 16:32:47.832199   tpd = False
2024-04-09 16:32:48.804275   => Driver.backed
