{'width': 1280, 'height': 800}

2024-04-09 17:46:23.956802   worker_id = master

2024-04-09 17:46:23.956817   0. Allure grouping v4

2024-04-09 17:46:23.957011   START PRECONDITIONS =>

2024-04-09 17:46:23.957059   => URL after prev. preconditions - https://capital.com/zh
2024-04-09 17:46:23.957071   => flag_of_bug - True
2024-04-09 17:46:23.957082   => Current URL - https://capital.com/trading/platform/charting/27045129890124996?popup=questionnaire-low-skilled
2024-04-09 17:46:23.962509   Current page URL = https://capital.com/trading/platform/charting/27045129890124996?popup=questionnaire-low-skilled
2024-04-09 17:46:23.964979   self.link = https://capital.com/zh
2024-04-09 17:46:23.964992   driver.get(https://capital.com/zh) =>
2024-04-09 17:46:26.040200   => Loaded page https://capital.com/zh

2024-04-09 17:46:26.047650   => Windows size - {'width': 1280, 'height': 800}
2024-04-09 17:46:26.049072   Set windows position at (0, 0) =>
2024-04-09 17:46:26.151313   Set resolution 1280 * 800 =>
2024-04-09 17:46:26.253788   => Windows size is set to {'width': 1280, 'height': 800}

2024-04-09 17:46:27.257783   Капчи нет. Идем дальше

2024-04-09 17:46:27.257878   Работа с куками =>

2024-04-09 17:46:27.257894   => не требуется

2024-04-09 17:46:27.257904   Prev. country - 'au'
2024-04-09 17:46:27.257930   Cur. country - 'au'
2024-04-09 17:46:27.257939   => Country set to 'au'

2024-04-09 17:46:27.257949   Prev. language - 'zh'
2024-04-09 17:46:27.257957   Cur. language - 'zh'
2024-04-09 17:46:27.257972   => Language is set to 'zh'

2024-04-09 17:46:27.257987   Prev. role - 'Auth'
2024-04-09 17:46:27.258003   Cur. role - 'Auth'
2024-04-09 17:46:27.258016   => The 'Auth' role is set

2024-04-09 17:46:27.263408   => Current URL - https://capital.com/zh

2024-04-09 17:46:27.263434   => THE END PRECONDITIONS

2024-04-09 17:46:27.263663   1. Arrange_v0
2024-04-09 17:46:27.263683   current_page = https://capital.com/zh
2024-04-09 17:46:27.266465   link = https://capital.com/zh/cfds-vs-share-trading
2024-04-09 17:46:27.269093   Current page URL = https://capital.com/zh
2024-04-09 17:46:27.271649   self.link = https://capital.com/zh/cfds-vs-share-trading
2024-04-09 17:46:27.271665   driver.get(https://capital.com/zh/cfds-vs-share-trading) =>
2024-04-09 17:46:29.240302   => Loaded page https://capital.com/zh/cfds-vs-share-trading
2024-04-09 17:46:29.245951   BUTTON_CREATE_YOUR_ACCOUNT is located on the page? =>

2024-04-09 17:46:29.254550   2. Act_v0: Define of locator

2024-04-09 17:46:29.254582   2. Act_v0: Go to web element

2024-04-09 17:46:30.323081   2. Act_v0: Click web element
2024-04-09 17:46:30.794837   => BUTTON_CREATE_YOUR_ACCOUNT is clicked

2024-04-09 17:46:30.795197   3. Assert_v4

2024-04-09 17:46:30.795231   
2024-04-09 17:46:30.795411   Checking that the trading platform page has opened (v4) =>
2024-04-09 17:46:31.307473   Checking way # 1 => 

2024-04-09 17:46:31.307665   1. Checking that the Trading platform (or TradingView site) page has valid title =>
2024-04-09 17:46:31.310875   => The title of current page is 'Trading Platform | Capital.com'

2024-04-09 17:46:31.310957   2. Checking that the LOGO is present on the page =>
2024-04-09 17:46:32.210482   => 'capital*com' logo is present on the current page

2024-04-09 17:46:32.210522   tpd = False
2024-04-09 17:46:33.249601   => Driver.backed
