{'width': 1280, 'height': 800}

2024-04-09 18:59:11.324254   worker_id = master

2024-04-09 18:59:11.324268   0. Allure grouping v4

2024-04-09 18:59:11.324446   START PRECONDITIONS =>

2024-04-09 18:59:11.324461   => URL after prev. preconditions - https://capital.com/zh
2024-04-09 18:59:11.324471   => flag_of_bug - False
2024-04-09 18:59:11.324481   => Current URL - https://capital.com/zh/fibonnaci-retracement
2024-04-09 18:59:11.329363   Current page URL = https://capital.com/zh/fibonnaci-retracement
2024-04-09 18:59:11.331690   self.link = https://capital.com/zh
2024-04-09 18:59:11.331704   driver.get(https://capital.com/zh) =>
2024-04-09 18:59:13.367763   => Loaded page https://capital.com/zh

2024-04-09 18:59:13.372241   => Windows size - {'width': 1280, 'height': 800}
2024-04-09 18:59:13.373617   Set windows position at (0, 0) =>
2024-04-09 18:59:13.475898   Set resolution 1280 * 800 =>
2024-04-09 18:59:13.578211   => Windows size is set to {'width': 1280, 'height': 800}

2024-04-09 18:59:14.614841   Капчи нет. Идем дальше

2024-04-09 18:59:14.614929   Работа с куками =>

2024-04-09 18:59:14.614942   => не требуется

2024-04-09 18:59:14.614952   Prev. country - 'au'
2024-04-09 18:59:14.614961   Cur. country - 'au'
2024-04-09 18:59:14.614970   => Country set to 'au'

2024-04-09 18:59:14.614979   Prev. language - 'zh'
2024-04-09 18:59:14.614988   Cur. language - 'zh'
2024-04-09 18:59:14.614997   => Language is set to 'zh'

2024-04-09 18:59:14.615006   Prev. role - 'NoReg'
2024-04-09 18:59:14.615015   Cur. role - 'NoReg'
2024-04-09 18:59:14.615023   => The 'NoReg' role is set

2024-04-09 18:59:14.619339   => Current URL - https://capital.com/zh

2024-04-09 18:59:14.619361   => THE END PRECONDITIONS

2024-04-09 18:59:14.619542   1. Arrange_v0
2024-04-09 18:59:14.619559   current_page = https://capital.com/zh
2024-04-09 18:59:14.622102   link = https://capital.com/zh/fibonnaci-retracement
2024-04-09 18:59:14.624518   Current page URL = https://capital.com/zh
2024-04-09 18:59:14.626943   self.link = https://capital.com/zh/fibonnaci-retracement
2024-04-09 18:59:14.626957   driver.get(https://capital.com/zh/fibonnaci-retracement) =>
2024-04-09 18:59:16.326895   => Loaded page https://capital.com/zh/fibonnaci-retracement
2024-04-09 18:59:16.339461   => BUTTON_TRY_DEMO is present on this page
2024-04-09 18:59:16.339486   BUTTON_TRY_DEMO scroll =>
2024-04-09 18:59:16.342771   BUTTON_TRY_DEMO is visible? =>
2024-04-09 18:59:16.356229   => BUTTON_TRY_DEMO is visible on this page

2024-04-09 18:59:16.356381   2. Act_v0
2024-04-09 18:59:16.361561   BUTTON_TRY_DEMO is clickable? =>
2024-04-09 18:59:16.383200   => BUTTON_TRY_DEMO clicked!

2024-04-09 18:59:16.383451   3. Assert_v0
2024-04-09 18:59:16.383578   Start step Check that [Sign up] form is opened
2024-04-09 18:59:17.932138   'Sign up' form opened
2024-04-09 18:59:17.932179   Assert SIGNUP_HEADER =>
2024-04-09 18:59:17.945008   Assert SIGNUP_REF_LOGIN =>
2024-04-09 18:59:17.955692   Assert SIGNUP_PRIVACY_POLICY_ALL_2 =>
2024-04-09 18:59:17.965763   => SIGNUP_PRIVACY_POLICY_ALL
2024-04-09 18:59:17.965788   => 'Signup' form is checked
2024-04-09 18:59:17.965945   Start step Close [Sign up] form =>
2024-04-09 18:59:18.013700   => 'Signup' form closed
2024-04-09 18:59:18.284692   => Focus moved to 'capital*com' logo
