{'width': 1280, 'height': 720}

2024-01-11 22:10:53.788551   worker_id = master

2024-01-11 22:10:53.788568   0. Allure grouping v4


2024-01-11 22:10:53.788725   START PRECONDITIONS =>


2024-01-11 22:10:53.788740   {'width': 1280, 'height': 720}

2024-01-11 22:10:53.790036   Set windows position at (0, 0) =>

2024-01-11 22:10:53.892319   Set resolution 1280 * 720 =>

2024-01-11 22:10:53.995037   => Resolution seted {'width': 1280, 'height': 720}

2024-01-11 22:10:58.022042   Капчи нет. Тестим дальше

2024-01-11 22:10:58.022087   Prev. Role: NoAuth

2024-01-11 22:10:58.022097   Current role: NoAuth

2024-01-11 22:10:58.022105   Prev language: en

2024-01-11 22:10:58.022113   => Current language: en

2024-01-11 22:10:58.022121   Prev country: au

2024-01-11 22:10:58.022129   => Current country: au

2024-01-11 22:10:58.022136   => THE END PRECONDITIONS

2024-01-11 22:10:58.022194   1. Arrange_v4
2024-01-11 22:10:58.027786   MOST_TRADED is visible? =>
2024-01-11 22:10:58.036135   => MOST_TRADED is visible on the page!
2024-01-11 22:10:58.036160   => Found 5 elements in block MOST_TRADED

2024-01-11 22:10:58.036185   Testing Most traded random element #1

2024-01-11 22:10:58.036316   2. Act_v4
2024-01-11 22:10:58.036330   MOST_TRADED delete js-mostTraded class =>
2024-01-11 22:10:58.061451   MOST_TRADED scroll =>
2024-01-11 22:10:58.061612   Start Checking that form [Sign up] popped up on the page =>
2024-01-11 22:10:58.072874   'Sign up' form opened
2024-01-11 22:10:58.073004   Start step Close [Sign up] form =>
2024-01-11 22:10:58.124538   => 'Signup' form closed
2024-01-11 22:10:58.129457   MOST_TRADED click for 'US Dollar / Japanese Yen' trading instrument =>
2024-01-11 22:10:58.216936   => MOST_TRADED clicked!

2024-01-11 22:10:58.217188   3. Assert_Login_v0
2024-01-11 22:10:58.217274   Check that 'Login' form is opened
2024-01-11 22:10:58.232732   'Login' form opened
2024-01-11 22:10:58.232764   Assert LOGIN_REF_SIGNUP =>
2024-01-11 22:10:58.249126   Assert LOGIN_CHECKBOX =>
2024-01-11 22:10:58.265957   Assert LOGIN_PASS_FORGOT =>
2024-01-11 22:10:58.282098   => 'Login' form is checked
2024-01-11 22:10:58.304491   Click 'Close' button on 'Login' form =>
2024-01-11 22:10:58.349212   => 'Login' form closed

2024-01-11 22:10:58.349335   Clear Top Chart list =>
2024-01-11 22:10:59.798760   Load page https://capital.com/trading/platform/charting/

2024-01-11 22:11:07.894513   1. Arrange_v4
2024-01-11 22:11:08.924837   Load page https://capital.com/trade-gbpnzd
2024-01-11 22:11:08.924889   MOST_TRADED is visible? =>
2024-01-11 22:11:08.984679   => MOST_TRADED is visible on the page!
2024-01-11 22:11:08.984722   => Found 5 elements in block MOST_TRADED

2024-01-11 22:11:08.984740   Testing Most traded random element #2

2024-01-11 22:11:08.984917   2. Act_v4
2024-01-11 22:11:08.984936   MOST_TRADED delete js-mostTraded class =>
2024-01-11 22:11:09.148372   MOST_TRADED scroll =>
2024-01-11 22:11:09.148524   Start Checking that form [Sign up] popped up on the page =>
2024-01-11 22:11:13.703130   '[Sign up]' form was not popped up
2024-01-11 22:11:13.711176   MOST_TRADED click for 'Australian Dollar / US Dollar' trading instrument =>
2024-01-11 22:11:13.773034   => MOST_TRADED clicked!

2024-01-11 22:11:13.773229   3. Assert_Login_v0
2024-01-11 22:11:13.773294   Check that 'Login' form is opened
2024-01-11 22:11:13.970472   'Login' form opened
2024-01-11 22:11:13.970516   Assert LOGIN_REF_SIGNUP =>
2024-01-11 22:11:13.982107   Assert LOGIN_CHECKBOX =>
2024-01-11 22:11:13.997166   Assert LOGIN_PASS_FORGOT =>
2024-01-11 22:11:14.010074   => 'Login' form is checked
2024-01-11 22:11:14.029377   Click 'Close' button on 'Login' form =>
2024-01-11 22:11:14.079178   => 'Login' form closed
