{'width': 1280, 'height': 800}

2024-04-09 16:31:31.945005   worker_id = master

2024-04-09 16:31:31.945041   0. Allure grouping v4

2024-04-09 16:31:31.945241   START PRECONDITIONS =>

2024-04-09 16:31:31.945257   => URL after prev. preconditions - https://capital.com/zh
2024-04-09 16:31:31.945266   => flag_of_bug - False
2024-04-09 16:31:31.945277   => Current URL - https://capital.com/zh/advanced-micro-devices-inc-gu-jia
2024-04-09 16:31:31.950369   Current page URL = https://capital.com/zh/advanced-micro-devices-inc-gu-jia
2024-04-09 16:31:31.952824   self.link = https://capital.com/zh
2024-04-09 16:31:31.952837   driver.get(https://capital.com/zh) =>
2024-04-09 16:31:33.734798   => Loaded page https://capital.com/zh

2024-04-09 16:31:33.741109   => Windows size - {'width': 1280, 'height': 800}
2024-04-09 16:31:33.742402   Set windows position at (0, 0) =>
2024-04-09 16:31:33.844635   Set resolution 1280 * 800 =>
2024-04-09 16:31:33.947009   => Windows size is set to {'width': 1280, 'height': 800}

2024-04-09 16:31:34.982073   Капчи нет. Идем дальше

2024-04-09 16:31:34.982155   Работа с куками =>

2024-04-09 16:31:34.982169   => не требуется

2024-04-09 16:31:34.982179   Prev. country - 'au'
2024-04-09 16:31:34.982188   Cur. country - 'au'
2024-04-09 16:31:34.982197   => Country set to 'au'

2024-04-09 16:31:34.982206   Prev. language - 'zh'
2024-04-09 16:31:34.982215   Cur. language - 'zh'
2024-04-09 16:31:34.982224   => Language is set to 'zh'

2024-04-09 16:31:34.982232   Prev. role - 'NoAuth'
2024-04-09 16:31:34.982241   Cur. role - 'NoAuth'
2024-04-09 16:31:34.982249   => The 'NoAuth' role is set

2024-04-09 16:31:34.985067   => Current URL - https://capital.com/zh

2024-04-09 16:31:34.985090   => THE END PRECONDITIONS

2024-04-09 16:31:34.985133   1. Arrange_v0
2024-04-09 16:31:34.985146   current_page = https://capital.com/zh
2024-04-09 16:31:34.987544   link = https://capital.com/zh/advanced-micro-devices-inc-gu-jia
2024-04-09 16:31:34.992264   Current page URL = https://capital.com/zh
2024-04-09 16:31:34.994704   self.link = https://capital.com/zh/advanced-micro-devices-inc-gu-jia
2024-04-09 16:31:34.994718   driver.get(https://capital.com/zh/advanced-micro-devices-inc-gu-jia) =>
2024-04-09 16:31:36.800113   => Loaded page https://capital.com/zh/advanced-micro-devices-inc-gu-jia
2024-04-09 16:31:36.804663   BUTTON_SELL is located on the page? =>
2024-04-09 16:31:36.814333   => BUTTON_SELL is located on the page!
2024-04-09 16:31:36.814500   Start Checking that form [Sign up] popped up on the page =>
2024-04-09 16:31:38.351617   '[Sign up]' form was not popped up

2024-04-09 16:31:38.351809   2. Act_v0
2024-04-09 16:31:38.358069   BUTTON_SELL is present? =>
2024-04-09 16:31:38.358093   => BUTTON_SELL is present on the page
2024-04-09 16:31:38.358103   BUTTON_SELL scroll =>
2024-04-09 16:31:38.361485   => BUTTON_SELL scrolled
2024-04-09 16:31:38.366268   BUTTON_SELL is clickable? =>
2024-04-09 16:31:38.396995   BUTTON_SELL CLICK =>
2024-04-09 16:31:38.436242   => BUTTON_SELL clicked!

2024-04-09 16:31:38.436467   3. Assert_Login_v0
2024-04-09 16:31:38.436551   Check that 'Login' form is opened
2024-04-09 16:31:38.682661   'Login' form opened
2024-04-09 16:31:38.682701   Assert LOGIN_REF_SIGNUP =>
2024-04-09 16:31:38.695833   Assert LOGIN_CHECKBOX =>
2024-04-09 16:31:38.711113   Assert LOGIN_PASS_FORGOT =>
2024-04-09 16:31:38.721072   => 'Login' form is checked
2024-04-09 16:31:38.743502   Click 'Close' button on 'Login' form =>
2024-04-09 16:31:39.074127   => Focus moved to 'capital*com' logo
2024-04-09 16:31:39.074170   => 'Login' form closed
