{'width': 1280, 'height': 720}

2024-01-11 21:09:52.741814   worker_id = master

2024-01-11 21:09:52.741828   0. Allure grouping v4


2024-01-11 21:09:52.741968   START PRECONDITIONS =>


2024-01-11 21:09:52.741981   {'width': 1280, 'height': 720}

2024-01-11 21:09:52.743310   Set windows position at (0, 0) =>

2024-01-11 21:09:52.845512   Set resolution 1280 * 720 =>

2024-01-11 21:09:52.948046   => Resolution seted {'width': 1280, 'height': 720}

2024-01-11 21:09:56.960103   Капчи нет. Тестим дальше

2024-01-11 21:09:56.960146   Prev. Role: NoReg

2024-01-11 21:09:56.960155   Current role: NoReg

2024-01-11 21:09:56.960164   Prev language: en

2024-01-11 21:09:56.960171   => Current language: en

2024-01-11 21:09:56.960179   Prev country: au

2024-01-11 21:09:56.960186   => Current country: au

2024-01-11 21:09:56.960194   => THE END PRECONDITIONS

2024-01-11 21:09:56.960246   1. Arrange
2024-01-11 21:09:57.346239   Load page https://capital.com/financial-quiz-derivatives
2024-01-11 21:09:57.346290   BUTTON_CREATE_DEMO_ACCOUNT is visible? =>
2024-01-11 21:09:57.613121   => BUTTON_CREATE_DEMO_ACCOUNT is visible on the page!

2024-01-11 21:09:57.613333   2. Act
2024-01-11 21:09:57.613360   BUTTON_CREATE_DEMO_ACCOUNT is present? =>
2024-01-11 21:09:57.621897   => BUTTON_CREATE_DEMO_ACCOUNT is present on the page!
2024-01-11 21:09:57.621923   BUTTON_CREATE_DEMO_ACCOUNT scroll =>
2024-01-11 21:09:58.072582   => BUTTON_CREATE_DEMO_ACCOUNT clicked!

2024-01-11 21:09:58.072825   3. Assert_v0
2024-01-11 21:09:58.072911   Start step Check that [Sign up] form is opened
2024-01-11 21:10:06.211335   'Sign up' form not opened
2024-01-11 21:10:06.211538   Start method Check that [Sign up] page opened =>
2024-01-11 21:10:07.351637   'Sign up' page opened
2024-01-11 21:10:07.351671   Assert SIGNUP_SIGNUP_FRAME =>
2024-01-11 21:10:07.360529   Assert SIGNUP_REF_LOGIN =>
2024-01-11 21:10:07.376150   Assert SIGNUP_PRIVACY_POLICY_ALL_1 =>
2024-01-11 21:10:11.908949   Assert SIGNUP_PRIVACY_POLICY_ALL_2 =>
2024-01-11 21:10:11.925613   => SIGNUP_PRIVACY_POLICY_ALL
2024-01-11 21:10:11.925648   => 'Signup' page is checked
2024-01-11 21:10:12.925977   Start method 'Close [Sign up] page' =>
2024-01-11 21:10:13.435045   => [Sign up] page is closed
