{'width': 1280, 'height': 800}

2024-04-09 18:32:32.010085   worker_id = master

2024-04-09 18:32:32.010100   0. Allure grouping v4

2024-04-09 18:32:32.010290   START PRECONDITIONS =>

2024-04-09 18:32:32.010309   => URL after prev. preconditions - https://capital.com/zh
2024-04-09 18:32:32.010322   => flag_of_bug - True
2024-04-09 18:32:32.010333   => Current URL - https://capital.com/trading/platform/charting/21680337780298948?popup=questionnaire-low-skilled
2024-04-09 18:32:32.015699   Current page URL = https://capital.com/trading/platform/charting/21680337780298948?popup=questionnaire-low-skilled
2024-04-09 18:32:32.018136   self.link = https://capital.com/zh
2024-04-09 18:32:32.018150   driver.get(https://capital.com/zh) =>
2024-04-09 18:32:34.019471   => Loaded page https://capital.com/zh

2024-04-09 18:32:34.024031   => Windows size - {'width': 1280, 'height': 800}
2024-04-09 18:32:34.025537   Set windows position at (0, 0) =>
2024-04-09 18:32:34.127769   Set resolution 1280 * 800 =>
2024-04-09 18:32:34.230215   => Windows size is set to {'width': 1280, 'height': 800}

2024-04-09 18:32:35.276466   Капчи нет. Идем дальше

2024-04-09 18:32:35.276566   Работа с куками =>

2024-04-09 18:32:35.276581   => не требуется

2024-04-09 18:32:35.276591   Prev. country - 'au'
2024-04-09 18:32:35.276600   Cur. country - 'au'
2024-04-09 18:32:35.276609   => Country set to 'au'

2024-04-09 18:32:35.276618   Prev. language - 'zh'
2024-04-09 18:32:35.276626   Cur. language - 'zh'
2024-04-09 18:32:35.276635   => Language is set to 'zh'

2024-04-09 18:32:35.276644   Prev. role - 'Auth'
2024-04-09 18:32:35.276653   Cur. role - 'Auth'
2024-04-09 18:32:35.276668   => The 'Auth' role is set

2024-04-09 18:32:35.279875   => Current URL - https://capital.com/zh

2024-04-09 18:32:35.279905   => THE END PRECONDITIONS

2024-04-09 18:32:35.280184   1. Cur URL = https://capital.com/zh

2024-04-09 18:32:35.288072   2. Link = https://capital.com/zh
2024-04-09 18:32:35.288094   current_page = https://capital.com/zh
2024-04-09 18:32:35.291148   link = https://capital.com/zh
2024-04-09 18:32:35.808735   => Education menu is present in DOM
2024-04-09 18:32:35.813812   => Education menu is visible
2024-04-09 18:32:37.083253   => Focus moved to Education menu
2024-04-09 18:32:39.901555   => Focus moved to 'capital*com' logo

2024-04-09 18:32:39.901604   3. Cur URL = https://capital.com/zh/trade-indices

2024-04-09 18:32:39.907139   1. Arrange_v0
2024-04-09 18:32:39.907165   current_page = https://capital.com/zh/trade-indices
2024-04-09 18:32:39.909721   link = https://capital.com/zh/trade-indices
2024-04-09 18:32:39.912175   BUTTON_CREATE_YOUR_ACCOUNT is located on the page? =>

2024-04-09 18:32:39.920525   2. Act_v0: Define of locator

2024-04-09 18:32:39.920548   2. Act_v0: Go to web element

2024-04-09 18:32:41.009918   2. Act_v0: Click web element
2024-04-09 18:32:41.727637   => BUTTON_CREATE_YOUR_ACCOUNT is clicked

2024-04-09 18:32:41.727980   3. Assert_v4

2024-04-09 18:32:41.728014   
2024-04-09 18:32:41.728193   Checking that the trading platform page has opened (v4) =>
2024-04-09 18:32:41.734901   Checking way # 1 => 

2024-04-09 18:32:41.735038   1. Checking that the Trading platform (or TradingView site) page has valid title =>
2024-04-09 18:32:41.737991   => The title of current page is 'Trading Platform | Capital.com'

2024-04-09 18:32:41.738063   2. Checking that the LOGO is present on the page =>
2024-04-09 18:32:43.955440   => 'capital*com' logo is present on the current page

2024-04-09 18:32:43.955483   tpd = False
2024-04-09 18:32:45.119274   => Driver.backed
