{'width': 1280, 'height': 800}

2024-04-09 16:19:48.403296   worker_id = master

2024-04-09 16:19:48.403310   0. Allure grouping v4

2024-04-09 16:19:48.403501   START PRECONDITIONS =>

2024-04-09 16:19:48.403517   => URL after prev. preconditions - https://capital.com/zh
2024-04-09 16:19:48.403527   => flag_of_bug - True
2024-04-09 16:19:48.403537   => Current URL - https://capital.com/trading/platform/charting/3400518881858756?side=buy&ids=85177791492548
2024-04-09 16:19:48.408966   Current page URL = https://capital.com/trading/platform/charting/3400518881858756?side=buy&ids=85177791492548
2024-04-09 16:19:48.411482   self.link = https://capital.com/zh
2024-04-09 16:19:48.411496   driver.get(https://capital.com/zh) =>
2024-04-09 16:19:50.555716   => Loaded page https://capital.com/zh

2024-04-09 16:19:50.560039   => Windows size - {'width': 1280, 'height': 800}
2024-04-09 16:19:50.561529   Set windows position at (0, 0) =>
2024-04-09 16:19:50.663785   Set resolution 1280 * 800 =>
2024-04-09 16:19:50.766279   => Windows size is set to {'width': 1280, 'height': 800}

2024-04-09 16:19:51.825378   Капчи нет. Идем дальше

2024-04-09 16:19:51.825476   Работа с куками =>

2024-04-09 16:19:51.825491   => не требуется

2024-04-09 16:19:51.825500   Prev. country - 'au'
2024-04-09 16:19:51.825510   Cur. country - 'au'
2024-04-09 16:19:51.825519   => Country set to 'au'

2024-04-09 16:19:51.825528   Prev. language - 'zh'
2024-04-09 16:19:51.825537   Cur. language - 'zh'
2024-04-09 16:19:51.825546   => Language is set to 'zh'

2024-04-09 16:19:51.825554   Prev. role - 'Auth'
2024-04-09 16:19:51.825563   Cur. role - 'Auth'
2024-04-09 16:19:51.825572   => The 'Auth' role is set

2024-04-09 16:19:51.828455   => Current URL - https://capital.com/zh

2024-04-09 16:19:51.828479   => THE END PRECONDITIONS

2024-04-09 16:19:51.828678   START Open "Markets" menu, "Shares" submenu =>
2024-04-09 16:19:51.828694   1. Cur URL = https://capital.com/zh
2024-04-09 16:19:51.831421   2. Link = https://capital.com/zh
2024-04-09 16:19:51.831438   current_page = https://capital.com/zh
2024-04-09 16:19:51.838270   link = https://capital.com/zh
2024-04-09 16:19:52.352648   => 'Markets' menu is present
2024-04-09 16:19:52.370609   => 'Markets' menu is visible
2024-04-09 16:19:53.636614   => Focus moved to 'Markets' menu
2024-04-09 16:19:55.379943   => Focus moved to 'Shares' submenu and clicked
2024-04-09 16:19:55.653424   => Focus moved to 'capital*com' logo
2024-04-09 16:19:55.653468   3. Cur URL = https://capital.com/zh/live-share-prices

2024-04-09 16:19:55.658738   1. Arrange_v0
2024-04-09 16:19:55.658762   current_page = https://capital.com/zh/live-share-prices
2024-04-09 16:19:55.661134   link = https://capital.com/zh/live-share-prices
2024-04-09 16:19:55.663446   BUTTON_CREATE_YOUR_ACCOUNT is located on the page? =>

2024-04-09 16:19:55.671802   2. Act_v0: Define of locator

2024-04-09 16:19:55.671835   2. Act_v0: Go to web element

2024-04-09 16:19:56.730378   2. Act_v0: Click web element
2024-04-09 16:19:56.999913   => BUTTON_CREATE_YOUR_ACCOUNT is clicked

2024-04-09 16:19:57.000273   3. Assert_v4

2024-04-09 16:19:57.000307   
2024-04-09 16:19:57.000499   Checking that the trading platform page has opened (v4) =>
2024-04-09 16:19:57.516406   Checking way # 1 => 

2024-04-09 16:19:57.516598   1. Checking that the Trading platform (or TradingView site) page has valid title =>
2024-04-09 16:19:57.519254   => The title of current page is 'Trading Platform | Capital.com'

2024-04-09 16:19:57.519338   2. Checking that the LOGO is present on the page =>
2024-04-09 16:19:58.379894   => 'capital*com' logo is present on the current page

2024-04-09 16:19:58.379949   tpd = False
2024-04-09 16:19:59.302399   => Driver.backed
