{'width': 1920, 'height': 1080}

2024-09-19 04:49:18.438357   worker_id = master

2024-09-19 04:49:18.438369   0. Allure grouping for US_55


2024-09-19 04:49:18.438563   START NEW PRECONDITIONS =>

2024-09-19 04:49:18.438575   => URL after prev. preconditions - https://capital.com/en-gb
2024-09-19 04:49:18.438582   => flag_of_bug - True
2024-09-19 04:49:18.438590   => Current URL - https://capital.com/en-gb/ways-to-trade/spread-betting
2024-09-19 04:49:18.444190   Current page URL = https://capital.com/en-gb/ways-to-trade/spread-betting
2024-09-19 04:49:18.446712   self.link = https://capital.com/en-gb
2024-09-19 04:49:18.446723   driver.get(https://capital.com/en-gb) =>
2024-09-19 04:49:19.840956   => Loaded page https://capital.com/en-gb

2024-09-19 04:49:19.859018   => Windows size: {'width': 1920, 'height': 1080}

2024-09-19 04:49:19.860520   Set windows position at (0, 0) =>

2024-09-19 04:49:19.862616   Set resolution 1920 * 1080 =>

2024-09-19 04:49:19.864279   => Resolution set {'width': 1920, 'height': 1080}

2024-09-19 04:49:19.865616   Работа с куками =>
2024-09-19 04:49:19.865630   Prev. role - 'NoReg'
2024-09-19 04:49:19.865640   Current testing role - 'Auth'

2024-09-19 04:49:19.865648   All cookies must be delete =>
2024-09-19 04:49:19.910476   => All cookies are deleted
2024-09-19 04:49:19.910515   Current page URL = https://capital.com/en-gb
2024-09-19 04:49:19.913743   self.link = https://capital.com/en-gb
2024-09-19 04:49:19.913756   driver.get(https://capital.com/en-gb) =>
2024-09-19 04:49:21.246391   => Loaded page https://capital.com/en-gb

2024-09-19 04:49:21.267528   Step 'Click button [Accept all cookies]'
2024-09-19 04:49:21.267539   Is Visible Button [Accept all cookies]? =>
2024-09-19 04:49:22.520102   => Button [Accept all cookies] is visible
2024-09-19 04:49:23.020218   Is clickable Button [Accept all cookies] =>
2024-09-19 04:49:23.038103   => Button [Accept all cookies] is clickable
2024-09-19 04:49:23.038134   Click Button [Accept all cookies] =>
2024-09-19 04:49:23.231006   => Button [Accept all cookies] is clicked
2024-09-19 04:49:23.231051   => Accepted All Cookies

2024-09-19 04:49:23.731175   Prev. role - 'NoReg'
2024-09-19 04:49:23.731238   Cur. role - 'Auth'

2024-09-19 04:49:23.731453   Start Autorization
2024-09-19 04:49:23.808768   => 'Login' form is opened
2024-09-19 04:49:24.029189   => "login" and "password" are inputted
2024-09-19 04:49:24.029233   Click [Continue] button on [Login] form =>
2024-09-19 04:49:24.096703   => [Continue] button on [Login] form is clicked
2024-09-19 04:49:24.096761   Set timeout = 30
2024-09-19 04:49:25.219232   => Page with 'Trading Platform | Capital.com' title opened

2024-09-19 04:49:25.219308   2. Checking that the LOGO is present on the page =>
2024-09-19 04:49:26.321518   => 'capital*com' logo is present on the current page

2024-09-19 04:49:26.675214   => The 'Auth' role is set

2024-09-19 04:49:26.675270   Prev. language: ?
2024-09-19 04:49:26.675285   Cur. language - 'en'

2024-09-19 04:49:26.675299   Prev. country: ?

2024-09-19 04:49:26.675312   Cur. country: gb
2024-09-19 04:49:26.675324   Set 'en' language and 'gb' country =>
2024-09-19 04:49:26.675543   Set "en" language and "gb" country =>
2024-09-19 04:49:26.675569   Current page URL = https://capital.com/en-gb
2024-09-19 04:49:26.725236   self.link = https://capital.com/en-gb
2024-09-19 04:49:26.725263   driver.get(https://capital.com/en-gb) =>
2024-09-19 04:49:28.040627   => Loaded page https://capital.com/en-gb
2024-09-19 04:49:28.047682   => Language is set to 'en'
2024-09-19 04:49:28.047699   => Country is set to 'gb'
2024-09-19 04:49:28.047709   => Current URL - https://capital.com/en-gb

2024-09-19 04:49:28.053080   => Current URL - https://capital.com/en-gb

2024-09-19 04:49:28.053104   => THE END PRECONDITIONS

2024-09-19 04:49:28.053297   START Open "Trading" menu, "Spread betting" submenu =>

2024-09-19 04:49:28.053313   1. Cur URL = https://capital.com/en-gb

2024-09-19 04:49:28.055968   2. Link = https://capital.com/en-gb
2024-09-19 04:49:28.055983   current_page = https://capital.com/en-gb
2024-09-19 04:49:28.058587   link = https://capital.com/en-gb
2024-09-19 04:49:28.571421   => 'Trading' menu is present
2024-09-19 04:49:28.586123   => 'Trading' menu is visible
2024-09-19 04:49:29.995834   => Focus moved to 'Trading' menu
2024-09-19 04:49:30.011775   => 'Spread betting' submenu is visible
2024-09-19 04:49:30.791934   => 'Spread betting' sub-menu clicked
2024-09-19 04:49:36.113818   => Focus moved to 'capital*com' logo
2024-09-19 04:49:36.113862   3. Cur URL = https://capital.com/en-gb/ways-to-trade/spread-betting

2024-09-19 04:49:36.119504   1. Start Arrange: find widget in the block 'Our spread betting markets'
2024-09-19 04:49:36.119527   current_page = https://capital.com/en-gb/ways-to-trade/spread-betting
2024-09-19 04:49:36.122144   link = https://capital.com/en-gb/ways-to-trade/spread-betting
2024-09-19 04:49:36.124737   Start to check widget of the block 'Our spread betting markets' in DOM on the page 'Spread betting'

2024-09-19 04:49:36.130282   The page 'Spread betting' have widget of the block 'Our spread betting markets' in DOM

2024-09-19 04:49:36.144193   Start to check visibility widget of the block 'Our spread betting markets' on the page 'Spread betting'

2024-09-19 04:49:36.173460   Widget of the block 'Our spread betting markets' visible on the page 'Spread betting'


2024-09-19 04:49:36.173673   2. Start Act. Click on the button Shares
2024-09-19 04:49:36.173686   Start check button Shares in DOM of the block 'Our spread betting markets' 
2024-09-19 04:49:36.179076   The block 'Our spread betting markets' have button Shares in DOM

2024-09-19 04:49:36.187084   Is Button Shares of the block 'Our spread betting markets' visible on the page 'Spread betting'?
2024-09-19 04:49:36.198133   Button Shares of the block 'Our spread betting markets' is visible on the page 'Spread betting'

2024-09-19 04:49:36.198162   Is button Shares of the block 'Our spread betting markets' clickable on the page 'Spread betting'
2024-09-19 04:49:36.214511   Button Shares of the block 'Our spread betting markets' is clickable on the page 'Spread betting'


2024-09-19 04:49:36.264239   Button Shares clicked

2024-09-19 04:49:36.264535   3. Start Assert. Find widget in the block 'Our spread betting markets'
2024-09-19 04:49:36.264553   Do the page 'Spread betting' have widget of the block 'Our spread betting markets' in DOM?
2024-09-19 04:49:41.319130   => The page 'Spread betting' don't have widget of the block 'Our spread betting markets' in DOM when button Shares clicked
