{'width': 1280, 'height': 800}

2024-04-09 18:56:10.325250   worker_id = master

2024-04-09 18:56:10.325272   0. Allure grouping v4

2024-04-09 18:56:10.325494   START PRECONDITIONS =>

2024-04-09 18:56:10.325513   => URL after prev. preconditions - https://capital.com/zh
2024-04-09 18:56:10.325523   => flag_of_bug - False
2024-04-09 18:56:10.325534   => Current URL - https://capital.com/trading/platform/
2024-04-09 18:56:10.331676   Current page URL = https://capital.com/trading/platform/
2024-04-09 18:56:10.334195   self.link = https://capital.com/zh
2024-04-09 18:56:10.334209   driver.get(https://capital.com/zh) =>
2024-04-09 18:56:12.108741   => Loaded page https://capital.com/zh

2024-04-09 18:56:12.113788   => Windows size - {'width': 1280, 'height': 800}
2024-04-09 18:56:12.115186   Set windows position at (0, 0) =>
2024-04-09 18:56:12.217236   Set resolution 1280 * 800 =>
2024-04-09 18:56:12.319490   => Windows size is set to {'width': 1280, 'height': 800}

2024-04-09 18:56:13.365078   Капчи нет. Идем дальше

2024-04-09 18:56:13.365172   Работа с куками =>

2024-04-09 18:56:13.365187   => не требуется

2024-04-09 18:56:13.365197   Prev. country - 'au'
2024-04-09 18:56:13.365206   Cur. country - 'au'
2024-04-09 18:56:13.365216   => Country set to 'au'

2024-04-09 18:56:13.365225   Prev. language - 'zh'
2024-04-09 18:56:13.365234   Cur. language - 'zh'
2024-04-09 18:56:13.365243   => Language is set to 'zh'

2024-04-09 18:56:13.365251   Prev. role - 'NoAuth'
2024-04-09 18:56:13.365260   Cur. role - 'NoAuth'
2024-04-09 18:56:13.365269   => The 'NoAuth' role is set

2024-04-09 18:56:13.368017   => Current URL - https://capital.com/zh

2024-04-09 18:56:13.368040   => THE END PRECONDITIONS

2024-04-09 18:56:13.368233   1. Arrange_v0
2024-04-09 18:56:13.368252   current_page = https://capital.com/zh
2024-04-09 18:56:13.370774   link = https://capital.com/zh/scalping
2024-04-09 18:56:13.373208   Current page URL = https://capital.com/zh
2024-04-09 18:56:13.378110   self.link = https://capital.com/zh/scalping
2024-04-09 18:56:13.378124   driver.get(https://capital.com/zh/scalping) =>
2024-04-09 18:56:15.173809   => Loaded page https://capital.com/zh/scalping
2024-04-09 18:56:15.178518   BUTTON_CREATE_YOUR_ACCOUNT is located on the page? =>

2024-04-09 18:56:15.186717   2. Act_v0: Define of locator

2024-04-09 18:56:15.186741   2. Act_v0: Go to web element

2024-04-09 18:56:16.222929   2. Act_v0: Click web element
2024-04-09 18:56:16.246913   => BUTTON_CREATE_YOUR_ACCOUNT is clicked

2024-04-09 18:56:16.247117   3. Assert_v0
2024-04-09 18:56:16.247208   Start step Check that [Sign up] form is opened
2024-04-09 18:56:16.747214   'Sign up' form opened
2024-04-09 18:56:16.747253   Assert SIGNUP_HEADER =>
2024-04-09 18:56:16.761354   Assert SIGNUP_REF_LOGIN =>
2024-04-09 18:56:16.775428   Assert SIGNUP_PRIVACY_POLICY_ALL_2 =>
2024-04-09 18:56:16.788450   => SIGNUP_PRIVACY_POLICY_ALL
2024-04-09 18:56:16.788478   => 'Signup' form is checked
2024-04-09 18:56:16.788641   Start step Close [Sign up] form =>
2024-04-09 18:56:16.849664   => 'Signup' form closed
2024-04-09 18:56:17.142313   => Focus moved to 'capital*com' logo
