{'width': 1280, 'height': 800}

2024-04-24 05:27:39.767999   worker_id = master

2024-04-24 05:27:39.768013   0. Allure grouping v4

2024-04-24 05:27:39.768202   START PRECONDITIONS =>

2024-04-24 05:27:39.768217   => URL after prev. preconditions - https://capital.com/hu
2024-04-24 05:27:39.768227   => flag_of_bug - False
2024-04-24 05:27:39.768238   => Current URL - https://capital.com/hu/online-finance-courses
2024-04-24 05:27:39.773594   Current page URL = https://capital.com/hu/online-finance-courses
2024-04-24 05:27:39.776044   self.link = https://capital.com/hu
2024-04-24 05:27:39.776058   driver.get(https://capital.com/hu) =>
2024-04-24 05:27:41.496241   => Loaded page https://capital.com/hu

2024-04-24 05:27:41.500525   => Windows size - {'width': 1280, 'height': 800}
2024-04-24 05:27:41.501891   Set windows position at (0, 0) =>
2024-04-24 05:27:41.604548   Set resolution 1280 * 800 =>
2024-04-24 05:27:41.706967   => Windows size is set to {'width': 1280, 'height': 800}

2024-04-24 05:27:42.744838   Капчи нет. Идем дальше

2024-04-24 05:27:42.744934   Работа с куками =>

2024-04-24 05:27:42.744948   => не требуется

2024-04-24 05:27:42.744957   Prev. country - 'ae'
2024-04-24 05:27:42.744967   Cur. country - 'ae'
2024-04-24 05:27:42.744976   => Country set to 'ae'

2024-04-24 05:27:42.744985   Prev. language - 'hu'
2024-04-24 05:27:42.744994   Cur. language - 'hu'
2024-04-24 05:27:42.745003   => Language is set to 'hu'

2024-04-24 05:27:42.745011   Prev. role - 'NoAuth'
2024-04-24 05:27:42.745020   Cur. role - 'NoAuth'
2024-04-24 05:27:42.745029   => The 'NoAuth' role is set

2024-04-24 05:27:42.747736   => Current URL - https://capital.com/hu

2024-04-24 05:27:42.747758   => THE END PRECONDITIONS
2024-04-24 05:27:43.254683   => Education menu is present in DOM
2024-04-24 05:27:43.262310   => Education menu is visible
2024-04-24 05:27:44.528727   => Focus moved to Education menu

2024-04-24 05:27:45.958475   1. Arrange_v0
2024-04-24 05:27:45.958521   current_page = https://capital.com/hu/online-finance-courses
2024-04-24 05:27:45.961607   link = https://capital.com/hu/online-finance-courses
2024-04-24 05:27:45.964318   BUTTON_CREATE_YOUR_ACCOUNT is located on the page? =>

2024-04-24 05:27:45.972688   2. Act_v0: Define of locator

2024-04-24 05:27:45.972712   2. Act_v0: Go to web element

2024-04-24 05:27:47.022842   2. Act_v0: Click web element
2024-04-24 05:27:47.048755   => BUTTON_CREATE_YOUR_ACCOUNT is clicked

2024-04-24 05:27:47.049016   3. Assert_v0
2024-04-24 05:27:47.049107   Start step Check that [Sign up] form is opened
2024-04-24 05:27:47.901798   'Sign up' form opened
2024-04-24 05:27:47.901837   Assert SIGNUP_HEADER =>
2024-04-24 05:27:47.914614   Assert SIGNUP_REF_LOGIN =>
2024-04-24 05:27:47.925107   Assert SIGNUP_PRIVACY_POLICY_ALL_2 =>
2024-04-24 05:27:47.936526   => SIGNUP_PRIVACY_POLICY_ALL
2024-04-24 05:27:47.936565   => 'Signup' form is checked
2024-04-24 05:27:47.936739   Start step Close [Sign up] form =>
2024-04-24 05:27:48.021055   => 'Signup' form closed
2024-04-24 05:27:48.294979   => Focus moved to 'capital*com' logo
