{'width': 1280, 'height': 800}

2024-04-24 04:18:47.689935   worker_id = master

2024-04-24 04:18:47.689949   0. Allure grouping v4

2024-04-24 04:18:47.690133   START PRECONDITIONS =>

2024-04-24 04:18:47.690148   => URL after prev. preconditions - https://capital.com/hu
2024-04-24 04:18:47.690158   => flag_of_bug - True
2024-04-24 04:18:47.690169   => Current URL - https://capital.com/hu

2024-04-24 04:18:47.695639   => Windows size - {'width': 1280, 'height': 800}
2024-04-24 04:18:47.696939   Set windows position at (0, 0) =>
2024-04-24 04:18:47.798948   Set resolution 1280 * 800 =>
2024-04-24 04:18:47.901110   => Windows size is set to {'width': 1280, 'height': 800}

2024-04-24 04:18:48.933199   Капчи нет. Идем дальше

2024-04-24 04:18:48.933294   Работа с куками =>

2024-04-24 04:18:48.933308   => не требуется

2024-04-24 04:18:48.933318   Prev. country - 'ae'
2024-04-24 04:18:48.933327   Cur. country - 'ae'
2024-04-24 04:18:48.933337   => Country set to 'ae'

2024-04-24 04:18:48.933346   Prev. language - 'hu'
2024-04-24 04:18:48.933354   Cur. language - 'hu'
2024-04-24 04:18:48.933363   => Language is set to 'hu'

2024-04-24 04:18:48.933372   Prev. role - 'NoAuth'
2024-04-24 04:18:48.933380   Cur. role - 'NoAuth'
2024-04-24 04:18:48.933389   => The 'NoAuth' role is set

2024-04-24 04:18:48.936311   => Current URL - https://capital.com/hu

2024-04-24 04:18:48.936331   => THE END PRECONDITIONS

2024-04-24 04:18:48.936525   1. Arrange_v0
2024-04-24 04:18:48.936543   current_page = https://capital.com/hu
2024-04-24 04:18:48.939216   link = https://capital.com/hu
2024-04-24 04:18:48.941879   IS Trader's Dashboard widget present on this page? =>
2024-04-24 04:18:48.950065   => Trader's Dashboard widget present on this page!

2024-04-24 04:18:48.958371   IS Trader's Dashboard widget visible on this page? =>
2024-04-24 04:18:49.007689   => Trader's Dashboard widget is visible on this page!

2024-04-24 04:18:49.007726   IS [Trade] button present on this page? =>
2024-04-24 04:18:49.017968   => [Trade] button present on this page!

2024-04-24 04:18:49.018003   Defined random number of test button, item is: 4 

2024-04-24 04:18:49.029905   IS [Trade] button visible on this page? =>
2024-04-24 04:18:49.043420   => [Trade] button is visible on this page!

2024-04-24 04:18:49.043445   [Trade] button scroll =>

2024-04-24 04:18:49.043610   2. Act_v0
2024-04-24 04:18:49.043626   [Trade] button is clickable? =>
2024-04-24 04:18:49.059553   => [Trade] button is clickable!

2024-04-24 04:18:49.059578   Start get name of trading instrument =>
2024-04-24 04:18:49.082459   => Name of trading instrument: XRP/USD

2024-04-24 04:18:50.157822   => [Trade] button NOT CLICKED

2024-04-24 04:18:50.158069   3. Assert_Login_v0
2024-04-24 04:18:50.158156   Check that 'Login' form is opened
2024-04-24 04:18:53.232666   'Login' form not opened
2024-04-24 04:18:53.232882   Check that new 'Login' form is opened
2024-04-24 04:18:56.325842   => New 'Login' form not opened
2024-04-24 04:18:56.328621   'Login' page not opened
2024-04-24 04:18:59.409052   'Login' form on trading platform not opened
2024-04-24 04:18:59.409247   Start step Check that [Sign up] form is opened
2024-04-24 04:18:59.419718   'Sign up' form opened
2024-04-24 04:18:59.419741   Assert SIGNUP_HEADER =>
2024-04-24 04:18:59.429524   Assert SIGNUP_REF_LOGIN =>
2024-04-24 04:18:59.439253   Assert SIGNUP_PRIVACY_POLICY_ALL_2 =>
2024-04-24 04:18:59.448551   => SIGNUP_PRIVACY_POLICY_ALL
2024-04-24 04:18:59.448573   => 'Signup' form is checked

Bug: Bid:00.00_011-hu.ae.NoAuth

2024-04-24 04:18:59.448623   Проверка бага в таблице ретеста  =>

2024-04-24 04:18:59.750194   4. Fixing one row check results into Google Sheet Bugs Report =>
1 cells updated.
2024-04-24 04:19:00.408295   => 4. One row check results into Google Sheet Bugs Report fixed

2024-04-24 04:19:01.408532   4. Fixing one row check results into Google Sheet Bugs Report =>
1 cells updated.
2024-04-24 04:19:01.655195   => 4. One row check results into Google Sheet Bugs Report fixed

2024-04-24 04:19:02.493792   4. Fixing one row check results into Google Sheet Bugs Report =>
1 cells updated.
2024-04-24 04:19:02.694943   => 4. One row check results into Google Sheet Bugs Report fixed

2024-04-24 04:19:02.701154   Добавление новой строки =>

2024-04-24 04:19:04.206945   => Новая строка добавлена

2024-04-24 04:19:05.779386   4. Fixing one row check results into Google Sheet Bugs Report =>
1 cells updated.
2024-04-24 04:19:05.997557   => 4. One row check results into Google Sheet Bugs Report fixed

2024-04-24 04:19:06.000860   4. Fixing one row check results into Google Sheet Bugs Report =>
7 cells updated.
2024-04-24 04:19:06.324826   => 4. One row check results into Google Sheet Bugs Report fixed

2024-04-24 04:19:06.325040   4. Fixing one row check results into Google Sheet Bugs Report =>
2 cells updated.
2024-04-24 04:19:06.508344   => 4. One row check results into Google Sheet Bugs Report fixed

2024-04-24 04:19:06.508581   4. Fixing one row check results into Google Sheet Bugs Report =>
1 cells updated.
2024-04-24 04:19:06.700849   => 4. One row check results into Google Sheet Bugs Report fixed

2024-04-24 04:19:06.701052   4. Fixing one row check results into Google Sheet Bugs Report =>
1 cells updated.
2024-04-24 04:19:06.891555   => 4. One row check results into Google Sheet Bugs Report fixed

2024-04-24 04:19:06.891630   Баг Bid:00.00_011-hu.ae.NoAuth-05 добавлен в таблицу 'Bugs Report Auto detect' (для ретестов)
