


Current sort - Most traded
{'width': 1280, 'height': 800}

2024-04-24 04:34:24.811992   worker_id = master

2024-04-24 04:34:24.812007   0. Allure grouping v4

2024-04-24 04:34:24.812203   START PRECONDITIONS =>

2024-04-24 04:34:24.812219   => URL after prev. preconditions - https://capital.com/hu
2024-04-24 04:34:24.812229   => flag_of_bug - False
2024-04-24 04:34:24.812239   => Current URL - https://capital.com/hu/elo-reszvenyarak
2024-04-24 04:34:24.817576   Current page URL = https://capital.com/hu/elo-reszvenyarak
2024-04-24 04:34:24.820130   self.link = https://capital.com/hu
2024-04-24 04:34:24.820144   driver.get(https://capital.com/hu) =>
2024-04-24 04:34:27.640458   => Loaded page https://capital.com/hu

2024-04-24 04:34:27.644848   => Windows size - {'width': 1280, 'height': 800}
2024-04-24 04:34:27.646289   Set windows position at (0, 0) =>
2024-04-24 04:34:27.748690   Set resolution 1280 * 800 =>
2024-04-24 04:34:27.851321   => Windows size is set to {'width': 1280, 'height': 800}

2024-04-24 04:34:28.891559   Капчи нет. Идем дальше

2024-04-24 04:34:28.891654   Работа с куками =>

2024-04-24 04:34:28.891668   => не требуется

2024-04-24 04:34:28.891677   Prev. country - 'ae'
2024-04-24 04:34:28.891687   Cur. country - 'ae'
2024-04-24 04:34:28.891696   => Country set to 'ae'

2024-04-24 04:34:28.891705   Prev. language - 'hu'
2024-04-24 04:34:28.891714   Cur. language - 'hu'
2024-04-24 04:34:28.891722   => Language is set to 'hu'

2024-04-24 04:34:28.891731   Prev. role - 'NoReg'
2024-04-24 04:34:28.891740   Cur. role - 'NoReg'
2024-04-24 04:34:28.891749   => The 'NoReg' role is set

2024-04-24 04:34:28.894669   => Current URL - https://capital.com/hu

2024-04-24 04:34:28.894693   => THE END PRECONDITIONS

2024-04-24 04:34:28.894881   START Open "Markets" menu, "Shares" submenu =>
2024-04-24 04:34:28.894896   1. Cur URL = https://capital.com/hu
2024-04-24 04:34:28.897531   2. Link = https://capital.com/hu
2024-04-24 04:34:28.897547   current_page = https://capital.com/hu
2024-04-24 04:34:28.900033   link = https://capital.com/hu
2024-04-24 04:34:29.410536   => 'Markets' menu is present
2024-04-24 04:34:29.425201   => 'Markets' menu is visible
2024-04-24 04:34:30.706425   => Focus moved to 'Markets' menu
2024-04-24 04:34:32.210544   => Focus moved to 'Shares' submenu and clicked
2024-04-24 04:34:32.506226   => Focus moved to 'capital*com' logo
2024-04-24 04:34:32.506271   3. Cur URL = https://capital.com/hu/elo-reszvenyarak

2024-04-24 04:34:32.512053   1. Arrange for TABLE_TRADING_INSTRUMENTS and 'Most traded' cur_sort
2024-04-24 04:34:32.512076   current_page = https://capital.com/hu/elo-reszvenyarak
2024-04-24 04:34:32.514683   link = https://capital.com/hu/elo-reszvenyarak
2024-04-24 04:34:32.517297   TABLE_TRADING_INSTRUMENTS present on this page? =>
2024-04-24 04:34:32.525903   => TABLE_TRADING_INSTRUMENTS is present on the page!
2024-04-24 04:34:32.525927   IS FIELD_DROPDOWN_SORT present in the Live prices table? =>
2024-04-24 04:34:32.533454   =>  FIELD_DROPDOWN_SORT is present in the table!
2024-04-24 04:34:32.533478   Start scroll and click FIELD_DROPDOWN_SORT =>
2024-04-24 04:34:32.625187   Is item_sort_list visible on the FIELD_DROPDOWN_SORT ? =>
2024-04-24 04:34:32.645686   => item_sort_list is visible on the FIELD_DROPDOWN_SORT!
2024-04-24 04:34:32.645727   Is cur_sort "Most traded" present in item_sort_list? =>
2024-04-24 04:34:32.653782   => cur_sort "Most traded" is present in item_sort_list!
2024-04-24 04:34:32.653815   Start click cur_sort "Most traded" =>
2024-04-24 04:34:33.316903   => End Click cur_sort "Most traded"

2024-04-24 04:34:33.316969   Buttons [Sell] is visible and sum buttons no zero? =>
2024-04-24 04:34:33.345483   => Buttons [Sell] is visible and sum buttons no zero!

2024-04-24 04:34:33.345526   Start find 1 random buttons [Sell] on cur_sort "Most traded"=>
2024-04-24 04:34:33.352283   => End find 1 random buttons [Sell] on the cur_sort "Most traded"

2024-04-24 04:34:33.352318   List of random items = [12]
2024-04-24 04:34:33.352499   2. Act for trading instrument and "Most traded" cur_sort
2024-04-24 04:34:33.371610   Start click button [Sell] =>
2024-04-24 04:34:33.382976   =>   BUTTON_SELL on item with ID = '25985050357018692' is present
2024-04-24 04:34:33.383015   BUTTON_SELL on item with ID = '25985050357018692' scroll into view =>
2024-04-24 04:34:33.386553   => BUTTON_SELL on item with ID = '25985050357018692' scrolled into view
2024-04-24 04:34:33.386579   Check that BUTTON_SELL with item 'WEEDca' clickable =>
2024-04-24 04:34:33.492057   => BUTTON_SELL is clickable
2024-04-24 04:34:34.268485   =>   BUTTON_SELL on item 'WEEDca' clicked

2024-04-24 04:34:34.268737   3. Assert_v0
2024-04-24 04:34:34.268874   Start step Check that [Sign up] form is opened
2024-04-24 04:34:34.520034   'Sign up' form opened
2024-04-24 04:34:34.520089   Assert SIGNUP_HEADER =>
2024-04-24 04:34:34.532901   Assert SIGNUP_REF_LOGIN =>
2024-04-24 04:34:34.544630   Assert SIGNUP_PRIVACY_POLICY_ALL_2 =>
2024-04-24 04:34:34.554829   => SIGNUP_PRIVACY_POLICY_ALL
2024-04-24 04:34:34.554925   => 'Signup' form is checked
2024-04-24 04:34:34.555135   Start step Close [Sign up] form =>
2024-04-24 04:34:34.637231   => 'Signup' form closed
2024-04-24 04:34:34.923012   => Focus moved to 'capital*com' logo
