


Current country - ['', 'au']
{'width': 1920, 'height': 1080}

2024-11-06 00:58:13.955823   worker_id = master

2024-11-06 00:58:13.955838   0. Allure grouping for US_55


2024-11-06 00:58:13.956034   START PRECONDITIONS =>

2024-11-06 00:58:13.956050   => URL after prev. preconditions - https://capital.com/en-gb
2024-11-06 00:58:13.956060   => flag_of_bug - True
2024-11-06 00:58:13.956071   => Current URL - https://capital.com/en-au
2024-11-06 00:58:13.962935   Current page URL = https://capital.com/en-au
2024-11-06 00:58:13.965494   self.link = https://capital.com/en-gb
2024-11-06 00:58:13.965508   driver.get(https://capital.com/en-gb) =>
2024-11-06 00:58:16.356091   => Loaded page https://capital.com/en-gb

2024-11-06 00:58:16.360774   => Windows size: {'width': 1920, 'height': 1080}

2024-11-06 00:58:16.364945   Set windows position at (0, 0) =>

2024-11-06 00:58:16.366685   Set resolution 1920 * 1080 =>

2024-11-06 00:58:16.368383   => Resolution set {'width': 1920, 'height': 1080}

2024-11-06 00:58:16.369678   Работа с куками =>
2024-11-06 00:58:16.369692   Prev. role - 'NoReg'
2024-11-06 00:58:16.369702   Current testing role - 'Auth'

2024-11-06 00:58:16.369711   All cookies must be delete =>
2024-11-06 00:58:16.441109   => All cookies are deleted
2024-11-06 00:58:16.441147   Current page URL = https://capital.com/en-gb
2024-11-06 00:58:16.444010   self.link = https://capital.com/en-gb
2024-11-06 00:58:16.444024   driver.get(https://capital.com/en-gb) =>
2024-11-06 00:58:18.816432   => Loaded page https://capital.com/en-gb

2024-11-06 00:58:18.821180   Step 'Click button [Accept all cookies]'
2024-11-06 00:58:18.821192   Is Visible Button [Accept all cookies]? =>
2024-11-06 00:58:20.041037   => Button [Accept all cookies] is visible
2024-11-06 00:58:20.541192   Is clickable Button [Accept all cookies] =>
2024-11-06 00:58:20.557719   => Button [Accept all cookies] is clickable
2024-11-06 00:58:20.557748   Click Button [Accept all cookies] =>
2024-11-06 00:58:20.815116   => Button [Accept all cookies] is clicked
2024-11-06 00:58:20.815167   => Accepted All Cookies

2024-11-06 00:58:21.315298   Prev. role - 'NoReg'
2024-11-06 00:58:21.315365   Cur. role - 'Auth'

2024-11-06 00:58:21.315599   Start Authorization
2024-11-06 00:58:21.409940   => 'Login' form is opened
2024-11-06 00:58:21.623397   => "login" and "password" are inputted
2024-11-06 00:58:21.623438   Click [Continue] button on [Login] form =>
2024-11-06 00:58:21.699524   => [Continue] button on [Login] form is clicked
2024-11-06 00:58:21.699568   Set timeout = 30
2024-11-06 00:58:22.805386   => Page with 'Trading Platform | Capital.com' title opened

2024-11-06 00:58:22.805456   2. Checking that the LOGO is present on the page =>
2024-11-06 00:58:23.973263   => 'capital*com' logo is present on the current page

2024-11-06 00:58:24.337664   => The 'Auth' role is set

2024-11-06 00:58:24.337718   Prev. language: en
2024-11-06 00:58:24.337733   Cur. language - 'en'

2024-11-06 00:58:24.337746   Prev. country: ua
2024-11-06 00:58:24.337758   Cur. country: au

2024-11-06 00:58:24.337953   Set "en" language and "au" country =>
2024-11-06 00:58:24.337977   Current page URL = https://capital.com/en-gb
2024-11-06 00:58:24.426127   self.link = https://capital.com/en-au
2024-11-06 00:58:24.426160   driver.get(https://capital.com/en-au) =>
2024-11-06 00:58:26.762331   => Loaded page https://capital.com/en-au
2024-11-06 00:58:26.768710   => Language is set to 'en'
2024-11-06 00:58:26.768729   => Country is set to 'au'
2024-11-06 00:58:26.768738   => Current URL - https://capital.com/en-au

2024-11-06 00:58:26.773754   => Current URL - https://capital.com/en-au

2024-11-06 00:58:26.773774   => END PRECONDITIONS

2024-11-06 00:58:26.773958   1. Start Arrange: open dropdown [Regional settings]
2024-11-06 00:58:26.773977   current_page = https://capital.com/en-au
2024-11-06 00:58:26.776468   link = https://capital.com/en-au
2024-11-06 00:58:26.783173   Start to check link country to open dropdown [Regional settings] in DOM on the Main page

2024-11-06 00:58:26.788790   The main page have link country to open dropdown in DOM


2024-11-06 00:58:26.943956   Link country to open dropdown [Regional settings] clicked


2024-11-06 00:58:26.944220   2. Start Act. Select 'Search' input field and enter value 'Honk'
2024-11-06 00:58:26.944241   Start check field country in Regional settings
2024-11-06 00:58:27.018002   Field country in Regional settings is in DOM

2024-11-06 00:58:30.718888   3. Start Assert. Start to check presenting HONK_KONG_TAIWAN_LOCATOR in DOM
2024-11-06 00:58:30.718925   Start to check presenting HONK_KONG_TAIWAN_LOCATOR in DOM
2024-11-06 00:58:35.738845   => The page don't have HONK_KONG_TAIWAN_LOCATOR in DOM
