


Current sort - Top risers
{'width': 1280, 'height': 800}

2024-04-24 05:15:43.303818   worker_id = master

2024-04-24 05:15:43.303832   0. Allure grouping v4

2024-04-24 05:15:43.304017   START PRECONDITIONS =>

2024-04-24 05:15:43.304032   => URL after prev. preconditions - https://capital.com/hu
2024-04-24 05:15:43.304042   => flag_of_bug - True
2024-04-24 05:15:43.304052   => Current URL - https://capital.com/hu/elo-arupiaci-arak?t=most
2024-04-24 05:15:43.309779   Current page URL = https://capital.com/hu/elo-arupiaci-arak?t=most
2024-04-24 05:15:43.312582   self.link = https://capital.com/hu
2024-04-24 05:15:43.312596   driver.get(https://capital.com/hu) =>
2024-04-24 05:15:45.143949   => Loaded page https://capital.com/hu

2024-04-24 05:15:45.148323   => Windows size - {'width': 1280, 'height': 800}
2024-04-24 05:15:45.149685   Set windows position at (0, 0) =>
2024-04-24 05:15:45.251998   Set resolution 1280 * 800 =>
2024-04-24 05:15:45.354770   => Windows size is set to {'width': 1280, 'height': 800}

2024-04-24 05:15:46.393661   Капчи нет. Идем дальше

2024-04-24 05:15:46.393750   Работа с куками =>

2024-04-24 05:15:46.393764   => не требуется

2024-04-24 05:15:46.393773   Prev. country - 'ae'
2024-04-24 05:15:46.393782   Cur. country - 'ae'
2024-04-24 05:15:46.393791   => Country set to 'ae'

2024-04-24 05:15:46.393800   Prev. language - 'hu'
2024-04-24 05:15:46.393809   Cur. language - 'hu'
2024-04-24 05:15:46.393817   => Language is set to 'hu'

2024-04-24 05:15:46.393826   Prev. role - 'NoReg'
2024-04-24 05:15:46.393835   Cur. role - 'NoReg'
2024-04-24 05:15:46.393843   => The 'NoReg' role is set

2024-04-24 05:15:46.396700   => Current URL - https://capital.com/hu

2024-04-24 05:15:46.396725   => THE END PRECONDITIONS

2024-04-24 05:15:46.396970   START Open "Markets" menu, "Commodities" submenu =>

2024-04-24 05:15:46.396989   1. Cur URL = https://capital.com/hu

2024-04-24 05:15:46.399732   2. Link = https://capital.com/hu
2024-04-24 05:15:46.399748   current_page = https://capital.com/hu
2024-04-24 05:15:46.402430   link = https://capital.com/hu
2024-04-24 05:15:46.917902   => 'Markets' menu is present
2024-04-24 05:15:46.939190   => 'Markets' menu is visible
2024-04-24 05:15:48.207489   => Focus moved to 'Markets' menu
2024-04-24 05:15:48.216310   => 'Markets > Commodities' submenu is present
2024-04-24 05:15:49.906864   => Focus moved to 'capital*com' logo

2024-04-24 05:15:49.906902   3. Cur URL = https://capital.com/hu/elo-arupiaci-arak

2024-04-24 05:15:49.912560   1. Arrange for TABLE_TRADING_INSTRUMENTS and 'Top risers' cur_sort
2024-04-24 05:15:49.912581   current_page = https://capital.com/hu/elo-arupiaci-arak
2024-04-24 05:15:49.915022   link = https://capital.com/hu/elo-arupiaci-arak
2024-04-24 05:15:49.917396   TABLE_TRADING_INSTRUMENTS present on this page? =>
2024-04-24 05:15:49.926600   => TABLE_TRADING_INSTRUMENTS is present on the page!
2024-04-24 05:15:49.926624   IS FIELD_DROPDOWN_SORT present in the Live prices table? =>
2024-04-24 05:15:49.933652   =>  FIELD_DROPDOWN_SORT is present in the table!
2024-04-24 05:15:49.933674   Start scroll and click FIELD_DROPDOWN_SORT =>
2024-04-24 05:15:50.034427   Is item_sort_list visible on the FIELD_DROPDOWN_SORT ? =>
2024-04-24 05:15:50.067334   => item_sort_list is visible on the FIELD_DROPDOWN_SORT!
2024-04-24 05:15:50.067388   Is cur_sort "Top risers" present in item_sort_list? =>
2024-04-24 05:15:50.107777   => cur_sort "Top risers" is present in item_sort_list!
2024-04-24 05:15:50.107835   Start click cur_sort "Top risers" =>
2024-04-24 05:15:50.722580   => End Click cur_sort "Top risers"

2024-04-24 05:15:50.722627   Buttons [Sell] is visible and sum buttons no zero? =>
2024-04-24 05:15:50.753449   => Buttons [Sell] is visible and sum buttons no zero!

2024-04-24 05:15:50.753490   Start find 1 random buttons [Sell] on cur_sort "Top risers"=>
2024-04-24 05:15:50.760894   => End find 1 random buttons [Sell] on the cur_sort "Top risers"

2024-04-24 05:15:50.760931   List of random items = [10]
2024-04-24 05:15:50.761100   2. Act for trading instrument and "Top risers" cur_sort
2024-04-24 05:15:50.780320   Start click button [Sell] =>
2024-04-24 05:15:50.792825   =>   BUTTON_SELL on item with ID = '27041281599427780' is present
2024-04-24 05:15:50.792872   BUTTON_SELL on item with ID = '27041281599427780' scroll into view =>
2024-04-24 05:15:50.796233   => BUTTON_SELL on item with ID = '27041281599427780' scrolled into view
2024-04-24 05:15:50.796260   Check that BUTTON_SELL with item 'Silver' clickable =>
2024-04-24 05:15:50.904070   => BUTTON_SELL is clickable
2024-04-24 05:15:51.685161   =>   BUTTON_SELL on item 'Silver' clicked

2024-04-24 05:15:51.685393   3. Assert_v0
2024-04-24 05:15:51.685482   Start step Check that [Sign up] form is opened
2024-04-24 05:15:51.865831   'Sign up' form opened
2024-04-24 05:15:51.865868   Assert SIGNUP_HEADER =>
2024-04-24 05:15:51.879999   Assert SIGNUP_REF_LOGIN =>
2024-04-24 05:15:51.894467   Assert SIGNUP_PRIVACY_POLICY_ALL_2 =>
2024-04-24 05:15:51.908322   => SIGNUP_PRIVACY_POLICY_ALL
2024-04-24 05:15:51.908358   => 'Signup' form is checked
2024-04-24 05:15:51.908541   Start step Close [Sign up] form =>
2024-04-24 05:15:52.000373   => 'Signup' form closed
2024-04-24 05:15:52.273718   => Focus moved to 'capital*com' logo
