{'width': 1280, 'height': 800}

2024-04-30 05:37:20.971124   worker_id = master

2024-04-30 05:37:20.971138   0. Allure grouping v4

2024-04-30 05:37:20.971320   START PRECONDITIONS =>

2024-04-30 05:37:20.971335   => URL after prev. preconditions - https://capital.com/ru
2024-04-30 05:37:20.971345   => flag_of_bug - False
2024-04-30 05:37:20.971355   => Current URL - https://capital.com/ru

2024-04-30 05:37:20.976191   => Windows size - {'width': 1280, 'height': 800}
2024-04-30 05:37:20.977473   Set windows position at (0, 0) =>
2024-04-30 05:37:20.979091   Set resolution 1280 * 800 =>
2024-04-30 05:37:20.982422   => Windows size is set to {'width': 1280, 'height': 800}

2024-04-30 05:37:22.019318   Капчи нет. Идем дальше

2024-04-30 05:37:22.019411   Работа с куками =>

2024-04-30 05:37:22.019424   => не требуется

2024-04-30 05:37:22.019434   Prev. country - 'au'
2024-04-30 05:37:22.019443   Cur. country - 'au'
2024-04-30 05:37:22.019452   => Country set to 'au'

2024-04-30 05:37:22.019461   Prev. language - 'ru'
2024-04-30 05:37:22.019469   Cur. language - 'ru'
2024-04-30 05:37:22.019478   => Language is set to 'ru'

2024-04-30 05:37:22.019486   Prev. role - 'NoAuth'
2024-04-30 05:37:22.019495   Cur. role - 'NoAuth'
2024-04-30 05:37:22.019504   => The 'NoAuth' role is set

2024-04-30 05:37:22.022235   => Current URL - https://capital.com/ru

2024-04-30 05:37:22.022257   => THE END PRECONDITIONS

2024-04-30 05:37:22.022444   1. Arrange_v0
2024-04-30 05:37:22.022463   current_page = https://capital.com/ru
2024-04-30 05:37:22.024854   link = https://capital.com/ru
2024-04-30 05:37:22.027112   IS "Our Apps" block present on this page? =>
2024-04-30 05:37:22.034437   => "Our Apps" block present on this page!

2024-04-30 05:37:22.045828   IS "Our Apps" block visible on this page? =>
2024-04-30 05:37:22.094751   => "Our Apps" block is visible on this page!

2024-04-30 05:37:22.094792   IS [Get it on Google Play] button present on this page? =>
2024-04-30 05:37:22.107766   => [Get it on Google Play] button present on this page!

2024-04-30 05:37:22.116131   IS [Get it on Google Play] button visible on this page? =>
2024-04-30 05:37:22.129481   => [Get it on Google Play] button is visible on this page!

2024-04-30 05:37:22.129509   [Get it on Google Play] button scroll =>

2024-04-30 05:37:22.133669   2. Act_v0
2024-04-30 05:37:22.133693   [Get it on Google Play] button is clickable? =>
2024-04-30 05:37:22.149363   => [Get it on Google Play] button is clickable!

2024-04-30 05:37:22.191292   => [Get it on Google Play] button clicked!

2024-04-30 05:37:22.191590   3. Assert_v0
2024-04-30 05:37:22.191710   Checking that the Google Play page has opened

Bug: Bid:00.00_009-ru.au.NoAuth

2024-04-30 05:37:23.539837   Проверка бага в таблице ретеста  =>

2024-04-30 05:37:24.195313   4. Fixing one row check results into Google Sheet Bugs Report =>
1 cells updated.
2024-04-30 05:37:24.559599   => 4. One row check results into Google Sheet Bugs Report fixed

2024-04-30 05:37:26.127453   4. Fixing one row check results into Google Sheet Bugs Report =>
1 cells updated.
2024-04-30 05:37:26.509791   => 4. One row check results into Google Sheet Bugs Report fixed

2024-04-30 05:37:27.870339   4. Fixing one row check results into Google Sheet Bugs Report =>
1 cells updated.
2024-04-30 05:37:28.219197   => 4. One row check results into Google Sheet Bugs Report fixed

2024-04-30 05:37:28.222030   Добавление новой строки =>

2024-04-30 05:37:29.737450   => Новая строка добавлена

2024-04-30 05:37:32.009132   4. Fixing one row check results into Google Sheet Bugs Report =>
1 cells updated.
2024-04-30 05:37:32.424805   => 4. One row check results into Google Sheet Bugs Report fixed

2024-04-30 05:37:32.427622   4. Fixing one row check results into Google Sheet Bugs Report =>
7 cells updated.
2024-04-30 05:37:32.960653   => 4. One row check results into Google Sheet Bugs Report fixed

2024-04-30 05:37:32.960904   4. Fixing one row check results into Google Sheet Bugs Report =>
2 cells updated.
2024-04-30 05:37:33.383697   => 4. One row check results into Google Sheet Bugs Report fixed

2024-04-30 05:37:33.383909   4. Fixing one row check results into Google Sheet Bugs Report =>
1 cells updated.
2024-04-30 05:37:33.801261   => 4. One row check results into Google Sheet Bugs Report fixed

2024-04-30 05:37:33.801509   4. Fixing one row check results into Google Sheet Bugs Report =>
1 cells updated.
2024-04-30 05:37:34.194434   => 4. One row check results into Google Sheet Bugs Report fixed

2024-04-30 05:37:34.194516   Баг Bid:00.00_009-ru.au.NoAuth-03 добавлен в таблицу 'Bugs Report Auto detect' (для ретестов)
