{'width': 1280, 'height': 800}

2024-04-30 06:23:37.383131   worker_id = master

2024-04-30 06:23:37.383146   0. Allure grouping v4

2024-04-30 06:23:37.383344   START PRECONDITIONS =>

2024-04-30 06:23:37.383359   => URL after prev. preconditions - https://capital.com/ru
2024-04-30 06:23:37.383369   => flag_of_bug - False
2024-04-30 06:23:37.383379   => Current URL - https://capital.com/ru/gbp-aud-stavka
2024-04-30 06:23:37.409355   Current page URL = https://capital.com/ru/gbp-aud-stavka
2024-04-30 06:23:37.412925   self.link = https://capital.com/ru
2024-04-30 06:23:37.412939   driver.get(https://capital.com/ru) =>
2024-04-30 06:23:39.206023   => Loaded page https://capital.com/ru

2024-04-30 06:23:39.210274   => Windows size - {'width': 1280, 'height': 800}
2024-04-30 06:23:39.211623   Set windows position at (0, 0) =>
2024-04-30 06:23:39.213228   Set resolution 1280 * 800 =>
2024-04-30 06:23:39.214795   => Windows size is set to {'width': 1280, 'height': 800}

2024-04-30 06:23:40.242315   Капчи нет. Идем дальше

2024-04-30 06:23:40.242397   Работа с куками =>

2024-04-30 06:23:40.242412   => не требуется

2024-04-30 06:23:40.242421   Prev. country - 'au'
2024-04-30 06:23:40.242430   Cur. country - 'au'
2024-04-30 06:23:40.242440   => Country set to 'au'

2024-04-30 06:23:40.242448   Prev. language - 'ru'
2024-04-30 06:23:40.242457   Cur. language - 'ru'
2024-04-30 06:23:40.242466   => Language is set to 'ru'

2024-04-30 06:23:40.242474   Prev. role - 'Auth'
2024-04-30 06:23:40.242483   Cur. role - 'Auth'
2024-04-30 06:23:40.242491   => The 'Auth' role is set

2024-04-30 06:23:40.245179   => Current URL - https://capital.com/ru

2024-04-30 06:23:40.245201   => THE END PRECONDITIONS

2024-04-30 06:23:40.245374   1. Arrange_v2
2024-04-30 06:23:40.245392   current_page = https://capital.com/ru
2024-04-30 06:23:40.247862   link = https://capital.com/ru/gbp-aud-stavka
2024-04-30 06:23:40.250291   Current page URL = https://capital.com/ru
2024-04-30 06:23:40.252679   self.link = https://capital.com/ru/gbp-aud-stavka
2024-04-30 06:23:40.252692   driver.get(https://capital.com/ru/gbp-aud-stavka) =>
2024-04-30 06:23:42.000489   => Loaded page https://capital.com/ru/gbp-aud-stavka
2024-04-30 06:23:42.006521 Is SHORT_POSITION_OVERNIGHT_FEE present on the page? =>
2024-04-30 06:23:42.014756   => SHORT_POSITION_OVERNIGHT_FEE is present on the page
2024-04-30 06:23:42.014779   SHORT_POSITION_OVERNIGHT_FEE  scroll =>
2024-04-30 06:23:42.018079   => SHORT_POSITION_OVERNIGHT_FEE  scrolled

2024-04-30 06:23:42.018274   2. Act_v2
2024-04-30 06:23:42.018298   SHORT_POSITION_OVERNIGHT_FEE open =>
2024-04-30 06:23:42.821185   Is SHORT_POSITION_OVERNIGHT_FEE open?  =>
2024-04-30 06:23:42.834338   => TOOLTIP_SHORT_POSITION_FEE is open
2024-04-30 06:23:42.834367   Move focus to button [Go to platform] and click on =>
2024-04-30 06:23:43.613992   => BUTTON_GO_TO_PLATFORM is clickable
2024-04-30 06:23:43.924409 => BUTTON_GO_TO_PLATFORM clicked

2024-04-30 06:23:43.924656   3. Assert_v4

2024-04-30 06:23:43.924674   
2024-04-30 06:23:43.924774   Checking that the trading platform page has opened (v4) =>
2024-04-30 06:23:44.435068   Checking way # 1 => 

2024-04-30 06:23:44.435235   1. Checking that the Trading platform (or TradingView site) page has valid title =>
2024-04-30 06:23:44.437705   => The title of current page is 'Trading Platform | Capital.com'

2024-04-30 06:23:44.437775   2. Checking that the LOGO is present on the page =>
2024-04-30 06:23:44.949850   => 'capital*com' logo is present on the current page

2024-04-30 06:23:44.949883   tpd = False
2024-04-30 06:23:45.872980   => Driver.backed
