{'width': 1280, 'height': 800}

2024-04-30 07:25:28.932830   worker_id = master

2024-04-30 07:25:28.932843   0. Allure grouping v4

2024-04-30 07:25:28.933026   START PRECONDITIONS =>

2024-04-30 07:25:28.933042   => URL after prev. preconditions - https://capital.com/ru
2024-04-30 07:25:28.933051   => flag_of_bug - True
2024-04-30 07:25:28.933061   => Current URL - https://capital.com/ru/google-cfd
2024-04-30 07:25:28.938640   Current page URL = https://capital.com/ru/google-cfd
2024-04-30 07:25:28.941099   self.link = https://capital.com/ru
2024-04-30 07:25:28.941113   driver.get(https://capital.com/ru) =>
2024-04-30 07:25:30.801048   => Loaded page https://capital.com/ru

2024-04-30 07:25:30.806925   => Windows size - {'width': 1280, 'height': 800}
2024-04-30 07:25:30.808274   Set windows position at (0, 0) =>
2024-04-30 07:25:30.809825   Set resolution 1280 * 800 =>
2024-04-30 07:25:30.811508   => Windows size is set to {'width': 1280, 'height': 800}

2024-04-30 07:25:31.849353   Капчи нет. Идем дальше

2024-04-30 07:25:31.849442   Работа с куками =>

2024-04-30 07:25:31.849455   => не требуется

2024-04-30 07:25:31.849465   Prev. country - 'au'
2024-04-30 07:25:31.849474   Cur. country - 'au'
2024-04-30 07:25:31.849483   => Country set to 'au'

2024-04-30 07:25:31.849492   Prev. language - 'ru'
2024-04-30 07:25:31.849501   Cur. language - 'ru'
2024-04-30 07:25:31.849509   => Language is set to 'ru'

2024-04-30 07:25:31.849518   Prev. role - 'NoAuth'
2024-04-30 07:25:31.849527   Cur. role - 'NoAuth'
2024-04-30 07:25:31.849535   => The 'NoAuth' role is set

2024-04-30 07:25:31.852180   => Current URL - https://capital.com/ru

2024-04-30 07:25:31.852203   => THE END PRECONDITIONS

2024-04-30 07:25:31.852386   1. Arrange_v0
2024-04-30 07:25:31.852404   current_page = https://capital.com/ru
2024-04-30 07:25:31.856663   link = https://capital.com/ru/google-cfd
2024-04-30 07:25:31.858996   Current page URL = https://capital.com/ru
2024-04-30 07:25:31.861344   self.link = https://capital.com/ru/google-cfd
2024-04-30 07:25:31.861357   driver.get(https://capital.com/ru/google-cfd) =>
2024-04-30 07:25:33.758986   => Loaded page https://capital.com/ru/google-cfd
2024-04-30 07:25:33.763077   BUTTON_CREATE_YOUR_ACCOUNT is located on the page? =>

2024-04-30 07:25:33.773478   2. Act_v0: Define of locator

2024-04-30 07:25:33.773503   2. Act_v0: Go to web element

2024-04-30 07:25:34.846338   2. Act_v0: Click web element
2024-04-30 07:25:34.895594   => BUTTON_CREATE_YOUR_ACCOUNT is clicked

2024-04-30 07:25:34.895805   3. Assert_v0
2024-04-30 07:25:34.895893   Start step Check that [Sign up] form is opened
2024-04-30 07:25:35.070203   'Sign up' form opened
2024-04-30 07:25:35.070246   Assert SIGNUP_HEADER =>
2024-04-30 07:25:35.080847   Assert SIGNUP_REF_LOGIN =>
2024-04-30 07:25:35.092380   Assert SIGNUP_PRIVACY_POLICY_ALL_2 =>
2024-04-30 07:25:35.102325   => SIGNUP_PRIVACY_POLICY_ALL
2024-04-30 07:25:35.102351   => 'Signup' form is checked
2024-04-30 07:25:35.102511   Start step Close [Sign up] form =>
2024-04-30 07:25:35.167063   => 'Signup' form closed
2024-04-30 07:25:35.473256   => Focus moved to 'capital*com' logo
