Current test role - NoReg

{'width': 1280, 'height': 720}

2024-03-05 13:53:02.969261   worker_id = master

2024-03-05 13:53:02.969280   0. Allure grouping v4


2024-03-05 13:53:02.969476   START PRECONDITIONS =>


2024-03-05 13:53:02.969492   {'width': 1280, 'height': 720}

2024-03-05 13:53:02.970875   Set windows position at (0, 0) =>

2024-03-05 13:53:03.072880   Set resolution 1280 * 720 =>

2024-03-05 13:53:03.174998   => Resolution seted {'width': 1280, 'height': 720}

2024-03-05 13:53:04.204704   Капчи нет. Идем дальше

2024-03-05 13:53:04.204792   Prev. Role: NoAuth

2024-03-05 13:53:04.204805   Run preconditions: set NoReg Role =>
2024-03-05 13:53:04.204816   Current page URL = https://capital.com/trading/signup
2024-03-05 13:53:05.210887   => Loaded page https://capital.com/

2024-03-05 13:53:05.409245   => All cookies are deleted
2024-03-05 13:53:05.409282   Current page URL = https://capital.com/
2024-03-05 13:53:06.087777   => Loaded page https://capital.com/

2024-03-05 13:53:06.090531   Step 'Click button [Accept all cookies]'
2024-03-05 13:53:12.252088   Is Visible Button [Accept all cookies]? =>
2024-03-05 13:53:12.269912   => Button [Accept all cookies] is visible
2024-03-05 13:53:12.770029   Is clickable Button [Accept all cookies] =>
2024-03-05 13:53:12.792868   => Button [Accept all cookies] is clickable
2024-03-05 13:53:12.792897   Click Button [Accept all cookies] =>
2024-03-05 13:53:12.879140   => Button [Accept all cookies] is clicked
2024-03-05 13:53:12.879175   => Accepted All Cookies

2024-03-05 13:53:13.379360   Current role: NoReg

2024-03-05 13:53:14.424058   Капчи нет. Идем дальше

2024-03-05 13:53:14.424144   Prev language: ?

2024-03-05 13:53:14.424157   Run preconditions: set es language =>


2024-03-05 13:53:14.436151   => Language and Country menu is present


2024-03-05 13:53:14.456514   => Language and Country menu is visible


2024-03-05 13:53:15.734054   => Focus is moved on Language and Country menu 
2024-03-05 13:53:15.743004   Move focus on es item and click =>
2024-03-05 13:53:17.458053   => Focus moved on es item and clicked
2024-03-05 13:53:17.458101   => Cur url = https://capital.com/es

2024-03-05 13:53:17.544652   => Current language: es

2024-03-05 13:53:18.575429   Капчи нет. Идем дальше

2024-03-05 13:53:18.575520   Prev country: ?
2024-03-05 13:53:18.575534   Run preconditions: set "ae" country =>


2024-03-05 13:53:18.582360   => Language and Country menu is present


2024-03-05 13:53:18.593307   => Language and Country menu is visible


2024-03-05 13:53:19.867138   => Focus is moved on Language and Country menu 
2024-03-05 13:53:22.235493   => Cur url = https://capital.com/es?country=ae
2024-03-05 13:53:22.522862   => Current country: ae

2024-03-05 13:53:22.522904   => THE END PRECONDITIONS
2024-03-05 13:53:23.029431   => Education menu is present
2024-03-05 13:53:23.050459   element = <selenium.webdriver.remote.webelement.WebElement (session="f7858a503d444535a190a882984aac23", element="f.C9F322C205AE02652EF438DBFD91AEED.d.DBE2552FC118118FEF9080F41E1C5408.e.4434")>
2024-03-05 13:53:23.050491   => Education menu is visible
2024-03-05 13:53:24.314211   => Focus moved to Education menu

2024-03-05 13:53:25.852967   1. Arrange_v0
2024-03-05 13:53:25.935462   BUTTON_START_TRADING scroll =>
2024-03-05 13:53:25.938783   BUTTON_START_TRADING is visible? =>
2024-03-05 13:53:25.972619   => BUTTON_START_TRADING is visible on the page!

2024-03-05 13:53:25.972863   2. Act_v0
2024-03-05 13:53:25.972888   Start Click button [Start Trading] =>
2024-03-05 13:53:25.981967   BUTTON_START_TRADING is clickable? =>
2024-03-05 13:53:25.992728   BUTTON_START_TRADING click =>
2024-03-05 13:53:26.036616   => BUTTON_START_TRADING clicked

2024-03-05 13:53:26.036919   3. Assert_v0
2024-03-05 13:53:26.037051   Start step Check that [Sign up] form is opened
2024-03-05 13:53:26.217631   'Sign up' form opened
2024-03-05 13:53:26.217678   Assert SIGNUP_HEADER =>
2024-03-05 13:53:26.234098   Assert SIGNUP_REF_LOGIN =>
2024-03-05 13:53:26.249762   Assert SIGNUP_PRIVACY_POLICY_ALL_2 =>
2024-03-05 13:53:26.270162   => SIGNUP_PRIVACY_POLICY_ALL
2024-03-05 13:53:26.270203   => 'Signup' form is checked
2024-03-05 13:53:26.270407   Start step Close [Sign up] form =>
2024-03-05 13:53:26.345877   => 'Signup' form closed
