{'width': 1920, 'height': 1080}
autouse fixture chrome
Current test language - pl
Current country of trading - de



Current test role - NoReg
Current login - aqa.tomelo.an@gmail.com
Current login - iT9Vgqi6d$fiZ*Z
{'width': 1920, 'height': 1080}

2023-12-14 06:19:22.198980   worker_id = master

2023-12-14 06:19:22.198998   0. Allure grouping


2023-12-14 06:19:22.199167   START PRECONDITIONS =>

2023-12-14 06:19:23.038994   Load page https://capital.com

2023-12-14 06:19:23.039041   {'width': 1920, 'height': 1080}

2023-12-14 06:19:23.076203   Set windows position at (320, 180) =>

2023-12-14 06:19:23.368258   Set resolution 1280 * 720 =>

2023-12-14 06:19:23.485276   => Resolution seted {'width': 1280, 'height': 720}

2023-12-14 06:19:27.516300   Капчи нет. Тестим дальше

2023-12-14 06:19:27.516349   Prev. Role: ?

2023-12-14 06:19:27.516359   Run preconditions: set "NoReg" Role =>
2023-12-14 06:19:28.027786   Load page https://capital.com

2023-12-14 06:19:28.288498   => All cookies are deleted
2023-12-14 06:19:28.653001   Load page https://capital.com

2023-12-14 06:19:28.653180   Click button [Accept all cookies]
2023-12-14 06:19:28.653195   Is Visible BUTTON_ACCEPT_ALL_COOKIE? =>
2023-12-14 06:19:32.706271   Find BUTTON_ACCEPT_ALL_COOKIE =>
2023-12-14 06:19:32.715740   => BUTTON_ACCEPT_ALL_COOKIE presented
2023-12-14 06:19:32.715775   Is clickable BUTTON_ACCEPT_ALL_COOKIE? =>
2023-12-14 06:19:32.787191   Click BUTTON_ACCEPT_ALL_COOKIE =>
2023-12-14 06:19:33.836645   => BUTTON_ACCEPT_ALL_COOKIE is clicked
2023-12-14 06:19:33.836692   => Accepted All Cookies

2023-12-14 06:19:34.836873   Current role: NoReg

2023-12-14 06:19:34.836931   Prev language: ?

2023-12-14 06:19:34.836944   Run preconditions: set "pl" language =>


2023-12-14 06:19:34.846012   => Language and Country menu is present


2023-12-14 06:19:34.861812   => Language and Country menu is visible


2023-12-14 06:19:36.636543   => Focus is moved on Language and Country menu 

2023-12-14 06:19:38.273683   => Current language: pl

2023-12-14 06:19:38.273723   Prev country: ?

2023-12-14 06:19:38.273732   Run preconditions: set "de" country =>


2023-12-14 06:19:38.316143   => Language and Country menu is present


2023-12-14 06:19:38.373801   => Language and Country menu is visible


2023-12-14 06:19:40.153235   => Focus is moved on Language and Country menu 

2023-12-14 06:19:43.184039   => Current country: de

2023-12-14 06:19:43.184087   => THE END PRECONDITIONS

2023-12-14 06:19:43.184370   START Open "Education" menu, "CFD trading guide" submenu =>

2023-12-14 06:19:43.184399   1. Cur URL = https://capital.com/pl?country=de

2023-12-14 06:19:43.379746   2. Link = https://capital.com/pl
2023-12-14 06:19:43.772852   Load page https://capital.com/pl
2023-12-14 06:19:43.930127   => Education menu is present
2023-12-14 06:19:43.946211   => Education menu is visible
2023-12-14 06:19:45.718865   => Education menu focus moved

2023-12-14 06:19:48.104615   3. Cur URL = https://capital.com/pl/what-is-cfd-trading

2023-12-14 06:19:48.210844   1. Arrange_v0
2023-12-14 06:19:48.223238   BUTTON_START_TRADING scroll =>
2023-12-14 06:19:48.228516   BUTTON_START_TRADING is visible? =>
2023-12-14 06:19:48.326454   => BUTTON_START_TRADING is visible on the page!

2023-12-14 06:19:48.326620   2. Act_v0
2023-12-14 06:19:48.326636   Start Click button [Start Trading] =>
2023-12-14 06:19:48.331497   BUTTON_START_TRADING is clickable? =>
2023-12-14 06:19:48.348371   BUTTON_START_TRADING click =>
2023-12-14 06:19:48.392610   => BUTTON_START_TRADING clicked

2023-12-14 06:19:48.392872   3. Assert_v0
2023-12-14 06:19:48.392982   Start step Check that [Sign up] form is opened
2023-12-14 06:19:48.586240   'Sign up' form opened
2023-12-14 06:19:48.586290   Assert SIGNUP_HEADER =>
2023-12-14 06:19:48.602372   Assert SIGNUP_REF_LOGIN =>
2023-12-14 06:19:48.620127   Assert SIGNUP_PRIVACY_POLICY_ALL_2 =>
2023-12-14 06:19:48.657770   => SIGNUP_PRIVACY_POLICY_ALL
2023-12-14 06:19:48.657805   => 'Signup' form is checked
2023-12-14 06:19:48.657990   Start step Close [Sign up] form =>
2023-12-14 06:19:48.745556   => 'Signup' form closed
