{'width': 1280, 'height': 720}

2024-03-05 12:42:34.273220   worker_id = master

2024-03-05 12:42:34.273237   0. Allure grouping v4


2024-03-05 12:42:34.273435   START PRECONDITIONS =>


2024-03-05 12:42:34.273451   {'width': 1280, 'height': 720}

2024-03-05 12:42:34.275040   Set windows position at (0, 0) =>

2024-03-05 12:42:34.377535   Set resolution 1280 * 720 =>

2024-03-05 12:42:34.479769   => Resolution seted {'width': 1280, 'height': 720}

2024-03-05 12:42:35.513313   Капчи нет. Идем дальше

2024-03-05 12:42:35.513405   Prev. Role: NoReg

2024-03-05 12:42:35.513418   Current role: NoReg

2024-03-05 12:42:36.537712   Капчи нет. Идем дальше

2024-03-05 12:42:36.537802   Prev language: es

2024-03-05 12:42:36.537815   => Current language: es

2024-03-05 12:42:37.574964   Капчи нет. Идем дальше

2024-03-05 12:42:37.575046   Prev country: ae
2024-03-05 12:42:37.575059   => Current country: ae

2024-03-05 12:42:37.575068   => THE END PRECONDITIONS

2024-03-05 12:42:37.575100   1. Cur URL = https://capital.com/es/trade-stocks

2024-03-05 12:42:37.578120   2. Link = https://capital.com/es
2024-03-05 12:42:37.580830   Current page URL = https://capital.com/es/trade-stocks
2024-03-05 12:42:38.482616   => Loaded page https://capital.com/es
2024-03-05 12:42:38.997867   => Education menu is present
2024-03-05 12:42:39.016517   element = <selenium.webdriver.remote.webelement.WebElement (session="23f4aa2d2fbfc3bcd3ab97dab9b09c5c", element="f.CBB179D9756B3A38AB74B1AA690E4FF6.d.F37424019A4F7A0EC79BE75481FB78AA.e.6357")>
2024-03-05 12:42:39.016562   => Education menu is visible
2024-03-05 12:42:40.284470   => Focus moved to Education menu


2024-03-05 12:42:41.983773   => Shares trading sub-menu clicked

2024-03-05 12:42:41.990994   1. Arrange_v0
2024-03-05 12:42:42.005220   => BUTTON_TRY_DEMO is present on this page
2024-03-05 12:42:42.005273   BUTTON_TRY_DEMO scroll =>
2024-03-05 12:42:42.011619   BUTTON_TRY_DEMO is visible? =>
2024-03-05 12:42:42.049305   => BUTTON_TRY_DEMO is visible on this page

2024-03-05 12:42:42.049537   2. Act_v0
2024-03-05 12:42:42.055864   BUTTON_TRY_DEMO is clickable? =>
2024-03-05 12:42:42.081011   => BUTTON_TRY_DEMO clicked!

2024-03-05 12:42:42.081242   3. Assert_v0
2024-03-05 12:42:42.081330   Start step Check that [Sign up] form is opened
2024-03-05 12:42:42.265892   'Sign up' form opened
2024-03-05 12:42:42.265933   Assert SIGNUP_HEADER =>
2024-03-05 12:42:42.282525   Assert SIGNUP_REF_LOGIN =>
2024-03-05 12:42:42.297019   Assert SIGNUP_PRIVACY_POLICY_ALL_2 =>
2024-03-05 12:42:42.311503   => SIGNUP_PRIVACY_POLICY_ALL
2024-03-05 12:42:42.311545   => 'Signup' form is checked
2024-03-05 12:42:42.311713   Start step Close [Sign up] form =>
2024-03-05 12:42:42.405294   => 'Signup' form closed
