


Current language - pl
{'width': 1280, 'height': 800}

2024-06-29 18:01:36.639903   worker_id = master

2024-06-29 18:01:36.639917   0. Allure grouping for US_55

2024-06-29 18:01:37.316917   START PRECONDITIONS =>

2024-06-29 18:01:37.316963   => URL after prev. preconditions - https://capital.com/pl
2024-06-29 18:01:37.316981   => flag_of_bug - False
2024-06-29 18:01:37.316999   => Current URL - https://capital.com/pl

2024-06-29 18:01:37.351189   => Windows size: {'width': 1280, 'height': 800}
2024-06-29 18:01:37.352430   Set windows position at (0, 0) =>
2024-06-29 18:01:37.357617   Set resolution 1280 * 800 =>
2024-06-29 18:01:37.359287   => Windows size is set to {'width': 1280, 'height': 800}

2024-06-29 18:01:38.410881   Капчи нет. Идем дальше

2024-06-29 18:01:38.410966   Работа с куками =>

2024-06-29 18:01:38.410981   => не требуется

2024-06-29 18:01:39.440257   Капчи нет. Идем дальше

2024-06-29 18:01:39.440345   Prev. country - 'de'
2024-06-29 18:01:39.440358   Cur. country - 'au'
2024-06-29 18:01:39.440368   Set 'au' country =>
2024-06-29 18:01:39.447932   => Language and Country menu is present
2024-06-29 18:01:39.459699   => Language and Country menu is visible
2024-06-29 18:01:40.741654   => Focus is moved on Language and Country menu 
2024-06-29 18:01:43.286746   => Cur url = https://capital.com/pl?country=au
2024-06-29 18:01:43.339666   => Country set to 'au'

2024-06-29 18:01:44.382504   Капчи нет. Идем дальше

2024-06-29 18:01:44.382597   Prev. language - 'pl'
2024-06-29 18:01:44.382637   Cur. language - 'pl'
2024-06-29 18:01:44.382649   => Language is set to 'pl'

2024-06-29 18:01:45.408731   Капчи нет. Идем дальше

2024-06-29 18:01:45.408811   Prev. role - 'NoReg'
2024-06-29 18:01:45.408825   Cur. role - 'NoReg'
2024-06-29 18:01:45.408835   => The 'NoReg' role is set

2024-06-29 18:01:45.411630   => Current URL - https://capital.com/pl?country=au

2024-06-29 18:01:45.411652   => THE END PRECONDITIONS

2024-06-29 18:01:45.411908   1. Arrange
2024-06-29 18:01:45.411924   IS [Sign up] button present on this page? =>
2024-06-29 18:01:45.416458   => [Sign up] button present on this page!

2024-06-29 18:01:45.426375   IS [Sign up] button visible on this page? =>
2024-06-29 18:01:45.435363   => [Sign up] button is visible on this page!


2024-06-29 18:01:45.435515   2. Act_v0
2024-06-29 18:01:45.435531   IS [Sign up] clickable on the page? =>
2024-06-29 18:01:45.452015   => [Sign up] is clickable on the page!


2024-06-29 18:01:45.452039   Start Click button [Sign up] =>
2024-06-29 18:01:45.495227   => End Click button [Sign up] 
2024-06-29 18:01:45.495402   Start step Check that [Sign up] form is opened
2024-06-29 18:01:45.683919   'Sign up' form opened
2024-06-29 18:01:45.683957   Assert SIGNUP_HEADER =>
2024-06-29 18:01:45.696331   Assert SIGNUP_REF_LOGIN =>
2024-06-29 18:01:45.707751   Assert SIGNUP_PRIVACY_POLICY_ALL_2 =>
2024-06-29 18:01:45.742917   => SIGNUP_PRIVACY_POLICY_ALL
2024-06-29 18:01:45.742972   => 'Signup' form is checked
2024-06-29 18:01:45.743051   => 'Sign up' form is opened

2024-06-29 18:01:45.743311   3. Assert
2024-06-29 18:01:45.743341   Is 'Please enter a valid Email' message displayed on this page after putting invalid email? =>
2024-06-29 18:01:45.743359   => Start fill out 'Email address' field.
2024-06-29 18:01:45.803706   => 'Email address' is inputted

2024-06-29 18:01:45.905244   => Switch to 'Password' field

get_attribute:  display: block;
2024-06-29 18:01:45.917969   => 'Please enter a valid Email' message is displayed

2024-06-29 18:01:45.917995   Save current screenshot into PNG file
2024-06-29 18:01:46.028419   Is [Continue] button active after putting invalid email? =>
2024-06-29 18:01:46.028453   => Start fill out 'Password' field.
2024-06-29 18:01:46.110477   => 'Password' is inputted

continue_button:  btn btn--md btn--wide s2_btn disabled hasPointer
2024-06-29 18:01:46.128399   => '[Continue] button is not active after putting invalid email

2024-06-29 18:01:46.128429   Save current screenshot into PNG file
