{'width': 1280, 'height': 720}

2024-03-05 12:51:26.475256   worker_id = master

2024-03-05 12:51:26.475270   0. Allure grouping v4


2024-03-05 12:51:26.475465   START PRECONDITIONS =>


2024-03-05 12:51:26.475480   {'width': 1280, 'height': 720}

2024-03-05 12:51:26.476804   Set windows position at (0, 0) =>

2024-03-05 12:51:26.579163   Set resolution 1280 * 720 =>

2024-03-05 12:51:26.681926   => Resolution seted {'width': 1280, 'height': 720}

2024-03-05 12:51:27.719095   Капчи нет. Идем дальше

2024-03-05 12:51:27.719217   Prev. Role: NoAuth

2024-03-05 12:51:27.719236   Current role: NoAuth

2024-03-05 12:51:28.744684   Капчи нет. Идем дальше

2024-03-05 12:51:28.744795   Prev language: es

2024-03-05 12:51:28.744816   => Current language: es

2024-03-05 12:51:29.776319   Капчи нет. Идем дальше

2024-03-05 12:51:29.776403   Prev country: ae
2024-03-05 12:51:29.776416   => Current country: ae

2024-03-05 12:51:29.776425   => THE END PRECONDITIONS

2024-03-05 12:51:29.776599   1. Arrange_v0
2024-03-05 12:51:29.779397   BUTTON_CREATE_YOUR_ACCOUNT is located on the page? =>

2024-03-05 12:51:29.787160   2. Act_v0: Define of locator

2024-03-05 12:51:29.787185   2. Act_v0: Go to web element

2024-03-05 12:51:30.895898   2. Act_v0: Click web element
2024-03-05 12:51:30.936196   => BUTTON_CREATE_YOUR_ACCOUNT is clicked

2024-03-05 12:51:30.936444   3. Assert_v0
2024-03-05 12:51:30.936533   Start step Check that [Sign up] form is opened
2024-03-05 12:51:30.950222   'Sign up' form opened
2024-03-05 12:51:30.950253   Assert SIGNUP_HEADER =>
2024-03-05 12:51:30.962852   Assert SIGNUP_REF_LOGIN =>
2024-03-05 12:51:30.975120   Assert SIGNUP_PRIVACY_POLICY_ALL_2 =>
2024-03-05 12:51:30.987305   => SIGNUP_PRIVACY_POLICY_ALL
2024-03-05 12:51:30.987333   => 'Signup' form is checked
2024-03-05 12:51:30.987496   Start step Close [Sign up] form =>
2024-03-05 12:51:31.064492   => 'Signup' form closed
