{'width': 1280, 'height': 800}

2024-04-15 13:22:42.821605   worker_id = master

2024-04-15 13:22:42.821619   0. Allure grouping v4

2024-04-15 13:22:42.821799   START PRECONDITIONS =>

2024-04-15 13:22:42.821815   => URL after prev. preconditions - https://capital.com/ru
2024-04-15 13:22:42.821824   => flag_of_bug - False
2024-04-15 13:22:42.821835   => Current URL - https://capital.com/ru/us-smallcap-2000-indeks
2024-04-15 13:22:42.827207   Current page URL = https://capital.com/ru/us-smallcap-2000-indeks
2024-04-15 13:22:42.829703   self.link = https://capital.com/ru
2024-04-15 13:22:42.829725   driver.get(https://capital.com/ru) =>
2024-04-15 13:22:44.547065   => Loaded page https://capital.com/ru

2024-04-15 13:22:44.552143   => Windows size - {'width': 1280, 'height': 800}
2024-04-15 13:22:44.553528   Set windows position at (0, 0) =>
2024-04-15 13:22:44.655851   Set resolution 1280 * 800 =>
2024-04-15 13:22:44.758355   => Windows size is set to {'width': 1280, 'height': 800}

2024-04-15 13:22:45.800768   Капчи нет. Идем дальше

2024-04-15 13:22:45.800857   Работа с куками =>

2024-04-15 13:22:45.800872   => не требуется

2024-04-15 13:22:45.800881   Prev. country - 'ae'
2024-04-15 13:22:45.800891   Cur. country - 'ae'
2024-04-15 13:22:45.800900   => Country set to 'ae'

2024-04-15 13:22:45.800909   Prev. language - 'ru'
2024-04-15 13:22:45.800917   Cur. language - 'ru'
2024-04-15 13:22:45.800926   => Language is set to 'ru'

2024-04-15 13:22:45.800935   Prev. role - 'NoReg'
2024-04-15 13:22:45.800943   Cur. role - 'NoReg'
2024-04-15 13:22:45.800952   => The 'NoReg' role is set

2024-04-15 13:22:45.803710   => Current URL - https://capital.com/ru

2024-04-15 13:22:45.803732   => THE END PRECONDITIONS

2024-04-15 13:22:45.803928   1. Arrange_v0
2024-04-15 13:22:45.803946   current_page = https://capital.com/ru
2024-04-15 13:22:45.806513   link = https://capital.com/ru/us-smallcap-2000-indeks
2024-04-15 13:22:45.808951   Current page URL = https://capital.com/ru
2024-04-15 13:22:45.811363   self.link = https://capital.com/ru/us-smallcap-2000-indeks
2024-04-15 13:22:45.811377   driver.get(https://capital.com/ru/us-smallcap-2000-indeks) =>
2024-04-15 13:22:47.437389   => Loaded page https://capital.com/ru/us-smallcap-2000-indeks
2024-04-15 13:22:47.452206   Is button BUTTON_VIEW_DETAILED_CHART present on the page? =>
2024-04-15 13:22:47.452244   => BUTTON_VIEW_DETAILED_CHART is present on the page
2024-04-15 13:22:47.452254   BUTTON_VIEW_DETAILED_CHART scroll =>
2024-04-15 13:22:47.455683   => BUTTON_VIEW_DETAILED_CHART scrolled
2024-04-15 13:22:47.455852   Start Checking that form [Sign up] popped up on the page =>
2024-04-15 13:22:48.989656   '[Sign up]' form was not popped up

2024-04-15 13:22:48.989845   2. Act_v0
2024-04-15 13:22:48.989861   Start Click button [View Detailed Chart] =>
2024-04-15 13:22:49.007039   BUTTON_VIEW_DETAILED_CHART is clickable =>
2024-04-15 13:22:49.042316 => BUTTON_VIEW_DETAILED_CHART clicked

2024-04-15 13:22:49.042542   3. Assert_v0
2024-04-15 13:22:49.042631   Start step Check that [Sign up] form is opened
2024-04-15 13:22:49.229689   'Sign up' form opened
2024-04-15 13:22:49.229733   Assert SIGNUP_HEADER =>
2024-04-15 13:22:49.242294   Assert SIGNUP_REF_LOGIN =>
2024-04-15 13:22:49.254095   Assert SIGNUP_PRIVACY_POLICY_ALL_2 =>
2024-04-15 13:22:49.264965   => SIGNUP_PRIVACY_POLICY_ALL
2024-04-15 13:22:49.265001   => 'Signup' form is checked
2024-04-15 13:22:49.265205   Start step Close [Sign up] form =>
2024-04-15 13:22:49.342666   => 'Signup' form closed
2024-04-15 13:22:49.614518   => Focus moved to 'capital*com' logo
