{'width': 1280, 'height': 800}

2024-04-15 13:48:15.509108   worker_id = master

2024-04-15 13:48:15.509122   0. Allure grouping v4

2024-04-15 13:48:15.509301   START PRECONDITIONS =>

2024-04-15 13:48:15.509317   => URL after prev. preconditions - https://capital.com/ru
2024-04-15 13:48:15.509326   => flag_of_bug - False
2024-04-15 13:48:15.509337   => Current URL - https://capital.com/ru/marathon-patent-group-inc-cena-akcii
2024-04-15 13:48:15.514415   Current page URL = https://capital.com/ru/marathon-patent-group-inc-cena-akcii
2024-04-15 13:48:15.516894   self.link = https://capital.com/ru
2024-04-15 13:48:15.516908   driver.get(https://capital.com/ru) =>
2024-04-15 13:48:17.334109   => Loaded page https://capital.com/ru

2024-04-15 13:48:17.339771   => Windows size - {'width': 1280, 'height': 800}
2024-04-15 13:48:17.341138   Set windows position at (0, 0) =>
2024-04-15 13:48:17.443265   Set resolution 1280 * 800 =>
2024-04-15 13:48:17.545486   => Windows size is set to {'width': 1280, 'height': 800}

2024-04-15 13:48:18.588644   Капчи нет. Идем дальше

2024-04-15 13:48:18.588736   Работа с куками =>

2024-04-15 13:48:18.588751   => не требуется

2024-04-15 13:48:18.588760   Prev. country - 'ae'
2024-04-15 13:48:18.588770   Cur. country - 'ae'
2024-04-15 13:48:18.588779   => Country set to 'ae'

2024-04-15 13:48:18.588788   Prev. language - 'ru'
2024-04-15 13:48:18.588797   Cur. language - 'ru'
2024-04-15 13:48:18.588805   => Language is set to 'ru'

2024-04-15 13:48:18.588814   Prev. role - 'NoReg'
2024-04-15 13:48:18.588823   Cur. role - 'NoReg'
2024-04-15 13:48:18.588831   => The 'NoReg' role is set

2024-04-15 13:48:18.591635   => Current URL - https://capital.com/ru

2024-04-15 13:48:18.591657   => THE END PRECONDITIONS

2024-04-15 13:48:18.591708   1. Arrange_v0
2024-04-15 13:48:18.591723   current_page = https://capital.com/ru
2024-04-15 13:48:18.594371   link = https://capital.com/ru/marathon-patent-group-inc-cena-akcii
2024-04-15 13:48:18.596894   Current page URL = https://capital.com/ru
2024-04-15 13:48:18.599351   self.link = https://capital.com/ru/marathon-patent-group-inc-cena-akcii
2024-04-15 13:48:18.599365   driver.get(https://capital.com/ru/marathon-patent-group-inc-cena-akcii) =>
2024-04-15 13:48:20.451336   => Loaded page https://capital.com/ru/marathon-patent-group-inc-cena-akcii
2024-04-15 13:48:20.455916   BUTTON_SELL is located on the page? =>
2024-04-15 13:48:20.464086   => BUTTON_SELL is located on the page!
2024-04-15 13:48:20.464279   Start Checking that form [Sign up] popped up on the page =>
2024-04-15 13:48:22.009254   '[Sign up]' form was not popped up

2024-04-15 13:48:22.009457   2. Act_v0
2024-04-15 13:48:22.014743   BUTTON_SELL is present? =>
2024-04-15 13:48:22.014767   => BUTTON_SELL is present on the page
2024-04-15 13:48:22.014776   BUTTON_SELL scroll =>
2024-04-15 13:48:22.018070   => BUTTON_SELL scrolled
2024-04-15 13:48:22.042221   BUTTON_SELL is clickable? =>
2024-04-15 13:48:22.051732   BUTTON_SELL CLICK =>
2024-04-15 13:48:22.091181   => BUTTON_SELL clicked!

2024-04-15 13:48:22.091419   3. Assert_v0
2024-04-15 13:48:22.091508   Start step Check that [Sign up] form is opened
2024-04-15 13:48:22.695462   'Sign up' form opened
2024-04-15 13:48:22.695507   Assert SIGNUP_HEADER =>
2024-04-15 13:48:22.708407   Assert SIGNUP_REF_LOGIN =>
2024-04-15 13:48:22.718397   Assert SIGNUP_PRIVACY_POLICY_ALL_2 =>
2024-04-15 13:48:22.729304   => SIGNUP_PRIVACY_POLICY_ALL
2024-04-15 13:48:22.729336   => 'Signup' form is checked
2024-04-15 13:48:22.729508   Start step Close [Sign up] form =>
2024-04-15 13:48:22.818955   => 'Signup' form closed
2024-04-15 13:48:23.086862   => Focus moved to 'capital*com' logo
