{'width': 1280, 'height': 800}

2024-04-15 15:32:34.593889   worker_id = master

2024-04-15 15:32:34.593903   0. Allure grouping v4

2024-04-15 15:32:34.594083   START PRECONDITIONS =>

2024-04-15 15:32:34.594099   => URL after prev. preconditions - https://capital.com/ru
2024-04-15 15:32:34.594109   => flag_of_bug - False
2024-04-15 15:32:34.594119   => Current URL - https://capital.com/ru/torgovlya-apple-cfd
2024-04-15 15:32:34.599194   Current page URL = https://capital.com/ru/torgovlya-apple-cfd
2024-04-15 15:32:34.601726   self.link = https://capital.com/ru
2024-04-15 15:32:34.601744   driver.get(https://capital.com/ru) =>
2024-04-15 15:32:36.695962   => Loaded page https://capital.com/ru

2024-04-15 15:32:36.699256   => Windows size - {'width': 1280, 'height': 800}
2024-04-15 15:32:36.700672   Set windows position at (0, 0) =>
2024-04-15 15:32:36.804052   Set resolution 1280 * 800 =>
2024-04-15 15:32:36.906300   => Windows size is set to {'width': 1280, 'height': 800}

2024-04-15 15:32:37.943036   Капчи нет. Идем дальше

2024-04-15 15:32:37.943123   Работа с куками =>

2024-04-15 15:32:37.943137   => не требуется

2024-04-15 15:32:37.943146   Prev. country - 'ae'
2024-04-15 15:32:37.943156   Cur. country - 'ae'
2024-04-15 15:32:37.943165   => Country set to 'ae'

2024-04-15 15:32:37.943174   Prev. language - 'ru'
2024-04-15 15:32:37.943182   Cur. language - 'ru'
2024-04-15 15:32:37.943191   => Language is set to 'ru'

2024-04-15 15:32:37.943200   Prev. role - 'NoReg'
2024-04-15 15:32:37.943208   Cur. role - 'NoReg'
2024-04-15 15:32:37.943217   => The 'NoReg' role is set

2024-04-15 15:32:37.945821   => Current URL - https://capital.com/ru

2024-04-15 15:32:37.945843   => THE END PRECONDITIONS

2024-04-15 15:32:37.945885   1. Arrange
2024-04-15 15:32:37.945899   current_page = https://capital.com/ru
2024-04-15 15:32:37.948345   link = https://capital.com/ru/torgovlya-apple-cfd

2024-04-15 15:32:37.950732   Open page: https://capital.com/ru/torgovlya-apple-cfd
2024-04-15 15:32:37.950753   Current page URL = https://capital.com/ru
2024-04-15 15:32:37.955943   self.link = https://capital.com/ru/torgovlya-apple-cfd
2024-04-15 15:32:37.955958   driver.get(https://capital.com/ru/torgovlya-apple-cfd) =>
2024-04-15 15:32:39.779959   => Loaded page https://capital.com/ru/torgovlya-apple-cfd
2024-04-15 15:32:39.784500   BUTTON_ON_HOR_BANNER is present? =>
2024-04-15 15:32:39.796025   => BUTTON_ON_HOR_BANNER is present on this page
2024-04-15 15:32:39.796053   BUTTON_ON_HOR_BANNER scroll =>
2024-04-15 15:32:39.799343   BUTTON_ON_HOR_BANNER is visible? =>
2024-04-15 15:32:39.851215   => BUTTON_ON_HOR_BANNER is visible on the page!
2024-04-15 15:32:39.851404   Start Checking that form [Sign up] popped up on the page =>
2024-04-15 15:32:41.413357   '[Sign up]' form was not popped up

2024-04-15 15:32:41.413536   2. Act

2024-04-15 15:32:41.431242   => Button on Horizontal banner is clickable

2024-04-15 15:32:41.438842   data_id = 392
2024-04-15 15:32:41.475797   => BUTTON_ON_HOR_BANNER clicked!

2024-04-15 15:32:41.476024   3. Assert_v0
2024-04-15 15:32:41.476113   Start step Check that [Sign up] form is opened
2024-04-15 15:32:41.925681   'Sign up' form opened
2024-04-15 15:32:41.925720   Assert SIGNUP_HEADER =>
2024-04-15 15:32:41.936562   Assert SIGNUP_REF_LOGIN =>
2024-04-15 15:32:41.946906   Assert SIGNUP_PRIVACY_POLICY_ALL_2 =>
2024-04-15 15:32:41.957894   => SIGNUP_PRIVACY_POLICY_ALL
2024-04-15 15:32:41.957929   => 'Signup' form is checked
2024-04-15 15:32:41.958125   Start step Close [Sign up] form =>
2024-04-15 15:32:42.030415   => 'Signup' form closed
2024-04-15 15:32:42.302966   => Focus moved to 'capital*com' logo
