{'width': 1920, 'height': 1080}

2024-10-12 23:28:27.404595   worker_id = master

2024-10-12 23:28:27.404608   0. Allure grouping for US_55


2024-10-12 23:28:27.404802   START PRECONDITIONS =>

2024-10-12 23:28:27.404818   => URL after prev. preconditions - https://capital.com/en-gb
2024-10-12 23:28:27.404827   => flag_of_bug - True
2024-10-12 23:28:27.404839   => Current URL - https://capital.com/en-gb/ways-to-trade/spread-betting
2024-10-12 23:28:27.410292   Current page URL = https://capital.com/en-gb/ways-to-trade/spread-betting
2024-10-12 23:28:27.413068   self.link = https://capital.com/en-gb
2024-10-12 23:28:27.413082   driver.get(https://capital.com/en-gb) =>
2024-10-12 23:28:28.832899   => Loaded page https://capital.com/en-gb

2024-10-12 23:28:28.837402   => Windows size: {'width': 1920, 'height': 1080}

2024-10-12 23:28:28.838832   Set windows position at (0, 0) =>

2024-10-12 23:28:28.840547   Set resolution 1920 * 1080 =>

2024-10-12 23:28:28.842250   => Resolution set {'width': 1920, 'height': 1080}

2024-10-12 23:28:28.843562   Работа с куками =>
2024-10-12 23:28:28.843576   Prev. role - 'NoReg'
2024-10-12 23:28:28.843585   Current testing role - 'Auth'

2024-10-12 23:28:28.843594   All cookies must be delete =>
2024-10-12 23:28:28.954540   => All cookies are deleted
2024-10-12 23:28:28.954600   Current page URL = https://capital.com/en-gb
2024-10-12 23:28:28.960325   self.link = https://capital.com/en-gb
2024-10-12 23:28:28.960339   driver.get(https://capital.com/en-gb) =>
2024-10-12 23:28:30.298959   => Loaded page https://capital.com/en-gb

2024-10-12 23:28:30.318098   Step 'Click button [Accept all cookies]'
2024-10-12 23:28:30.318110   Is Visible Button [Accept all cookies]? =>
2024-10-12 23:28:31.490454   => Button [Accept all cookies] is visible
2024-10-12 23:28:31.990570   Is clickable Button [Accept all cookies] =>
2024-10-12 23:28:32.006579   => Button [Accept all cookies] is clickable
2024-10-12 23:28:32.006611   Click Button [Accept all cookies] =>
2024-10-12 23:28:32.221705   => Button [Accept all cookies] is clicked
2024-10-12 23:28:32.221752   => Accepted All Cookies

2024-10-12 23:28:32.721872   Prev. role - 'NoReg'
2024-10-12 23:28:32.721929   Cur. role - 'Auth'

2024-10-12 23:28:32.722137   Start Authorization
2024-10-12 23:28:32.820755   => 'Login' form is opened
2024-10-12 23:28:33.035010   => "login" and "password" are inputted
2024-10-12 23:28:33.035063   Click [Continue] button on [Login] form =>
2024-10-12 23:28:33.100630   => [Continue] button on [Login] form is clicked
2024-10-12 23:28:33.100673   Set timeout = 30
2024-10-12 23:28:34.964421   => Page with 'Trading Platform | Capital.com' title opened

2024-10-12 23:28:34.964515   2. Checking that the LOGO is present on the page =>
2024-10-12 23:28:36.649696   => 'capital*com' logo is present on the current page

2024-10-12 23:28:37.046101   => The 'Auth' role is set

2024-10-12 23:28:37.046159   Prev. language: ro
2024-10-12 23:28:37.046177   Cur. language - 'en'

2024-10-12 23:28:37.046194   Prev. country: ua
2024-10-12 23:28:37.046209   Cur. country: gb

2024-10-12 23:28:37.046418   Set "en" language and "gb" country =>
2024-10-12 23:28:37.046443   Current page URL = https://capital.com/en-gb
2024-10-12 23:28:37.095408   self.link = https://capital.com/en-gb
2024-10-12 23:28:37.095436   driver.get(https://capital.com/en-gb) =>
2024-10-12 23:28:38.347121   => Loaded page https://capital.com/en-gb
2024-10-12 23:28:38.355530   => Language is set to 'en'
2024-10-12 23:28:38.355549   => Country is set to 'gb'
2024-10-12 23:28:38.355559   => Current URL - https://capital.com/en-gb

2024-10-12 23:28:38.360662   => Current URL - https://capital.com/en-gb

2024-10-12 23:28:38.360682   => END PRECONDITIONS

2024-10-12 23:28:38.360861   START Open "Trading" menu, "Spread betting" submenu =>

2024-10-12 23:28:38.360878   1. Cur URL = https://capital.com/en-gb

2024-10-12 23:28:38.365375   2. Link = https://capital.com/en-gb
2024-10-12 23:28:38.365390   current_page = https://capital.com/en-gb
2024-10-12 23:28:38.367854   link = https://capital.com/en-gb
2024-10-12 23:28:38.877014   => 'Trading' menu is present
2024-10-12 23:28:38.892241   => 'Trading' menu is visible
2024-10-12 23:28:40.250144   => Focus moved to 'Trading' menu
2024-10-12 23:28:40.267049   => 'Spread betting' submenu is visible
2024-10-12 23:28:41.062377   => 'Spread betting' sub-menu clicked
2024-10-12 23:28:46.379549   => Focus moved to 'capital*com' logo
2024-10-12 23:28:46.379593   3. Cur URL = https://capital.com/en-gb/ways-to-trade/spread-betting

2024-10-12 23:28:46.385353   1. Start Arrange: find widget in the block 'Our spread betting markets'
2024-10-12 23:28:46.385376   current_page = https://capital.com/en-gb/ways-to-trade/spread-betting
2024-10-12 23:28:46.388020   link = https://capital.com/en-gb/ways-to-trade/spread-betting
2024-10-12 23:28:46.390628   Start to check widget of the block 'Our spread betting markets' in DOM on the page 'Spread betting'

2024-10-12 23:28:46.395851   The page 'Spread betting' have widget of the block 'Our spread betting markets' in DOM

2024-10-12 23:28:46.404109   Start to check visibility widget of the block 'Our spread betting markets' on the page 'Spread betting'

2024-10-12 23:28:46.442466   Widget of the block 'Our spread betting markets' visible on the page 'Spread betting'


2024-10-12 23:28:46.442692   2. Start Act. Click on the button Shares
2024-10-12 23:28:46.442711   Start check button Shares in DOM of the block 'Our spread betting markets' 
2024-10-12 23:28:46.450016   The block 'Our spread betting markets' have button Shares in DOM

2024-10-12 23:28:46.458225   Is Button Shares of the block 'Our spread betting markets' visible on the page 'Spread betting'?
2024-10-12 23:28:46.468492   Button Shares of the block 'Our spread betting markets' is visible on the page 'Spread betting'

2024-10-12 23:28:46.468521   Is button Shares of the block 'Our spread betting markets' clickable on the page 'Spread betting'
2024-10-12 23:28:46.485813   Button Shares of the block 'Our spread betting markets' is clickable on the page 'Spread betting'


2024-10-12 23:28:46.537469   Button Shares clicked

2024-10-12 23:28:46.537772   3. Start Assert. Find widget in the block 'Our spread betting markets'
2024-10-12 23:28:46.537823   Do the page 'Spread betting' have widget of the block 'Our spread betting markets' in DOM?
2024-10-12 23:28:51.593559   => The page 'Spread betting' don't have widget of the block 'Our spread betting markets' in DOM when button Shares clicked
