{'width': 1280, 'height': 800}

2024-04-15 13:24:45.433401   worker_id = master

2024-04-15 13:24:45.433427   0. Allure grouping v4

2024-04-15 13:24:45.433780   START PRECONDITIONS =>

2024-04-15 13:24:45.433806   => URL after prev. preconditions - https://capital.com/ru
2024-04-15 13:24:45.433824   => flag_of_bug - False
2024-04-15 13:24:45.433843   => Current URL - https://capital.com/ru/btc-usd-grafik
2024-04-15 13:24:45.440142   Current page URL = https://capital.com/ru/btc-usd-grafik
2024-04-15 13:24:45.443735   self.link = https://capital.com/ru
2024-04-15 13:24:45.443750   driver.get(https://capital.com/ru) =>
2024-04-15 13:24:47.291507   => Loaded page https://capital.com/ru

2024-04-15 13:24:47.297502   => Windows size - {'width': 1280, 'height': 800}
2024-04-15 13:24:47.298815   Set windows position at (0, 0) =>
2024-04-15 13:24:47.401035   Set resolution 1280 * 800 =>
2024-04-15 13:24:47.503253   => Windows size is set to {'width': 1280, 'height': 800}

2024-04-15 13:24:48.531476   Капчи нет. Идем дальше

2024-04-15 13:24:48.531564   Работа с куками =>

2024-04-15 13:24:48.531578   => не требуется

2024-04-15 13:24:48.531588   Prev. country - 'ae'
2024-04-15 13:24:48.531597   Cur. country - 'ae'
2024-04-15 13:24:48.531606   => Country set to 'ae'

2024-04-15 13:24:48.531615   Prev. language - 'ru'
2024-04-15 13:24:48.531624   Cur. language - 'ru'
2024-04-15 13:24:48.531633   => Language is set to 'ru'

2024-04-15 13:24:48.531642   Prev. role - 'NoReg'
2024-04-15 13:24:48.531650   Cur. role - 'NoReg'
2024-04-15 13:24:48.531659   => The 'NoReg' role is set

2024-04-15 13:24:48.534362   => Current URL - https://capital.com/ru

2024-04-15 13:24:48.534385   => THE END PRECONDITIONS

2024-04-15 13:24:48.534426   1. Arrange_v0
2024-04-15 13:24:48.534439   current_page = https://capital.com/ru
2024-04-15 13:24:48.536968   link = https://capital.com/ru/btc-usd-grafik
2024-04-15 13:24:48.539669   Current page URL = https://capital.com/ru
2024-04-15 13:24:48.542124   self.link = https://capital.com/ru/btc-usd-grafik
2024-04-15 13:24:48.542137   driver.get(https://capital.com/ru/btc-usd-grafik) =>
2024-04-15 13:24:50.314680   => Loaded page https://capital.com/ru/btc-usd-grafik
2024-04-15 13:24:50.320288   BUTTON_BUY is located on the page? =>
2024-04-15 13:24:50.329443   => BUTTON_BUY is located on the page!
2024-04-15 13:24:50.329655   Start Checking that form [Sign up] popped up on the page =>
2024-04-15 13:24:51.862178   '[Sign up]' form was not popped up

2024-04-15 13:24:51.862368   2. Act_v0
2024-04-15 13:24:51.867831   BUTTON_BUY is present? =>
2024-04-15 13:24:51.867854   => BUTTON_BUY is present on the page
2024-04-15 13:24:51.867864   BUTTON_BUY scroll =>
2024-04-15 13:24:51.871158   => BUTTON_BUY scrolled
2024-04-15 13:24:51.908115   BUTTON_BUY is clickable? =>
2024-04-15 13:24:51.921143   BUTTON_BUY CLICK =>
2024-04-15 13:24:51.955932   => BUTTON_BUY clicked!

2024-04-15 13:24:51.956158   3. Assert_v0
2024-04-15 13:24:51.956281   Start step Check that [Sign up] form is opened
2024-04-15 13:24:52.139573   'Sign up' form opened
2024-04-15 13:24:52.139608   Assert SIGNUP_HEADER =>
2024-04-15 13:24:52.170789   Assert SIGNUP_REF_LOGIN =>
2024-04-15 13:24:52.188767   Assert SIGNUP_PRIVACY_POLICY_ALL_2 =>
2024-04-15 13:24:52.206286   => SIGNUP_PRIVACY_POLICY_ALL
2024-04-15 13:24:52.206324   => 'Signup' form is checked
2024-04-15 13:24:52.206552   Start step Close [Sign up] form =>
2024-04-15 13:24:52.322293   => 'Signup' form closed
2024-04-15 13:24:52.594158   => Focus moved to 'capital*com' logo
