{'width': 1280, 'height': 800}

2024-04-15 14:52:15.272154   worker_id = master

2024-04-15 14:52:15.272187   0. Allure grouping v4

2024-04-15 14:52:15.272369   START PRECONDITIONS =>

2024-04-15 14:52:15.272385   => URL after prev. preconditions - https://capital.com/ru
2024-04-15 14:52:15.272394   => flag_of_bug - False
2024-04-15 14:52:15.272405   => Current URL - https://capital.com/ru/platinum-spot-tovar
2024-04-15 14:52:15.277647   Current page URL = https://capital.com/ru/platinum-spot-tovar
2024-04-15 14:52:15.280198   self.link = https://capital.com/ru
2024-04-15 14:52:15.280212   driver.get(https://capital.com/ru) =>
2024-04-15 14:52:17.136460   => Loaded page https://capital.com/ru

2024-04-15 14:52:17.140863   => Windows size - {'width': 1280, 'height': 800}
2024-04-15 14:52:17.142211   Set windows position at (0, 0) =>
2024-04-15 14:52:17.244555   Set resolution 1280 * 800 =>
2024-04-15 14:52:17.346890   => Windows size is set to {'width': 1280, 'height': 800}

2024-04-15 14:52:18.389596   Капчи нет. Идем дальше

2024-04-15 14:52:18.389684   Работа с куками =>

2024-04-15 14:52:18.389698   => не требуется

2024-04-15 14:52:18.389708   Prev. country - 'ae'
2024-04-15 14:52:18.389717   Cur. country - 'ae'
2024-04-15 14:52:18.389726   => Country set to 'ae'

2024-04-15 14:52:18.389735   Prev. language - 'ru'
2024-04-15 14:52:18.389744   Cur. language - 'ru'
2024-04-15 14:52:18.389753   => Language is set to 'ru'

2024-04-15 14:52:18.389762   Prev. role - 'NoReg'
2024-04-15 14:52:18.389770   Cur. role - 'NoReg'
2024-04-15 14:52:18.389779   => The 'NoReg' role is set

2024-04-15 14:52:18.392590   => Current URL - https://capital.com/ru

2024-04-15 14:52:18.392612   => THE END PRECONDITIONS

2024-04-15 14:52:18.392794   1. Arrange_v0
2024-04-15 14:52:18.392811   current_page = https://capital.com/ru
2024-04-15 14:52:18.395404   link = https://capital.com/ru/platinum-spot-tovar
2024-04-15 14:52:18.397945   Current page URL = https://capital.com/ru
2024-04-15 14:52:18.402618   self.link = https://capital.com/ru/platinum-spot-tovar
2024-04-15 14:52:18.402632   driver.get(https://capital.com/ru/platinum-spot-tovar) =>
2024-04-15 14:52:20.016143   => Loaded page https://capital.com/ru/platinum-spot-tovar
2024-04-15 14:52:20.028364   Is button BUTTON_VIEW_DETAILED_CHART present on the page? =>
2024-04-15 14:52:20.028390   => BUTTON_VIEW_DETAILED_CHART is present on the page
2024-04-15 14:52:20.028400   BUTTON_VIEW_DETAILED_CHART scroll =>
2024-04-15 14:52:20.031728   => BUTTON_VIEW_DETAILED_CHART scrolled
2024-04-15 14:52:20.031891   Start Checking that form [Sign up] popped up on the page =>
2024-04-15 14:52:21.585713   '[Sign up]' form was not popped up

2024-04-15 14:52:21.585896   2. Act_v0
2024-04-15 14:52:21.585912   Start Click button [View Detailed Chart] =>
2024-04-15 14:52:21.602266   BUTTON_VIEW_DETAILED_CHART is clickable =>
2024-04-15 14:52:21.634562 => BUTTON_VIEW_DETAILED_CHART clicked

2024-04-15 14:52:21.634829   3. Assert_v0
2024-04-15 14:52:21.634945   Start step Check that [Sign up] form is opened
2024-04-15 14:52:21.822586   'Sign up' form opened
2024-04-15 14:52:21.822625   Assert SIGNUP_HEADER =>
2024-04-15 14:52:21.834481   Assert SIGNUP_REF_LOGIN =>
2024-04-15 14:52:21.845247   Assert SIGNUP_PRIVACY_POLICY_ALL_2 =>
2024-04-15 14:52:21.856626   => SIGNUP_PRIVACY_POLICY_ALL
2024-04-15 14:52:21.856656   => 'Signup' form is checked
2024-04-15 14:52:21.856818   Start step Close [Sign up] form =>
2024-04-15 14:52:21.947812   => 'Signup' form closed
2024-04-15 14:52:22.216189   => Focus moved to 'capital*com' logo
