{'width': 1280, 'height': 800}

2024-04-15 15:27:40.784662   worker_id = master

2024-04-15 15:27:40.784677   0. Allure grouping v4

2024-04-15 15:27:40.784863   START PRECONDITIONS =>

2024-04-15 15:27:40.784878   => URL after prev. preconditions - https://capital.com/ru
2024-04-15 15:27:40.784889   => flag_of_bug - True
2024-04-15 15:27:40.784899   => Current URL - https://capital.com/ru/torgovlya-apple-cfd
2024-04-15 15:27:40.790407   Current page URL = https://capital.com/ru/torgovlya-apple-cfd
2024-04-15 15:27:40.793106   self.link = https://capital.com/ru
2024-04-15 15:27:40.793120   driver.get(https://capital.com/ru) =>
2024-04-15 15:27:42.613276   => Loaded page https://capital.com/ru

2024-04-15 15:27:42.619438   => Windows size - {'width': 1280, 'height': 800}
2024-04-15 15:27:42.620845   Set windows position at (0, 0) =>
2024-04-15 15:27:42.723033   Set resolution 1280 * 800 =>
2024-04-15 15:27:42.825383   => Windows size is set to {'width': 1280, 'height': 800}

2024-04-15 15:27:43.862849   Капчи нет. Идем дальше

2024-04-15 15:27:43.862937   Работа с куками =>

2024-04-15 15:27:43.862951   => не требуется

2024-04-15 15:27:43.862961   Prev. country - 'ae'
2024-04-15 15:27:43.862970   Cur. country - 'ae'
2024-04-15 15:27:43.862980   => Country set to 'ae'

2024-04-15 15:27:43.862997   Prev. language - 'ru'
2024-04-15 15:27:43.863013   Cur. language - 'ru'
2024-04-15 15:27:43.863031   => Language is set to 'ru'

2024-04-15 15:27:43.863047   Prev. role - 'NoAuth'
2024-04-15 15:27:43.863062   Cur. role - 'NoAuth'
2024-04-15 15:27:43.863079   => The 'NoAuth' role is set

2024-04-15 15:27:43.867359   => Current URL - https://capital.com/ru

2024-04-15 15:27:43.867381   => THE END PRECONDITIONS

2024-04-15 15:27:43.867570   1. Arrange_v3
2024-04-15 15:27:43.867588   current_page = https://capital.com/ru
2024-04-15 15:27:43.870114   link = https://capital.com/ru/torgovlya-apple-cfd
2024-04-15 15:27:43.872516   Current page URL = https://capital.com/ru
2024-04-15 15:27:43.874914   self.link = https://capital.com/ru/torgovlya-apple-cfd
2024-04-15 15:27:43.874928   driver.get(https://capital.com/ru/torgovlya-apple-cfd) =>
2024-04-15 15:27:45.733134   => Loaded page https://capital.com/ru/torgovlya-apple-cfd
2024-04-15 15:27:45.737380   Is visible BUTTON_START_TRADING_IN_ARTICLE? =>
2024-04-15 15:27:45.737394   => BUTTON_START_TRADING_IN_ARTICLE =>
2024-04-15 15:27:46.773968   => BUTTON_START_TRADING_IN_ARTICLE2 =>
2024-04-15 15:27:47.804815   => BUTTON_START_TRADING_IN_ARTICLE3 =>
