Current test role - NoReg

{'width': 1280, 'height': 800}

2024-04-15 16:35:11.974376   worker_id = master

2024-04-15 16:35:11.974390   0. Allure grouping v4

2024-04-15 16:35:11.974566   START PRECONDITIONS =>

2024-04-15 16:35:11.974581   => URL after prev. preconditions - https://capital.com/ru
2024-04-15 16:35:11.974591   => flag_of_bug - False
2024-04-15 16:35:11.974602   => Current URL - https://capital.com/ru/trade-etfs
2024-04-15 16:35:11.979780   Current page URL = https://capital.com/ru/trade-etfs
2024-04-15 16:35:11.982293   self.link = https://capital.com/ru
2024-04-15 16:35:11.982306   driver.get(https://capital.com/ru) =>
2024-04-15 16:35:13.812420   => Loaded page https://capital.com/ru

2024-04-15 16:35:13.816723   => Windows size - {'width': 1280, 'height': 800}
2024-04-15 16:35:13.818121   Set windows position at (0, 0) =>
2024-04-15 16:35:13.922176   Set resolution 1280 * 800 =>
2024-04-15 16:35:14.024685   => Windows size is set to {'width': 1280, 'height': 800}

2024-04-15 16:35:15.066462   Капчи нет. Идем дальше

2024-04-15 16:35:15.066551   Работа с куками =>
2024-04-15 16:35:15.066565   Prev. role - 'NoAuth'
2024-04-15 16:35:15.066575   Current testing role - 'NoReg'

2024-04-15 16:35:15.066584   All cookies must be delete =>
2024-04-15 16:35:15.141631   => All cookies are deleted
2024-04-15 16:35:15.141668   Current page URL = https://capital.com/ru
2024-04-15 16:35:15.144274   self.link = https://capital.com/
2024-04-15 16:35:15.144287   driver.get(https://capital.com/) =>
2024-04-15 16:35:17.906340   => Loaded page https://capital.com/

2024-04-15 16:35:17.909917   Step 'Click button [Accept all cookies]'
2024-04-15 16:35:17.909930   Is Visible Button [Accept all cookies]? =>
2024-04-15 16:35:17.924037   => Button [Accept all cookies] is visible
2024-04-15 16:35:18.424155   Is clickable Button [Accept all cookies] =>
2024-04-15 16:35:18.441858   => Button [Accept all cookies] is clickable
2024-04-15 16:35:18.441897   Click Button [Accept all cookies] =>
2024-04-15 16:35:18.584776   => Button [Accept all cookies] is clicked
2024-04-15 16:35:18.584830   => Accepted All Cookies

2024-04-15 16:35:19.084943   Prev. country - '?'
2024-04-15 16:35:19.085003   Cur. country - 'ae'
2024-04-15 16:35:19.085014   Set 'ae' country =>
2024-04-15 16:35:19.099719   => Language and Country menu is present
2024-04-15 16:35:19.114211   => Language and Country menu is visible
2024-04-15 16:35:20.388688   => Focus is moved on Language and Country menu 
2024-04-15 16:35:22.973342   => Cur url = https://capital.com/?country=ae
2024-04-15 16:35:23.002951   => Country set to 'ae'

2024-04-15 16:35:23.002992   Prev. language - '?'
2024-04-15 16:35:23.003002   Cur. language - 'ru'
2024-04-15 16:35:23.003011   Set 'ru' language =>
2024-04-15 16:35:23.012385   => Language and Country menu is present
2024-04-15 16:35:23.022153   => Language and Country menu is visible
2024-04-15 16:35:24.322531   => Focus is moved on Language and Country menu 
2024-04-15 16:35:24.331281   Move focus on ru item and click =>
2024-04-15 16:35:25.878341   => Focus moved on ru item and clicked
2024-04-15 16:35:25.878378   => Cur url = https://capital.com/ru
2024-04-15 16:35:25.915693   => Language is set to 'ru'

2024-04-15 16:35:25.915723   Prev. role - 'NoAuth'
2024-04-15 16:35:25.915733   Cur. role - 'NoReg'
2024-04-15 16:35:25.915743   => The 'NoReg' role is set

2024-04-15 16:35:25.924285   => Current URL - https://capital.com/ru

2024-04-15 16:35:25.924334   => THE END PRECONDITIONS
2024-04-15 16:35:26.433627   => Education menu is present in DOM
2024-04-15 16:35:26.445742   => Education menu is visible
2024-04-15 16:35:27.720311   => Focus moved to Education menu

2024-04-15 16:35:29.578622   1. Arrange_v0
2024-04-15 16:35:29.578671   current_page = https://capital.com/ru/trade-etfs
2024-04-15 16:35:29.582655   link = https://capital.com/ru/trade-etfs
2024-04-15 16:35:29.603750   => current_url == cur_item_link
2024-04-15 16:35:29.613139   BUTTON_START_TRADING scroll =>
2024-04-15 16:35:29.616927   BUTTON_START_TRADING is visible? =>
2024-04-15 16:35:29.636358   => BUTTON_START_TRADING is visible on the page!

2024-04-15 16:35:29.636575   2. Act_v0
2024-04-15 16:35:29.636596   Start Click button [Start Trading] =>
2024-04-15 16:35:29.642415   BUTTON_START_TRADING is clickable? =>
2024-04-15 16:35:29.653049   BUTTON_START_TRADING click =>
2024-04-15 16:35:29.687658   => BUTTON_START_TRADING clicked

2024-04-15 16:35:29.687910   3. Assert_v0
2024-04-15 16:35:29.688004   Start step Check that [Sign up] form is opened
2024-04-15 16:35:30.091269   'Sign up' form opened
2024-04-15 16:35:30.091321   Assert SIGNUP_HEADER =>
2024-04-15 16:35:30.107398   Assert SIGNUP_REF_LOGIN =>
2024-04-15 16:35:30.123005   Assert SIGNUP_PRIVACY_POLICY_ALL_2 =>
2024-04-15 16:35:30.139698   => SIGNUP_PRIVACY_POLICY_ALL
2024-04-15 16:35:30.139748   => 'Signup' form is checked
2024-04-15 16:35:30.139979   Start step Close [Sign up] form =>
2024-04-15 16:35:30.231812   => 'Signup' form closed
2024-04-15 16:35:30.501827   => Focus moved to 'capital*com' logo
