


Current sort - Top fallers
{'width': 1280, 'height': 800}

2024-04-15 13:56:11.850482   worker_id = master

2024-04-15 13:56:11.850498   0. Allure grouping v4

2024-04-15 13:56:11.850718   START PRECONDITIONS =>

2024-04-15 13:56:11.850737   => URL after prev. preconditions - https://capital.com/ru
2024-04-15 13:56:11.850746   => flag_of_bug - True
2024-04-15 13:56:11.850757   => Current URL - https://capital.com/ru/forex?t=risers
2024-04-15 13:56:11.856343   Current page URL = https://capital.com/ru/forex?t=risers
2024-04-15 13:56:11.858997   self.link = https://capital.com/ru
2024-04-15 13:56:11.859011   driver.get(https://capital.com/ru) =>
2024-04-15 13:56:13.885121   => Loaded page https://capital.com/ru

2024-04-15 13:56:13.889868   => Windows size - {'width': 1280, 'height': 800}
2024-04-15 13:56:13.891549   Set windows position at (0, 0) =>
2024-04-15 13:56:13.993899   Set resolution 1280 * 800 =>
2024-04-15 13:56:14.096326   => Windows size is set to {'width': 1280, 'height': 800}

2024-04-15 13:56:15.131767   Капчи нет. Идем дальше

2024-04-15 13:56:15.131859   Работа с куками =>

2024-04-15 13:56:15.131873   => не требуется

2024-04-15 13:56:15.131882   Prev. country - 'ae'
2024-04-15 13:56:15.131891   Cur. country - 'ae'
2024-04-15 13:56:15.131900   => Country set to 'ae'

2024-04-15 13:56:15.131909   Prev. language - 'ru'
2024-04-15 13:56:15.131918   Cur. language - 'ru'
2024-04-15 13:56:15.131927   => Language is set to 'ru'

2024-04-15 13:56:15.131935   Prev. role - 'NoAuth'
2024-04-15 13:56:15.131944   Cur. role - 'NoAuth'
2024-04-15 13:56:15.131952   => The 'NoAuth' role is set

2024-04-15 13:56:15.136795   => Current URL - https://capital.com/ru

2024-04-15 13:56:15.136818   => THE END PRECONDITIONS

2024-04-15 13:56:15.137001   START Open "Markets" menu, "Forex" submenu =>

2024-04-15 13:56:15.137017   1. Cur URL = https://capital.com/ru

2024-04-15 13:56:15.139523   2. Link = https://capital.com/ru
2024-04-15 13:56:15.139539   current_page = https://capital.com/ru
2024-04-15 13:56:15.141996   link = https://capital.com/ru
2024-04-15 13:56:15.655258   => 'Markets' menu is present
2024-04-15 13:56:15.674174   => 'Markets' menu is visible
2024-04-15 13:56:16.952119   => Focus moved to 'Markets' menu


2024-04-15 13:56:18.487908   => 'Forex' sub-menu clicked
2024-04-15 13:56:18.784475   => Focus moved to 'capital*com' logo

2024-04-15 13:56:18.784526   3. Cur URL = https://capital.com/ru/forex

2024-04-15 13:56:18.790233   1. Arrange for Trading instrument table and "Top fallers" cur_sort
2024-04-15 13:56:18.790258   current_page = https://capital.com/ru/forex
2024-04-15 13:56:18.792849   link = https://capital.com/ru/forex
2024-04-15 13:56:18.795320   IS TABLE_TRADING_INSTRUMENTS  present on the  page? =>
2024-04-15 13:56:18.803116   => TABLE_TRADING_INSTRUMENTS is present on the page!
2024-04-15 13:56:18.803139   IS FIELD_DROPDOWN_SORT present in the table? =>
2024-04-15 13:56:18.810125   =>  FIELD_DROPDOWN_SORT is present in the table!
2024-04-15 13:56:18.810147   Start scroll and click FIELD_DROPDOWN_SORT =>
2024-04-15 13:56:18.921250   Is item_sort_list visible on the FIELD_DROPDOWN_SORT ? =>
2024-04-15 13:56:18.970784   => item_sort_list is visible on the FIELD_DROPDOWN_SORT!
2024-04-15 13:56:18.970817   Is cur_sort "Top fallers" present in item_sort_list? =>
2024-04-15 13:56:18.978996   => cur_sort "Top fallers" is present in item_sort_list!
2024-04-15 13:56:18.979024   Start click cur_sort "Top fallers" =>
2024-04-15 13:56:19.656495   => End Click cur_sort "Top fallers"

2024-04-15 13:56:19.656545   Buttons [Buy] is visible and quantity buttons not zero? =>
2024-04-15 13:56:19.682143   => Buttons [Buy] is visible and quantity buttons not zero!

2024-04-15 13:56:19.682193   Start find two random buttons [Buy] on cur_sort "Top fallers"=>
2024-04-15 13:56:19.689393   => End find 1 random buttons [Buy] on the cur_sort "Top fallers"


2024-04-15 13:56:19.689422   Item_list = [14]
2024-04-15 13:56:19.689587   Start Checking that form [Sign up] popped up on the page =>
2024-04-15 13:56:21.237813   '[Sign up]' form was not popped up
2024-04-15 13:56:21.238044   2. Act for trading instrument and "Top fallers" cur_sort
2024-04-15 13:56:21.257110   Start click button [Buy] =>
2024-04-15 13:56:21.268070   =>   BUTTON_BUY on item with ID = 284833641214283
2024-04-15 13:56:21.268097   BUTTON_BUY on item with ID = '284833641214283' scroll into view =>
2024-04-15 13:56:21.271358   => BUTTON_SELL on item with ID = '284833641214283' scrolled into view
2024-04-15 13:56:21.271382   Check that BUTTON_BUY with item PLN/SEK clickable =>
2024-04-15 13:56:21.416461   => BUTTON_BUY is clickable
2024-04-15 13:56:22.197735   =>   BUTTON_BUY with item PLN/SEK clicked

2024-04-15 13:56:22.197994   3. Assert_Login_v0
2024-04-15 13:56:22.198082   Check that 'Login' form is opened
2024-04-15 13:56:22.460087   'Login' form opened
2024-04-15 13:56:22.460136   Assert LOGIN_REF_SIGNUP =>
2024-04-15 13:56:22.477701   Assert LOGIN_CHECKBOX =>
2024-04-15 13:56:22.492117   Assert LOGIN_PASS_FORGOT =>
2024-04-15 13:56:22.510815   => 'Login' form is checked
2024-04-15 13:56:22.529952   Click 'Close' button on 'Login' form =>
2024-04-15 13:56:22.867825   => Focus moved to 'capital*com' logo
2024-04-15 13:56:22.867886   => 'Login' form closed
