{'width': 1280, 'height': 720}

2024-01-19 12:40:20.950633   worker_id = master

2024-01-19 12:40:20.950647   0. Allure grouping v4


2024-01-19 12:40:20.950804   START PRECONDITIONS =>


2024-01-19 12:40:20.950818   {'width': 1280, 'height': 720}

2024-01-19 12:40:20.952076   Set windows position at (0, 0) =>

2024-01-19 12:40:21.181276   Set resolution 1280 * 720 =>

2024-01-19 12:40:21.288923   => Resolution seted {'width': 1280, 'height': 720}

2024-01-19 12:40:26.434420   Капчи нет. Тестим дальше

2024-01-19 12:40:26.434508   Prev. Role: NoReg

2024-01-19 12:40:26.434519   Current role: NoReg

2024-01-19 12:40:26.434528   Prev language: en

2024-01-19 12:40:26.434536   => Current language: en

2024-01-19 12:40:26.434544   Prev country: ae

2024-01-19 12:40:26.434551   => Current country: ae

2024-01-19 12:40:26.434559   => THE END PRECONDITIONS

2024-01-19 12:40:26.434587   1. Arrange_v0
2024-01-19 12:40:27.127037   Load page https://capital.com/position-trading
2024-01-19 12:40:27.127086   BUTTON_CREATE_YOUR_ACCOUNT is located on the page? =>

2024-01-19 12:40:27.137388   2. Act_v0
2024-01-19 12:40:27.219814   => BUTTON_CREATE_YOUR_ACCOUNT is clicked

2024-01-19 12:40:27.220013   3. Assert_v0
2024-01-19 12:40:27.220088   Start step Check that [Sign up] form is opened
2024-01-19 12:40:27.587755   'Sign up' form opened
2024-01-19 12:40:27.587803   Assert SIGNUP_HEADER =>
2024-01-19 12:40:27.603741   Assert SIGNUP_REF_LOGIN =>
2024-01-19 12:40:27.619171   Assert SIGNUP_PRIVACY_POLICY_ALL_2 =>
2024-01-19 12:40:27.635906   => SIGNUP_PRIVACY_POLICY_ALL
2024-01-19 12:40:27.635936   => 'Signup' form is checked
2024-01-19 12:40:27.636083   Start step Close [Sign up] form =>
2024-01-19 12:40:27.766749   => 'Signup' form closed

2024-01-19 12:40:27.928615   *** end fixture Browser = teardown ***

