{'width': 1280, 'height': 720}

2024-01-19 10:27:36.806408   worker_id = master

2024-01-19 10:27:36.806423   0. Allure grouping v4


2024-01-19 10:27:36.806589   START PRECONDITIONS =>


2024-01-19 10:27:36.806604   {'width': 1280, 'height': 720}

2024-01-19 10:27:36.807922   Set windows position at (0, 0) =>

2024-01-19 10:27:36.913820   Set resolution 1280 * 720 =>

2024-01-19 10:27:37.016195   => Resolution seted {'width': 1280, 'height': 720}

2024-01-19 10:27:42.045698   Капчи нет. Тестим дальше

2024-01-19 10:27:42.045788   Prev. Role: Auth

2024-01-19 10:27:42.045800   Current role: Auth

2024-01-19 10:27:42.045809   Prev language: en

2024-01-19 10:27:42.045818   => Current language: en

2024-01-19 10:27:42.045825   Prev country: ae

2024-01-19 10:27:42.045834   => Current country: ae

2024-01-19 10:27:42.045842   => THE END PRECONDITIONS

2024-01-19 10:27:42.045871   1. Arrange
2024-01-19 10:27:42.048708   Is present VIDEO_BANNER? =>
2024-01-19 10:27:42.062654   => VIDEO_BANNER IS PRESENT

2024-01-19 10:27:42.062783   2. Act
2024-01-19 10:27:42.062798   Is present VIDEO_BANNER? =>
2024-01-19 10:27:42.069982   => VIDEO_BANNER is present
2024-01-19 10:27:42.075465   Is clickable VIDEO_BANNER? =>
2024-01-19 10:27:42.088476   Click VIDEO_BANNER =>
2024-01-19 10:27:42.366414   => VIDEO_BANNER CLICKED

2024-01-19 10:27:42.366693   3. Assert_v4
2024-01-19 10:27:42.366812   Checking that the trading platform page has opened (v4) =>
2024-01-19 10:27:42.882248   => Current page title: Trading Platform | Capital.com
2024-01-19 10:27:42.882372   Checking that the Trading platform LOGO is present on the page =>
2024-01-19 10:27:43.976553   Checking that the Trading platform opened in LIVE mode =>
2024-01-19 10:27:43.989345   => The page with https://capital.com/trading/platform url was opened in lIVE mode
2024-01-19 10:27:44.925661   Load page https://capital.com/export-import-bank-of-the-united-states-exim-definition
