


Current language - el
{'width': 1280, 'height': 800}

2024-07-10 16:35:15.662038   worker_id = master

2024-07-10 16:35:15.662052   0. Allure grouping for US_55

2024-07-10 16:35:16.391006   START PRECONDITIONS =>

2024-07-10 16:35:16.391050   => URL after prev. preconditions - https://capital.com/el?country=ua
2024-07-10 16:35:16.391061   => flag_of_bug - False
2024-07-10 16:35:16.391074   => Current URL - https://capital.com/el?country=ua

2024-07-10 16:35:16.402148   => Windows size: {'width': 1280, 'height': 800}
2024-07-10 16:35:16.421663   Set windows position at (0, 0) =>
2024-07-10 16:35:16.423427   Set resolution 1280 * 800 =>
2024-07-10 16:35:16.425043   => Windows size is set to {'width': 1280, 'height': 800}

2024-07-10 16:35:17.467483   Капчи нет. Идем дальше

2024-07-10 16:35:17.467585   Работа с куками =>
2024-07-10 16:35:17.467601   Prev. role - 'NoReg'
2024-07-10 16:35:17.467613   Current testing role - 'NoAuth'

2024-07-10 16:35:17.467625   All cookies must be delete =>
2024-07-10 16:35:17.524684   => All cookies are deleted
2024-07-10 16:35:17.524718   Current page URL = https://capital.com/el?country=ua
2024-07-10 16:35:17.527349   self.link = https://capital.com/
2024-07-10 16:35:17.527362   driver.get(https://capital.com/) =>
2024-07-10 16:35:19.272240   => Loaded page https://capital.com/

2024-07-10 16:35:19.275521   Step 'Click button [Accept all cookies]'
2024-07-10 16:35:19.275533   Is Visible Button [Accept all cookies]? =>
2024-07-10 16:35:19.290915   => Button [Accept all cookies] is visible
2024-07-10 16:35:19.791029   Is clickable Button [Accept all cookies] =>
2024-07-10 16:35:19.807804   => Button [Accept all cookies] is clickable
2024-07-10 16:35:19.807832   Click Button [Accept all cookies] =>
2024-07-10 16:35:19.971603   => Button [Accept all cookies] is clicked
2024-07-10 16:35:19.971651   => Accepted All Cookies

2024-07-10 16:35:21.500359   Капчи нет. Идем дальше

2024-07-10 16:35:21.500446   Prev. country - '?'
2024-07-10 16:35:21.500459   Cur. country - 'de'
2024-07-10 16:35:21.500468   Set 'de' country =>
2024-07-10 16:35:21.507922   => Language and Country menu is present
2024-07-10 16:35:21.517855   => Language and Country menu is visible
2024-07-10 16:35:22.785641   => Focus is moved on Language and Country menu 
2024-07-10 16:35:25.253742   => Cur url = https://capital.com/?country=de
2024-07-10 16:35:25.341222   => Country set to 'de'

2024-07-10 16:35:26.382656   Капчи нет. Идем дальше

2024-07-10 16:35:26.382753   Prev. language - '?'
2024-07-10 16:35:26.382766   Cur. language - 'el'
2024-07-10 16:35:26.382775   Set 'el' language =>
2024-07-10 16:35:26.390097   => Language and Country menu is present
2024-07-10 16:35:26.401231   => Language and Country menu is visible
2024-07-10 16:35:27.668700   => Focus is moved on Language and Country menu 
2024-07-10 16:35:27.676821   Move focus on el item and click =>
2024-07-10 16:35:29.288513   => Focus moved on el item and clicked
2024-07-10 16:35:29.288561   => Cur url = https://capital.com/el
2024-07-10 16:35:29.295565   => Language is set to 'el'

2024-07-10 16:35:30.301083   Капчи нет. Идем дальше

2024-07-10 16:35:30.301175   Prev. role - 'NoReg'
2024-07-10 16:35:30.301188   Cur. role - 'NoAuth'
2024-07-10 16:35:30.304108   Start Autorization

2024-07-10 16:35:30.304130   => Current URL - https://capital.com/el

2024-07-10 16:35:30.306684   2. Act
2024-07-10 16:35:30.306700   Start Click button [Log in] =>
2024-07-10 16:35:30.315501   BUTTON_LOGIN scroll =>
2024-07-10 16:35:30.318772   Is BUTTON_LOGIN clickable? =>
2024-07-10 16:35:30.328164   => BUTTON_LOGIN is clickable
2024-07-10 16:35:30.328188   BUTTON_LOGIN click =>
2024-07-10 16:35:30.370725   => BUTTON_LOGIN is clicked!
2024-07-10 16:35:30.370932   Check that 'Login' form is opened
2024-07-10 16:35:30.625009   'Login' form opened
2024-07-10 16:35:30.625048   Assert LOGIN_REF_SIGNUP =>
2024-07-10 16:35:30.638766   Assert LOGIN_CHECKBOX =>
2024-07-10 16:35:30.652336   Assert LOGIN_PASS_FORGOT =>
2024-07-10 16:35:30.665401   => 'Login' form is checked
2024-07-10 16:35:30.665488   => 'Login' form is opened
2024-07-10 16:35:30.841681   => "login" and "password" are inputted
2024-07-10 16:35:30.841722   Click [Continue] button on [Login] form =>
2024-07-10 16:35:30.908203   => [Continue] button on [Login] form is clicked

2024-07-10 16:35:30.908252   1. Checking that the Page opened with 'Trading Platform | Capital.com' title
2024-07-10 16:35:30.908269   Set timeout = 30
2024-07-10 16:35:30.908284   Wait Trading platform page with 'Trading Platform | Capital.com' title open =>
2024-07-10 16:35:32.842031   => Trading platform page with 'Trading Platform | Capital.com' title opened

2024-07-10 16:35:32.842103   2. Checking that the LOGO is present on the page =>
2024-07-10 16:35:34.419257   => 'capital*com' logo is present on the current page
2024-07-10 16:35:35.659125   => Driver.back
https://capital.com/el

2024-07-10 16:35:35.683732   => Current URL - https://capital.com/el
2024-07-10 16:35:35.688947   Start DeAuthorisation

2024-07-10 16:35:35.688972   => Current URL - https://capital.com/el
2024-07-10 16:35:35.692707   1. BUTTON_MY_ACCOUNT is present? =>
2024-07-10 16:35:35.710662   => BUTTON_MY_ACCOUNT is present on this page
2024-07-10 16:35:36.985994   => Move to BUTTON_MY_ACCOUNT
2024-07-10 16:35:36.986049   2. BUTTON_MY_ACCOUNT is clickable? =>
2024-07-10 16:35:37.041036   => BUTTON_MY_ACCOUNT is clickable
2024-07-10 16:35:37.041076   BUTTON_MY_ACCOUNT Click =>
2024-07-10 16:35:37.858163   => User panel [My account] is opened

2024-07-10 16:35:37.858370   Start Click [Logout] button:
2024-07-10 16:35:37.858387   BUTTON_LOGOUT is present? =>
2024-07-10 16:35:37.867376   => BUTTON_LOGOUT is present
2024-07-10 16:35:37.867400   Is BUTTON_LOGOUT visible? =>
2024-07-10 16:35:37.876385   => BUTTON_LOGOUT is visible
2024-07-10 16:35:37.876409   BUTTON_LOGOUT is clickable? =>
2024-07-10 16:35:37.887623   => BUTTON_LOGOUT is clickable
2024-07-10 16:35:37.887649   BUTTON_LOGOUT click =>
2024-07-10 16:35:37.926817   => BUTTON_LOGOUT is clicked

2024-07-10 16:35:37.926906   => Current URL - https://capital.com/el
2024-07-10 16:35:37.929678   => The 'NoAuth' role is set

2024-07-10 16:35:37.953660   => Current URL - https://capital.com/el

2024-07-10 16:35:37.953699   => THE END PRECONDITIONS

2024-07-10 16:35:37.953989   1. Arrange
2024-07-10 16:35:37.954006   IS [Sign up] button present on this page? =>
2024-07-10 16:35:37.961926   => [Sign up] button present on this page!

2024-07-10 16:35:37.969514   IS [Sign up] button visible on this page? =>
2024-07-10 16:35:37.980869   => [Sign up] button is visible on this page!


2024-07-10 16:35:37.981028   2. Act_v0
2024-07-10 16:35:37.981044   IS [Sign up] clickable on the page? =>
2024-07-10 16:35:37.995474   => [Sign up] is clickable on the page!


2024-07-10 16:35:37.995498   Start Click button [Sign up] =>
2024-07-10 16:35:38.922313   => End Click button [Sign up] 
2024-07-10 16:35:38.922568   Start step Check that [Sign up] form is opened
2024-07-10 16:35:39.173552   'Sign up' form opened
2024-07-10 16:35:39.173590   Assert SIGNUP_HEADER =>
2024-07-10 16:35:39.187710   Assert SIGNUP_REF_LOGIN =>
2024-07-10 16:35:39.201909   Assert SIGNUP_PRIVACY_POLICY_ALL_2 =>
2024-07-10 16:35:39.220055   => SIGNUP_PRIVACY_POLICY_ALL
2024-07-10 16:35:39.220090   => 'Signup' form is checked
2024-07-10 16:35:39.220145   => 'Sign up' form is opened

2024-07-10 16:35:39.220317   3. Assert
2024-07-10 16:35:39.220335   Is 'Please enter a valid Email' message displayed on this page after putting invalid email? =>
2024-07-10 16:35:39.220344   => Start fill out 'Email address' field.
2024-07-10 16:35:39.306077   => 'Email address' is inputted

2024-07-10 16:35:39.411084   => Switch to 'Password' field

get_attribute:  display: block;
2024-07-10 16:35:39.434605   => 'Please enter a valid Email' message is displayed

2024-07-10 16:35:39.434642   Save current screenshot into PNG file
2024-07-10 16:35:39.560685   Is [Continue] button active after putting invalid email? =>
2024-07-10 16:35:39.560717   => Start fill out 'Password' field.
2024-07-10 16:35:39.646205   => 'Password' is inputted

continue_button:  btn btn--md btn--wide s2_btn disabled hasPointer
2024-07-10 16:35:39.668628   => '[Continue] button is not active after putting invalid email

2024-07-10 16:35:39.668661   Save current screenshot into PNG file
