


Current sort - Top risers
{'width': 1280, 'height': 800}

2024-05-05 16:53:16.728134   worker_id = master

2024-05-05 16:53:16.728154   0. Allure grouping v4

2024-05-05 16:53:16.728427   START PRECONDITIONS =>

2024-05-05 16:53:16.728450   => URL after prev. preconditions - https://capital.com/cn
2024-05-05 16:53:16.728466   => flag_of_bug - False
2024-05-05 16:53:16.728483   => Current URL - https://capital.com/cn/live-share-prices
2024-05-05 16:53:16.736570   Current page URL = https://capital.com/cn/live-share-prices
2024-05-05 16:53:16.740161   self.link = https://capital.com/cn
2024-05-05 16:53:16.740177   driver.get(https://capital.com/cn) =>
2024-05-05 16:53:18.544513   => Loaded page https://capital.com/cn

2024-05-05 16:53:18.551217   => Windows size - {'width': 1280, 'height': 800}
2024-05-05 16:53:18.552578   Set windows position at (0, 0) =>
2024-05-05 16:53:18.554232   Set resolution 1280 * 800 =>
2024-05-05 16:53:18.555818   => Windows size is set to {'width': 1280, 'height': 800}

2024-05-05 16:53:19.593602   Капчи нет. Идем дальше

2024-05-05 16:53:19.593693   Работа с куками =>

2024-05-05 16:53:19.593706   => не требуется

2024-05-05 16:53:19.593716   Prev. country - 'de'
2024-05-05 16:53:19.593725   Cur. country - 'de'
2024-05-05 16:53:19.593734   => Country set to 'de'

2024-05-05 16:53:19.593743   Prev. language - 'cn'
2024-05-05 16:53:19.593752   Cur. language - 'cn'
2024-05-05 16:53:19.593761   => Language is set to 'cn'

2024-05-05 16:53:19.593770   Prev. role - 'NoReg'
2024-05-05 16:53:19.593778   Cur. role - 'NoReg'
2024-05-05 16:53:19.593787   => The 'NoReg' role is set

2024-05-05 16:53:19.596537   => Current URL - https://capital.com/cn

2024-05-05 16:53:19.596561   => THE END PRECONDITIONS

2024-05-05 16:53:19.596771   START Open "Markets" menu, "Shares" submenu =>
2024-05-05 16:53:19.596789   1. Cur URL = https://capital.com/cn
2024-05-05 16:53:19.599240   2. Link = https://capital.com/cn
2024-05-05 16:53:19.599255   current_page = https://capital.com/cn
2024-05-05 16:53:19.601629   link = https://capital.com/cn
2024-05-05 16:53:20.110805   => 'Markets' menu is present
2024-05-05 16:53:20.123471   => 'Markets' menu is visible
2024-05-05 16:53:21.397255   => Focus moved to 'Markets' menu
2024-05-05 16:53:23.127575   => Focus moved to 'Shares' submenu and clicked
2024-05-05 16:53:23.400389   => Focus moved to 'capital*com' logo
2024-05-05 16:53:23.400432   3. Cur URL = https://capital.com/cn/live-share-prices

2024-05-05 16:53:23.405906   1. Arrange for Trading instrument table and "Top risers" cur_sort
2024-05-05 16:53:23.405929   current_page = https://capital.com/cn/live-share-prices
2024-05-05 16:53:23.408372   link = https://capital.com/cn/live-share-prices
2024-05-05 16:53:23.410838   IS TABLE_TRADING_INSTRUMENTS  present on the  page? =>
2024-05-05 16:53:23.416921   => TABLE_TRADING_INSTRUMENTS is present on the page!
2024-05-05 16:53:23.416954   IS FIELD_DROPDOWN_SORT present in the table? =>
2024-05-05 16:53:23.421815   =>  FIELD_DROPDOWN_SORT is present in the table!
2024-05-05 16:53:23.421840   Start scroll and click FIELD_DROPDOWN_SORT =>
2024-05-05 16:53:23.514595   Is item_sort_list visible on the FIELD_DROPDOWN_SORT ? =>
2024-05-05 16:53:23.573571   => item_sort_list is visible on the FIELD_DROPDOWN_SORT!
2024-05-05 16:53:23.573611   Is cur_sort "Top risers" present in item_sort_list? =>
2024-05-05 16:53:23.583888   => cur_sort "Top risers" is present in item_sort_list!
2024-05-05 16:53:23.583939   Start click cur_sort "Top risers" =>
2024-05-05 16:53:24.323191   => End Click cur_sort "Top risers"

2024-05-05 16:53:24.323236   Buttons [Buy] is visible and quantity buttons not zero? =>
2024-05-05 16:53:24.333774   => Buttons [Buy] is visible and quantity buttons not zero!

2024-05-05 16:53:24.333823   Start find two random buttons [Buy] on cur_sort "Top risers"=>
2024-05-05 16:53:24.340637   => End find 1 random buttons [Buy] on the cur_sort "Top risers"


2024-05-05 16:53:24.340666   Item_list = [8]
2024-05-05 16:53:24.340830   Start Checking that form [Sign up] popped up on the page =>
2024-05-05 16:53:25.902782   '[Sign up]' form was not popped up
2024-05-05 16:53:25.902989   2. Act for trading instrument and "Top risers" cur_sort
2024-05-05 16:53:25.914558   Start click button [Buy] =>
2024-05-05 16:53:25.924892   =>   BUTTON_BUY on item with ID = 2449192215729348
2024-05-05 16:53:25.924934   BUTTON_BUY on item with ID = '2449192215729348' scroll into view =>
2024-05-05 16:53:25.930835   => BUTTON_SELL on item with ID = '2449192215729348' scrolled into view
2024-05-05 16:53:25.930880   Check that BUTTON_BUY with item BKNG clickable =>
2024-05-05 16:53:26.078726   => BUTTON_BUY is clickable
2024-05-05 16:53:26.859430   =>   BUTTON_BUY with item BKNG clicked

2024-05-05 16:53:26.859660   3. Assert_v0
2024-05-05 16:53:26.859753   Start step Check that [Sign up] form is opened
2024-05-05 16:53:28.910870   'Sign up' form opened
2024-05-05 16:53:28.910912   Assert SIGNUP_HEADER =>
2024-05-05 16:53:28.922631   Assert SIGNUP_REF_LOGIN =>
2024-05-05 16:53:28.933485   Assert SIGNUP_PRIVACY_POLICY_ALL_2 =>
2024-05-05 16:53:28.943084   => SIGNUP_PRIVACY_POLICY_ALL
2024-05-05 16:53:28.943111   => 'Signup' form is checked
2024-05-05 16:53:28.943279   Start step Close [Sign up] form =>
2024-05-05 16:53:29.006912   => 'Signup' form closed
2024-05-05 16:53:29.297501   => Focus moved to 'capital*com' logo
