{'width': 1280, 'height': 800}

2024-05-05 17:43:26.640688   worker_id = master

2024-05-05 17:43:26.640704   0. Allure grouping v4

2024-05-05 17:43:26.640903   START PRECONDITIONS =>

2024-05-05 17:43:26.640919   => URL after prev. preconditions - https://capital.com/cn
2024-05-05 17:43:26.640928   => flag_of_bug - False
2024-05-05 17:43:26.640939   => Current URL - https://capital.com/cn/palladium-spot-commodity
2024-05-05 17:43:26.652324   Current page URL = https://capital.com/cn/palladium-spot-commodity
2024-05-05 17:43:26.654645   self.link = https://capital.com/cn
2024-05-05 17:43:26.654658   driver.get(https://capital.com/cn) =>
2024-05-05 17:43:28.609215   => Loaded page https://capital.com/cn

2024-05-05 17:43:28.614065   => Windows size - {'width': 1280, 'height': 800}
2024-05-05 17:43:28.615378   Set windows position at (0, 0) =>
2024-05-05 17:43:28.616984   Set resolution 1280 * 800 =>
2024-05-05 17:43:28.618570   => Windows size is set to {'width': 1280, 'height': 800}

2024-05-05 17:43:29.623094   Капчи нет. Идем дальше

2024-05-05 17:43:29.623183   Работа с куками =>

2024-05-05 17:43:29.623198   => не требуется

2024-05-05 17:43:29.623207   Prev. country - 'de'
2024-05-05 17:43:29.623216   Cur. country - 'de'
2024-05-05 17:43:29.623225   => Country set to 'de'

2024-05-05 17:43:29.623234   Prev. language - 'cn'
2024-05-05 17:43:29.623242   Cur. language - 'cn'
2024-05-05 17:43:29.623251   => Language is set to 'cn'

2024-05-05 17:43:29.623259   Prev. role - 'Auth'
2024-05-05 17:43:29.623268   Cur. role - 'Auth'
2024-05-05 17:43:29.623277   => The 'Auth' role is set

2024-05-05 17:43:29.625986   => Current URL - https://capital.com/cn

2024-05-05 17:43:29.626008   => THE END PRECONDITIONS

2024-05-05 17:43:29.626187   1. Arrange_v2
2024-05-05 17:43:29.626204   current_page = https://capital.com/cn
2024-05-05 17:43:29.628649   link = https://capital.com/cn/palladium-spot-commodity
2024-05-05 17:43:29.631118   Current page URL = https://capital.com/cn
2024-05-05 17:43:29.633591   self.link = https://capital.com/cn/palladium-spot-commodity
2024-05-05 17:43:29.633605   driver.get(https://capital.com/cn/palladium-spot-commodity) =>
2024-05-05 17:43:31.550438   => Loaded page https://capital.com/cn/palladium-spot-commodity
2024-05-05 17:43:31.554788   Is LONG_POSITION_OVERNIGHT_FEE present on the page? =>
2024-05-05 17:43:31.566052   => LONG_POSITION_OVERNIGHT_FEE is present on the page
2024-05-05 17:43:31.566092   LONG_POSITION_OVERNIGHT_FEE scroll =>
2024-05-05 17:43:31.569490   => LONG_POSITION_OVERNIGHT_FEE scrolled

2024-05-05 17:43:31.569643   2. Act_v2
2024-05-05 17:43:31.569658   LONG_POSITION_OVERNIGHT_FEE open =>
2024-05-05 17:43:32.360203   Is LONG_POSITION_OVERNIGHT_FEE open?  =>
2024-05-05 17:43:32.374016   => LONG_POSITION_OVERNIGHT_FEE opened
2024-05-05 17:43:32.374052   Move focus to button [Go to platform] and click on=>
2024-05-05 17:43:33.154737   => BUTTON_GO_TO_PLATFORM is clickable
2024-05-05 17:43:33.702030 => BUTTON_GO_TO_PLATFORM clicked

2024-05-05 17:43:33.702268   3. Assert_v4

2024-05-05 17:43:33.702287   
2024-05-05 17:43:33.702410   Checking that the trading platform page has opened (v4) =>
2024-05-05 17:43:33.707613   Checking way # 1 => 

2024-05-05 17:43:33.707723   1. Checking that the Trading platform (or TradingView site) page has valid title =>
2024-05-05 17:43:33.711269   => The title of current page is 'Trading Platform | Capital.com'

2024-05-05 17:43:33.711343   2. Checking that the LOGO is present on the page =>
2024-05-05 17:43:34.780983   => 'capital*com' logo is present on the current page

2024-05-05 17:43:34.781024   tpd = False
2024-05-05 17:43:35.778634   => Driver.backed
