{'width': 1280, 'height': 800}

2024-05-05 16:24:51.768030   worker_id = master

2024-05-05 16:24:51.768044   0. Allure grouping v4

2024-05-05 16:24:51.768228   START PRECONDITIONS =>

2024-05-05 16:24:51.768244   => URL after prev. preconditions - https://capital.com/cn
2024-05-05 16:24:51.768258   => flag_of_bug - False
2024-05-05 16:24:51.768269   => Current URL - https://play.google.com/store/apps/details?id=com.capital.trading
2024-05-05 16:24:51.773532   Current page URL = https://play.google.com/store/apps/details?id=com.capital.trading
2024-05-05 16:24:51.775956   self.link = https://capital.com/cn
2024-05-05 16:24:51.775969   driver.get(https://capital.com/cn) =>
2024-05-05 16:24:54.525389   => Loaded page https://capital.com/cn

2024-05-05 16:24:54.530318   => Windows size - {'width': 1280, 'height': 800}
2024-05-05 16:24:54.535818   Set windows position at (0, 0) =>
2024-05-05 16:24:54.537689   Set resolution 1280 * 800 =>
2024-05-05 16:24:54.539325   => Windows size is set to {'width': 1280, 'height': 800}

2024-05-05 16:24:55.576442   Капчи нет. Идем дальше

2024-05-05 16:24:55.576532   Работа с куками =>

2024-05-05 16:24:55.576545   => не требуется

2024-05-05 16:24:55.576555   Prev. country - 'de'
2024-05-05 16:24:55.576565   Cur. country - 'de'
2024-05-05 16:24:55.576574   => Country set to 'de'

2024-05-05 16:24:55.576582   Prev. language - 'cn'
2024-05-05 16:24:55.576591   Cur. language - 'cn'
2024-05-05 16:24:55.576599   => Language is set to 'cn'

2024-05-05 16:24:55.576643   Prev. role - 'Auth'
2024-05-05 16:24:55.576654   Cur. role - 'Auth'
2024-05-05 16:24:55.576663   => The 'Auth' role is set

2024-05-05 16:24:55.579493   => Current URL - https://capital.com/cn

2024-05-05 16:24:55.579514   => THE END PRECONDITIONS

2024-05-05 16:24:55.579700   1. Arrange_v0
2024-05-05 16:24:55.579718   current_page = https://capital.com/cn
2024-05-05 16:24:55.582249   link = https://capital.com/cn
2024-05-05 16:24:55.584665   IS "Why choose Capital.com?" block present on this page? =>
2024-05-05 16:24:55.592087   => "Why choose Capital.com?" block present on this page!

2024-05-05 16:24:55.600629   IS "Why choose Capital.com?" block visible on this page? =>
2024-05-05 16:24:55.618333   => "Why choose Capital.com?" block is visible on this page!

2024-05-05 16:24:55.618391   IS [Try now] button present on this page? =>
2024-05-05 16:24:55.640852   => [Try now] button present on this page!

2024-05-05 16:24:55.651471   IS [Try now] button visible on this page? =>
2024-05-05 16:24:55.671987   => [Try now] button is visible on this page!

2024-05-05 16:24:55.672043   [Try now] button scroll =>

2024-05-05 16:24:55.676476   2. Act_v0
2024-05-05 16:24:55.676505   [Try now] button is clickable? =>
2024-05-05 16:24:55.696726   => [Try now] button is clickable!

2024-05-05 16:24:56.246563   => [Try now] button clicked!

2024-05-05 16:24:56.246879   3. Assert_v4

2024-05-05 16:24:56.246901   
2024-05-05 16:24:56.247005   Checking that the trading platform page has opened (v4) =>
2024-05-05 16:24:56.253155   Checking way # 1 => 

2024-05-05 16:24:56.253272   1. Checking that the Trading platform (or TradingView site) page has valid title =>
2024-05-05 16:24:56.256000   => The title of current page is 'Trading Platform | Capital.com'

2024-05-05 16:24:56.256064   2. Checking that the LOGO is present on the page =>
2024-05-05 16:24:57.187872   => 'capital*com' logo is present on the current page

2024-05-05 16:24:57.187914   tpd = False
2024-05-05 16:24:58.310132   => Driver.backed
