{'width': 1280, 'height': 720}

2024-02-19 12:43:18.986272   worker_id = master

2024-02-19 12:43:18.986286   0. Allure grouping v4


2024-02-19 12:43:18.986473   START PRECONDITIONS =>


2024-02-19 12:43:18.986489   {'width': 1280, 'height': 720}

2024-02-19 12:43:18.987802   Set windows position at (0, 0) =>

2024-02-19 12:43:19.090202   Set resolution 1280 * 720 =>

2024-02-19 12:43:19.192634   => Resolution seted {'width': 1280, 'height': 720}

2024-02-19 12:43:20.231040   Капчи нет. Идем дальше

2024-02-19 12:43:20.231133   Prev. Role: NoReg

2024-02-19 12:43:20.231146   Current role: NoReg

2024-02-19 12:43:21.265282   Капчи нет. Идем дальше

2024-02-19 12:43:21.265372   Prev language: de

2024-02-19 12:43:21.265385   => Current language: de

2024-02-19 12:43:22.294117   Капчи нет. Идем дальше

2024-02-19 12:43:22.294203   Prev country: ae
2024-02-19 12:43:22.294216   => Current country: ae

2024-02-19 12:43:22.294225   => THE END PRECONDITIONS

2024-02-19 12:43:22.294399   1. Arrange_v0
2024-02-19 12:43:22.297283   Current page URL = https://capital.com/de/trade-gbpusd
2024-02-19 12:43:23.169304   => Loaded page https://capital.com/de/eurcad-handel
2024-02-19 12:43:23.180220   BUTTON_START_TRADING scroll =>
2024-02-19 12:43:23.198341   BUTTON_START_TRADING is visible? =>
2024-02-19 12:43:23.222378   => BUTTON_START_TRADING is visible on the page!

2024-02-19 12:43:23.222544   2. Act_v0
2024-02-19 12:43:23.222560   Start Click button [Start Trading] =>
2024-02-19 12:43:23.251812   BUTTON_START_TRADING is clickable? =>
2024-02-19 12:43:23.268249   BUTTON_START_TRADING click =>
2024-02-19 12:43:23.310826   => BUTTON_START_TRADING clicked

2024-02-19 12:43:23.311110   3. Assert_v0
2024-02-19 12:43:23.311234   Start step Check that [Sign up] form is opened
2024-02-19 12:43:23.839368   'Sign up' form opened
2024-02-19 12:43:23.839418   Assert SIGNUP_HEADER =>
2024-02-19 12:43:23.919685   Assert SIGNUP_REF_LOGIN =>
2024-02-19 12:43:23.936545   Assert SIGNUP_PRIVACY_POLICY_ALL_2 =>
2024-02-19 12:43:23.952650   => SIGNUP_PRIVACY_POLICY_ALL
2024-02-19 12:43:23.952683   => 'Signup' form is checked
2024-02-19 12:43:23.952848   Start step Close [Sign up] form =>
2024-02-19 12:43:24.037448   => 'Signup' form closed
