{'width': 1280, 'height': 800}

2024-04-08 17:43:30.844981   worker_id = master

2024-04-08 17:43:30.844999   0. Allure grouping v4

2024-04-08 17:43:30.845350   START PRECONDITIONS =>

2024-04-08 17:43:30.845371   => Current URL - https://capital.com/zh/trade-ftsemib

2024-04-08 17:43:30.848759   => URL after prev. preconditions - https://capital.com/zh/trade-ftsemib

2024-04-08 17:43:30.848777   => flag_of_bug - False

2024-04-08 17:43:30.848788   => Windows size - {'width': 1280, 'height': 800}
2024-04-08 17:43:30.850304   Set windows position at (0, 0) =>
2024-04-08 17:43:30.952647   Set resolution 1280 * 800 =>
2024-04-08 17:43:31.055410   => Windows size is set to {'width': 1280, 'height': 800}

2024-04-08 17:43:32.096253   Капчи нет. Идем дальше

2024-04-08 17:43:32.096347   Работа с куками

2024-04-08 17:43:32.096361   Prev. country - 'au'
2024-04-08 17:43:32.096371   Cur. country - 'au'
2024-04-08 17:43:32.096380   => Country set to 'au'

2024-04-08 17:43:32.096389   Prev. language - 'zh'
2024-04-08 17:43:32.096398   Cur. language - 'zh'
2024-04-08 17:43:32.096407   => Language is set to 'zh'

2024-04-08 17:43:32.096415   Prev. role - 'Auth'
2024-04-08 17:43:32.096424   Cur. role - 'Auth'
2024-04-08 17:43:32.096433   => The 'Auth' role is set

2024-04-08 17:43:32.099437   => Current URL - https://capital.com/zh/trade-ftsemib

2024-04-08 17:43:32.099464   => THE END PRECONDITIONS

2024-04-08 17:43:32.099516   1. Arrange
2024-04-08 17:43:32.099529   current_page = https://capital.com/zh/trade-ftsemib
2024-04-08 17:43:32.102196   link = https://capital.com/zh/trade-ftsemib
2024-04-08 17:43:32.104751   BUTTON_ON_VER_BANNER is present? =>
2024-04-08 17:43:32.113318   => BUTTON_ON_VER_BANNER is present on the page!
2024-04-08 17:43:32.113359   BUTTON_ON_VER_BANNER scroll =>
2024-04-08 17:43:32.120363   BUTTON_ON_VER_BANNER is visible? =>
2024-04-08 17:43:32.165377   => BUTTON_ON_VER_BANNER is visible on the page!
2024-04-08 17:43:32.165619   Start Checking that form [Sign up] popped up on the page =>
2024-04-08 17:43:33.719353   '[Sign up]' form was not popped up

2024-04-08 17:43:33.719562   2. Act

2024-04-08 17:43:33.737991   => Button on Vertical banner clickable

2024-04-08 17:43:33.742901   data_id = 426
2024-04-08 17:43:34.261178   => BUTTON_ON_VER_BANNER clicked!
2024-04-08 17:43:34.261323   For Vertical banner [type-id=426] Trading platform should be open in Live Mode =>

2024-04-08 17:43:34.261594   3. Assert_v4
2024-04-08 17:43:34.261794   Checking that the trading platform page has opened (v4) =>
2024-04-08 17:43:34.772515   Checking way # 1 => 

2024-04-08 17:43:34.772699   1. Checking that the Trading platform (or TradingView site) page has valid title =>
2024-04-08 17:43:34.775750   => The title of current page is 'Trading Platform | Capital.com'

2024-04-08 17:43:34.775835   2. Checking that the LOGO is present on the page =>
2024-04-08 17:43:36.338735   => 'capital*com' logo is present on the current page

2024-04-08 17:43:36.338776   tpd = False
2024-04-08 17:43:37.496800   => Driver.backed
