{'width': 1280, 'height': 800}

2024-04-08 16:28:40.926328   worker_id = master

2024-04-08 16:28:40.926345   0. Allure grouping v4

2024-04-08 16:28:40.926566   START PRECONDITIONS =>

2024-04-08 16:28:40.926583   => Current URL - https://capital.com/zh/gbp-usd-feilv

2024-04-08 16:28:40.930295   => URL after prev. preconditions - https://capital.com/zh/gbp-usd-feilv

2024-04-08 16:28:40.930318   => flag_of_bug - False

2024-04-08 16:28:40.930338   => Windows size - {'width': 1280, 'height': 800}
2024-04-08 16:28:40.931707   Set windows position at (0, 0) =>
2024-04-08 16:28:41.039094   Set resolution 1280 * 800 =>
2024-04-08 16:28:41.155138   => Windows size is set to {'width': 1280, 'height': 800}

2024-04-08 16:28:42.161345   Капчи нет. Идем дальше

2024-04-08 16:28:42.161442   Работа с куками

2024-04-08 16:28:42.161457   Prev. country - 'au'
2024-04-08 16:28:42.161467   Cur. country - 'au'
2024-04-08 16:28:42.161476   => Country set to 'au'

2024-04-08 16:28:42.161486   Prev. language - 'zh'
2024-04-08 16:28:42.161494   Cur. language - 'zh'
2024-04-08 16:28:42.161503   => Language is set to 'zh'

2024-04-08 16:28:42.161512   Prev. role - 'NoReg'
2024-04-08 16:28:42.161520   Cur. role - 'NoReg'
2024-04-08 16:28:42.161529   => The 'NoReg' role is set

2024-04-08 16:28:42.164311   => Current URL - https://capital.com/zh/gbp-usd-feilv

2024-04-08 16:28:42.164334   => THE END PRECONDITIONS

2024-04-08 16:28:42.164531   1. Arrange_v2
2024-04-08 16:28:42.164548   current_page = https://capital.com/zh/gbp-usd-feilv
2024-04-08 16:28:42.170260   link = https://capital.com/zh/gbp-usd-feilv
2024-04-08 16:28:42.172913   Is LONG_POSITION_OVERNIGHT_FEE present on the page? =>
2024-04-08 16:28:42.181284   => LONG_POSITION_OVERNIGHT_FEE is present on the page
2024-04-08 16:28:42.181314   LONG_POSITION_OVERNIGHT_FEE scroll =>
2024-04-08 16:28:42.187434   => LONG_POSITION_OVERNIGHT_FEE scrolled

2024-04-08 16:28:42.187622   2. Act_v2
2024-04-08 16:28:42.187638   LONG_POSITION_OVERNIGHT_FEE open =>
2024-04-08 16:28:42.953401   Is LONG_POSITION_OVERNIGHT_FEE open?  =>
2024-04-08 16:28:42.974352   => LONG_POSITION_OVERNIGHT_FEE opened
2024-04-08 16:28:42.974395   Move focus to button [Go to platform] and click on=>
2024-04-08 16:28:43.745002   => BUTTON_GO_TO_PLATFORM is clickable
2024-04-08 16:28:44.292466 => BUTTON_GO_TO_PLATFORM clicked

2024-04-08 16:28:44.292803   3. Assert_v0
2024-04-08 16:28:44.292943   Start step Check that [Sign up] form is opened
2024-04-08 16:28:47.368289   'Sign up' form not opened
2024-04-08 16:28:47.368490   Start step Check that new [Sign up] form is opened
2024-04-08 16:28:50.470167   => new 'Sign up' form not opened
2024-04-08 16:28:50.470365   Start method Check that [Sign up] page opened =>
2024-04-08 16:28:51.474334   'Sign up' page not opened
2024-04-08 16:28:51.474551   Check that [Sign up] form on trading platform opened =>
2024-04-08 16:28:51.491560   => 'Sign up' form on trading platform page opened
2024-04-08 16:28:51.491610   Assert SIGNUP_HEADER =>
2024-04-08 16:28:51.507193   => SIGNUP_HEADER is OK
2024-04-08 16:28:51.507233   Assert SIGNUP_PRIVACY_POLICY_ALL_1 =>
2024-04-08 16:28:51.527012   => SIGNUP_PRIVACY_POLICY_ALL_1 is OK
2024-04-08 16:28:51.527060   Assert SIGNUP_REF_LOGIN =>
2024-04-08 16:28:51.540949   => SIGNUP_REF_LOGIN is OK
2024-04-08 16:28:51.540990   => 'Signup' form on trading platform page is checked
2024-04-08 16:28:51.541191   Close [Sign up] form with trading platform page =>
2024-04-08 16:28:52.381128   => [Sign up] form with trading platform page is closed
