{'width': 1280, 'height': 800}

2024-04-08 16:41:31.777764   worker_id = master

2024-04-08 16:41:31.777781   0. Allure grouping v4

2024-04-08 16:41:31.777996   START PRECONDITIONS =>

2024-04-08 16:41:31.778012   => Current URL - https://capital.com/zh/gbp-jpy-feilv

2024-04-08 16:41:31.781320   => URL after prev. preconditions - https://capital.com/zh/gbp-jpy-feilv

2024-04-08 16:41:31.781337   => flag_of_bug - False

2024-04-08 16:41:31.781351   => Windows size - {'width': 1280, 'height': 800}
2024-04-08 16:41:31.782832   Set windows position at (0, 0) =>
2024-04-08 16:41:31.885418   Set resolution 1280 * 800 =>
2024-04-08 16:41:31.988327   => Windows size is set to {'width': 1280, 'height': 800}

2024-04-08 16:41:33.033221   Капчи нет. Идем дальше

2024-04-08 16:41:33.033336   Работа с куками

2024-04-08 16:41:33.033360   Prev. country - 'au'
2024-04-08 16:41:33.033375   Cur. country - 'au'
2024-04-08 16:41:33.033389   => Country set to 'au'

2024-04-08 16:41:33.033403   Prev. language - 'zh'
2024-04-08 16:41:33.033412   Cur. language - 'zh'
2024-04-08 16:41:33.033421   => Language is set to 'zh'

2024-04-08 16:41:33.033430   Prev. role - 'NoReg'
2024-04-08 16:41:33.033439   Cur. role - 'NoReg'
2024-04-08 16:41:33.033448   => The 'NoReg' role is set

2024-04-08 16:41:33.039832   => Current URL - https://capital.com/zh/gbp-jpy-feilv

2024-04-08 16:41:33.039874   => THE END PRECONDITIONS

2024-04-08 16:41:33.040099 1.Arrange_v0
2024-04-08 16:41:33.040120   current_page = https://capital.com/zh/gbp-jpy-feilv
2024-04-08 16:41:33.043098   link = https://capital.com/zh/gbp-jpy-feilv
2024-04-08 16:41:33.045921 BUTTON_NOTIFICATION is located on the page? =>
2024-04-08 16:41:33.057578   Is BUTTON_NOTIFICATION present on the page? =>
2024-04-08 16:41:33.057637   => BUTTON_NOTIFICATION is present on the page
2024-04-08 16:41:33.057656   [Notification] button scroll =>
2024-04-08 16:41:33.061964   Start Checking that form [Sign up] popped up on the page =>
2024-04-08 16:41:34.627181   '[Sign up]' form was not popped up

2024-04-08 16:41:34.627366   2. Act_v0
2024-04-08 16:41:34.627382   Start Click button [Notification] =>
2024-04-08 16:41:34.645962 BUTTON_NOTIFICATION is clickable =>
2024-04-08 16:41:34.717617 => BUTTON_NOTIFICATION clicked
Trade instrument from Full test is True
Test element is <pages.Elements.AssertClass.AssertClass object at 0x7fa45c1c1490>

2024-04-08 16:41:34.717874   3. Assert_v0
2024-04-08 16:41:34.717962   Start step Check that [Sign up] form is opened
2024-04-08 16:41:34.732463   'Sign up' form opened
2024-04-08 16:41:34.732502   Assert SIGNUP_HEADER =>
2024-04-08 16:41:34.744015   Assert SIGNUP_REF_LOGIN =>
2024-04-08 16:41:34.755197   Assert SIGNUP_PRIVACY_POLICY_ALL_2 =>
2024-04-08 16:41:34.766619   => SIGNUP_PRIVACY_POLICY_ALL
2024-04-08 16:41:34.766661   => 'Signup' form is checked
2024-04-08 16:41:34.766829   Start step Close [Sign up] form =>
2024-04-08 16:41:34.834828   => 'Signup' form closed
2024-04-08 16:41:35.120644   => Focus moved to 'capital*com' logo
