{'width': 1280, 'height': 800}

2024-04-08 16:58:16.586849   worker_id = master

2024-04-08 16:58:16.586865   0. Allure grouping v4

2024-04-08 16:58:16.587083   START PRECONDITIONS =>

2024-04-08 16:58:16.587100   => Current URL - https://capital.com/zh/what-is-cfd-trading

2024-04-08 16:58:16.590222   => URL after prev. preconditions - https://capital.com/zh/what-is-cfd-trading

2024-04-08 16:58:16.590237   => flag_of_bug - False

2024-04-08 16:58:16.590249   => Windows size - {'width': 1280, 'height': 800}
2024-04-08 16:58:16.591724   Set windows position at (0, 0) =>
2024-04-08 16:58:16.694268   Set resolution 1280 * 800 =>
2024-04-08 16:58:16.797140   => Windows size is set to {'width': 1280, 'height': 800}

2024-04-08 16:58:17.836003   Капчи нет. Идем дальше

2024-04-08 16:58:17.836096   Работа с куками

2024-04-08 16:58:17.836110   Prev. country - 'au'
2024-04-08 16:58:17.836119   Cur. country - 'au'
2024-04-08 16:58:17.836128   => Country set to 'au'

2024-04-08 16:58:17.836137   Prev. language - 'zh'
2024-04-08 16:58:17.836146   Cur. language - 'zh'
2024-04-08 16:58:17.836155   => Language is set to 'zh'

2024-04-08 16:58:17.836164   Prev. role - 'NoAuth'
2024-04-08 16:58:17.836172   Cur. role - 'NoAuth'
2024-04-08 16:58:17.836181   => The 'NoAuth' role is set

2024-04-08 16:58:17.839371   => Current URL - https://capital.com/zh/what-is-cfd-trading

2024-04-08 16:58:17.839399   => THE END PRECONDITIONS

2024-04-08 16:58:17.842460   1. Arrange_v0
2024-04-08 16:58:17.842486   current_page = https://capital.com/zh/what-is-cfd-trading
2024-04-08 16:58:17.845505   link = https://capital.com/zh/what-is-cfd-trading
2024-04-08 16:58:17.848215   BUTTON_CREATE_YOUR_ACCOUNT is located on the page? =>

2024-04-08 16:58:17.856928   2. Act_v0: Define of locator

2024-04-08 16:58:17.856968   2. Act_v0: Go to web element

2024-04-08 16:58:18.924446   2. Act_v0: Click web element
2024-04-08 16:58:18.972484   => BUTTON_CREATE_YOUR_ACCOUNT is clicked

2024-04-08 16:58:18.972786   3. Assert_v0
2024-04-08 16:58:18.972931   Start step Check that [Sign up] form is opened
2024-04-08 16:58:18.989589   'Sign up' form opened
2024-04-08 16:58:18.989631   Assert SIGNUP_HEADER =>
2024-04-08 16:58:19.001549   Assert SIGNUP_REF_LOGIN =>
2024-04-08 16:58:19.013001   Assert SIGNUP_PRIVACY_POLICY_ALL_2 =>
2024-04-08 16:58:19.025675   => SIGNUP_PRIVACY_POLICY_ALL
2024-04-08 16:58:19.025716   => 'Signup' form is checked
2024-04-08 16:58:19.025892   Start step Close [Sign up] form =>
2024-04-08 16:58:19.092527   => 'Signup' form closed
2024-04-08 16:58:19.366955   => Focus moved to 'capital*com' logo
