{'width': 1280, 'height': 800}

2024-04-08 16:51:20.306457   worker_id = master

2024-04-08 16:51:20.306471   0. Allure grouping v4

2024-04-08 16:51:20.306655   START PRECONDITIONS =>

2024-04-08 16:51:20.306670   => Current URL - https://capital.com/trading/platform/

2024-04-08 16:51:20.309649   => URL after prev. preconditions - https://capital.com/zh

2024-04-08 16:51:20.309663   => flag_of_bug - False

2024-04-08 16:51:20.309675   => Windows size - {'width': 1280, 'height': 800}
2024-04-08 16:51:20.310960   Set windows position at (0, 0) =>
2024-04-08 16:51:20.418684   Set resolution 1280 * 800 =>
2024-04-08 16:51:20.521338   => Windows size is set to {'width': 1280, 'height': 800}

2024-04-08 16:51:21.562178   Капчи нет. Идем дальше

2024-04-08 16:51:21.562274   Работа с куками

2024-04-08 16:51:21.562289   Prev. country - 'au'
2024-04-08 16:51:21.562299   Cur. country - 'au'
2024-04-08 16:51:21.562308   => Country set to 'au'

2024-04-08 16:51:21.562316   Prev. language - 'zh'
2024-04-08 16:51:21.562325   Cur. language - 'zh'
2024-04-08 16:51:21.562334   => Language is set to 'zh'

2024-04-08 16:51:21.562342   Prev. role - 'Auth'
2024-04-08 16:51:21.562351   Cur. role - 'Auth'
2024-04-08 16:51:21.562359   => The 'Auth' role is set

2024-04-08 16:51:21.565537   => Current URL - https://capital.com/trading/platform/

2024-04-08 16:51:21.565573   => THE END PRECONDITIONS

2024-04-08 16:51:21.565792   1. Arrange_v0
2024-04-08 16:51:21.565810   current_page = https://capital.com/trading/platform/
2024-04-08 16:51:21.568492   link = https://capital.com/zh/wheat-spot-shang-pin
2024-04-08 16:51:21.571096   Current page URL = https://capital.com/trading/platform/
2024-04-08 16:51:21.574068   self.link = https://capital.com/zh/wheat-spot-shang-pin
2024-04-08 16:51:21.574085   link = https://capital.com/zh/wheat-spot-shang-pin
2024-04-08 16:51:23.544866   => Loaded page https://capital.com/zh/wheat-spot-shang-pin
2024-04-08 16:51:23.560425   Is button BUTTON_VIEW_DETAILED_CHART present on the page? =>
2024-04-08 16:51:23.560464   => BUTTON_VIEW_DETAILED_CHART is present on the page
2024-04-08 16:51:23.560474   BUTTON_VIEW_DETAILED_CHART scroll =>
2024-04-08 16:51:23.567335   => BUTTON_VIEW_DETAILED_CHART scrolled
2024-04-08 16:51:23.567548   Start Checking that form [Sign up] popped up on the page =>
2024-04-08 16:51:25.119761   '[Sign up]' form was not popped up

2024-04-08 16:51:25.120015   2. Act_v0
2024-04-08 16:51:25.120039   Start Click button [View Detailed Chart] =>
2024-04-08 16:51:25.136476   BUTTON_VIEW_DETAILED_CHART is clickable =>
2024-04-08 16:51:25.399478 => BUTTON_VIEW_DETAILED_CHART clicked

2024-04-08 16:51:25.399823   3. Assert_v4
2024-04-08 16:51:25.400021   Checking that the trading platform page has opened (v4) =>
2024-04-08 16:51:25.407278   Checking way # 1 => 

2024-04-08 16:51:25.407474   1. Checking that the Trading platform (or TradingView site) page has valid title =>
2024-04-08 16:51:25.410625   => The title of current page is 'Trading Platform | Capital.com'

2024-04-08 16:51:25.410731   2. Checking that the LOGO is present on the page =>
2024-04-08 16:51:27.054236   => 'capital*com' logo is present on the current page

2024-04-08 16:51:27.054286   tpd = False
2024-04-08 16:51:27.109999   => Driver.backed
2024-04-08 16:51:27.170916   => Driver.backed
2024-04-08 16:51:28.234365   => Driver.backed
