{'width': 1280, 'height': 720}

2023-12-19 23:52:02.109782   worker_id = master

2023-12-19 23:52:02.109799   0. Allure grouping


2023-12-19 23:52:02.109946   START PRECONDITIONS =>


2023-12-19 23:52:02.109960   {'width': 1280, 'height': 720}

2023-12-19 23:52:02.111257   Set windows position at (320, 180) =>

2023-12-19 23:52:02.213426   Set resolution 1280 * 720 =>

2023-12-19 23:52:02.315731   => Resolution seted {'width': 1280, 'height': 720}

2023-12-19 23:52:06.357539   Капчи нет. Тестим дальше

2023-12-19 23:52:06.357583   Prev. Role: NoAuth

2023-12-19 23:52:06.357593   Current role: NoAuth

2023-12-19 23:52:06.357601   Prev language: es

2023-12-19 23:52:06.357609   => Current language: es

2023-12-19 23:52:06.357616   Prev country: gb

2023-12-19 23:52:06.357624   => Current country: gb

2023-12-19 23:52:06.357631   => THE END PRECONDITIONS

2023-12-19 23:52:06.357686   1. Arrange_v0
2023-12-19 23:52:06.875452   Load page https://capital.com/es/trade-usdchf
2023-12-19 23:52:06.924090   BUTTON_START_TRADING scroll =>
2023-12-19 23:52:07.086127   BUTTON_START_TRADING is visible? =>
2023-12-19 23:52:07.160999   => BUTTON_START_TRADING is visible on the page!

2023-12-19 23:52:07.161171   2. Act_v0
2023-12-19 23:52:07.161187   Start Click button [Start Trading] =>
2023-12-19 23:52:07.169691   BUTTON_START_TRADING is clickable? =>
2023-12-19 23:52:07.196850   BUTTON_START_TRADING click =>
2023-12-19 23:52:07.258429   => BUTTON_START_TRADING clicked

2023-12-19 23:52:07.258718   3. Assert_Login_v0
2023-12-19 23:52:11.794533   'Login' form not opened
2023-12-19 23:52:11.798384   'Login' page not opened
2023-12-19 23:52:16.311399   'Login' form on trading platform not opened
2023-12-19 23:52:16.311610   Start step Check that [Sign up] form is opened
2023-12-19 23:52:16.323977   'Sign up' form opened
2023-12-19 23:52:16.324004   Assert SIGNUP_HEADER =>
2023-12-19 23:52:16.335007   Assert SIGNUP_REF_LOGIN =>
2023-12-19 23:52:16.348346   Assert SIGNUP_PRIVACY_POLICY_ALL_2 =>
2023-12-19 23:52:16.360370   => SIGNUP_PRIVACY_POLICY_ALL
2023-12-19 23:52:16.360399   => 'Signup' form is checked
