


Current sort - Top fallers
{'width': 1280, 'height': 800}

2024-03-20 13:50:15.091375   worker_id = master

2024-03-20 13:50:15.091392   0. Allure grouping v4


2024-03-20 13:50:15.091591   START PRECONDITIONS =>


2024-03-20 13:50:15.091607   => flag_of_bug - False

2024-03-20 13:50:15.091618   => Windows size - {'width': 1280, 'height': 800}
2024-03-20 13:50:15.092913   Set windows position at (0, 0) =>
2024-03-20 13:50:15.196876   Set resolution 1280 * 800 =>
2024-03-20 13:50:15.299204   => Windows size is set to {'width': 1280, 'height': 800}

2024-03-20 13:50:16.330099   Капчи нет. Идем дальше

2024-03-20 13:50:16.330186   Работа с куками

2024-03-20 13:50:16.330200   => Prev. country - 'ae'
2024-03-20 13:50:16.330210   => Country set to 'ae'

2024-03-20 13:50:16.330219   => Prev. language - 'ar'
2024-03-20 13:50:16.330228   => Language is set to 'ar'

2024-03-20 13:50:16.330237   => Prev. role - 'NoReg'
2024-03-20 13:50:16.330246   => The 'NoReg' role is set

2024-03-20 13:50:16.332960   => THE END PRECONDITIONS
2024-03-20 13:50:16.839288   => 'Markets' menu is present
2024-03-20 13:50:16.858690   element = <selenium.webdriver.remote.webelement.WebElement (session="215da856a5e8b86ff90dfc1f730059a3", element="f.C9217B21CC302143473C2ECDFEE4EF01.d.7EEC4FF702F7793ED45885025DE5D057.e.2116")>
2024-03-20 13:50:16.858731   => 'Markets' menu is visible
2024-03-20 13:50:18.130666   => Focus moved to 'Markets' menu
2024-03-20 13:50:18.136653   => 'Markets > Commodities' submenu is present

2024-03-20 13:50:19.401278   1. Arrange for TABLE_TRADING_INSTRUMENTS and 'Top fallers' cur_sort
2024-03-20 13:50:19.403872   TABLE_TRADING_INSTRUMENTS and cur_sort present on this page? =>
2024-03-20 13:50:19.409234   => TABLE_TRADING_INSTRUMENTS and cur_sort present on the page!

2024-03-20 13:50:19.409256   Start scroll and click FIELD_DROPDOWN_SORT =>
