{'width': 1920, 'height': 1080}
autouse fixture Chrome
Current test language - es
Current country of trading - gb



Current test role - NoReg
Current login - aqa.tomelo.an@gmail.com
Current login - iT9Vgqi6d$fiZ*Z
{'width': 1920, 'height': 1080}

2023-12-19 23:54:39.866223   worker_id = master

2023-12-19 23:54:39.866239   0. Allure grouping


2023-12-19 23:54:39.866407   START PRECONDITIONS =>

2023-12-19 23:54:41.067887   Load page https://capital.com

2023-12-19 23:54:41.067925   {'width': 1920, 'height': 1080}

2023-12-19 23:54:41.069412   Set windows position at (320, 180) =>

2023-12-19 23:54:41.193529   Set resolution 1280 * 720 =>

2023-12-19 23:54:41.433623   => Resolution seted {'width': 1280, 'height': 720}

2023-12-19 23:54:45.445424   Капчи нет. Тестим дальше

2023-12-19 23:54:45.445473   Prev. Role: ?

2023-12-19 23:54:45.445482   Run preconditions: set "NoReg" Role =>
2023-12-19 23:54:45.893563   Load page https://capital.com

2023-12-19 23:54:46.128802   => All cookies are deleted
2023-12-19 23:54:46.633310   Load page https://capital.com

2023-12-19 23:54:46.633523   Click button [Accept all cookies]
2023-12-19 23:54:46.633541   Is Visible BUTTON_ACCEPT_ALL_COOKIE? =>
2023-12-19 23:54:50.667173   Find BUTTON_ACCEPT_ALL_COOKIE =>
2023-12-19 23:54:50.674764   => BUTTON_ACCEPT_ALL_COOKIE presented
2023-12-19 23:54:50.674798   Is clickable BUTTON_ACCEPT_ALL_COOKIE? =>
2023-12-19 23:54:50.689706   Click BUTTON_ACCEPT_ALL_COOKIE =>
2023-12-19 23:54:51.735051   => BUTTON_ACCEPT_ALL_COOKIE is clicked
2023-12-19 23:54:51.735098   => Accepted All Cookies

2023-12-19 23:54:52.735291   Current role: NoReg

2023-12-19 23:54:52.735343   Prev language: ?

2023-12-19 23:54:52.735354   Run preconditions: set "es" language =>


2023-12-19 23:54:52.744182   => Language and Country menu is present


2023-12-19 23:54:52.757908   => Language and Country menu is visible


2023-12-19 23:54:54.529158   => Focus is moved on Language and Country menu 

2023-12-19 23:54:56.101965   => Current language: es

2023-12-19 23:54:56.102008   Prev country: ?

2023-12-19 23:54:56.102020   Run preconditions: set "gb" country =>


2023-12-19 23:54:56.107832   => Language and Country menu is present


2023-12-19 23:54:56.121674   => Language and Country menu is visible


2023-12-19 23:54:57.895244   => Focus is moved on Language and Country menu 

2023-12-19 23:55:01.012584   => Current country: gb

2023-12-19 23:55:01.012634   => THE END PRECONDITIONS

2023-12-19 23:55:01.012683   1. Arrange_v0
2023-12-19 23:55:02.030518   Load page https://capital.com/es/opera-italia40
2023-12-19 23:55:02.147884   BUTTON_START_TRADING scroll =>
2023-12-19 23:55:02.151735   BUTTON_START_TRADING is visible? =>
2023-12-19 23:55:02.198130   => BUTTON_START_TRADING is visible on the page!

2023-12-19 23:55:02.198344   2. Act_v0
2023-12-19 23:55:02.198362   Start Click button [Start Trading] =>
2023-12-19 23:55:02.204462   BUTTON_START_TRADING is clickable? =>
2023-12-19 23:55:02.216173   BUTTON_START_TRADING click =>
2023-12-19 23:55:02.281296   => BUTTON_START_TRADING clicked

2023-12-19 23:55:02.281552   3. Assert_v0
2023-12-19 23:55:02.281631   Start step Check that [Sign up] form is opened
2023-12-19 23:55:02.527915   'Sign up' form opened
2023-12-19 23:55:02.527958   Assert SIGNUP_HEADER =>
2023-12-19 23:55:02.574185   Assert SIGNUP_REF_LOGIN =>
2023-12-19 23:55:02.599957   Assert SIGNUP_PRIVACY_POLICY_ALL_2 =>
2023-12-19 23:55:02.622632   => SIGNUP_PRIVACY_POLICY_ALL
2023-12-19 23:55:02.622672   => 'Signup' form is checked
2023-12-19 23:55:02.622889   Start step Close [Sign up] form =>
2023-12-19 23:55:02.740680   => 'Signup' form closed
