{'width': 1280, 'height': 800}

2024-06-19 16:27:29.484954   worker_id = master

2024-06-19 16:27:29.484954   0. Allure grouping v4

2024-06-19 16:27:29.484954   START PRECONDITIONS =>

2024-06-19 16:27:29.484954   => URL after prev. preconditions - https://capital.com/fr
2024-06-19 16:27:29.484954   => flag_of_bug - False
2024-06-19 16:27:29.484954   => Current URL - https://capital.com/fr

2024-06-19 16:27:29.498919   => Windows size: {'width': 1280, 'height': 800}
2024-06-19 16:27:29.500916   Set windows position at (0, 0) =>
2024-06-19 16:27:29.503387   Set resolution 1280 * 800 =>
2024-06-19 16:27:29.509946   => Windows size is set to {'width': 1280, 'height': 800}

2024-06-19 16:27:30.518022   Капчи нет. Идем дальше

2024-06-19 16:27:30.518022   Работа с куками =>

2024-06-19 16:27:30.518022   => не требуется

2024-06-19 16:27:31.572590   Капчи нет. Идем дальше

2024-06-19 16:27:31.572590   Prev. country - 'au'
2024-06-19 16:27:31.572590   Cur. country - 'au'
2024-06-19 16:27:31.572590   => Country set to 'au'

2024-06-19 16:27:32.630670   Капчи нет. Идем дальше

2024-06-19 16:27:32.630670   Prev. language - 'fr'
2024-06-19 16:27:32.630670   Cur. language - 'fr'
2024-06-19 16:27:32.630670   => Language is set to 'fr'

2024-06-19 16:27:33.635471   Капчи нет. Идем дальше

2024-06-19 16:27:33.635471   Prev. role - 'NoReg'
2024-06-19 16:27:33.635471   Cur. role - 'NoReg'
2024-06-19 16:27:33.635471   => The 'NoReg' role is set

2024-06-19 16:27:33.642315   => Current URL - https://capital.com/fr

2024-06-19 16:27:33.642315   => THE END PRECONDITIONS

2024-06-19 16:27:33.642315   1. Arrange_v0
2024-06-19 16:27:33.642315   current_page = https://capital.com/fr
2024-06-19 16:27:33.645330   link = https://capital.com/fr
2024-06-19 16:27:33.649317   IS Trader's Dashboard widget present on this page? =>
2024-06-19 16:27:33.660463   => Trader's Dashboard widget present on this page!

2024-06-19 16:27:33.670457   IS Trader's Dashboard widget visible on this page? =>
2024-06-19 16:27:33.718042   => Trader's Dashboard widget is visible on this page!

2024-06-19 16:27:33.718042   IS [Trade] button present on this page? =>
2024-06-19 16:27:33.737192   => [Trade] button present on this page!

2024-06-19 16:27:33.737192   Defined random number of test button, item is: 5 

2024-06-19 16:27:33.752333   IS [Trade] button visible on this page? =>
2024-06-19 16:27:33.772550   => [Trade] button is visible on this page!

2024-06-19 16:27:33.772550   [Trade] button scroll =>

2024-06-19 16:27:33.772550   2. Act_v0
2024-06-19 16:27:33.772550   [Trade] button is clickable? =>
2024-06-19 16:27:33.798138   => [Trade] button is clickable!

2024-06-19 16:27:33.798138   Start get name of trading instrument =>
2024-06-19 16:27:33.821357   => Name of trading instrument: ETH/USD

2024-06-19 16:27:33.898495   => [Trade] button clicked!

2024-06-19 16:27:33.898495   3. Assert_Signup_v0
2024-06-19 16:27:33.898495   Start step Check that [Sign up] form is opened
2024-06-19 16:27:33.916487   'Sign up' form opened
2024-06-19 16:27:33.916487   Assert SIGNUP_HEADER =>
2024-06-19 16:27:33.929461   Assert SIGNUP_REF_LOGIN =>
2024-06-19 16:27:33.962610   Assert SIGNUP_PRIVACY_POLICY_ALL_2 =>
2024-06-19 16:27:33.975623   => SIGNUP_PRIVACY_POLICY_ALL
2024-06-19 16:27:33.975623   => 'Signup' form is checked
2024-06-19 16:27:33.976610   Start step Close [Sign up] form =>
2024-06-19 16:27:34.049057   => 'Signup' form closed
2024-06-19 16:27:34.356700   => Focus moved to 'capital*com' logo
