{'width': 1280, 'height': 800}

2024-03-20 14:33:19.399990   worker_id = master

2024-03-20 14:33:19.400008   0. Allure grouping v4


2024-03-20 14:33:19.400248   START PRECONDITIONS =>


2024-03-20 14:33:19.400266   => flag_of_bug - True
2024-03-20 14:33:19.400278   Current page URL = https://capital.com/ar/trade-commodities
2024-03-20 14:33:20.322635   => Loaded page https://capital.com/

2024-03-20 14:33:20.327544   => Windows size - {'width': 1280, 'height': 800}
2024-03-20 14:33:20.329007   Set windows position at (0, 0) =>
2024-03-20 14:33:20.431379   Set resolution 1280 * 800 =>
2024-03-20 14:33:20.533853   => Windows size is set to {'width': 1280, 'height': 800}

2024-03-20 14:33:21.585276   Капчи нет. Идем дальше

2024-03-20 14:33:21.585369   Работа с куками

2024-03-20 14:33:21.585383   => Prev. country - 'ae'
2024-03-20 14:33:21.585393   => Country set to 'ae'

2024-03-20 14:33:21.585402   => Prev. language - 'ar'
2024-03-20 14:33:21.585412   Set 'ar' language =>
2024-03-20 14:33:21.595014   => Language and Country menu is present
2024-03-20 14:33:21.605512   => Language and Country menu is visible
2024-03-20 14:33:22.878194   => Focus is moved on Language and Country menu 
2024-03-20 14:33:22.884257   Move focus on ar item and click =>
2024-03-20 14:33:24.409122   => Focus moved on ar item and clicked
2024-03-20 14:33:24.409172   => Cur url = https://capital.com/ar
2024-03-20 14:33:24.421053   => Language is set to 'ar'

2024-03-20 14:33:24.421076   => Prev. role - 'NoReg'
2024-03-20 14:33:24.421087   => The 'NoReg' role is set

2024-03-20 14:33:24.423693   => THE END PRECONDITIONS

2024-03-20 14:33:24.423747   1. Cur URL = https://capital.com/ar

2024-03-20 14:33:24.436548   2. Link = https://capital.com/ar
2024-03-20 14:33:24.951398   => Education menu is present in DOM
2024-03-20 14:33:24.961052   element = <selenium.webdriver.remote.webelement.WebElement (session="6f35506a127c9d40e0637e8bf5b352b4", element="f.E1DC04931A41850C479BE699E0773F8E.d.F338715AB8BB6D3E371D5159A67E4E6A.e.9916")>
2024-03-20 14:33:24.961087   => Education menu is visible
2024-03-20 14:33:26.226924   => Focus moved to Education menu

2024-03-20 14:33:28.140962   1. Arrange_v4
2024-03-20 14:33:28.145877   MOST_TRADED is present? =>
2024-03-20 14:33:28.154331   => MOST_TRADED widget is present on this page
2024-03-20 14:33:28.154354   => Found 5 elements in block MOST_TRADED
2024-03-20 14:33:28.154365   Most traded widget is scroll =>
2024-03-20 14:33:28.160706   => Most traded widget is scrolled into screen center

2024-03-20 14:33:28.160759   Random indexes = [4]

2024-03-20 14:33:28.160784   Testing Most traded 1 random element with 4 index

2024-03-20 14:33:28.160967   2. Act_v4
2024-03-20 14:33:28.161106   Start Checking that form [Sign up] popped up on the page =>
2024-03-20 14:33:29.708113   '[Sign up]' form was not popped up
2024-03-20 14:33:29.726538   Selected Trade button on Most traded widget is scroll =>
2024-03-20 14:33:29.733867   Selected Trade button click for 'US Cocoa Spot' trading instrument =>
2024-03-20 14:33:30.781119   => Selected Trade button clicked!

2024-03-20 14:33:30.781342   3. Assert_v0
2024-03-20 14:33:30.781430   Start step Check that [Sign up] form is opened
2024-03-20 14:33:31.124239   'Sign up' form opened
2024-03-20 14:33:31.124288   Assert SIGNUP_HEADER =>
2024-03-20 14:33:31.139058   Assert SIGNUP_REF_LOGIN =>
2024-03-20 14:33:31.152686   Assert SIGNUP_PRIVACY_POLICY_ALL_2 =>
2024-03-20 14:33:31.167740   => SIGNUP_PRIVACY_POLICY_ALL
2024-03-20 14:33:31.167777   => 'Signup' form is checked
2024-03-20 14:33:31.167987   Start step Close [Sign up] form =>
2024-03-20 14:33:31.253865   => 'Signup' form closed
