{'width': 1280, 'height': 720}

2023-12-27 13:37:19.487829   worker_id = master

2023-12-27 13:37:19.487857   0. Allure grouping v4


2023-12-27 13:37:19.488218   START PRECONDITIONS =>


2023-12-27 13:37:19.488241   {'width': 1280, 'height': 720}

2023-12-27 13:37:19.601121   Set windows position at (320, 180) =>

2023-12-27 13:37:19.733049   Set resolution 1280 * 720 =>

2023-12-27 13:37:19.848600   => Resolution seted {'width': 1280, 'height': 720}

2023-12-27 13:37:23.877502   Капчи нет. Тестим дальше

2023-12-27 13:37:23.877548   Prev. Role: Auth

2023-12-27 13:37:23.877558   Current role: Auth

2023-12-27 13:37:23.877566   Prev language: fr

2023-12-27 13:37:23.877574   => Current language: fr

2023-12-27 13:37:23.877582   Prev country: de

2023-12-27 13:37:23.877591   => Current country: de

2023-12-27 13:37:23.877598   => THE END PRECONDITIONS

2023-12-27 13:37:23.877657   1. Arrange_v0
2023-12-27 13:37:23.880518   BUTTON_TRY_DEMO is visible? =>
2023-12-27 13:37:23.894918   => BUTTON_TRY_DEMO is visible on the page!

2023-12-27 13:37:23.895065   2. Act_v0
2023-12-27 13:37:23.895079   BUTTON_TRY_DEMO is present? =>
2023-12-27 13:37:23.902584   => BUTTON_TRY_DEMO is present on the page!
2023-12-27 13:37:23.902608   BUTTON_TRY_DEMO scroll =>
2023-12-27 13:37:23.934742   => BUTTON_TRY_DEMO clicked!

2023-12-27 13:37:23.934980   3. Assert_v4
2023-12-27 13:37:23.935084   Checking that the trading platform page has opened (v4) =>
2023-12-27 13:37:25.125149   => Current page title: Trading Platform | Capital.com
2023-12-27 13:37:25.125348   Checking that the Trading platform LOGO is present on the page =>
2023-12-27 13:37:25.754737   Checking that the Trading platform opened in DEMO mode =>
2023-12-27 13:37:25.768429   => The page with https://capital.com/fr/trading-tesla url was opened in DEMO mode
2023-12-27 13:37:26.518473   Load page https://capital.com/fr/trading-tesla
