{'width': 1280, 'height': 720}

2023-12-27 13:42:13.257453   worker_id = master

2023-12-27 13:42:13.257479   0. Allure grouping v4


2023-12-27 13:42:13.257771   START PRECONDITIONS =>


2023-12-27 13:42:13.257792   {'width': 1280, 'height': 720}

2023-12-27 13:42:13.267936   Set windows position at (320, 180) =>

2023-12-27 13:42:13.533153   Set resolution 1280 * 720 =>

2023-12-27 13:42:13.645883   => Resolution seted {'width': 1280, 'height': 720}

2023-12-27 13:42:17.660935   Капчи нет. Тестим дальше

2023-12-27 13:42:17.660980   Prev. Role: Auth

2023-12-27 13:42:17.660990   Current role: Auth

2023-12-27 13:42:17.660999   Prev language: fr

2023-12-27 13:42:17.661007   => Current language: fr

2023-12-27 13:42:17.661014   Prev country: de

2023-12-27 13:42:17.661022   => Current country: de

2023-12-27 13:42:17.661030   => THE END PRECONDITIONS

2023-12-27 13:42:17.661085   1. Arrange_v0
2023-12-27 13:42:17.664229   BUTTON_TRY_DEMO is visible? =>
2023-12-27 13:42:17.679781   => BUTTON_TRY_DEMO is visible on the page!

2023-12-27 13:42:17.679939   2. Act_v0
2023-12-27 13:42:17.679954   BUTTON_TRY_DEMO is present? =>
2023-12-27 13:42:17.687669   => BUTTON_TRY_DEMO is present on the page!
2023-12-27 13:42:17.687695   BUTTON_TRY_DEMO scroll =>
2023-12-27 13:42:17.726879   => BUTTON_TRY_DEMO clicked!

2023-12-27 13:42:17.727112   3. Assert_v4
2023-12-27 13:42:17.727246   Checking that the trading platform page has opened (v4) =>
2023-12-27 13:42:18.743576   => Current page title: Trading Platform | Capital.com
2023-12-27 13:42:18.743743   Checking that the Trading platform LOGO is present on the page =>
2023-12-27 13:42:19.351627   Checking that the Trading platform opened in DEMO mode =>
2023-12-27 13:42:19.369055   => The page with https://capital.com/fr/trading-canopy-growth url was opened in DEMO mode
2023-12-27 13:42:20.047826   Load page https://capital.com/fr/trading-canopy-growth
