{'width': 1280, 'height': 800}

2024-03-28 17:48:03.221554   worker_id = master

2024-03-28 17:48:03.221570   0. Allure grouping v4


2024-03-28 17:48:03.221773   START PRECONDITIONS =>


2024-03-28 17:48:03.221789   => flag_of_bug - False

2024-03-28 17:48:03.221805   => Windows size - {'width': 1280, 'height': 800}
2024-03-28 17:48:03.223202   Set windows position at (0, 0) =>
2024-03-28 17:48:03.325503   Set resolution 1280 * 800 =>
2024-03-28 17:48:03.428067   => Windows size is set to {'width': 1280, 'height': 800}

2024-03-28 17:48:04.471539   Капчи нет. Идем дальше

2024-03-28 17:48:04.471630   Работа с куками

2024-03-28 17:48:04.471644   => Prev. country - 'de'
2024-03-28 17:48:04.471653   => Country set to 'de'

2024-03-28 17:48:04.471663   => Prev. language - 'el'
2024-03-28 17:48:04.471673   => Language is set to 'el'

2024-03-28 17:48:04.471681   => Prev. role - 'NoReg'
2024-03-28 17:48:04.471690   => The 'NoReg' role is set

2024-03-28 17:48:04.474531   => THE END PRECONDITIONS

2024-03-28 17:48:04.474722   1. Arrange_v0
2024-03-28 17:48:04.474739   current_page = https://capital.com/el/us-cocoa-cash-emporeuma
2024-03-28 17:48:04.477341   link = https://capital.com/el/us-cocoa-cash-emporeuma
2024-03-28 17:48:04.479888   BUTTON_CREATE_YOUR_ACCOUNT is located on the page? =>

2024-03-28 17:48:04.488007   2. Act_v0: Define of locator

2024-03-28 17:48:04.488035   2. Act_v0: Go to web element

2024-03-28 17:48:05.530026   2. Act_v0: Click web element
2024-03-28 17:48:05.576418   => BUTTON_CREATE_YOUR_ACCOUNT is clicked

2024-03-28 17:48:05.576713   3. Assert_v0
2024-03-28 17:48:05.576846   Start step Check that [Sign up] form is opened
2024-03-28 17:48:05.610774   'Sign up' form opened
2024-03-28 17:48:05.610814   Assert SIGNUP_HEADER =>
2024-03-28 17:48:05.624427   Assert SIGNUP_REF_LOGIN =>
2024-03-28 17:48:05.636907   Assert SIGNUP_PRIVACY_POLICY_ALL_2 =>
2024-03-28 17:48:05.648889   => SIGNUP_PRIVACY_POLICY_ALL
2024-03-28 17:48:05.648927   => 'Signup' form is checked
2024-03-28 17:48:05.649098   Start step Close [Sign up] form =>
2024-03-28 17:48:05.734555   => 'Signup' form closed
2024-03-28 17:48:06.013780   => Focus moved to 'capital*com' logo

2024-03-28 17:48:06.153235   *** end fixture Browser = teardown ***

