{'width': 1280, 'height': 800}

2024-03-21 12:13:49.905479   worker_id = master

2024-03-21 12:13:49.905495   0. Allure grouping v4


2024-03-21 12:13:49.905691   START PRECONDITIONS =>


2024-03-21 12:13:49.905707   => flag_of_bug - False

2024-03-21 12:13:49.905718   => Windows size - {'width': 1280, 'height': 800}
2024-03-21 12:13:49.906970   Set windows position at (0, 0) =>
2024-03-21 12:13:50.008949   Set resolution 1280 * 800 =>
2024-03-21 12:13:50.111039   => Windows size is set to {'width': 1280, 'height': 800}

2024-03-21 12:13:51.136869   Капчи нет. Идем дальше

2024-03-21 12:13:51.136942   Работа с куками

2024-03-21 12:13:51.136955   => Prev. country - 'de'
2024-03-21 12:13:51.136965   => Country set to 'de'

2024-03-21 12:13:51.136974   => Prev. language - 'ru'
2024-03-21 12:13:51.136983   => Language is set to 'ru'

2024-03-21 12:13:51.136991   => Prev. role - 'NoReg'
2024-03-21 12:13:51.137000   => The 'NoReg' role is set

2024-03-21 12:13:51.139691   => THE END PRECONDITIONS

2024-03-21 12:13:51.139742   1. Cur URL = https://capital.com/ru/torgovlya-syrievymi-tovarami-cfd

2024-03-21 12:13:51.142149   2. Link = https://capital.com/ru/torgovlya-syrievymi-tovarami-cfd
2024-03-21 12:13:51.650016   => Education menu is present in DOM
2024-03-21 12:13:51.656262   element = <selenium.webdriver.remote.webelement.WebElement (session="58071e390d91a57e573395a02e6e43c6", element="f.1168C531092E02D6B677B8947295CDFB.d.C98A26689E4ED36F15B3B6EE16BF1368.e.1654")>
2024-03-21 12:13:51.656289   => Education menu is visible
2024-03-21 12:13:52.918454   => Focus moved to Education menu

2024-03-21 12:13:54.883041   1. Arrange_v0
2024-03-21 12:13:54.893475   => BUTTON_TRY_DEMO is present on this page
2024-03-21 12:13:54.893499   BUTTON_TRY_DEMO scroll =>
2024-03-21 12:13:54.896929   BUTTON_TRY_DEMO is visible? =>
2024-03-21 12:13:54.910204   => BUTTON_TRY_DEMO is visible on this page

2024-03-21 12:13:54.910325   2. Act_v0
2024-03-21 12:13:54.915860   BUTTON_TRY_DEMO is clickable? =>
2024-03-21 12:13:54.938185   => BUTTON_TRY_DEMO clicked!

2024-03-21 12:13:54.938382   3. Assert_v0
2024-03-21 12:13:54.938470   Start step Check that [Sign up] form is opened
2024-03-21 12:13:55.087906   'Sign up' form opened
2024-03-21 12:13:55.087955   Assert SIGNUP_HEADER =>
2024-03-21 12:13:55.101914   Assert SIGNUP_REF_LOGIN =>
2024-03-21 12:13:55.114468   Assert SIGNUP_PRIVACY_POLICY_ALL_2 =>
2024-03-21 12:13:55.126541   => SIGNUP_PRIVACY_POLICY_ALL
2024-03-21 12:13:55.126570   => 'Signup' form is checked
2024-03-21 12:13:55.126726   Start step Close [Sign up] form =>
2024-03-21 12:13:55.205491   => 'Signup' form closed
