{'width': 1280, 'height': 800}

2024-03-21 12:14:50.674712   worker_id = master

2024-03-21 12:14:50.674727   0. Allure grouping v4


2024-03-21 12:14:50.674931   START PRECONDITIONS =>


2024-03-21 12:14:50.674947   => flag_of_bug - False

2024-03-21 12:14:50.674959   => Windows size - {'width': 1280, 'height': 800}
2024-03-21 12:14:50.680883   Set windows position at (0, 0) =>
2024-03-21 12:14:50.783017   Set resolution 1280 * 800 =>
2024-03-21 12:14:50.885296   => Windows size is set to {'width': 1280, 'height': 800}

2024-03-21 12:14:51.925298   Капчи нет. Идем дальше

2024-03-21 12:14:51.925378   Работа с куками

2024-03-21 12:14:51.925393   => Prev. country - 'de'
2024-03-21 12:14:51.925403   => Country set to 'de'

2024-03-21 12:14:51.925412   => Prev. language - 'ru'
2024-03-21 12:14:51.925422   => Language is set to 'ru'

2024-03-21 12:14:51.925431   => Prev. role - 'Auth'
2024-03-21 12:14:51.925440   => The 'Auth' role is set

2024-03-21 12:14:51.928088   => THE END PRECONDITIONS

2024-03-21 12:14:51.928290   1. Arrange_v0
2024-03-21 12:14:51.938047   => BUTTON_TRY_DEMO is present on this page
2024-03-21 12:14:51.938070   BUTTON_TRY_DEMO scroll =>
2024-03-21 12:14:51.941255   BUTTON_TRY_DEMO is visible? =>
2024-03-21 12:14:51.954291   => BUTTON_TRY_DEMO is visible on this page

2024-03-21 12:14:51.954417   2. Act_v0
2024-03-21 12:14:51.959070   BUTTON_TRY_DEMO is clickable? =>
2024-03-21 12:14:51.980777   => BUTTON_TRY_DEMO clicked!

2024-03-21 12:14:51.980963   3. Assert_v4
2024-03-21 12:14:51.981075   Checking that the trading platform page has opened (v4) =>
2024-03-21 12:14:53.361905   Checking way # 1 => 
2024-03-21 12:14:53.368713   => Current page title: Trading Platform | Capital.com
2024-03-21 12:14:53.368873   Checking that the Trading platform LOGO is present on the page =>
2024-03-21 12:14:53.681449   => Trading platform LOGO is present on the page
2024-03-21 12:14:53.681549   tpd = True
2024-03-21 12:14:53.681738   Checking that the Trading platform opened in DEMO mode =>
2024-03-21 12:14:54.139292   => The page with https://capital.com/trading/platform/?mode=demo url was opened in DEMO mode
2024-03-21 12:14:55.142226   => Driver.backed
