{'width': 1280, 'height': 800}

2024-03-21 13:29:27.553086   worker_id = master

2024-03-21 13:29:27.553103   0. Allure grouping v4


2024-03-21 13:29:27.553308   START PRECONDITIONS =>


2024-03-21 13:29:27.553323   => flag_of_bug - True
2024-03-21 13:29:27.553335   Current page URL = https://capital.com/trading/platform/
2024-03-21 13:29:29.488670   => Loaded page https://capital.com/

2024-03-21 13:29:29.491485   => Windows size - {'width': 1280, 'height': 800}
2024-03-21 13:29:29.492926   Set windows position at (0, 0) =>
2024-03-21 13:29:29.594892   Set resolution 1280 * 800 =>
2024-03-21 13:29:29.697013   => Windows size is set to {'width': 1280, 'height': 800}

2024-03-21 13:29:30.730363   Капчи нет. Идем дальше

2024-03-21 13:29:30.730467   Работа с куками

2024-03-21 13:29:30.730484   => Prev. country - 'de'
2024-03-21 13:29:30.730498   => Country set to 'de'

2024-03-21 13:29:30.730511   => Prev. language - 'ru'
2024-03-21 13:29:30.730524   Set 'ru' language =>
2024-03-21 13:29:30.740205   => Language and Country menu is present
2024-03-21 13:29:30.754051   => Language and Country menu is visible
2024-03-21 13:29:32.034031   => Focus is moved on Language and Country menu 
2024-03-21 13:29:32.040199   Move focus on ru item and click =>
2024-03-21 13:29:33.595006   => Focus moved on ru item and clicked
2024-03-21 13:29:33.595055   => Cur url = https://capital.com/ru
2024-03-21 13:29:33.624625   => Language is set to 'ru'

2024-03-21 13:29:33.624651   => Prev. role - 'NoReg'
2024-03-21 13:29:33.624661   => The 'NoReg' role is set

2024-03-21 13:29:33.627273   => THE END PRECONDITIONS

2024-03-21 13:29:33.627465   1. Arrange_v0
2024-03-21 13:29:33.630066   Current page URL = https://capital.com/ru
2024-03-21 13:29:34.543464   => Loaded page https://capital.com/ru/swing-trading
2024-03-21 13:29:34.546171   BUTTON_CREATE_YOUR_ACCOUNT is located on the page? =>

2024-03-21 13:29:34.556107   2. Act_v0: Define of locator

2024-03-21 13:29:34.556135   2. Act_v0: Go to web element

2024-03-21 13:29:35.595905   2. Act_v0: Click web element
2024-03-21 13:29:35.622616   => BUTTON_CREATE_YOUR_ACCOUNT is clicked

2024-03-21 13:29:35.622818   3. Assert_v0
2024-03-21 13:29:35.622910   Start step Check that [Sign up] form is opened
2024-03-21 13:29:35.900047   'Sign up' form opened
2024-03-21 13:29:35.900095   Assert SIGNUP_HEADER =>
2024-03-21 13:29:35.915360   Assert SIGNUP_REF_LOGIN =>
2024-03-21 13:29:35.929372   Assert SIGNUP_PRIVACY_POLICY_ALL_2 =>
2024-03-21 13:29:35.944161   => SIGNUP_PRIVACY_POLICY_ALL
2024-03-21 13:29:35.944193   => 'Signup' form is checked
2024-03-21 13:29:35.944349   Start step Close [Sign up] form =>
2024-03-21 13:29:36.036888   => 'Signup' form closed
