{'width': 1280, 'height': 800}

2024-03-21 12:48:15.281698   worker_id = master

2024-03-21 12:48:15.281715   0. Allure grouping v4


2024-03-21 12:48:15.281916   START PRECONDITIONS =>


2024-03-21 12:48:15.281931   => flag_of_bug - False

2024-03-21 12:48:15.281943   => Windows size - {'width': 1280, 'height': 800}
2024-03-21 12:48:15.283421   Set windows position at (0, 0) =>
2024-03-21 12:48:15.385434   Set resolution 1280 * 800 =>
2024-03-21 12:48:15.487386   => Windows size is set to {'width': 1280, 'height': 800}

2024-03-21 12:48:16.510956   Капчи нет. Идем дальше

2024-03-21 12:48:16.511069   Работа с куками

2024-03-21 12:48:16.511083   => Prev. country - 'de'
2024-03-21 12:48:16.511093   => Country set to 'de'

2024-03-21 12:48:16.511102   => Prev. language - 'ru'
2024-03-21 12:48:16.511111   => Language is set to 'ru'

2024-03-21 12:48:16.511119   => Prev. role - 'NoAuth'
2024-03-21 12:48:16.511128   => The 'NoAuth' role is set

2024-03-21 12:48:16.514007   => THE END PRECONDITIONS
2024-03-21 12:48:17.019777   => Education menu is present in DOM
2024-03-21 12:48:17.026428   element = <selenium.webdriver.remote.webelement.WebElement (session="9a0fdf1f0b9a8115e6ad7f9f3b2134cb", element="f.1D3B9289D81B869F1BC08CBE7E5389E2.d.5D3075DA74DE7153C2122BE9973F07AE.e.1071")>
2024-03-21 12:48:17.026456   => Education menu is visible
2024-03-21 12:48:18.290072   => Focus moved to Education menu

2024-03-21 12:48:19.073859   1. Arrange_v4
2024-03-21 12:48:19.076771   MOST_TRADED is present? =>
2024-03-21 12:48:19.088468   => MOST_TRADED widget is present on this page
2024-03-21 12:48:19.088504   => Found 5 elements in block MOST_TRADED
2024-03-21 12:48:19.088524   Most traded widget is scroll =>
2024-03-21 12:48:19.093542   => Most traded widget is scrolled into screen center

2024-03-21 12:48:19.093597   Random indexes = [1]

2024-03-21 12:48:19.093625   Testing Most traded 1 random element with 1 index

2024-03-21 12:48:19.093792   2. Act_v4
2024-03-21 12:48:19.093919   Start Checking that form [Sign up] popped up on the page =>
2024-03-21 12:48:19.132528   'Sign up' form opened
2024-03-21 12:48:19.132715   Start step Close [Sign up] form =>
2024-03-21 12:48:19.190830   => 'Signup' form closed
2024-03-21 12:48:19.485655   Selected Trade button on Most traded widget is scroll =>
2024-03-21 12:48:19.489151   Selected Trade button click for 'US Wall Street 30' trading instrument =>
2024-03-21 12:48:20.559643   => Selected Trade button clicked!

2024-03-21 12:48:20.559930   3. Assert_Login_v0
2024-03-21 12:48:20.560069   Check that 'Login' form is opened
2024-03-21 12:48:20.574201   'Login' form opened
2024-03-21 12:48:20.574235   Assert LOGIN_REF_SIGNUP =>
2024-03-21 12:48:20.590841   Assert LOGIN_CHECKBOX =>
2024-03-21 12:48:20.625859   Assert LOGIN_PASS_FORGOT =>
2024-03-21 12:48:20.642536   => 'Login' form is checked
2024-03-21 12:48:20.663962   Click 'Close' button on 'Login' form =>
2024-03-21 12:48:20.722387   => 'Login' form closed
