{'width': 1280, 'height': 800}

2024-03-21 12:49:13.818296   worker_id = master

2024-03-21 12:49:13.818315   0. Allure grouping v4


2024-03-21 12:49:13.818589   START PRECONDITIONS =>


2024-03-21 12:49:13.818614   => flag_of_bug - False

2024-03-21 12:49:13.818627   => Windows size - {'width': 1280, 'height': 800}
2024-03-21 12:49:13.820178   Set windows position at (0, 0) =>
2024-03-21 12:49:13.922075   Set resolution 1280 * 800 =>
2024-03-21 12:49:14.024095   => Windows size is set to {'width': 1280, 'height': 800}

2024-03-21 12:49:15.049695   Капчи нет. Идем дальше

2024-03-21 12:49:15.049772   Работа с куками

2024-03-21 12:49:15.049787   => Prev. country - 'de'
2024-03-21 12:49:15.049796   => Country set to 'de'

2024-03-21 12:49:15.049805   => Prev. language - 'ru'
2024-03-21 12:49:15.049814   => Language is set to 'ru'

2024-03-21 12:49:15.049823   => Prev. role - 'NoReg'
2024-03-21 12:49:15.049831   => The 'NoReg' role is set

2024-03-21 12:49:15.052751   => THE END PRECONDITIONS
2024-03-21 12:49:15.559043   => Education menu is present in DOM
2024-03-21 12:49:15.566195   element = <selenium.webdriver.remote.webelement.WebElement (session="9a0fdf1f0b9a8115e6ad7f9f3b2134cb", element="f.1D3B9289D81B869F1BC08CBE7E5389E2.d.8042F29D9E4FD0AD7F18CC03283027A8.e.1348")>
2024-03-21 12:49:15.566225   => Education menu is visible
2024-03-21 12:49:16.829598   => Focus moved to Education menu

2024-03-21 12:49:17.605607   1. Arrange_v0
2024-03-21 12:49:17.617288   => BUTTON_TRY_DEMO is present on this page
2024-03-21 12:49:17.617311   BUTTON_TRY_DEMO scroll =>
2024-03-21 12:49:17.621896   BUTTON_TRY_DEMO is visible? =>
2024-03-21 12:49:17.637343   => BUTTON_TRY_DEMO is visible on this page

2024-03-21 12:49:17.637483   2. Act_v0
2024-03-21 12:49:17.642631   BUTTON_TRY_DEMO is clickable? =>
2024-03-21 12:49:17.684468   => BUTTON_TRY_DEMO clicked!

2024-03-21 12:49:17.684765   3. Assert_v0
2024-03-21 12:49:17.684911   Start step Check that [Sign up] form is opened
2024-03-21 12:49:17.718605   'Sign up' form opened
2024-03-21 12:49:17.718646   Assert SIGNUP_HEADER =>
2024-03-21 12:49:17.732040   Assert SIGNUP_REF_LOGIN =>
2024-03-21 12:49:17.743702   Assert SIGNUP_PRIVACY_POLICY_ALL_2 =>
2024-03-21 12:49:17.756662   => SIGNUP_PRIVACY_POLICY_ALL
2024-03-21 12:49:17.756690   => 'Signup' form is checked
2024-03-21 12:49:17.756852   Start step Close [Sign up] form =>
2024-03-21 12:49:17.838350   => 'Signup' form closed
