{'width': 1280, 'height': 800}

2024-03-29 17:11:40.825133   worker_id = master

2024-03-29 17:11:40.825151   0. Allure grouping v4


2024-03-29 17:11:40.825372   START PRECONDITIONS =>


2024-03-29 17:11:40.825388   => flag_of_bug - False

2024-03-29 17:11:40.825401   => Windows size - {'width': 1280, 'height': 800}
2024-03-29 17:11:40.826795   Set windows position at (0, 0) =>
2024-03-29 17:11:40.929110   Set resolution 1280 * 800 =>
2024-03-29 17:11:41.031579   => Windows size is set to {'width': 1280, 'height': 800}

2024-03-29 17:11:42.045484   Капчи нет. Идем дальше

2024-03-29 17:11:42.045587   Работа с куками

2024-03-29 17:11:42.045603   => Prev. country - 'au'
2024-03-29 17:11:42.045613   => Country set to 'au'

2024-03-29 17:11:42.045623   => Prev. language - 'en'
2024-03-29 17:11:42.045633   => Language is set to 'en'

2024-03-29 17:11:42.045641   => Prev. role - 'Auth'
2024-03-29 17:11:42.045650   => The 'Auth' role is set

2024-03-29 17:11:42.048543   => THE END PRECONDITIONS

2024-03-29 17:11:42.048760   1. Arrange_v0
2024-03-29 17:11:42.048778   current_page = https://capital.com/trade-palladium
2024-03-29 17:11:42.051378   link = https://capital.com/trade-palladium
2024-03-29 17:11:42.061817   => BUTTON_TRY_DEMO is present on this page
2024-03-29 17:11:42.061843   BUTTON_TRY_DEMO scroll =>
2024-03-29 17:11:42.065395   BUTTON_TRY_DEMO is visible? =>
2024-03-29 17:11:42.079297   => BUTTON_TRY_DEMO is visible on this page

2024-03-29 17:11:42.079465   2. Act_v0
2024-03-29 17:11:42.084288   BUTTON_TRY_DEMO is clickable? =>
2024-03-29 17:11:42.109623   => BUTTON_TRY_DEMO clicked!

2024-03-29 17:11:42.109863   3. Assert_v4
2024-03-29 17:11:42.110012   Checking that the trading platform page has opened (v4) =>
2024-03-29 17:11:43.127054   Checking way # 1 => 

2024-03-29 17:11:43.127300   1. Checking that the Trading platform page has valid title =>
2024-03-29 17:11:43.148499   => The title of current page is 'Trading Platform | Capital.com'

2024-03-29 17:11:43.148770   2. Checking that the Trading platform LOGO is present on the page =>
2024-03-29 17:11:43.784051   => Trading platform 'capital*com' logo is present on the current page

2024-03-29 17:11:43.784126   tpd = True
2024-03-29 17:11:43.784286   3.1. Checking that the Trading platform opened in DEMO mode =>
2024-03-29 17:11:43.809749   => The page with https://capital.com/trading/platform/?mode=demo url was opened in DEMO mode
2024-03-29 17:11:45.192820   => Driver.backed
