{'width': 1280, 'height': 800}

2024-03-29 16:30:25.125441   worker_id = master

2024-03-29 16:30:25.125456   0. Allure grouping v4


2024-03-29 16:30:25.125653   START PRECONDITIONS =>


2024-03-29 16:30:25.125669   => flag_of_bug - False

2024-03-29 16:30:25.125680   => Windows size - {'width': 1280, 'height': 800}
2024-03-29 16:30:25.126998   Set windows position at (0, 0) =>
2024-03-29 16:30:25.229284   Set resolution 1280 * 800 =>
2024-03-29 16:30:25.331438   => Windows size is set to {'width': 1280, 'height': 800}

2024-03-29 16:30:26.356457   Капчи нет. Идем дальше

2024-03-29 16:30:26.356546   Работа с куками

2024-03-29 16:30:26.356559   => Prev. country - 'au'
2024-03-29 16:30:26.356569   => Country set to 'au'

2024-03-29 16:30:26.356578   => Prev. language - 'en'
2024-03-29 16:30:26.356588   => Language is set to 'en'

2024-03-29 16:30:26.356597   => Prev. role - 'NoReg'
2024-03-29 16:30:26.356605   => The 'NoReg' role is set

2024-03-29 16:30:26.359419   => THE END PRECONDITIONS

2024-03-29 16:30:26.359615   1. Arrange_v0
2024-03-29 16:30:26.359633   current_page = https://capital.com/iron-ore-spot-commodity
2024-03-29 16:30:26.362250   link = https://capital.com/iron-ore-spot-commodity
2024-03-29 16:30:26.364809   IS 'Trading calculator' widget present on this page? =>
2024-03-29 16:30:26.372386   => 'Trading calculator' widget present on this page!

2024-03-29 16:30:26.372408   IS 'Trading calculator' widget present on this page? =>
2024-03-29 16:30:26.385598   => 'Trading calculator' widget is visible on this page!

2024-03-29 16:30:26.385620   IS [Start Trading] button present on this page? =>
2024-03-29 16:30:26.392788   => [Start Trading] button present on this page!

2024-03-29 16:30:26.392810   IS [Start Trading] button present on this page? =>
2024-03-29 16:30:26.406248   => [Start Trading] button is visible on this page!

2024-03-29 16:30:26.406271   [Start Trading] button scroll =>

2024-03-29 16:30:26.409707   2. Act_v0
2024-03-29 16:30:26.409727   [Start Trading] button is clickable? =>
2024-03-29 16:30:26.438832   => [Start Trading] button is clickable!

2024-03-29 16:30:26.508811   => [Start Trading] button clicked!

2024-03-29 16:30:26.509124   3. Assert_v0
2024-03-29 16:30:26.509258   Start step Check that [Sign up] form is opened
2024-03-29 16:30:26.525871   'Sign up' form opened
2024-03-29 16:30:26.525911   Assert SIGNUP_HEADER =>
2024-03-29 16:30:26.538345   Assert SIGNUP_REF_LOGIN =>
2024-03-29 16:30:26.549861   Assert SIGNUP_PRIVACY_POLICY_ALL_2 =>
2024-03-29 16:30:26.562575   => SIGNUP_PRIVACY_POLICY_ALL
2024-03-29 16:30:26.562605   => 'Signup' form is checked
2024-03-29 16:30:26.562775   Start step Close [Sign up] form =>
2024-03-29 16:30:26.642915   => 'Signup' form closed
2024-03-29 16:30:26.919336   => Focus moved to 'capital*com' logo
