{'width': 1280, 'height': 720}

2023-12-27 23:18:27.060568   worker_id = master

2023-12-27 23:18:27.060585   0. Allure grouping v4


2023-12-27 23:18:27.060751   START PRECONDITIONS =>


2023-12-27 23:18:27.060766   {'width': 1280, 'height': 720}

2023-12-27 23:18:27.062143   Set windows position at (320, 180) =>

2023-12-27 23:18:27.164451   Set resolution 1280 * 720 =>

2023-12-27 23:18:27.266937   => Resolution seted {'width': 1280, 'height': 720}

2023-12-27 23:18:31.306632   Капчи нет. Тестим дальше

2023-12-27 23:18:31.306678   Prev. Role: NoAuth

2023-12-27 23:18:31.306688   Current role: NoAuth

2023-12-27 23:18:31.306696   Prev language: es

2023-12-27 23:18:31.306704   => Current language: es

2023-12-27 23:18:31.306712   Prev country: ae

2023-12-27 23:18:31.306720   => Current country: ae

2023-12-27 23:18:31.306727   => THE END PRECONDITIONS

2023-12-27 23:18:31.306781   1. Arrange_v0
2023-12-27 23:18:31.309585   BUTTON_TRY_DEMO is visible? =>
2023-12-27 23:18:31.324666   => BUTTON_TRY_DEMO is visible on the page!

2023-12-27 23:18:31.324833   2. Act_v0
2023-12-27 23:18:31.324847   BUTTON_TRY_DEMO is present? =>
2023-12-27 23:18:31.332629   => BUTTON_TRY_DEMO is present on the page!
2023-12-27 23:18:31.332660   BUTTON_TRY_DEMO scroll =>
2023-12-27 23:18:31.377283   => BUTTON_TRY_DEMO clicked!

2023-12-27 23:18:31.377502   3. Assert_Login_v0
2023-12-27 23:18:35.928935   'Login' form not opened
2023-12-27 23:18:35.932678   'Login' page not opened
2023-12-27 23:18:40.455194   'Login' form on trading platform not opened
2023-12-27 23:18:40.455398   Start step Check that [Sign up] form is opened
2023-12-27 23:18:40.468062   'Sign up' form opened
2023-12-27 23:18:40.468104   Assert SIGNUP_HEADER =>
2023-12-27 23:18:40.479549   Assert SIGNUP_REF_LOGIN =>
2023-12-27 23:18:40.490614   Assert SIGNUP_PRIVACY_POLICY_ALL_2 =>
2023-12-27 23:18:40.501459   => SIGNUP_PRIVACY_POLICY_ALL
2023-12-27 23:18:40.501496   => 'Signup' form is checked
