{'width': 1280, 'height': 800}

2024-03-29 16:37:11.879211   worker_id = master

2024-03-29 16:37:11.879229   0. Allure grouping v4


2024-03-29 16:37:11.879431   START PRECONDITIONS =>


2024-03-29 16:37:11.879446   => flag_of_bug - False

2024-03-29 16:37:11.879458   => Windows size - {'width': 1280, 'height': 800}
2024-03-29 16:37:11.880718   Set windows position at (0, 0) =>
2024-03-29 16:37:11.982994   Set resolution 1280 * 800 =>
2024-03-29 16:37:12.085558   => Windows size is set to {'width': 1280, 'height': 800}

2024-03-29 16:37:13.126333   Капчи нет. Идем дальше

2024-03-29 16:37:13.126416   Работа с куками

2024-03-29 16:37:13.126430   => Prev. country - 'au'
2024-03-29 16:37:13.126440   => Country set to 'au'

2024-03-29 16:37:13.126449   => Prev. language - 'en'
2024-03-29 16:37:13.126459   => Language is set to 'en'

2024-03-29 16:37:13.126467   => Prev. role - 'Auth'
2024-03-29 16:37:13.126476   => The 'Auth' role is set

2024-03-29 16:37:13.129232   => THE END PRECONDITIONS

2024-03-29 16:37:13.129434   1. Arrange_v4
2024-03-29 16:37:13.129452   current_page = https://capital.com/hedging-strategies-explained-how-to-hedge-your-portfolio-with-cfds
2024-03-29 16:37:13.131969   link = https://capital.com/hedging-strategies-explained-how-to-hedge-your-portfolio-with-cfds
2024-03-29 16:37:13.134410   MOST_TRADED is present? =>
2024-03-29 16:37:13.142276   => MOST_TRADED widget is present on this page
2024-03-29 16:37:13.142299   => Found 5 elements in block MOST_TRADED
2024-03-29 16:37:13.142309   Most traded widget is scroll =>
2024-03-29 16:37:13.148026   => Most traded widget is scrolled into screen center

2024-03-29 16:37:13.148086   Random indexes = [0]

2024-03-29 16:37:13.148111   Testing Most traded 1 random element with 0 index

2024-03-29 16:37:13.148263   2. Act_v4
2024-03-29 16:37:13.148358   Start Checking that form [Sign up] popped up on the page =>
2024-03-29 16:37:14.693177   '[Sign up]' form was not popped up
2024-03-29 16:37:14.706314   instrument_title = 'Gold Spot'
2024-03-29 16:37:14.711432   Selected Trade button on Most traded widget is scroll =>
2024-03-29 16:37:14.714808   Selected Trade button click for 'Gold Spot' trading instrument =>
2024-03-29 16:37:16.674607   => Selected Trade button clicked!

2024-03-29 16:37:16.674949   3. Assert_v4
2024-03-29 16:37:16.675117   Checking that the trading platform page has opened (v4) =>
2024-03-29 16:37:16.681720   Checking way # 1 => 

2024-03-29 16:37:16.681874   1. Checking that the Trading platform page has valid title =>
2024-03-29 16:37:16.685648   => The title of current page is 'Trading Platform | Capital.com'

2024-03-29 16:37:16.685815   2. Checking that the Trading platform LOGO is present on the page =>
2024-03-29 16:37:18.255765   => Trading platform 'capital*com' logo is present on the current page

2024-03-29 16:37:18.255861   tpd = False
2024-03-29 16:37:18.256046   3.2. Checking that the Trading platform opened in LIVE mode =>
2024-03-29 16:37:18.272670   => The page with https://capital.com/trading/platform/charting/27045129890124996?side=buy&ids=27045129890124996,7092970985706692,422839530378436,7090561509053636,7092687517865156,357105055839112 url was opened in lIVE mode

2024-03-29 16:37:18.275717   4. Check that opened page with https://capital.com/trading/platform/charting/27045129890124996?side=buy&ids=27045129890124996,7092970985706692,422839530378436,7090561509053636,7092687517865156,357105055839112 url
with selected corresponding trading instrument 'Gold Spot' =>

2024-03-29 16:37:18.278573   trade_instrument = 'Gold Spot'

2024-03-29 16:37:18.278592   4.1. Check that Trading Platform is opened in Chart mode
2024-03-29 16:37:18.288023   => Trading Platform opened in Chart mode

2024-03-29 16:37:18.288049   4.2. Check that Top Charts List of Trading Platform not empty =>

2024-03-29 16:37:18.296854   4.3. Check that Top Charts List contain selected trade instrument =>

2024-03-29 16:37:18.296880   Top Charts List contain 6 trade instruments

2024-03-29 16:37:18.296891   Top Charts List contain following trade instruments:
'Gold'
'Brent Oil'
'Live Cattle'
'Cotton'
'Coffee US'
'Iron ORE Spot'

Bug: Bid:11.01.03.01_03-en.au.Auth

2024-03-29 16:37:18.382347   Проверка бага в таблице ретеста  =>

 gs = GoogleSheet() - создаем объект gs # 1: <tests.ReTestsAuto.GoogleSheets.googlesheets.GoogleSheet object at 0x7fad463aff20>

2024-03-29 16:37:19.216767   4. Fixing one row check results into Google Sheet Bugs Report =>
1 cells updated.
2024-03-29 16:37:19.742163   => 4. One row check results into Google Sheet Bugs Report fixed

2024-03-29 16:37:21.234079   4. Fixing one row check results into Google Sheet Bugs Report =>
1 cells updated.
2024-03-29 16:37:21.725587   => 4. One row check results into Google Sheet Bugs Report fixed

2024-03-29 16:37:21.726970   Баг Bid:11.01.03.01_03-en.au.Auth-16 обнаружен ранее и уже находится в 'Bugs Report Auto detect'
