{'width': 1280, 'height': 800}

2024-03-29 18:02:45.666668   worker_id = master

2024-03-29 18:02:45.666686   0. Allure grouping v4


2024-03-29 18:02:45.666983   START PRECONDITIONS =>


2024-03-29 18:02:45.667001   => flag_of_bug - False

2024-03-29 18:02:45.667013   => Windows size - {'width': 1280, 'height': 800}
2024-03-29 18:02:45.678938   Set windows position at (0, 0) =>
2024-03-29 18:02:45.782740   Set resolution 1280 * 800 =>
2024-03-29 18:02:45.885128   => Windows size is set to {'width': 1280, 'height': 800}

2024-03-29 18:02:46.895337   Капчи нет. Идем дальше

2024-03-29 18:02:46.895434   Работа с куками

2024-03-29 18:02:46.895448   => Prev. country - 'au'
2024-03-29 18:02:46.895458   => Country set to 'au'

2024-03-29 18:02:46.895468   => Prev. language - 'en'
2024-03-29 18:02:46.895477   => Language is set to 'en'

2024-03-29 18:02:46.895486   => Prev. role - 'NoReg'
2024-03-29 18:02:46.895495   => The 'NoReg' role is set

2024-03-29 18:02:46.898556   => THE END PRECONDITIONS

2024-03-29 18:02:46.898628   1. Arrange
2024-03-29 18:02:46.898642   current_page = https://capital.com/day-trading
2024-03-29 18:02:46.901225   link = https://capital.com/day-trading
2024-03-29 18:02:46.903754   Is visible BUTTON_DOWNLOAD_APP_STORE? =>
2024-03-29 18:02:46.919274   => BUTTON_DOWNLOAD_APP_STORE is visible on the page!

2024-03-29 18:02:46.919423   2. Act
2024-03-29 18:02:46.926764   1 checking element(s) with current CSS locator is(are) present(s) on this page
2024-03-29 18:02:47.033116   => BUTTON_DOWNLOAD_APP_STORE IS CLICKED

2024-03-29 18:02:47.033391   3. Assert_v0
2024-03-29 18:02:47.033507   Checking that the App Store page has opened

2024-03-29 18:02:48.157134   1. Checking that the Trading platform page has valid title =>
2024-03-29 18:02:48.160414   => The title of current page is 'Capital.com: Trading & Finance on the App Store'
2024-03-29 18:02:48.160578   Checking that the App Store app title
2024-03-29 18:02:48.178301   Checking that the App Store specifies provider
2024-03-29 18:02:48.191340   Current page URL = https://apps.apple.com/ie/app/capital-com-trading-finance/id1230088754?mt=8
2024-03-29 18:02:48.193816   self.link = https://capital.com/day-trading
2024-03-29 18:02:48.193830   link = https://capital.com/day-trading
2024-03-29 18:02:49.905126   => Loaded page https://capital.com/day-trading
