{'width': 1280, 'height': 800}

2024-03-29 17:07:42.602379   worker_id = master

2024-03-29 17:07:42.602393   0. Allure grouping v4


2024-03-29 17:07:42.602622   START PRECONDITIONS =>


2024-03-29 17:07:42.602644   => flag_of_bug - False

2024-03-29 17:07:42.602662   => Windows size - {'width': 1280, 'height': 800}
2024-03-29 17:07:42.603904   Set windows position at (0, 0) =>
2024-03-29 17:07:42.706206   Set resolution 1280 * 800 =>
2024-03-29 17:07:42.808393   => Windows size is set to {'width': 1280, 'height': 800}

2024-03-29 17:07:43.838720   Капчи нет. Идем дальше

2024-03-29 17:07:43.838812   Работа с куками

2024-03-29 17:07:43.838826   => Prev. country - 'au'
2024-03-29 17:07:43.838836   => Country set to 'au'

2024-03-29 17:07:43.838845   => Prev. language - 'en'
2024-03-29 17:07:43.838854   => Language is set to 'en'

2024-03-29 17:07:43.838863   => Prev. role - 'NoReg'
2024-03-29 17:07:43.838872   => The 'NoReg' role is set

2024-03-29 17:07:43.841724   => THE END PRECONDITIONS

2024-03-29 17:07:43.841775   1. Arrange_v0
2024-03-29 17:07:43.841789   current_page = https://capital.com/trade-lloyds
2024-03-29 17:07:43.844451   link = https://capital.com/trade-lloyds
2024-03-29 17:07:43.856099   BUTTON_SELL_IN_CONTENT_BLOCK is present? =>
2024-03-29 17:07:43.856125   => BUTTON_SELL_IN_CONTENT_BLOCK is present on the page!
2024-03-29 17:07:43.856134   BUTTON_SELL_IN_CONTENT_BLOCK scroll =>
2024-03-29 17:07:43.859504   => 'Sell' button in Content block scrolled
2024-03-29 17:07:43.859664   Start Checking that form [Sign up] popped up on the page =>
2024-03-29 17:07:45.394299   '[Sign up]' form was not popped up

2024-03-29 17:07:45.394498   2. Act_v0
2024-03-29 17:07:45.439621   => BUTTON_SELL_IN_CONTENT_BLOCK clicked!
2024-03-29 17:07:45.439673   => return trade_instrument = 13726135657459856

2024-03-29 17:07:45.439941   3. Assert_v0
2024-03-29 17:07:45.440038   Start step Check that [Sign up] form is opened
2024-03-29 17:07:45.455053   'Sign up' form opened
2024-03-29 17:07:45.455100   Assert SIGNUP_HEADER =>
2024-03-29 17:07:45.467571   Assert SIGNUP_REF_LOGIN =>
2024-03-29 17:07:45.478626   Assert SIGNUP_PRIVACY_POLICY_ALL_2 =>
2024-03-29 17:07:45.491660   => SIGNUP_PRIVACY_POLICY_ALL
2024-03-29 17:07:45.491705   => 'Signup' form is checked
2024-03-29 17:07:45.491916   Start step Close [Sign up] form =>
2024-03-29 17:07:45.562059   => 'Signup' form closed
2024-03-29 17:07:45.830139   => Focus moved to 'capital*com' logo
