{'width': 1280, 'height': 800}

2024-04-17 16:37:25.629828   worker_id = master

2024-04-17 16:37:25.629851   0. Allure grouping v4

2024-04-17 16:37:25.630166   START PRECONDITIONS =>

2024-04-17 16:37:25.630186   => URL after prev. preconditions - https://capital.com/it
2024-04-17 16:37:25.630196   => flag_of_bug - False
2024-04-17 16:37:25.630207   => Current URL - https://capital.com/it/soybean-spot-materie-prime
2024-04-17 16:37:25.639703   Current page URL = https://capital.com/it/soybean-spot-materie-prime
2024-04-17 16:37:25.642149   self.link = https://capital.com/it
2024-04-17 16:37:25.642163   driver.get(https://capital.com/it) =>
2024-04-17 16:37:28.369063   => Loaded page https://capital.com/it

2024-04-17 16:37:28.374367   => Windows size - {'width': 1280, 'height': 800}
2024-04-17 16:37:28.375760   Set windows position at (0, 0) =>
2024-04-17 16:37:28.477924   Set resolution 1280 * 800 =>
2024-04-17 16:37:28.580305   => Windows size is set to {'width': 1280, 'height': 800}

2024-04-17 16:37:29.627419   Капчи нет. Идем дальше

2024-04-17 16:37:29.627510   Работа с куками =>

2024-04-17 16:37:29.627530   => не требуется

2024-04-17 16:37:29.627540   Prev. country - 'au'
2024-04-17 16:37:29.627549   Cur. country - 'au'
2024-04-17 16:37:29.627558   => Country set to 'au'

2024-04-17 16:37:29.627567   Prev. language - 'it'
2024-04-17 16:37:29.627576   Cur. language - 'it'
2024-04-17 16:37:29.627584   => Language is set to 'it'

2024-04-17 16:37:29.627593   Prev. role - 'Auth'
2024-04-17 16:37:29.627602   Cur. role - 'Auth'
2024-04-17 16:37:29.627640   => The 'Auth' role is set

2024-04-17 16:37:29.630359   => Current URL - https://capital.com/it

2024-04-17 16:37:29.630381   => THE END PRECONDITIONS

2024-04-17 16:37:29.630576   1. Arrange_v2
2024-04-17 16:37:29.630594   current_page = https://capital.com/it
2024-04-17 16:37:29.633651   link = https://capital.com/it/soybean-spot-materie-prime
2024-04-17 16:37:29.639246   Current page URL = https://capital.com/it
2024-04-17 16:37:29.641827   self.link = https://capital.com/it/soybean-spot-materie-prime
2024-04-17 16:37:29.641841   driver.get(https://capital.com/it/soybean-spot-materie-prime) =>
2024-04-17 16:37:32.822153   => Loaded page https://capital.com/it/soybean-spot-materie-prime
2024-04-17 16:37:32.826290 Is SHORT_POSITION_OVERNIGHT_FEE present on the page? =>
2024-04-17 16:37:32.834457   => SHORT_POSITION_OVERNIGHT_FEE is present on the page
2024-04-17 16:37:32.834484   SHORT_POSITION_OVERNIGHT_FEE  scroll =>
2024-04-17 16:37:32.837741   => SHORT_POSITION_OVERNIGHT_FEE  scrolled

2024-04-17 16:37:32.837891   2. Act_v2
2024-04-17 16:37:32.837906   SHORT_POSITION_OVERNIGHT_FEE open =>
2024-04-17 16:37:33.604956   Is SHORT_POSITION_OVERNIGHT_FEE open?  =>
2024-04-17 16:37:33.617991   => TOOLTIP_SHORT_POSITION_FEE is open
2024-04-17 16:37:33.618021   Move focus to button [Go to platform] and click on =>
2024-04-17 16:37:34.397997   => BUTTON_GO_TO_PLATFORM is clickable
2024-04-17 16:37:34.717692 => BUTTON_GO_TO_PLATFORM clicked

2024-04-17 16:37:34.718012   3. Assert_v4

2024-04-17 16:37:34.718036   
2024-04-17 16:37:34.718194   Checking that the trading platform page has opened (v4) =>
2024-04-17 16:37:35.229228   Checking way # 1 => 

2024-04-17 16:37:35.229410   1. Checking that the Trading platform (or TradingView site) page has valid title =>
2024-04-17 16:37:35.231850   => The title of current page is 'Trading Platform | Capital.com'

2024-04-17 16:37:35.231934   2. Checking that the LOGO is present on the page =>
2024-04-17 16:37:35.894059   => 'capital*com' logo is present on the current page

2024-04-17 16:37:35.894100   tpd = False
2024-04-17 16:37:37.085455   => Driver.backed
