{'width': 1280, 'height': 800}

2024-04-17 17:54:05.843456   worker_id = master

2024-04-17 17:54:05.843470   0. Allure grouping v4

2024-04-17 17:54:05.843684   START PRECONDITIONS =>

2024-04-17 17:54:05.843703   => URL after prev. preconditions - https://capital.com/it
2024-04-17 17:54:05.843712   => flag_of_bug - True
2024-04-17 17:54:05.843723   => Current URL - https://capital.com/it/trading-gbp-cad
2024-04-17 17:54:05.848725   Current page URL = https://capital.com/it/trading-gbp-cad
2024-04-17 17:54:05.850996   self.link = https://capital.com/it
2024-04-17 17:54:05.851009   driver.get(https://capital.com/it) =>
2024-04-17 17:54:07.988631   => Loaded page https://capital.com/it

2024-04-17 17:54:07.993015   => Windows size - {'width': 1280, 'height': 800}
2024-04-17 17:54:07.994461   Set windows position at (0, 0) =>
2024-04-17 17:54:08.096860   Set resolution 1280 * 800 =>
2024-04-17 17:54:08.199298   => Windows size is set to {'width': 1280, 'height': 800}

2024-04-17 17:54:09.247499   Капчи нет. Идем дальше

2024-04-17 17:54:09.247587   Работа с куками =>

2024-04-17 17:54:09.247602   => не требуется

2024-04-17 17:54:09.247639   Prev. country - 'au'
2024-04-17 17:54:09.247651   Cur. country - 'au'
2024-04-17 17:54:09.247660   => Country set to 'au'

2024-04-17 17:54:09.247669   Prev. language - 'it'
2024-04-17 17:54:09.247678   Cur. language - 'it'
2024-04-17 17:54:09.247687   => Language is set to 'it'

2024-04-17 17:54:09.247695   Prev. role - 'NoAuth'
2024-04-17 17:54:09.247704   Cur. role - 'NoAuth'
2024-04-17 17:54:09.247712   => The 'NoAuth' role is set

2024-04-17 17:54:09.250571   => Current URL - https://capital.com/it

2024-04-17 17:54:09.250593   => THE END PRECONDITIONS

2024-04-17 17:54:09.250799   1. Arrange_v3
2024-04-17 17:54:09.250817   current_page = https://capital.com/it
2024-04-17 17:54:09.256449   link = https://capital.com/it/trading-gbp-cad
2024-04-17 17:54:09.258935   Current page URL = https://capital.com/it
2024-04-17 17:54:09.261385   self.link = https://capital.com/it/trading-gbp-cad
2024-04-17 17:54:09.261400   driver.get(https://capital.com/it/trading-gbp-cad) =>
2024-04-17 17:54:11.210448   => Loaded page https://capital.com/it/trading-gbp-cad
2024-04-17 17:54:11.214917   Is visible BUTTON_START_TRADING_IN_ARTICLE? =>
2024-04-17 17:54:11.214933   => BUTTON_START_TRADING_IN_ARTICLE =>
2024-04-17 17:54:12.248402   => BUTTON_START_TRADING_IN_ARTICLE2 =>
2024-04-17 17:54:13.298327   => BUTTON_START_TRADING_IN_ARTICLE3 =>
