{'width': 1280, 'height': 720}

2024-01-23 07:17:48.232943   worker_id = master

2024-01-23 07:17:48.232960   0. Allure grouping v4


2024-01-23 07:17:48.233126   START PRECONDITIONS =>


2024-01-23 07:17:48.233141   {'width': 1280, 'height': 720}

2024-01-23 07:17:48.234408   Set windows position at (0, 0) =>

2024-01-23 07:17:48.336359   Set resolution 1280 * 720 =>

2024-01-23 07:17:48.439057   => Resolution seted {'width': 1280, 'height': 720}

2024-01-23 07:17:53.445233   Капчи нет. Тестим дальше

2024-01-23 07:17:53.445324   Prev. Role: NoAuth

2024-01-23 07:17:53.445336   Current role: NoAuth

2024-01-23 07:17:53.445345   Prev language: de

2024-01-23 07:17:53.445353   => Current language: de

2024-01-23 07:17:53.445361   Prev country: au

2024-01-23 07:17:53.445369   => Current country: au

2024-01-23 07:17:53.445377   => THE END PRECONDITIONS

2024-01-23 07:17:53.445406   1. Arrange_v0
2024-01-23 07:17:53.448365   BUTTON_BUY_IN_CONTENT_BLOCK is located on the page? =>
2024-01-23 07:17:53.456181   => BUTTON_BUY_IN_CONTENT_BLOCK is located on the page!
2024-01-23 07:17:53.456314   Start Checking that form [Sign up] popped up on the page =>
2024-01-23 07:17:53.466980   'Sign up' form opened
2024-01-23 07:17:53.467072   Start step Close [Sign up] form =>
2024-01-23 07:17:53.522575   => 'Signup' form closed

2024-01-23 07:17:53.522817   2. Act_v0
2024-01-23 07:17:53.530484   BUTTON_BUY_IN_CONTENT_BLOCK is present? =>
2024-01-23 07:17:53.530513   => BUTTON_BUY_IN_CONTENT_BLOCK is present on the page
2024-01-23 07:17:53.530522   BUTTON_BUY_IN_CONTENT_BLOCK scroll =>
2024-01-23 07:17:53.534514   => BUTTON_BUY_IN_CONTENT_BLOCK scrolled
2024-01-23 07:17:53.543415   BUTTON_BUY_IN_CONTENT_BLOCK is clickable? =>
2024-01-23 07:17:53.553965   BUTTON_BUY_IN_CONTENT_BLOCK CLICK =>
2024-01-23 07:17:53.589456   => BUTTON_BUY_IN_CONTENT_BLOCK clicked!

2024-01-23 07:17:53.589668   3. Assert_Login_v0
2024-01-23 07:17:53.589739   Check that 'Login' form is opened
2024-01-23 07:17:59.125546   'Login' form not opened
2024-01-23 07:17:59.128472   'Login' page not opened
2024-01-23 07:18:04.645511   'Login' form on trading platform not opened
2024-01-23 07:18:04.645686   Start step Check that [Sign up] form is opened
2024-01-23 07:18:04.657376   'Sign up' form opened
2024-01-23 07:18:04.657401   Assert SIGNUP_HEADER =>
2024-01-23 07:18:04.669116   Assert SIGNUP_REF_LOGIN =>
2024-01-23 07:18:04.680780   Assert SIGNUP_PRIVACY_POLICY_ALL_2 =>
2024-01-23 07:18:04.691910   => SIGNUP_PRIVACY_POLICY_ALL
2024-01-23 07:18:04.691936   => 'Signup' form is checked

Bug: Bid:11.02.02.01_04-de.au.NoAuth

2024-01-23 07:18:04.691997   Проверка бага в таблице ретеста  =>

2024-01-23 07:18:04.696661   4. Fixing one row check results into Google Sheet Bugs Report =>
1 cells updated.
2024-01-23 07:18:04.989570   => 4. One row check results into Google Sheet Bugs Report fixed

2024-01-23 07:18:05.293625   Добавление новой строки =>

2024-01-23 07:18:05.604913   => Новая строка добавлена

2024-01-23 07:18:06.056405   4. Fixing one row check results into Google Sheet Bugs Report =>
1 cells updated.
2024-01-23 07:18:06.258949   => 4. One row check results into Google Sheet Bugs Report fixed

2024-01-23 07:18:06.261193   4. Fixing one row check results into Google Sheet Bugs Report =>
7 cells updated.
2024-01-23 07:18:06.545808   => 4. One row check results into Google Sheet Bugs Report fixed

2024-01-23 07:18:06.546020   4. Fixing one row check results into Google Sheet Bugs Report =>
2 cells updated.
2024-01-23 07:18:06.702602   => 4. One row check results into Google Sheet Bugs Report fixed

2024-01-23 07:18:06.702779   4. Fixing one row check results into Google Sheet Bugs Report =>
1 cells updated.
2024-01-23 07:18:06.893245   => 4. One row check results into Google Sheet Bugs Report fixed

2024-01-23 07:18:06.893305   Bug: Bid:11.02.02.01_04-de.au.NoAuth-05 добавлен в таблицу для ретеста

2024-01-23 07:18:06.893447   4. Fixing one row check results into Google Sheet Bugs Report =>
1 cells updated.
2024-01-23 07:18:07.188595   => 4. One row check results into Google Sheet Bugs Report fixed
