{'width': 1280, 'height': 800}

2024-04-17 17:29:33.385381   worker_id = master

2024-04-17 17:29:33.385397   0. Allure grouping v4

2024-04-17 17:29:33.385603   START PRECONDITIONS =>

2024-04-17 17:29:33.385619   => URL after prev. preconditions - https://capital.com/it
2024-04-17 17:29:33.385629   => flag_of_bug - False
2024-04-17 17:29:33.385639   => Current URL - https://capital.com/it/trading-materie-prime
2024-04-17 17:29:33.390962   Current page URL = https://capital.com/it/trading-materie-prime
2024-04-17 17:29:33.393422   self.link = https://capital.com/it
2024-04-17 17:29:33.393436   driver.get(https://capital.com/it) =>
2024-04-17 17:29:35.492199   => Loaded page https://capital.com/it

2024-04-17 17:29:35.500344   => Windows size - {'width': 1280, 'height': 800}
2024-04-17 17:29:35.501855   Set windows position at (0, 0) =>
2024-04-17 17:29:35.604201   Set resolution 1280 * 800 =>
2024-04-17 17:29:35.706622   => Windows size is set to {'width': 1280, 'height': 800}

2024-04-17 17:29:36.763744   Капчи нет. Идем дальше

2024-04-17 17:29:36.763839   Работа с куками =>

2024-04-17 17:29:36.763853   => не требуется

2024-04-17 17:29:36.763863   Prev. country - 'au'
2024-04-17 17:29:36.763872   Cur. country - 'au'
2024-04-17 17:29:36.763881   => Country set to 'au'

2024-04-17 17:29:36.763890   Prev. language - 'it'
2024-04-17 17:29:36.763899   Cur. language - 'it'
2024-04-17 17:29:36.763907   => Language is set to 'it'

2024-04-17 17:29:36.763916   Prev. role - 'NoReg'
2024-04-17 17:29:36.763925   Cur. role - 'NoReg'
2024-04-17 17:29:36.763933   => The 'NoReg' role is set

2024-04-17 17:29:36.766931   => Current URL - https://capital.com/it

2024-04-17 17:29:36.766956   => THE END PRECONDITIONS

2024-04-17 17:29:36.767147   1. Cur URL = https://capital.com/it

2024-04-17 17:29:36.769756   2. Link = https://capital.com/it
2024-04-17 17:29:36.769771   current_page = https://capital.com/it
2024-04-17 17:29:36.772308   link = https://capital.com/it
2024-04-17 17:29:37.283453   => Education menu is present in DOM
2024-04-17 17:29:37.288617   => Education menu is visible
2024-04-17 17:29:38.564511   => Focus moved to Education menu
2024-04-17 17:29:40.925904   => Focus moved to 'capital*com' logo

2024-04-17 17:29:40.925953   3. Cur URL = https://capital.com/it/trading-materie-prime

2024-04-17 17:29:40.933204   1. Arrange_v0
2024-04-17 17:29:40.933242   current_page = https://capital.com/it/trading-materie-prime
2024-04-17 17:29:40.935896   link = https://capital.com/it/trading-materie-prime
2024-04-17 17:29:40.938488   BUTTON_CREATE_YOUR_ACCOUNT is located on the page? =>

2024-04-17 17:29:40.949437   2. Act_v0: Define of locator

2024-04-17 17:29:40.949478   2. Act_v0: Go to web element

2024-04-17 17:29:42.086644   2. Act_v0: Click web element
2024-04-17 17:29:42.115849   => BUTTON_CREATE_YOUR_ACCOUNT is clicked

2024-04-17 17:29:42.116170   3. Assert_v0
2024-04-17 17:29:42.116307   Start step Check that [Sign up] form is opened
2024-04-17 17:29:42.358692   'Sign up' form opened
2024-04-17 17:29:42.358741   Assert SIGNUP_HEADER =>
2024-04-17 17:29:42.372200   Assert SIGNUP_REF_LOGIN =>
2024-04-17 17:29:42.385431   Assert SIGNUP_PRIVACY_POLICY_ALL_2 =>
2024-04-17 17:29:42.397561   => SIGNUP_PRIVACY_POLICY_ALL
2024-04-17 17:29:42.397618   => 'Signup' form is checked
2024-04-17 17:29:42.397844   Start step Close [Sign up] form =>
2024-04-17 17:29:42.469157   => 'Signup' form closed
2024-04-17 17:29:42.745524   => Focus moved to 'capital*com' logo
