{'width': 1280, 'height': 800}

2024-04-17 16:16:44.501084   worker_id = master

2024-04-17 16:16:44.501099   0. Allure grouping v4

2024-04-17 16:16:44.501287   START PRECONDITIONS =>

2024-04-17 16:16:44.501303   => URL after prev. preconditions - https://capital.com/it
2024-04-17 16:16:44.501312   => flag_of_bug - False
2024-04-17 16:16:44.501323   => Current URL - https://capital.com/it/australian-dollar-us-dollar-tasso
2024-04-17 16:16:44.510615   Current page URL = https://capital.com/it/australian-dollar-us-dollar-tasso
2024-04-17 16:16:44.513156   self.link = https://capital.com/it
2024-04-17 16:16:44.513170   driver.get(https://capital.com/it) =>
2024-04-17 16:16:46.805872   => Loaded page https://capital.com/it

2024-04-17 16:16:46.810003   => Windows size - {'width': 1280, 'height': 800}
2024-04-17 16:16:46.811316   Set windows position at (0, 0) =>
2024-04-17 16:16:46.913391   Set resolution 1280 * 800 =>
2024-04-17 16:16:47.015960   => Windows size is set to {'width': 1280, 'height': 800}

2024-04-17 16:16:48.054107   Капчи нет. Идем дальше

2024-04-17 16:16:48.054188   Работа с куками =>

2024-04-17 16:16:48.054202   => не требуется

2024-04-17 16:16:48.054212   Prev. country - 'au'
2024-04-17 16:16:48.054221   Cur. country - 'au'
2024-04-17 16:16:48.054230   => Country set to 'au'

2024-04-17 16:16:48.054239   Prev. language - 'it'
2024-04-17 16:16:48.054248   Cur. language - 'it'
2024-04-17 16:16:48.054257   => Language is set to 'it'

2024-04-17 16:16:48.054265   Prev. role - 'Auth'
2024-04-17 16:16:48.054274   Cur. role - 'Auth'
2024-04-17 16:16:48.054282   => The 'Auth' role is set

2024-04-17 16:16:48.056978   => Current URL - https://capital.com/it

2024-04-17 16:16:48.057000   => THE END PRECONDITIONS

2024-04-17 16:16:48.057191   1. Arrange_v0
2024-04-17 16:16:48.057208   current_page = https://capital.com/it
2024-04-17 16:16:48.059651   link = https://capital.com/it/australian-dollar-us-dollar-tasso
2024-04-17 16:16:48.062054   Current page URL = https://capital.com/it
2024-04-17 16:16:48.064453   self.link = https://capital.com/it/australian-dollar-us-dollar-tasso
2024-04-17 16:16:48.064466   driver.get(https://capital.com/it/australian-dollar-us-dollar-tasso) =>
2024-04-17 16:16:50.159564   => Loaded page https://capital.com/it/australian-dollar-us-dollar-tasso
2024-04-17 16:16:50.163948   BUTTON_CREATE_YOUR_ACCOUNT is located on the page? =>

2024-04-17 16:16:50.171873   2. Act_v0: Define of locator

2024-04-17 16:16:50.171896   2. Act_v0: Go to web element

2024-04-17 16:16:51.231983   2. Act_v0: Click web element
2024-04-17 16:16:51.498127   => BUTTON_CREATE_YOUR_ACCOUNT is clicked

2024-04-17 16:16:51.498417   3. Assert_v4

2024-04-17 16:16:51.498447   
2024-04-17 16:16:51.498581   Checking that the trading platform page has opened (v4) =>
2024-04-17 16:16:52.015784   Checking way # 1 => 

2024-04-17 16:16:52.015950   1. Checking that the Trading platform (or TradingView site) page has valid title =>
2024-04-17 16:16:52.018385   => The title of current page is 'Trading Platform | Capital.com'

2024-04-17 16:16:52.018450   2. Checking that the LOGO is present on the page =>
2024-04-17 16:16:53.074584   => 'capital*com' logo is present on the current page

2024-04-17 16:16:53.074623   tpd = False
2024-04-17 16:16:54.181797   => Driver.backed
