Current test role - NoReg

{'width': 1280, 'height': 800}

2024-05-17 08:12:39.100173   worker_id = master

2024-05-17 08:12:39.100173   0. Allure grouping v4

2024-05-17 08:12:39.100173   START PRECONDITIONS =>

2024-05-17 08:12:39.100173   => URL after prev. preconditions - https://capital.com/es
2024-05-17 08:12:39.100173   => flag_of_bug - False
2024-05-17 08:12:39.100173   => Current URL - https://capital.com/es/en-vivo-mercancia-precios
2024-05-17 08:12:39.107171   Current page URL = https://capital.com/es/en-vivo-mercancia-precios
2024-05-17 08:12:39.110182   self.link = https://capital.com/es
2024-05-17 08:12:39.110182   driver.get(https://capital.com/es) =>
2024-05-17 08:12:42.402739   => Loaded page https://capital.com/es

2024-05-17 08:12:42.408730   => Windows size - {'width': 1280, 'height': 800}
2024-05-17 08:12:42.410732   Set windows position at (0, 0) =>
2024-05-17 08:12:42.416718   Set resolution 1280 * 800 =>
2024-05-17 08:12:42.419719   => Windows size is set to {'width': 1280, 'height': 800}

2024-05-17 08:12:43.438381   Капчи нет. Идем дальше

2024-05-17 08:12:43.438381   Работа с куками =>
2024-05-17 08:12:43.438381   Prev. role - 'NoAuth'
2024-05-17 08:12:43.438381   Current testing role - 'NoReg'

2024-05-17 08:12:43.438381   All cookies must be delete =>
2024-05-17 08:12:43.796980   => All cookies are deleted
2024-05-17 08:12:43.796980   Current page URL = https://capital.com/es
2024-05-17 08:12:43.802367   self.link = https://capital.com/
2024-05-17 08:12:43.802367   driver.get(https://capital.com/) =>
2024-05-17 08:12:45.353385   => Loaded page https://capital.com/

2024-05-17 08:12:45.357387   Step 'Click button [Accept all cookies]'
2024-05-17 08:12:45.357387   Is Visible Button [Accept all cookies]? =>
2024-05-17 08:12:45.379038   => Button [Accept all cookies] is visible
2024-05-17 08:12:45.879735   Is clickable Button [Accept all cookies] =>
2024-05-17 08:12:45.904104   => Button [Accept all cookies] is clickable
2024-05-17 08:12:45.904104   Click Button [Accept all cookies] =>
2024-05-17 08:12:46.078895   => Button [Accept all cookies] is clicked
2024-05-17 08:12:46.078895   => Accepted All Cookies

2024-05-17 08:12:46.580454   Prev. country - '?'
2024-05-17 08:12:46.580454   Cur. country - 'au'
2024-05-17 08:12:46.580454   Set 'au' country =>
2024-05-17 08:12:46.596437   => Language and Country menu is present
2024-05-17 08:12:46.611435   => Language and Country menu is visible
2024-05-17 08:12:47.903779   => Focus is moved on Language and Country menu 
2024-05-17 08:12:50.499076   => Cur url = https://capital.com/?country=au
2024-05-17 08:12:50.532576   => Country set to 'au'

2024-05-17 08:12:50.532576   Prev. language - '?'
2024-05-17 08:12:50.532576   Cur. language - 'es'
2024-05-17 08:12:50.532576   Set 'es' language =>
2024-05-17 08:12:50.542587   => Language and Country menu is present
2024-05-17 08:12:50.556494   => Language and Country menu is visible
2024-05-17 08:12:51.841602   => Focus is moved on Language and Country menu 
2024-05-17 08:12:51.854952   Move focus on es item and click =>
2024-05-17 08:12:53.393445   => Focus moved on es item and clicked
2024-05-17 08:12:53.393445   => Cur url = https://capital.com/es
2024-05-17 08:12:53.422402   => Language is set to 'es'

2024-05-17 08:12:53.422402   Prev. role - 'NoAuth'
2024-05-17 08:12:53.422402   Cur. role - 'NoReg'
2024-05-17 08:12:53.422402   => The 'NoReg' role is set

2024-05-17 08:12:53.426481   => Current URL - https://capital.com/es

2024-05-17 08:12:53.426481   => THE END PRECONDITIONS

2024-05-17 08:12:53.426481   START Open "Markets" menu, "Commodities" submenu =>

2024-05-17 08:12:53.426481   1. Cur URL = https://capital.com/es

2024-05-17 08:12:53.433570   2. Link = https://capital.com/es
2024-05-17 08:12:53.433570   current_page = https://capital.com/es
2024-05-17 08:12:53.437576   link = https://capital.com/es
2024-05-17 08:12:53.954799   => 'Markets' menu is present
2024-05-17 08:12:53.978175   => 'Markets' menu is visible
2024-05-17 08:12:55.268119   => Focus moved to 'Markets' menu
2024-05-17 08:12:55.277119   => 'Markets > Commodities' submenu is present
2024-05-17 08:12:56.965265   => Focus moved to 'capital*com' logo

2024-05-17 08:12:56.965265   3. Cur URL = https://capital.com/es/en-vivo-mercancia-precios

2024-05-17 08:12:56.973271   1. Arrange_v0
2024-05-17 08:12:56.973271   current_page = https://capital.com/es/en-vivo-mercancia-precios
2024-05-17 08:12:56.977266   link = https://capital.com/es/en-vivo-mercancia-precios
2024-05-17 08:12:56.989439   BUTTON_START_TRADING_NOW scroll =>
2024-05-17 08:12:56.994444   BUTTON_START_TRADING_NOW is visible? =>
2024-05-17 08:12:57.027314   => BUTTON_START_TRADING is visible on the page!

2024-05-17 08:12:57.028469   2. Act_v0
2024-05-17 08:12:57.028469   Start Click button [Start Trading Now] =>
2024-05-17 08:12:57.034468   BUTTON_START_TRADING_NOW is clickable? =>
2024-05-17 08:12:57.046641   BUTTON_START_TRADING_NOW click =>
2024-05-17 08:12:57.100616   => BUTTON_START_TRADING_NOW clicked

2024-05-17 08:12:57.100616   3. Assert_v0
2024-05-17 08:12:57.100616   Start step Check that [Sign up] form is opened
2024-05-17 08:12:57.323973   'Sign up' form opened
2024-05-17 08:12:57.323973   Assert SIGNUP_HEADER =>
2024-05-17 08:12:57.343816   Assert SIGNUP_REF_LOGIN =>
2024-05-17 08:12:57.370479   Assert SIGNUP_PRIVACY_POLICY_ALL_2 =>
2024-05-17 08:12:57.393108   => SIGNUP_PRIVACY_POLICY_ALL
2024-05-17 08:12:57.393108   => 'Signup' form is checked
2024-05-17 08:12:57.393108   Start step Close [Sign up] form =>
2024-05-17 08:12:57.505842   => 'Signup' form closed
2024-05-17 08:12:57.781568   => Focus moved to 'capital*com' logo
