{'width': 1280, 'height': 720}

2023-12-23 10:49:00.379970   worker_id = master

2023-12-23 10:49:00.379996   0. Allure grouping v4


2023-12-23 10:49:00.380223   START PRECONDITIONS =>


2023-12-23 10:49:00.380245   {'width': 1280, 'height': 720}

2023-12-23 10:49:00.383921   Set windows position at (320, 180) =>

2023-12-23 10:49:00.485743   Set resolution 1280 * 720 =>

2023-12-23 10:49:00.587638   => Resolution seted {'width': 1280, 'height': 720}

2023-12-23 10:49:04.633010   Капчи нет. Тестим дальше

2023-12-23 10:49:04.633053   Prev. Role: NoAuth

2023-12-23 10:49:04.633062   Current role: NoAuth

2023-12-23 10:49:04.633071   Prev language: pl

2023-12-23 10:49:04.633079   => Current language: pl

2023-12-23 10:49:04.633086   Prev country: gb

2023-12-23 10:49:04.633094   => Current country: gb

2023-12-23 10:49:04.633102   => THE END PRECONDITIONS

2023-12-23 10:49:04.633160   1. Arrange_v0
2023-12-23 10:49:05.170605   Load page https://capital.com/pl/due-diligence-definicja
2023-12-23 10:49:05.170654   BUTTON_CREATE_YOUR_ACCOUNT is located on the page? =>

2023-12-23 10:49:05.383547   2. Act_v0
2023-12-23 10:49:05.501545   => BUTTON_CREATE_YOUR_ACCOUNT is clicked

2023-12-23 10:49:05.501750   3. Assert_v0
2023-12-23 10:49:05.501828   Start step Check that [Sign up] form is opened
2023-12-23 10:49:05.771672   'Sign up' form opened
2023-12-23 10:49:05.771709   Assert SIGNUP_HEADER =>
2023-12-23 10:49:05.789254   Assert SIGNUP_REF_LOGIN =>
2023-12-23 10:49:05.803965   Assert SIGNUP_PRIVACY_POLICY_ALL_2 =>
2023-12-23 10:49:05.818331   => SIGNUP_PRIVACY_POLICY_ALL
2023-12-23 10:49:05.818367   => 'Signup' form is checked
2023-12-23 10:49:05.818539   Start step Close [Sign up] form =>
2023-12-23 10:49:05.900905   => 'Signup' form closed
