{'width': 1280, 'height': 800}

2024-03-25 21:37:10.911024   worker_id = master

2024-03-25 21:37:10.911043   0. Allure grouping v4


2024-03-25 21:37:10.911323   START PRECONDITIONS =>


2024-03-25 21:37:10.911339   => flag_of_bug - False

2024-03-25 21:37:10.911351   => Windows size - {'width': 1280, 'height': 800}
2024-03-25 21:37:10.912764   Set windows position at (0, 0) =>
2024-03-25 21:37:11.015003   Set resolution 1280 * 800 =>
2024-03-25 21:37:11.117487   => Windows size is set to {'width': 1280, 'height': 800}

2024-03-25 21:37:12.135149   Капчи нет. Идем дальше

2024-03-25 21:37:12.135239   Работа с куками

2024-03-25 21:37:12.135252   => Prev. country - 'de'
2024-03-25 21:37:12.135262   => Country set to 'de'

2024-03-25 21:37:12.135271   => Prev. language - 'it'
2024-03-25 21:37:12.135281   => Language is set to 'it'

2024-03-25 21:37:12.135289   => Prev. role - 'Auth'
2024-03-25 21:37:12.135298   => The 'Auth' role is set

2024-03-25 21:37:12.138165   => THE END PRECONDITIONS

2024-03-25 21:37:12.138359   1. Arrange_v0
2024-03-25 21:37:12.138377   current_page = https://capital.com/it/negozia-ftse
2024-03-25 21:37:12.140948   link = https://capital.com/it/negozia-ftse
2024-03-25 21:37:12.150966   => BUTTON_TRY_DEMO is present on this page
2024-03-25 21:37:12.150995   BUTTON_TRY_DEMO scroll =>
2024-03-25 21:37:12.154659   BUTTON_TRY_DEMO is visible? =>
2024-03-25 21:37:12.171408   => BUTTON_TRY_DEMO is visible on this page

2024-03-25 21:37:12.171577   2. Act_v0
2024-03-25 21:37:12.176496   BUTTON_TRY_DEMO is clickable? =>
2024-03-25 21:37:12.201257   => BUTTON_TRY_DEMO clicked!

2024-03-25 21:37:12.201561   3. Assert_v4
2024-03-25 21:37:12.201726   Checking that the trading platform page has opened (v4) =>
2024-03-25 21:37:13.223054   Checking way # 1 => 
2024-03-25 21:37:13.223288   Checking that the Trading platform page has valid title =>
2024-03-25 21:37:13.228985   => Current page title: Trading Platform | Capital.com
2024-03-25 21:37:13.229185   Checking that the Trading platform LOGO is present on the page =>
2024-03-25 21:37:13.981299   => Trading platform LOGO is present on the page
2024-03-25 21:37:13.981402   tpd = True
2024-03-25 21:37:13.981602   Checking that the Trading platform opened in DEMO mode =>
2024-03-25 21:37:13.998994   => The page with https://capital.com/trading/platform/?mode=demo url was opened in DEMO mode
2024-03-25 21:37:16.147241   => Driver.backed
