{'width': 1920, 'height': 1080}

2024-10-22 23:24:11.701586   worker_id = master

2024-10-22 23:24:11.701600   0. Allure grouping for US_55


2024-10-22 23:24:11.701796   START PRECONDITIONS =>

2024-10-22 23:24:11.701812   => URL after prev. preconditions - https://capital.com/en-gb
2024-10-22 23:24:11.701822   => flag_of_bug - True
2024-10-22 23:24:11.701833   => Current URL - https://capital.com/ar-ae
2024-10-22 23:24:11.707304   Current page URL = https://capital.com/ar-ae
2024-10-22 23:24:11.710757   self.link = https://capital.com/en-gb
2024-10-22 23:24:11.710771   driver.get(https://capital.com/en-gb) =>
2024-10-22 23:24:13.155274   => Loaded page https://capital.com/en-gb

2024-10-22 23:24:13.159831   => Windows size: {'width': 1920, 'height': 1080}

2024-10-22 23:24:13.161262   Set windows position at (0, 0) =>

2024-10-22 23:24:13.162939   Set resolution 1920 * 1080 =>

2024-10-22 23:24:13.164541   => Resolution set {'width': 1920, 'height': 1080}

2024-10-22 23:24:13.165821   Работа с куками =>
2024-10-22 23:24:13.165835   Prev. role - 'NoReg'
2024-10-22 23:24:13.165844   Current testing role - 'Auth'

2024-10-22 23:24:13.165853   All cookies must be delete =>
2024-10-22 23:24:13.253507   => All cookies are deleted
2024-10-22 23:24:13.253553   Current page URL = https://capital.com/en-gb
2024-10-22 23:24:13.288518   self.link = https://capital.com/en-gb
2024-10-22 23:24:13.288536   driver.get(https://capital.com/en-gb) =>
2024-10-22 23:24:14.708485   => Loaded page https://capital.com/en-gb

2024-10-22 23:24:14.780948   Step 'Click button [Accept all cookies]'
2024-10-22 23:24:14.780960   Is Visible Button [Accept all cookies]? =>
2024-10-22 23:24:15.875959   => Button [Accept all cookies] is visible
2024-10-22 23:24:16.376106   Is clickable Button [Accept all cookies] =>
2024-10-22 23:24:16.391975   => Button [Accept all cookies] is clickable
2024-10-22 23:24:16.392003   Click Button [Accept all cookies] =>
2024-10-22 23:24:16.626518   => Button [Accept all cookies] is clicked
2024-10-22 23:24:16.626568   => Accepted All Cookies

2024-10-22 23:24:17.126695   Prev. role - 'NoReg'
2024-10-22 23:24:17.126755   Cur. role - 'Auth'

2024-10-22 23:24:17.126966   Start Authorization
2024-10-22 23:24:17.219970   => 'Login' form is opened
2024-10-22 23:24:17.422293   => "login" and "password" are inputted
2024-10-22 23:24:17.422341   Click [Continue] button on [Login] form =>
2024-10-22 23:24:17.488142   => [Continue] button on [Login] form is clicked
2024-10-22 23:24:17.488202   Set timeout = 30
2024-10-22 23:24:18.839221   => Page with 'Trading Platform | Capital.com' title opened

2024-10-22 23:24:18.839316   2. Checking that the LOGO is present on the page =>
2024-10-22 23:24:20.466617   => 'capital*com' logo is present on the current page

2024-10-22 23:24:20.876168   => The 'Auth' role is set

2024-10-22 23:24:20.876218   Prev. language: fr
2024-10-22 23:24:20.876234   Cur. language - 'ar'

2024-10-22 23:24:20.876250   Prev. country: ua
2024-10-22 23:24:20.876265   Cur. country: ae

2024-10-22 23:24:20.876483   Set "ar" language and "ae" country =>
2024-10-22 23:24:20.876508   Current page URL = https://capital.com/en-gb
2024-10-22 23:24:20.949085   self.link = https://capital.com/ar-ae
2024-10-22 23:24:20.949110   driver.get(https://capital.com/ar-ae) =>
2024-10-22 23:24:22.388067   => Loaded page https://capital.com/ar-ae
2024-10-22 23:24:22.392616   => Language is set to 'ar'
2024-10-22 23:24:22.392633   => Country is set to 'ae'
2024-10-22 23:24:22.392642   => Current URL - https://capital.com/ar-ae

2024-10-22 23:24:22.397725   => Current URL - https://capital.com/ar-ae

2024-10-22 23:24:22.397745   => END PRECONDITIONS
2024-10-22 23:24:22.397919   1. Start Arrange: move focus menu section [Trading] to menu item [Demo]

2024-10-22 23:24:22.397935   START move focus "[Trading]" menu, "menu item [Demo]" submenu =>

2024-10-22 23:24:22.397946   1. Cur URL = https://capital.com/ar-ae

2024-10-22 23:24:22.400426   2. Link = https://capital.com/ar-ae
2024-10-22 23:24:22.400442   current_page = https://capital.com/ar-ae
2024-10-22 23:24:22.402922   link = https://capital.com/ar-ae
2024-10-22 23:24:22.914523   => '[Trading]' menu is present
2024-10-22 23:24:22.930398   => '[Trading]' menu is visible
2024-10-22 23:24:24.495522   => Focus moved to '[Trading]' menu
2024-10-22 23:24:24.495739   2. Start Act.
2024-10-22 23:24:24.510794   => 'menu item [Demo]' submenu is visible
2024-10-22 23:24:25.277856   => 'menu item [Demo]' sub-menu focused
2024-10-22 23:24:25.277902   Save current screenshot into PNG file
2024-10-22 23:24:25.428461   3. Start Assert. Get text menu item [Demo]' sub-menu
2024-10-22 23:24:25.439896   => The text of the menu item [Demo] is not displayed
