


Current market - Shares



Current instrument - Last
{'width': 1280, 'height': 800}

2024-04-19 08:38:26.445307   worker_id = master

2024-04-19 08:38:26.445322   0. Allure grouping v4


2024-04-19 08:38:26.445535   START NEW PRECONDITIONS =>

2024-04-19 08:38:26.445551   Current page URL = https://capital.com/trading/platform/
2024-04-19 08:38:26.448467   self.link = https://capital.com/en-gb
2024-04-19 08:38:26.448481   driver.get(https://capital.com/en-gb) =>
2024-04-19 08:38:28.954839   => Loaded page https://capital.com/en-gb

2024-04-19 08:38:28.990761   {'width': 1280, 'height': 800}

2024-04-19 08:38:28.992271   Set windows position at (0, 0) =>

2024-04-19 08:38:29.094875   Set resolution 1280 * 800 =>

2024-04-19 08:38:29.197237   => Resolution seted {'width': 1280, 'height': 800}

2024-04-19 08:38:30.250145   Капчи нет. Идем дальше

2024-04-19 08:38:30.250239   Prev. Role: NoAuth

2024-04-19 08:38:30.250252   Current role: NoAuth

2024-04-19 08:38:30.250262   => Current language: ?

2024-04-19 08:38:31.300122   Капчи нет. Идем дальше
2024-04-19 08:38:31.300220   => Current country: gb

2024-04-19 08:38:31.300233   => THE END PRECONDITIONS

2024-04-19 08:38:31.300268   1. Arrange for Our Markets block: 'Shares' market, 'Last' instrument
2024-04-19 08:38:31.300282   current_page = https://capital.com/en-gb
2024-04-19 08:38:31.303343   link = https://capital.com/en-gb
2024-04-19 08:38:31.306019   IS Our markets block present on this page? =>
2024-04-19 08:38:31.313907   => Our markets block present on this page!

2024-04-19 08:38:31.313939   IS Our markets block visible on this page? =>
2024-04-19 08:38:31.328108   => Our markets block is visible on this page!

2024-04-19 08:38:31.328147   IS MARKET 'Shares' present on this page? =>
2024-04-19 08:38:31.336393   => MARKET 'Shares' present on this page!

2024-04-19 08:38:31.336422   IS MARKET 'Shares' visible on this page? =>
2024-04-19 08:38:31.351646   => MARKET 'Shares' is visible on this page!

2024-04-19 08:38:31.351684   Start Click button 'Shares' MARKET =>
2024-04-19 08:38:31.438775   => End Click button 'Shares' MARKET

2024-04-19 08:38:31.438831   Is Instruments present? =>
2024-04-19 08:38:31.462562   => Instruments is present on this page!

2024-04-19 08:38:31.462605   Is Instruments visible? =>
2024-04-19 08:38:31.478577   => Instruments is visible on this page!

2024-04-19 08:38:31.478620   => Start Find and Click button 'Last' instrument=>
2024-04-19 08:38:34.641374   => End Click button 'Last' instrument=>

2024-04-19 08:38:34.641655   2. Act for 'Shares' Market and 'Last' Instrument
2024-04-19 08:38:34.641679   IS button [Sell] for 'Shares' Market and 'Last' Instrumentpresent on this page? =>
2024-04-19 08:38:34.653117   => Button [Sell] for 'Shares' Market and 'Last' Instrument present on this page!

2024-04-19 08:38:34.653159   IS button [Sell] for 'Shares' Market and 'Last' Instrument visible on this page? =>
2024-04-19 08:38:34.667654   => Button [Sell] for 'Shares' Market and 'Last' Instrument visible on this page!

2024-04-19 08:38:34.667695   Start click button [Sell] =>
2024-04-19 08:38:35.208808   => End Click button [Sell]

2024-04-19 08:38:35.209141   3. Assert_Login_v0
2024-04-19 08:38:35.209265   Check that 'Login' form is opened
2024-04-19 08:38:38.378258   'Login' form not opened
2024-04-19 08:38:38.378498   Check that new 'Login' form is opened
2024-04-19 08:38:41.470389   => New 'Login' form not opened
2024-04-19 08:38:41.473211   'Login' page not opened
2024-04-19 08:38:44.560985   'Login' form on trading platform not opened
2024-04-19 08:38:44.561189   Start step Check that [Sign up] form is opened
2024-04-19 08:38:47.647118   'Sign up' form not opened
2024-04-19 08:38:47.647326   Start step Check that new [Sign up] form is opened
2024-04-19 08:38:50.734281   => new 'Sign up' form not opened
2024-04-19 08:38:50.734487   Start method Check that [Sign up] page opened =>
2024-04-19 08:38:51.738582   'Sign up' page not opened
2024-04-19 08:38:51.738798   Check that [Sign up] form on trading platform opened =>
2024-04-19 08:38:54.828412   'Sign up' form on trading platform page not opened

Bug: 

2024-04-19 08:38:54.828546   Проверка бага в таблице ретеста  =>

2024-04-19 08:38:54.832351  Для бага: Bid-08 необходимо использовать проверку на ретест!!!
