{'width': 1280, 'height': 800}

2024-03-21 08:38:24.519906   worker_id = master

2024-03-21 08:38:24.519923   0. Allure grouping v4


2024-03-21 08:38:24.520121   START PRECONDITIONS =>


2024-03-21 08:38:24.520137   => flag_of_bug - True
2024-03-21 08:38:24.520149   Current page URL = https://capital.com/es/nio
2024-03-21 08:38:25.304940   => Loaded page https://capital.com/

2024-03-21 08:38:25.312758   => Windows size - {'width': 1280, 'height': 800}
2024-03-21 08:38:25.314437   Set windows position at (0, 0) =>
2024-03-21 08:38:25.416842   Set resolution 1280 * 800 =>
2024-03-21 08:38:25.519361   => Windows size is set to {'width': 1280, 'height': 800}

2024-03-21 08:38:26.524610   Капчи нет. Идем дальше

2024-03-21 08:38:26.524716   Работа с куками

2024-03-21 08:38:26.524735   => Prev. country - 'ae'
2024-03-21 08:38:26.524749   => Country set to 'ae'

2024-03-21 08:38:26.524762   => Prev. language - 'es'
2024-03-21 08:38:26.524775   Set 'es' language =>
2024-03-21 08:38:26.533544   => Language and Country menu is present
2024-03-21 08:38:26.546279   => Language and Country menu is visible
2024-03-21 08:38:27.828481   => Focus is moved on Language and Country menu 
2024-03-21 08:38:27.834683   Move focus on es item and click =>
2024-03-21 08:38:30.047799   => Focus moved on es item and clicked
2024-03-21 08:38:30.047853   => Cur url = https://capital.com/es
2024-03-21 08:38:30.082672   => Language is set to 'es'

2024-03-21 08:38:30.082703   => Prev. role - 'NoReg'
2024-03-21 08:38:30.082713   => The 'NoReg' role is set

2024-03-21 08:38:30.085196   => THE END PRECONDITIONS

2024-03-21 08:38:30.085402   1. Arrange_v4
2024-03-21 08:38:30.088310   Current page URL = https://capital.com/es
2024-03-21 08:38:31.503103   => Loaded page https://capital.com/es/nio
2024-03-21 08:38:31.505919   MOST_TRADED is present? =>
2024-03-21 08:38:31.519152   => MOST_TRADED widget is present on this page
2024-03-21 08:38:31.519185   => Found 5 elements in block MOST_TRADED
2024-03-21 08:38:31.519196   Most traded widget is scroll =>
2024-03-21 08:38:31.522848   => Most traded widget is scrolled into screen center

2024-03-21 08:38:31.522890   Random indexes = [1]

2024-03-21 08:38:31.522905   Testing Most traded 1 random element with 1 index

2024-03-21 08:38:31.523112   2. Act_v4
2024-03-21 08:38:31.523269   Start Checking that form [Sign up] popped up on the page =>
2024-03-21 08:38:33.067452   '[Sign up]' form was not popped up
2024-03-21 08:38:33.086361   Selected Trade button on Most traded widget is scroll =>
2024-03-21 08:38:33.093492   Selected Trade button click for 'NVIDIA Corp' trading instrument =>
2024-03-21 08:38:34.148381   => Selected Trade button clicked!

2024-03-21 08:38:34.148638   3. Assert_v0
2024-03-21 08:38:34.148746   Start step Check that [Sign up] form is opened
2024-03-21 08:38:34.345326   'Sign up' form opened
2024-03-21 08:38:34.345367   Assert SIGNUP_HEADER =>
2024-03-21 08:38:34.362970   Assert SIGNUP_REF_LOGIN =>
2024-03-21 08:38:34.380319   Assert SIGNUP_PRIVACY_POLICY_ALL_2 =>
2024-03-21 08:38:34.400511   => SIGNUP_PRIVACY_POLICY_ALL
2024-03-21 08:38:34.400550   => 'Signup' form is checked
2024-03-21 08:38:34.400723   Start step Close [Sign up] form =>
2024-03-21 08:38:34.498852   => 'Signup' form closed
