{'width': 1280, 'height': 720}

2024-02-22 08:23:42.255204   worker_id = master

2024-02-22 08:23:42.255227   0. Allure grouping v4


2024-02-22 08:23:42.255532   START PRECONDITIONS =>


2024-02-22 08:23:42.255552   {'width': 1280, 'height': 720}

2024-02-22 08:23:42.258536   Set windows position at (0, 0) =>

2024-02-22 08:23:42.361776   Set resolution 1280 * 720 =>

2024-02-22 08:23:42.469373   => Resolution seted {'width': 1280, 'height': 720}

2024-02-22 08:23:43.556306   Капчи нет. Идем дальше

2024-02-22 08:23:43.556415   Prev. Role: Auth

2024-02-22 08:23:43.556433   Current role: Auth

2024-02-22 08:23:44.876606   Капчи нет. Идем дальше

2024-02-22 08:23:44.876694   Prev language: pl

2024-02-22 08:23:44.876707   => Current language: pl

2024-02-22 08:23:45.989747   Капчи нет. Идем дальше

2024-02-22 08:23:45.989832   Prev country: de
2024-02-22 08:23:45.989845   => Current country: de

2024-02-22 08:23:45.989855   => THE END PRECONDITIONS

2024-02-22 08:23:45.990025   1. Arrange_v0
2024-02-22 08:23:46.015890   => BUTTON_TRY_DEMO is present on this page
2024-02-22 08:23:46.015921   BUTTON_TRY_DEMO scroll =>
2024-02-22 08:23:46.039799   BUTTON_TRY_DEMO is visible? =>
2024-02-22 08:23:46.075836   => BUTTON_TRY_DEMO is visible on this page

2024-02-22 08:23:46.076004   2. Act_v0
2024-02-22 08:23:46.090287   BUTTON_TRY_DEMO is clickable? =>
2024-02-22 08:23:46.212899   => BUTTON_TRY_DEMO clicked!

2024-02-22 08:23:46.213135   3. Assert_v4
2024-02-22 08:23:46.213258   Checking that the trading platform page has opened (v4) =>
2024-02-22 08:23:47.692732   => Current page title: Trading Platform | Capital.com
2024-02-22 08:23:47.692927   Checking that the Trading platform LOGO is present on the page =>
2024-02-22 08:23:51.861497   Checking that the Trading platform opened in DEMO mode =>
2024-02-22 08:23:53.121658   => The page with https://capital.com/trading/platform/?mode=demo url was opened in DEMO mode
2024-02-22 08:23:57.075853   => Driver.backed
