


Current market - Shares



Current sort - Most volatile
{'width': 1280, 'height': 800}

2024-04-30 07:32:20.581987   worker_id = master

2024-04-30 07:32:20.582001   0. Allure grouping v4

2024-04-30 07:32:20.582187   START PRECONDITIONS =>

2024-04-30 07:32:20.582203   => URL after prev. preconditions - https://capital.com/ru
2024-04-30 07:32:20.582212   => flag_of_bug - True
2024-04-30 07:32:20.582223   => Current URL - https://capital.com/trading/platform/
2024-04-30 07:32:20.587770   Current page URL = https://capital.com/trading/platform/
2024-04-30 07:32:20.590371   self.link = https://capital.com/ru
2024-04-30 07:32:20.590385   driver.get(https://capital.com/ru) =>
2024-04-30 07:32:22.616036   => Loaded page https://capital.com/ru

2024-04-30 07:32:22.622812   => Windows size - {'width': 1280, 'height': 800}
2024-04-30 07:32:22.624149   Set windows position at (0, 0) =>
2024-04-30 07:32:22.625824   Set resolution 1280 * 800 =>
2024-04-30 07:32:22.627462   => Windows size is set to {'width': 1280, 'height': 800}

2024-04-30 07:32:23.673122   Капчи нет. Идем дальше

2024-04-30 07:32:23.673218   Работа с куками =>

2024-04-30 07:32:23.673232   => не требуется

2024-04-30 07:32:23.673241   Prev. country - 'ae'
2024-04-30 07:32:23.673251   Cur. country - 'ae'
2024-04-30 07:32:23.673260   => Country set to 'ae'

2024-04-30 07:32:23.673269   Prev. language - 'ru'
2024-04-30 07:32:23.673278   Cur. language - 'ru'
2024-04-30 07:32:23.673286   => Language is set to 'ru'

2024-04-30 07:32:23.673295   Prev. role - 'Auth'
2024-04-30 07:32:23.673304   Cur. role - 'Auth'
2024-04-30 07:32:23.673312   => The 'Auth' role is set

2024-04-30 07:32:23.676022   => Current URL - https://capital.com/ru

2024-04-30 07:32:23.676044   => THE END PRECONDITIONS

2024-04-30 07:32:23.676233   START Open "Markets" menu, "All Markets" submenu =>

2024-04-30 07:32:23.676248   1. Cur URL = https://capital.com/ru

2024-04-30 07:32:23.678922   2. Link = https://capital.com/ru
2024-04-30 07:32:23.678938   current_page = https://capital.com/ru
2024-04-30 07:32:23.681345   link = https://capital.com/ru
2024-04-30 07:32:24.192718   => 'Markets' menu is present
2024-04-30 07:32:24.205925   => 'Markets' menu is visible
2024-04-30 07:32:25.485584   => Focus moved to 'Markets' menu
2024-04-30 07:32:25.491599   => 'Markets > All Markets' submenu is present
2024-04-30 07:32:27.651392   => Focus moved to 'capital*com' logo

2024-04-30 07:32:27.651441   3. Cur URL = https://capital.com/ru/proizvodnyye-finansovyye-instrumenty

2024-04-30 07:32:27.657018   1. Arrange for TABLE_TRADING_INSTRUMENTS and 'Most volatile' cur_sort
2024-04-30 07:32:27.657041   current_page = https://capital.com/ru/proizvodnyye-finansovyye-instrumenty
2024-04-30 07:32:27.659545   link = https://capital.com/ru/proizvodnyye-finansovyye-instrumenty
2024-04-30 07:32:27.662020   TABLE_TRADING_INSTRUMENTS present on this page? =>
2024-04-30 07:32:27.667595   => TABLE_TRADING_INSTRUMENTS is present on the page!
2024-04-30 07:32:27.667618   IS MARKETS_LIST present on this page? =>
2024-04-30 07:32:27.672448   Start scroll to markets list =>
2024-04-30 07:32:27.676099   => MARKETS_LIST is present on the page!
2024-04-30 07:32:27.676127   Start scroll and click cur_market 'Shares' =>
2024-04-30 07:32:27.725352   => End Click cur_market "Shares"
2024-04-30 07:32:27.725409   IS FIELD_DROPDOWN_SORT present in the Live prices table? =>
2024-04-30 07:32:27.739367   =>  FIELD_DROPDOWN_SORT is present in the table!
2024-04-30 07:32:27.739414   Start scroll and click FIELD_DROPDOWN_SORT =>
2024-04-30 07:32:27.790740   Is item_sort_list visible on the FIELD_DROPDOWN_SORT ? =>
2024-04-30 07:32:27.805355   => item_sort_list is visible on the FIELD_DROPDOWN_SORT!
2024-04-30 07:32:27.805383   Is cur_sort "Most volatile" present in item_sort_list? =>
2024-04-30 07:32:27.810209   => cur_sort "Most volatile" is present in item_sort_list!
2024-04-30 07:32:27.810232   Start click cur_sort "Most volatile" =>
2024-04-30 07:32:27.839656   => End Click cur_sort "Most volatile"

2024-04-30 07:32:27.839700   Buttons [Buy] is visible and sum buttons no zero? =>
2024-04-30 07:32:27.845657   => Buttons [Buy] is visible and sum buttons no zero!

2024-04-30 07:32:27.845682   Start find 1 random buttons [Buy] on cur_sort "Most volatile"=>
2024-04-30 07:32:27.862298   => End find 1 random buttons [Buy] on the cur_sort "Most volatile"

2024-04-30 07:32:27.862352   List of random items = [1]
2024-04-30 07:32:27.862606   2. Act for trading instrument, "Most volatile" cur_sort and "Shares" cur_market
2024-04-30 07:32:27.876059   Start click button [Buy] =>
2024-04-30 07:32:27.881267   =>   BUTTON_BUY on item is present
2024-04-30 07:32:27.881292   BUTTON_BUY on item scroll into view =>
2024-04-30 07:32:27.885314   => BUTTON_BUY on item scrolled into view
2024-04-30 07:32:27.885340   Check that BUTTON_BUY with item 'AMZN' clickable =>
2024-04-30 07:32:27.899793   => BUTTON_BUY is clickable
2024-04-30 07:32:29.052792   =>   BUTTON_BUY on item 'AMZN' clicked

2024-04-30 07:32:29.053125   3. Assert_v4

2024-04-30 07:32:29.053152   
2024-04-30 07:32:29.053292   Checking that the trading platform page has opened (v4) =>
2024-04-30 07:32:29.058605   Checking way # 1 => 

2024-04-30 07:32:29.058715   1. Checking that the Trading platform (or TradingView site) page has valid title =>
2024-04-30 07:32:29.061090   => The title of current page is 'Trading Platform | Capital.com'

2024-04-30 07:32:29.061155   2. Checking that the LOGO is present on the page =>
2024-04-30 07:32:29.959912   => 'capital*com' logo is present on the current page

2024-04-30 07:32:29.959954   tpd = False

2024-04-30 07:32:29.959966   4. Check that opened page with https://capital.com/trading/platform/ url
with selected corresponding trading instrument 'AMZN' =>

2024-04-30 07:32:29.963634   trade_instrument = 'AMZN'

2024-04-30 07:32:29.963650   4.1. Check that Trading Platform is opened in Chart mode
2024-04-30 07:32:31.028327   => Bug # 14. Trading platform opened, but not Chart mode
Bid: Bid:01.01.00_002-ru.ae.Auth

2024-04-30 07:32:31.028381   Проверка бага в таблице ретеста  =>

2024-04-30 07:32:31.405492   4. Fixing one row check results into Google Sheet Bugs Report =>
1 cells updated.
2024-04-30 07:32:31.845589   => 4. One row check results into Google Sheet Bugs Report fixed

2024-04-30 07:32:33.459402   4. Fixing one row check results into Google Sheet Bugs Report =>
1 cells updated.
2024-04-30 07:32:33.727644   => 4. One row check results into Google Sheet Bugs Report fixed

2024-04-30 07:32:33.730245   Баг Bid:01.01.00_002-ru.ae.Auth-14 обнаружен ранее и уже находится в 'Bugs Report Auto detect'
