{'width': 1280, 'height': 800}

2024-04-30 09:15:43.650778   worker_id = master

2024-04-30 09:15:43.650792   0. Allure grouping v4

2024-04-30 09:15:43.650973   START PRECONDITIONS =>

2024-04-30 09:15:43.650989   => URL after prev. preconditions - https://capital.com/ru
2024-04-30 09:15:43.650998   => flag_of_bug - True
2024-04-30 09:15:43.651008   => Current URL - https://capital.com/ru/facebook-cfd
2024-04-30 09:15:43.656519   Current page URL = https://capital.com/ru/facebook-cfd
2024-04-30 09:15:43.658952   self.link = https://capital.com/ru
2024-04-30 09:15:43.658965   driver.get(https://capital.com/ru) =>
2024-04-30 09:15:45.448676   => Loaded page https://capital.com/ru

2024-04-30 09:15:45.453452   => Windows size - {'width': 1280, 'height': 800}
2024-04-30 09:15:45.454837   Set windows position at (0, 0) =>
2024-04-30 09:15:45.456498   Set resolution 1280 * 800 =>
2024-04-30 09:15:45.458128   => Windows size is set to {'width': 1280, 'height': 800}

2024-04-30 09:15:46.492557   Капчи нет. Идем дальше

2024-04-30 09:15:46.492649   Работа с куками =>

2024-04-30 09:15:46.492663   => не требуется

2024-04-30 09:15:46.492673   Prev. country - 'ae'
2024-04-30 09:15:46.492682   Cur. country - 'ae'
2024-04-30 09:15:46.492691   => Country set to 'ae'

2024-04-30 09:15:46.492700   Prev. language - 'ru'
2024-04-30 09:15:46.492709   Cur. language - 'ru'
2024-04-30 09:15:46.492718   => Language is set to 'ru'

2024-04-30 09:15:46.492758   Prev. role - 'NoAuth'
2024-04-30 09:15:46.492768   Cur. role - 'NoAuth'
2024-04-30 09:15:46.492777   => The 'NoAuth' role is set

2024-04-30 09:15:46.495562   => Current URL - https://capital.com/ru

2024-04-30 09:15:46.495583   => THE END PRECONDITIONS

2024-04-30 09:15:46.495769   1. Arrange_v0
2024-04-30 09:15:46.495787   current_page = https://capital.com/ru
2024-04-30 09:15:46.498335   link = https://capital.com/ru/facebook-cfd
2024-04-30 09:15:46.500820   Current page URL = https://capital.com/ru
2024-04-30 09:15:46.503325   self.link = https://capital.com/ru/facebook-cfd
2024-04-30 09:15:46.503339   driver.get(https://capital.com/ru/facebook-cfd) =>
2024-04-30 09:15:48.840837   => Loaded page https://capital.com/ru/facebook-cfd
2024-04-30 09:15:48.856959   => BUTTON_TRY_DEMO is present on this page
2024-04-30 09:15:48.856989   BUTTON_TRY_DEMO scroll =>
2024-04-30 09:15:48.860186   BUTTON_TRY_DEMO is visible? =>
2024-04-30 09:15:48.883067   => BUTTON_TRY_DEMO is visible on this page

2024-04-30 09:15:48.883249   2. Act_v0
2024-04-30 09:15:48.892338   BUTTON_TRY_DEMO is clickable? =>
2024-04-30 09:15:48.917824   => BUTTON_TRY_DEMO clicked!

2024-04-30 09:15:48.918069   3. Assert_Login_v0
2024-04-30 09:15:48.918154   Check that 'Login' form is opened
2024-04-30 09:15:55.106437   'Login' form not opened
2024-04-30 09:15:55.106629   Check that new 'Login' form is opened
2024-04-30 09:15:58.198753   => New 'Login' form not opened
2024-04-30 09:15:58.201706   'Login' page not opened
2024-04-30 09:16:01.288383   'Login' form on trading platform not opened
2024-04-30 09:16:01.288590   Start step Check that [Sign up] form is opened
2024-04-30 09:16:01.299340   'Sign up' form opened
2024-04-30 09:16:01.299364   Assert SIGNUP_HEADER =>
2024-04-30 09:16:01.308999   Assert SIGNUP_REF_LOGIN =>
2024-04-30 09:16:01.318760   Assert SIGNUP_PRIVACY_POLICY_ALL_2 =>
2024-04-30 09:16:01.327961   => SIGNUP_PRIVACY_POLICY_ALL
2024-04-30 09:16:01.327984   => 'Signup' form is checked

Bug: Bid:11.02.02.01_02-ru.ae.NoAuth

2024-04-30 09:16:01.328040   Проверка бага в таблице ретеста  =>

2024-04-30 09:16:01.864939   4. Fixing one row check results into Google Sheet Bugs Report =>
1 cells updated.
2024-04-30 09:16:02.384241   => 4. One row check results into Google Sheet Bugs Report fixed

2024-04-30 09:16:03.965079   4. Fixing one row check results into Google Sheet Bugs Report =>
1 cells updated.
2024-04-30 09:16:04.382130   => 4. One row check results into Google Sheet Bugs Report fixed

2024-04-30 09:16:04.383922   Баг Bid:11.02.02.01_02-ru.ae.NoAuth-05 обнаружен ранее и уже находится в 'Bugs Report Auto detect'
