{'width': 1280, 'height': 800}

2024-04-30 09:29:28.049873   worker_id = master

2024-04-30 09:29:28.049888   0. Allure grouping v4

2024-04-30 09:29:28.050080   START PRECONDITIONS =>

2024-04-30 09:29:28.050096   => URL after prev. preconditions - https://capital.com/ru
2024-04-30 09:29:28.050105   => flag_of_bug - True
2024-04-30 09:29:28.050115   => Current URL - https://capital.com/ru/kak-torgovat-medyu-s-cfd
2024-04-30 09:29:28.056026   Current page URL = https://capital.com/ru/kak-torgovat-medyu-s-cfd
2024-04-30 09:29:28.058688   self.link = https://capital.com/ru
2024-04-30 09:29:28.058702   driver.get(https://capital.com/ru) =>
2024-04-30 09:29:29.794676   => Loaded page https://capital.com/ru

2024-04-30 09:29:29.799049   => Windows size - {'width': 1280, 'height': 800}
2024-04-30 09:29:29.800403   Set windows position at (0, 0) =>
2024-04-30 09:29:29.802064   Set resolution 1280 * 800 =>
2024-04-30 09:29:29.806043   => Windows size is set to {'width': 1280, 'height': 800}

2024-04-30 09:29:30.847105   Капчи нет. Идем дальше

2024-04-30 09:29:30.847193   Работа с куками =>

2024-04-30 09:29:30.847207   => не требуется

2024-04-30 09:29:30.847217   Prev. country - 'ae'
2024-04-30 09:29:30.847226   Cur. country - 'ae'
2024-04-30 09:29:30.847235   => Country set to 'ae'

2024-04-30 09:29:30.847244   Prev. language - 'ru'
2024-04-30 09:29:30.847253   Cur. language - 'ru'
2024-04-30 09:29:30.847261   => Language is set to 'ru'

2024-04-30 09:29:30.847270   Prev. role - 'NoAuth'
2024-04-30 09:29:30.847278   Cur. role - 'NoAuth'
2024-04-30 09:29:30.847287   => The 'NoAuth' role is set

2024-04-30 09:29:30.850058   => Current URL - https://capital.com/ru

2024-04-30 09:29:30.850080   => THE END PRECONDITIONS

2024-04-30 09:29:30.850258   1. Arrange_v0
2024-04-30 09:29:30.850276   current_page = https://capital.com/ru
2024-04-30 09:29:30.852764   link = https://capital.com/ru/kak-torgovat-medyu-s-cfd
2024-04-30 09:29:30.855252   Current page URL = https://capital.com/ru
2024-04-30 09:29:30.857666   self.link = https://capital.com/ru/kak-torgovat-medyu-s-cfd
2024-04-30 09:29:30.857680   driver.get(https://capital.com/ru/kak-torgovat-medyu-s-cfd) =>
2024-04-30 09:29:32.648057   => Loaded page https://capital.com/ru/kak-torgovat-medyu-s-cfd
2024-04-30 09:29:32.656028   BUTTON_CREATE_YOUR_ACCOUNT is located on the page? =>

2024-04-30 09:29:32.664566   2. Act_v0: Define of locator

2024-04-30 09:29:32.664596   2. Act_v0: Go to web element

2024-04-30 09:29:33.747816   2. Act_v0: Click web element
2024-04-30 09:29:33.773162   => BUTTON_CREATE_YOUR_ACCOUNT is clicked

2024-04-30 09:29:33.773370   3. Assert_v0
2024-04-30 09:29:33.773460   Start step Check that [Sign up] form is opened
2024-04-30 09:29:33.966460   'Sign up' form opened
2024-04-30 09:29:33.966500   Assert SIGNUP_HEADER =>
2024-04-30 09:29:33.976486   Assert SIGNUP_REF_LOGIN =>
2024-04-30 09:29:33.986607   Assert SIGNUP_PRIVACY_POLICY_ALL_2 =>
2024-04-30 09:29:33.997005   => SIGNUP_PRIVACY_POLICY_ALL
2024-04-30 09:29:33.997036   => 'Signup' form is checked
2024-04-30 09:29:33.997194   Start step Close [Sign up] form =>
2024-04-30 09:29:34.079738   => 'Signup' form closed
2024-04-30 09:29:34.355370   => Focus moved to 'capital*com' logo
