{'width': 1280, 'height': 800}

2024-04-30 09:47:12.353235   worker_id = master

2024-04-30 09:47:12.353249   0. Allure grouping v4

2024-04-30 09:47:12.353434   START PRECONDITIONS =>

2024-04-30 09:47:12.353449   => URL after prev. preconditions - https://capital.com/ru
2024-04-30 09:47:12.353459   => flag_of_bug - False
2024-04-30 09:47:12.353469   => Current URL - https://capital.com/ru/torgovlya-stellar-xlm-cfd
2024-04-30 09:47:12.358610   Current page URL = https://capital.com/ru/torgovlya-stellar-xlm-cfd
2024-04-30 09:47:12.365168   self.link = https://capital.com/ru
2024-04-30 09:47:12.365188   driver.get(https://capital.com/ru) =>
2024-04-30 09:47:14.109565   => Loaded page https://capital.com/ru

2024-04-30 09:47:14.115054   => Windows size - {'width': 1280, 'height': 800}
2024-04-30 09:47:14.116389   Set windows position at (0, 0) =>
2024-04-30 09:47:14.118048   Set resolution 1280 * 800 =>
2024-04-30 09:47:14.119645   => Windows size is set to {'width': 1280, 'height': 800}

2024-04-30 09:47:15.162271   Капчи нет. Идем дальше

2024-04-30 09:47:15.162363   Работа с куками =>

2024-04-30 09:47:15.162377   => не требуется

2024-04-30 09:47:15.162387   Prev. country - 'ae'
2024-04-30 09:47:15.162396   Cur. country - 'ae'
2024-04-30 09:47:15.162405   => Country set to 'ae'

2024-04-30 09:47:15.162414   Prev. language - 'ru'
2024-04-30 09:47:15.162423   Cur. language - 'ru'
2024-04-30 09:47:15.162432   => Language is set to 'ru'

2024-04-30 09:47:15.162440   Prev. role - 'NoReg'
2024-04-30 09:47:15.162449   Cur. role - 'NoReg'
2024-04-30 09:47:15.162457   => The 'NoReg' role is set

2024-04-30 09:47:15.165170   => Current URL - https://capital.com/ru

2024-04-30 09:47:15.165192   => THE END PRECONDITIONS

2024-04-30 09:47:15.165233   1. Arrange_v0
2024-04-30 09:47:15.165248   current_page = https://capital.com/ru
2024-04-30 09:47:15.167764   link = https://capital.com/ru/torgovlya-stellar-xlm-cfd
2024-04-30 09:47:15.170184   Current page URL = https://capital.com/ru
2024-04-30 09:47:15.172523   self.link = https://capital.com/ru/torgovlya-stellar-xlm-cfd
2024-04-30 09:47:15.172537   driver.get(https://capital.com/ru/torgovlya-stellar-xlm-cfd) =>
2024-04-30 09:47:17.104760   => Loaded page https://capital.com/ru/torgovlya-stellar-xlm-cfd
2024-04-30 09:47:17.108114   BUTTON_BUY_IN_CONTENT_BLOCK is located on the page? =>
2024-04-30 09:47:17.117603   => BUTTON_BUY_IN_CONTENT_BLOCK is located on the page!
2024-04-30 09:47:17.117774   Start Checking that form [Sign up] popped up on the page =>
2024-04-30 09:47:18.671595   '[Sign up]' form was not popped up

2024-04-30 09:47:18.671796   2. Act_v0
2024-04-30 09:47:18.680328   BUTTON_BUY_IN_CONTENT_BLOCK is present? =>
2024-04-30 09:47:18.680356   => BUTTON_BUY_IN_CONTENT_BLOCK is present on the page
2024-04-30 09:47:18.680368   BUTTON_BUY_IN_CONTENT_BLOCK scroll =>
2024-04-30 09:47:18.683785   => BUTTON_BUY_IN_CONTENT_BLOCK scrolled
2024-04-30 09:47:18.687666   BUTTON_BUY_IN_CONTENT_BLOCK is clickable? =>
2024-04-30 09:47:18.733778   BUTTON_BUY_IN_CONTENT_BLOCK CLICK =>
2024-04-30 09:47:18.749049   => BUTTON_BUY_IN_CONTENT_BLOCK clicked!

2024-04-30 09:47:18.749359   3. Assert_v0
2024-04-30 09:47:18.749501   Start step Check that [Sign up] form is opened
2024-04-30 09:47:18.948767   'Sign up' form opened
2024-04-30 09:47:18.948822   Assert SIGNUP_HEADER =>
2024-04-30 09:47:18.959513   Assert SIGNUP_REF_LOGIN =>
2024-04-30 09:47:18.975370   Assert SIGNUP_PRIVACY_POLICY_ALL_2 =>
2024-04-30 09:47:18.993192   => SIGNUP_PRIVACY_POLICY_ALL
2024-04-30 09:47:18.993236   => 'Signup' form is checked
2024-04-30 09:47:18.993438   Start step Close [Sign up] form =>
2024-04-30 09:47:19.101889   => 'Signup' form closed
2024-04-30 09:47:19.380697   => Focus moved to 'capital*com' logo
