{'width': 1280, 'height': 800}

2024-04-30 08:32:26.382194   worker_id = master

2024-04-30 08:32:26.382208   0. Allure grouping v4

2024-04-30 08:32:26.382396   START PRECONDITIONS =>

2024-04-30 08:32:26.382412   => URL after prev. preconditions - https://capital.com/ru
2024-04-30 08:32:26.382421   => flag_of_bug - False
2024-04-30 08:32:26.382432   => Current URL - https://capital.com/ru/gbp-jpy-stavka
2024-04-30 08:32:26.387424   Current page URL = https://capital.com/ru/gbp-jpy-stavka
2024-04-30 08:32:26.391944   self.link = https://capital.com/ru
2024-04-30 08:32:26.391966   driver.get(https://capital.com/ru) =>
2024-04-30 08:32:28.160317   => Loaded page https://capital.com/ru

2024-04-30 08:32:28.164779   => Windows size - {'width': 1280, 'height': 800}
2024-04-30 08:32:28.166145   Set windows position at (0, 0) =>
2024-04-30 08:32:28.167764   Set resolution 1280 * 800 =>
2024-04-30 08:32:28.169407   => Windows size is set to {'width': 1280, 'height': 800}

2024-04-30 08:32:29.209399   Капчи нет. Идем дальше

2024-04-30 08:32:29.209496   Работа с куками =>

2024-04-30 08:32:29.209509   => не требуется

2024-04-30 08:32:29.209519   Prev. country - 'ae'
2024-04-30 08:32:29.209528   Cur. country - 'ae'
2024-04-30 08:32:29.209537   => Country set to 'ae'

2024-04-30 08:32:29.209546   Prev. language - 'ru'
2024-04-30 08:32:29.209555   Cur. language - 'ru'
2024-04-30 08:32:29.209563   => Language is set to 'ru'

2024-04-30 08:32:29.209572   Prev. role - 'NoAuth'
2024-04-30 08:32:29.209580   Cur. role - 'NoAuth'
2024-04-30 08:32:29.209589   => The 'NoAuth' role is set

2024-04-30 08:32:29.212307   => Current URL - https://capital.com/ru

2024-04-30 08:32:29.212328   => THE END PRECONDITIONS

2024-04-30 08:32:29.212371   1. Arrange_v0
2024-04-30 08:32:29.212385   current_page = https://capital.com/ru
2024-04-30 08:32:29.214846   link = https://capital.com/ru/gbp-jpy-stavka
2024-04-30 08:32:29.217291   Current page URL = https://capital.com/ru
2024-04-30 08:32:29.219743   self.link = https://capital.com/ru/gbp-jpy-stavka
2024-04-30 08:32:29.219756   driver.get(https://capital.com/ru/gbp-jpy-stavka) =>
2024-04-30 08:32:30.922542   => Loaded page https://capital.com/ru/gbp-jpy-stavka
2024-04-30 08:32:30.929092   BUTTON_SELL is located on the page? =>
2024-04-30 08:32:30.937433   => BUTTON_SELL is located on the page!
2024-04-30 08:32:30.937604   Start Checking that form [Sign up] popped up on the page =>
2024-04-30 08:32:32.493654   '[Sign up]' form was not popped up

2024-04-30 08:32:32.493861   2. Act_v0
2024-04-30 08:32:32.499752   BUTTON_SELL is present? =>
2024-04-30 08:32:32.499778   => BUTTON_SELL is present on the page
2024-04-30 08:32:32.499788   BUTTON_SELL scroll =>
2024-04-30 08:32:32.503308   => BUTTON_SELL scrolled
2024-04-30 08:32:32.529355   BUTTON_SELL is clickable? =>
2024-04-30 08:32:32.547521   BUTTON_SELL CLICK =>
2024-04-30 08:32:32.584918   => BUTTON_SELL clicked!

2024-04-30 08:32:32.585158   3. Assert_Login_v0
2024-04-30 08:32:32.585239   Check that 'Login' form is opened
2024-04-30 08:32:33.333866   'Login' form opened
2024-04-30 08:32:33.333902   Assert LOGIN_REF_SIGNUP =>
2024-04-30 08:32:33.346195   Assert LOGIN_CHECKBOX =>
2024-04-30 08:32:33.357676   Assert LOGIN_PASS_FORGOT =>
2024-04-30 08:32:33.369276   => 'Login' form is checked
2024-04-30 08:32:33.389130   Click 'Close' button on 'Login' form =>
2024-04-30 08:32:33.742227   => Focus moved to 'capital*com' logo
2024-04-30 08:32:33.742271   => 'Login' form closed
