{'width': 1280, 'height': 800}

2024-04-30 09:12:44.849977   worker_id = master

2024-04-30 09:12:44.849991   0. Allure grouping v4

2024-04-30 09:12:44.850177   START PRECONDITIONS =>

2024-04-30 09:12:44.850192   => URL after prev. preconditions - https://capital.com/ru
2024-04-30 09:12:44.850202   => flag_of_bug - False
2024-04-30 09:12:44.850212   => Current URL - https://capital.com/ru/torgovlya-aktsiyami-cfd
2024-04-30 09:12:44.855682   Current page URL = https://capital.com/ru/torgovlya-aktsiyami-cfd
2024-04-30 09:12:44.858366   self.link = https://capital.com/ru
2024-04-30 09:12:44.858379   driver.get(https://capital.com/ru) =>
2024-04-30 09:12:46.697472   => Loaded page https://capital.com/ru

2024-04-30 09:12:46.702074   => Windows size - {'width': 1280, 'height': 800}
2024-04-30 09:12:46.703391   Set windows position at (0, 0) =>
2024-04-30 09:12:46.712132   Set resolution 1280 * 800 =>
2024-04-30 09:12:46.713870   => Windows size is set to {'width': 1280, 'height': 800}

2024-04-30 09:12:47.755277   Капчи нет. Идем дальше

2024-04-30 09:12:47.755370   Работа с куками =>

2024-04-30 09:12:47.755384   => не требуется

2024-04-30 09:12:47.755393   Prev. country - 'ae'
2024-04-30 09:12:47.755402   Cur. country - 'ae'
2024-04-30 09:12:47.755411   => Country set to 'ae'

2024-04-30 09:12:47.755420   Prev. language - 'ru'
2024-04-30 09:12:47.755429   Cur. language - 'ru'
2024-04-30 09:12:47.755437   => Language is set to 'ru'

2024-04-30 09:12:47.755446   Prev. role - 'NoReg'
2024-04-30 09:12:47.755455   Cur. role - 'NoReg'
2024-04-30 09:12:47.755463   => The 'NoReg' role is set

2024-04-30 09:12:47.758213   => Current URL - https://capital.com/ru

2024-04-30 09:12:47.758234   => THE END PRECONDITIONS

2024-04-30 09:12:47.758425   1. Cur URL = https://capital.com/ru

2024-04-30 09:12:47.760874   2. Link = https://capital.com/ru
2024-04-30 09:12:47.760890   current_page = https://capital.com/ru
2024-04-30 09:12:47.763278   link = https://capital.com/ru
2024-04-30 09:12:48.272581   => Education menu is present in DOM
2024-04-30 09:12:48.277474   => Education menu is visible
2024-04-30 09:12:49.544781   => Focus moved to Education menu


2024-04-30 09:12:51.347328   => Shares trading sub-menu clicked
2024-04-30 09:12:51.644560   => Focus moved to 'capital*com' logo

2024-04-30 09:12:51.644608   3. Cur URL = https://capital.com/ru/torgovlya-aktsiyami-cfd

2024-04-30 09:12:51.650301   1. Arrange
2024-04-30 09:12:51.650325   current_page = https://capital.com/ru/torgovlya-aktsiyami-cfd
2024-04-30 09:12:51.652996   link = https://capital.com/ru/torgovlya-aktsiyami-cfd
2024-04-30 09:12:51.655674   BUTTON_ON_VER_BANNER is present? =>
2024-04-30 09:12:51.664291   => BUTTON_ON_VER_BANNER is present on the page!
2024-04-30 09:12:51.664314   BUTTON_ON_VER_BANNER scroll =>
2024-04-30 09:12:51.667711   BUTTON_ON_VER_BANNER is visible? =>
2024-04-30 09:12:51.703015   => BUTTON_ON_VER_BANNER is visible on the page!
2024-04-30 09:12:51.703285   Start Checking that form [Sign up] popped up on the page =>
2024-04-30 09:12:53.226318   '[Sign up]' form was not popped up

2024-04-30 09:12:53.226530   2. Act

2024-04-30 09:12:53.241562   => Button on Vertical banner clickable

2024-04-30 09:12:53.245576   data_id = 388
2024-04-30 09:12:53.280088   => BUTTON_ON_VER_BANNER clicked!

2024-04-30 09:12:53.280339   3. Assert_v0
2024-04-30 09:12:53.280427   Start step Check that [Sign up] form is opened
2024-04-30 09:12:53.535047   'Sign up' form opened
2024-04-30 09:12:53.535099   Assert SIGNUP_HEADER =>
2024-04-30 09:12:53.550056   Assert SIGNUP_REF_LOGIN =>
2024-04-30 09:12:53.561957   Assert SIGNUP_PRIVACY_POLICY_ALL_2 =>
2024-04-30 09:12:53.572098   => SIGNUP_PRIVACY_POLICY_ALL
2024-04-30 09:12:53.572128   => 'Signup' form is checked
2024-04-30 09:12:53.572306   Start step Close [Sign up] form =>
2024-04-30 09:12:53.623867   => 'Signup' form closed
2024-04-30 09:12:53.927799   => Focus moved to 'capital*com' logo
