


Current sort - Most volatile
{'width': 1280, 'height': 800}

2024-04-30 07:53:02.427224   worker_id = master

2024-04-30 07:53:02.427239   0. Allure grouping v4

2024-04-30 07:53:02.427431   START PRECONDITIONS =>

2024-04-30 07:53:02.427447   => URL after prev. preconditions - https://capital.com/ru
2024-04-30 07:53:02.427457   => flag_of_bug - False
2024-04-30 07:53:02.427467   => Current URL - https://capital.com/ru/kotirovki-aktsiy
2024-04-30 07:53:02.448822   Current page URL = https://capital.com/ru/kotirovki-aktsiy
2024-04-30 07:53:02.451647   self.link = https://capital.com/ru
2024-04-30 07:53:02.451661   driver.get(https://capital.com/ru) =>
2024-04-30 07:53:04.257686   => Loaded page https://capital.com/ru

2024-04-30 07:53:04.262188   => Windows size - {'width': 1280, 'height': 800}
2024-04-30 07:53:04.263593   Set windows position at (0, 0) =>
2024-04-30 07:53:04.265292   Set resolution 1280 * 800 =>
2024-04-30 07:53:04.266984   => Windows size is set to {'width': 1280, 'height': 800}

2024-04-30 07:53:05.298075   Капчи нет. Идем дальше

2024-04-30 07:53:05.298164   Работа с куками =>

2024-04-30 07:53:05.298178   => не требуется

2024-04-30 07:53:05.298188   Prev. country - 'ae'
2024-04-30 07:53:05.298197   Cur. country - 'ae'
2024-04-30 07:53:05.298206   => Country set to 'ae'

2024-04-30 07:53:05.298215   Prev. language - 'ru'
2024-04-30 07:53:05.298224   Cur. language - 'ru'
2024-04-30 07:53:05.298232   => Language is set to 'ru'

2024-04-30 07:53:05.298241   Prev. role - 'NoAuth'
2024-04-30 07:53:05.298250   Cur. role - 'NoAuth'
2024-04-30 07:53:05.298258   => The 'NoAuth' role is set

2024-04-30 07:53:05.302797   => Current URL - https://capital.com/ru

2024-04-30 07:53:05.302836   => THE END PRECONDITIONS

2024-04-30 07:53:05.303052   START Open "Markets" menu, "Shares" submenu =>
2024-04-30 07:53:05.303071   1. Cur URL = https://capital.com/ru
2024-04-30 07:53:05.305639   2. Link = https://capital.com/ru
2024-04-30 07:53:05.305654   current_page = https://capital.com/ru
2024-04-30 07:53:05.308061   link = https://capital.com/ru
2024-04-30 07:53:05.816704   => 'Markets' menu is present
2024-04-30 07:53:05.837402   => 'Markets' menu is visible
2024-04-30 07:53:07.103619   => Focus moved to 'Markets' menu
2024-04-30 07:53:08.563457   => Focus moved to 'Shares' submenu and clicked
2024-04-30 07:53:08.852030   => Focus moved to 'capital*com' logo
2024-04-30 07:53:08.852073   3. Cur URL = https://capital.com/ru/kotirovki-aktsiy

2024-04-30 07:53:08.857613   1. Arrange for Trading instrument table and "Most volatile" cur_sort
2024-04-30 07:53:08.857635   current_page = https://capital.com/ru/kotirovki-aktsiy
2024-04-30 07:53:08.860154   link = https://capital.com/ru/kotirovki-aktsiy
2024-04-30 07:53:08.862628   IS TABLE_TRADING_INSTRUMENTS  present on the  page? =>
2024-04-30 07:53:08.868351   => TABLE_TRADING_INSTRUMENTS is present on the page!
2024-04-30 07:53:08.868374   IS FIELD_DROPDOWN_SORT present in the table? =>
2024-04-30 07:53:08.873005   =>  FIELD_DROPDOWN_SORT is present in the table!
2024-04-30 07:53:08.873027   Start scroll and click FIELD_DROPDOWN_SORT =>
2024-04-30 07:53:08.977379   Is item_sort_list visible on the FIELD_DROPDOWN_SORT ? =>
2024-04-30 07:53:09.025376   => item_sort_list is visible on the FIELD_DROPDOWN_SORT!
2024-04-30 07:53:09.025417   Is cur_sort "Most volatile" present in item_sort_list? =>
2024-04-30 07:53:09.033625   => cur_sort "Most volatile" is present in item_sort_list!
2024-04-30 07:53:09.033658   Start click cur_sort "Most volatile" =>
2024-04-30 07:53:09.740425   => End Click cur_sort "Most volatile"

2024-04-30 07:53:09.740473   Buttons [Buy] is visible and quantity buttons not zero? =>
2024-04-30 07:53:09.763494   => Buttons [Buy] is visible and quantity buttons not zero!

2024-04-30 07:53:09.763529   Start find two random buttons [Buy] on cur_sort "Most volatile"=>
2024-04-30 07:53:09.770829   => End find 1 random buttons [Buy] on the cur_sort "Most volatile"


2024-04-30 07:53:09.770859   Item_list = [8]
2024-04-30 07:53:09.771021   Start Checking that form [Sign up] popped up on the page =>
2024-04-30 07:53:11.309045   '[Sign up]' form was not popped up
2024-04-30 07:53:11.309252   2. Act for trading instrument and "Most volatile" cur_sort
2024-04-30 07:53:11.321000   Start click button [Buy] =>
2024-04-30 07:53:11.330860   =>   BUTTON_BUY on item with ID = 20907900818770
2024-04-30 07:53:11.330887   BUTTON_BUY on item with ID = '20907900818770' scroll into view =>
2024-04-30 07:53:11.337473   => BUTTON_SELL on item with ID = '20907900818770' scrolled into view
2024-04-30 07:53:11.337504   Check that BUTTON_BUY with item ALD clickable =>
2024-04-30 07:53:11.494448   => BUTTON_BUY is clickable
2024-04-30 07:53:12.271531   =>   BUTTON_BUY with item ALD clicked

2024-04-30 07:53:12.271765   3. Assert_Login_v0
2024-04-30 07:53:12.271845   Check that 'Login' form is opened
2024-04-30 07:53:18.426003   'Login' form not opened
2024-04-30 07:53:18.426192   Check that new 'Login' form is opened
2024-04-30 07:53:21.533891   => New 'Login' form not opened
2024-04-30 07:53:21.536694   'Login' page not opened
2024-04-30 07:53:24.591179   'Login' form on trading platform not opened
2024-04-30 07:53:24.591376   Start step Check that [Sign up] form is opened
2024-04-30 07:53:27.665583   'Sign up' form not opened
2024-04-30 07:53:27.665770   Start step Check that new [Sign up] form is opened
2024-04-30 07:53:30.744932   => new 'Sign up' form not opened
2024-04-30 07:53:30.745127   Start method Check that [Sign up] page opened =>
2024-04-30 07:53:31.748884   'Sign up' page not opened
2024-04-30 07:53:31.749081   Check that [Sign up] form on trading platform opened =>
2024-04-30 07:53:34.834587   'Sign up' form on trading platform page not opened

Bug: 

2024-04-30 07:53:34.834675   Проверка бага в таблице ретеста  =>

2024-04-30 07:53:34.837543  Для бага: Bid-08 необходимо использовать проверку на ретест!!!
