{'width': 1280, 'height': 800}

2024-04-10 01:51:31.401458   worker_id = master

2024-04-10 01:51:31.401472   0. Allure grouping v4

2024-04-10 01:51:31.401654   START PRECONDITIONS =>

2024-04-10 01:51:31.401669   => URL after prev. preconditions - https://capital.com/el
2024-04-10 01:51:31.401679   => flag_of_bug - False
2024-04-10 01:51:31.401690   => Current URL - https://capital.com/el/australian-dollar-us-dollar-isotimia
2024-04-10 01:51:31.406855   Current page URL = https://capital.com/el/australian-dollar-us-dollar-isotimia
2024-04-10 01:51:31.409286   self.link = https://capital.com/el
2024-04-10 01:51:31.409299   driver.get(https://capital.com/el) =>
2024-04-10 01:51:33.142214   => Loaded page https://capital.com/el

2024-04-10 01:51:33.148848   => Windows size - {'width': 1280, 'height': 800}
2024-04-10 01:51:33.150207   Set windows position at (0, 0) =>
2024-04-10 01:51:33.252494   Set resolution 1280 * 800 =>
2024-04-10 01:51:33.354959   => Windows size is set to {'width': 1280, 'height': 800}

2024-04-10 01:51:34.394921   Капчи нет. Идем дальше

2024-04-10 01:51:34.395022   Работа с куками =>

2024-04-10 01:51:34.395037   => не требуется

2024-04-10 01:51:34.395046   Prev. country - 'ae'
2024-04-10 01:51:34.395056   Cur. country - 'ae'
2024-04-10 01:51:34.395065   => Country set to 'ae'

2024-04-10 01:51:34.395074   Prev. language - 'el'
2024-04-10 01:51:34.395082   Cur. language - 'el'
2024-04-10 01:51:34.395091   => Language is set to 'el'

2024-04-10 01:51:34.395100   Prev. role - 'NoReg'
2024-04-10 01:51:34.395108   Cur. role - 'NoReg'
2024-04-10 01:51:34.395117   => The 'NoReg' role is set

2024-04-10 01:51:34.398181   => Current URL - https://capital.com/el

2024-04-10 01:51:34.398207   => THE END PRECONDITIONS

2024-04-10 01:51:34.398418   1. Arrange_v0
2024-04-10 01:51:34.398437   current_page = https://capital.com/el
2024-04-10 01:51:34.401227   link = https://capital.com/el/australian-dollar-us-dollar-isotimia
2024-04-10 01:51:34.405697   Current page URL = https://capital.com/el
2024-04-10 01:51:34.408321   self.link = https://capital.com/el/australian-dollar-us-dollar-isotimia
2024-04-10 01:51:34.408336   driver.get(https://capital.com/el/australian-dollar-us-dollar-isotimia) =>
2024-04-10 01:51:36.126307   => Loaded page https://capital.com/el/australian-dollar-us-dollar-isotimia
2024-04-10 01:51:36.142165   Is button BUTTON_VIEW_DETAILED_CHART present on the page? =>
2024-04-10 01:51:36.142205   => BUTTON_VIEW_DETAILED_CHART is present on the page
2024-04-10 01:51:36.142215   BUTTON_VIEW_DETAILED_CHART scroll =>
2024-04-10 01:51:36.148821   => BUTTON_VIEW_DETAILED_CHART scrolled
2024-04-10 01:51:36.149046   Start Checking that form [Sign up] popped up on the page =>
2024-04-10 01:51:37.699236   '[Sign up]' form was not popped up

2024-04-10 01:51:37.699438   2. Act_v0
2024-04-10 01:51:37.699454   Start Click button [View Detailed Chart] =>
2024-04-10 01:51:37.720880   BUTTON_VIEW_DETAILED_CHART is clickable =>
2024-04-10 01:51:37.758898 => BUTTON_VIEW_DETAILED_CHART clicked

2024-04-10 01:51:37.759136   3. Assert_v0
2024-04-10 01:51:37.759226   Start step Check that [Sign up] form is opened
2024-04-10 01:51:37.936886   'Sign up' form opened
2024-04-10 01:51:37.936933   Assert SIGNUP_HEADER =>
2024-04-10 01:51:37.951470   Assert SIGNUP_REF_LOGIN =>
2024-04-10 01:51:37.963571   Assert SIGNUP_PRIVACY_POLICY_ALL_2 =>
2024-04-10 01:51:37.974972   => SIGNUP_PRIVACY_POLICY_ALL
2024-04-10 01:51:37.975011   => 'Signup' form is checked
2024-04-10 01:51:37.975190   Start step Close [Sign up] form =>
2024-04-10 01:51:38.096589   => 'Signup' form closed
2024-04-10 01:51:38.364843   => Focus moved to 'capital*com' logo
