{'width': 1280, 'height': 800}

2024-04-10 01:52:33.182188   worker_id = master

2024-04-10 01:52:33.182202   0. Allure grouping v4

2024-04-10 01:52:33.182382   START PRECONDITIONS =>

2024-04-10 01:52:33.182398   => URL after prev. preconditions - https://capital.com/el
2024-04-10 01:52:33.182408   => flag_of_bug - False
2024-04-10 01:52:33.182418   => Current URL - https://capital.com/el/australian-dollar-us-dollar-isotimia
2024-04-10 01:52:33.187758   Current page URL = https://capital.com/el/australian-dollar-us-dollar-isotimia
2024-04-10 01:52:33.190218   self.link = https://capital.com/el
2024-04-10 01:52:33.190231   driver.get(https://capital.com/el) =>
2024-04-10 01:52:34.921445   => Loaded page https://capital.com/el

2024-04-10 01:52:34.928601   => Windows size - {'width': 1280, 'height': 800}
2024-04-10 01:52:34.930279   Set windows position at (0, 0) =>
2024-04-10 01:52:35.032467   Set resolution 1280 * 800 =>
2024-04-10 01:52:35.134534   => Windows size is set to {'width': 1280, 'height': 800}

2024-04-10 01:52:36.174523   Капчи нет. Идем дальше

2024-04-10 01:52:36.174614   Работа с куками =>

2024-04-10 01:52:36.174628   => не требуется

2024-04-10 01:52:36.174638   Prev. country - 'ae'
2024-04-10 01:52:36.174647   Cur. country - 'ae'
2024-04-10 01:52:36.174656   => Country set to 'ae'

2024-04-10 01:52:36.174665   Prev. language - 'el'
2024-04-10 01:52:36.174674   Cur. language - 'el'
2024-04-10 01:52:36.174682   => Language is set to 'el'

2024-04-10 01:52:36.174691   Prev. role - 'NoReg'
2024-04-10 01:52:36.174700   Cur. role - 'NoReg'
2024-04-10 01:52:36.174708   => The 'NoReg' role is set

2024-04-10 01:52:36.179379   => Current URL - https://capital.com/el

2024-04-10 01:52:36.179401   => THE END PRECONDITIONS

2024-04-10 01:52:36.179590   1. Arrange_v0
2024-04-10 01:52:36.179608   current_page = https://capital.com/el
2024-04-10 01:52:36.182149   link = https://capital.com/el/australian-dollar-us-dollar-isotimia
2024-04-10 01:52:36.184588   Current page URL = https://capital.com/el
2024-04-10 01:52:36.187056   self.link = https://capital.com/el/australian-dollar-us-dollar-isotimia
2024-04-10 01:52:36.187070   driver.get(https://capital.com/el/australian-dollar-us-dollar-isotimia) =>
2024-04-10 01:52:37.843849   => Loaded page https://capital.com/el/australian-dollar-us-dollar-isotimia
2024-04-10 01:52:37.848426   IS 'Trading calculator' widget present on this page? =>
2024-04-10 01:52:37.857096   => 'Trading calculator' widget present on this page!

2024-04-10 01:52:37.857127   IS 'Trading calculator' widget present on this page? =>
2024-04-10 01:52:37.872344   => 'Trading calculator' widget is visible on this page!

2024-04-10 01:52:37.872373   IS [Start Trading] button present on this page? =>
2024-04-10 01:52:37.882262   => [Start Trading] button present on this page!

2024-04-10 01:52:37.882292   IS [Start Trading] button present on this page? =>
2024-04-10 01:52:37.898155   => [Start Trading] button is visible on this page!

2024-04-10 01:52:37.898185   [Start Trading] button scroll =>

2024-04-10 01:52:37.901789   2. Act_v0
2024-04-10 01:52:37.901814   [Start Trading] button is clickable? =>
2024-04-10 01:52:37.946036   => [Start Trading] button is clickable!

2024-04-10 01:52:37.985550   => [Start Trading] button clicked!

2024-04-10 01:52:37.985874   3. Assert_v0
2024-04-10 01:52:37.986015   Start step Check that [Sign up] form is opened
2024-04-10 01:52:38.201208   'Sign up' form opened
2024-04-10 01:52:38.201253   Assert SIGNUP_HEADER =>
2024-04-10 01:52:38.218648   Assert SIGNUP_REF_LOGIN =>
2024-04-10 01:52:38.233954   Assert SIGNUP_PRIVACY_POLICY_ALL_2 =>
2024-04-10 01:52:38.248841   => SIGNUP_PRIVACY_POLICY_ALL
2024-04-10 01:52:38.248879   => 'Signup' form is checked
2024-04-10 01:52:38.249086   Start step Close [Sign up] form =>
2024-04-10 01:52:38.323378   => 'Signup' form closed
2024-04-10 01:52:38.609894   => Focus moved to 'capital*com' logo
