{'width': 1280, 'height': 800}

2024-04-10 02:34:52.030650   worker_id = master

2024-04-10 02:34:52.030665   0. Allure grouping v4

2024-04-10 02:34:52.030854   START PRECONDITIONS =>

2024-04-10 02:34:52.030870   => URL after prev. preconditions - https://capital.com/el
2024-04-10 02:34:52.030879   => flag_of_bug - False
2024-04-10 02:34:52.030890   => Current URL - https://capital.com/el/cotton-no-2-cash-emporeuma
2024-04-10 02:34:52.035847   Current page URL = https://capital.com/el/cotton-no-2-cash-emporeuma
2024-04-10 02:34:52.038389   self.link = https://capital.com/el
2024-04-10 02:34:52.038402   driver.get(https://capital.com/el) =>
2024-04-10 02:34:53.820119   => Loaded page https://capital.com/el

2024-04-10 02:34:53.824938   => Windows size - {'width': 1280, 'height': 800}
2024-04-10 02:34:53.826274   Set windows position at (0, 0) =>
2024-04-10 02:34:53.928245   Set resolution 1280 * 800 =>
2024-04-10 02:34:54.030321   => Windows size is set to {'width': 1280, 'height': 800}

2024-04-10 02:34:55.049926   Капчи нет. Идем дальше

2024-04-10 02:34:55.050016   Работа с куками =>

2024-04-10 02:34:55.050030   => не требуется

2024-04-10 02:34:55.050040   Prev. country - 'ae'
2024-04-10 02:34:55.050049   Cur. country - 'ae'
2024-04-10 02:34:55.050058   => Country set to 'ae'

2024-04-10 02:34:55.050067   Prev. language - 'el'
2024-04-10 02:34:55.050076   Cur. language - 'el'
2024-04-10 02:34:55.050085   => Language is set to 'el'

2024-04-10 02:34:55.050094   Prev. role - 'NoReg'
2024-04-10 02:34:55.050103   Cur. role - 'NoReg'
2024-04-10 02:34:55.050112   => The 'NoReg' role is set

2024-04-10 02:34:55.052838   => Current URL - https://capital.com/el

2024-04-10 02:34:55.052858   => THE END PRECONDITIONS

2024-04-10 02:34:55.053070   1. Arrange_v0
2024-04-10 02:34:55.053091   current_page = https://capital.com/el
2024-04-10 02:34:55.055613   link = https://capital.com/el/cotton-no-2-cash-emporeuma
2024-04-10 02:34:55.058095   Current page URL = https://capital.com/el
2024-04-10 02:34:55.060546   self.link = https://capital.com/el/cotton-no-2-cash-emporeuma
2024-04-10 02:34:55.060559   driver.get(https://capital.com/el/cotton-no-2-cash-emporeuma) =>
2024-04-10 02:34:56.686503   => Loaded page https://capital.com/el/cotton-no-2-cash-emporeuma
2024-04-10 02:34:56.692578   IS 'Trading calculator' widget present on this page? =>
2024-04-10 02:34:56.700738   => 'Trading calculator' widget present on this page!

2024-04-10 02:34:56.700763   IS 'Trading calculator' widget present on this page? =>
2024-04-10 02:34:56.715642   => 'Trading calculator' widget is visible on this page!

2024-04-10 02:34:56.715668   IS [Start Trading] button present on this page? =>
2024-04-10 02:34:56.723167   => [Start Trading] button present on this page!

2024-04-10 02:34:56.723189   IS [Start Trading] button present on this page? =>
2024-04-10 02:34:56.737183   => [Start Trading] button is visible on this page!

2024-04-10 02:34:56.737206   [Start Trading] button scroll =>

2024-04-10 02:34:56.740628   2. Act_v0
2024-04-10 02:34:56.740649   [Start Trading] button is clickable? =>
2024-04-10 02:34:56.778323   => [Start Trading] button is clickable!

2024-04-10 02:34:56.813413   => [Start Trading] button clicked!

2024-04-10 02:34:56.813644   3. Assert_v0
2024-04-10 02:34:56.813735   Start step Check that [Sign up] form is opened
2024-04-10 02:34:57.001601   'Sign up' form opened
2024-04-10 02:34:57.001637   Assert SIGNUP_HEADER =>
2024-04-10 02:34:57.012924   Assert SIGNUP_REF_LOGIN =>
2024-04-10 02:34:57.022751   Assert SIGNUP_PRIVACY_POLICY_ALL_2 =>
2024-04-10 02:34:57.034000   => SIGNUP_PRIVACY_POLICY_ALL
2024-04-10 02:34:57.034030   => 'Signup' form is checked
2024-04-10 02:34:57.034240   Start step Close [Sign up] form =>
2024-04-10 02:34:57.142242   => 'Signup' form closed
2024-04-10 02:34:57.408151   => Focus moved to 'capital*com' logo
