{'width': 1280, 'height': 800}

2024-04-10 14:23:44.879742   worker_id = master

2024-04-10 14:23:44.879756   0. Allure grouping v4

2024-04-10 14:23:44.879936   START PRECONDITIONS =>

2024-04-10 14:23:44.879952   => URL after prev. preconditions - https://capital.com/pl
2024-04-10 14:23:44.879961   => flag_of_bug - False
2024-04-10 14:23:44.879972   => Current URL - https://capital.com/pl/handlovac-tesla
2024-04-10 14:23:44.885375   Current page URL = https://capital.com/pl/handlovac-tesla
2024-04-10 14:23:44.891848   self.link = https://capital.com/pl
2024-04-10 14:23:44.891861   driver.get(https://capital.com/pl) =>
2024-04-10 14:23:46.733405   => Loaded page https://capital.com/pl

2024-04-10 14:23:46.740501   => Windows size - {'width': 1280, 'height': 800}
2024-04-10 14:23:46.741937   Set windows position at (0, 0) =>
2024-04-10 14:23:46.844124   Set resolution 1280 * 800 =>
2024-04-10 14:23:46.946603   => Windows size is set to {'width': 1280, 'height': 800}

2024-04-10 14:23:47.984952   Капчи нет. Идем дальше

2024-04-10 14:23:47.985049   Работа с куками =>

2024-04-10 14:23:47.985064   => не требуется

2024-04-10 14:23:47.985073   Prev. country - 'au'
2024-04-10 14:23:47.985083   Cur. country - 'au'
2024-04-10 14:23:47.985092   => Country set to 'au'

2024-04-10 14:23:47.985101   Prev. language - 'pl'
2024-04-10 14:23:47.985110   Cur. language - 'pl'
2024-04-10 14:23:47.985119   => Language is set to 'pl'

2024-04-10 14:23:47.985127   Prev. role - 'NoReg'
2024-04-10 14:23:47.985136   Cur. role - 'NoReg'
2024-04-10 14:23:47.985144   => The 'NoReg' role is set

2024-04-10 14:23:47.990001   => Current URL - https://capital.com/pl

2024-04-10 14:23:47.990026   => THE END PRECONDITIONS

2024-04-10 14:23:47.990082   1. Arrange_v0
2024-04-10 14:23:47.990096   current_page = https://capital.com/pl
2024-04-10 14:23:47.992813   link = https://capital.com/pl/handlovac-tesla
2024-04-10 14:23:47.995385   Current page URL = https://capital.com/pl
2024-04-10 14:23:48.009082   self.link = https://capital.com/pl/handlovac-tesla
2024-04-10 14:23:48.009098   driver.get(https://capital.com/pl/handlovac-tesla) =>
2024-04-10 14:23:49.854808   => Loaded page https://capital.com/pl/handlovac-tesla

2024-04-10 14:23:49.868616   2. Act_v0
2024-04-10 14:23:49.868643   BUTTON_GET_STARTED_ON_STICKY_BAR is present? =>
2024-04-10 14:23:49.877068   => BUTTON_GET_STARTED_ON_STICKY_BAR is present on the page!
2024-04-10 14:23:49.877094   BUTTON_GET_STARTED_ON_STICKY_BAR scroll =>
2024-04-10 14:23:49.945047   => BUTTON_GET_STARTED_ON_STICKY_BAR clicked!

2024-04-10 14:23:49.945270   3. Assert_v0
2024-04-10 14:23:49.945367   Start step Check that [Sign up] form is opened
2024-04-10 14:23:50.950792   'Sign up' form opened
2024-04-10 14:23:50.950830   Assert SIGNUP_HEADER =>
2024-04-10 14:23:50.966056   Assert SIGNUP_REF_LOGIN =>
2024-04-10 14:23:50.983307   Assert SIGNUP_PRIVACY_POLICY_ALL_2 =>
2024-04-10 14:23:50.997826   => SIGNUP_PRIVACY_POLICY_ALL
2024-04-10 14:23:50.997859   => 'Signup' form is checked
2024-04-10 14:23:50.998027   Start step Close [Sign up] form =>
2024-04-10 14:23:51.115901   => 'Signup' form closed
2024-04-10 14:23:51.387547   => Focus moved to 'capital*com' logo
