{'width': 1280, 'height': 800}

2024-04-10 13:50:23.770610   worker_id = master

2024-04-10 13:50:23.770623   0. Allure grouping v4

2024-04-10 13:50:23.770809   START PRECONDITIONS =>

2024-04-10 13:50:23.770825   => URL after prev. preconditions - https://capital.com/pl
2024-04-10 13:50:23.770834   => flag_of_bug - True
2024-04-10 13:50:23.770845   => Current URL - https://capital.com/trading/platform/charting/5983666832495812?popup=questionnaire-low-skilled
2024-04-10 13:50:23.776155   Current page URL = https://capital.com/trading/platform/charting/5983666832495812?popup=questionnaire-low-skilled
2024-04-10 13:50:23.778690   self.link = https://capital.com/pl
2024-04-10 13:50:23.778704   driver.get(https://capital.com/pl) =>
2024-04-10 13:50:25.799093   => Loaded page https://capital.com/pl

2024-04-10 13:50:25.804800   => Windows size - {'width': 1280, 'height': 800}
2024-04-10 13:50:25.806150   Set windows position at (0, 0) =>
2024-04-10 13:50:25.908472   Set resolution 1280 * 800 =>
2024-04-10 13:50:26.012736   => Windows size is set to {'width': 1280, 'height': 800}

2024-04-10 13:50:27.063941   Капчи нет. Идем дальше

2024-04-10 13:50:27.064034   Работа с куками =>

2024-04-10 13:50:27.064049   => не требуется

2024-04-10 13:50:27.064059   Prev. country - 'au'
2024-04-10 13:50:27.064068   Cur. country - 'au'
2024-04-10 13:50:27.064077   => Country set to 'au'

2024-04-10 13:50:27.064086   Prev. language - 'pl'
2024-04-10 13:50:27.064094   Cur. language - 'pl'
2024-04-10 13:50:27.064103   => Language is set to 'pl'

2024-04-10 13:50:27.064111   Prev. role - 'Auth'
2024-04-10 13:50:27.064120   Cur. role - 'Auth'
2024-04-10 13:50:27.064129   => The 'Auth' role is set

2024-04-10 13:50:27.069232   => Current URL - https://capital.com/pl

2024-04-10 13:50:27.069257   => THE END PRECONDITIONS

2024-04-10 13:50:27.069465   1. Arrange_v0
2024-04-10 13:50:27.069484   current_page = https://capital.com/pl
2024-04-10 13:50:27.072024   link = https://capital.com/pl/rynki-cfd
2024-04-10 13:50:27.074509   Current page URL = https://capital.com/pl
2024-04-10 13:50:27.076932   self.link = https://capital.com/pl/rynki-cfd
2024-04-10 13:50:27.076946   driver.get(https://capital.com/pl/rynki-cfd) =>
2024-04-10 13:50:28.993309   => Loaded page https://capital.com/pl/rynki-cfd
2024-04-10 13:50:28.997678   BUTTON_CREATE_YOUR_ACCOUNT is located on the page? =>

2024-04-10 13:50:29.007351   2. Act_v0: Define of locator

2024-04-10 13:50:29.007386   2. Act_v0: Go to web element

2024-04-10 13:50:30.052764   2. Act_v0: Click web element
2024-04-10 13:50:30.519750   => BUTTON_CREATE_YOUR_ACCOUNT is clicked

2024-04-10 13:50:30.520120   3. Assert_v4

2024-04-10 13:50:30.520153   
2024-04-10 13:50:30.520379   Checking that the trading platform page has opened (v4) =>
2024-04-10 13:50:31.031891   Checking way # 1 => 

2024-04-10 13:50:31.032087   1. Checking that the Trading platform (or TradingView site) page has valid title =>
2024-04-10 13:50:31.035325   => The title of current page is 'Trading Platform | Capital.com'

2024-04-10 13:50:31.035412   2. Checking that the LOGO is present on the page =>
2024-04-10 13:50:32.829120   => 'capital*com' logo is present on the current page

2024-04-10 13:50:32.829173   tpd = False
2024-04-10 13:50:33.913099   => Driver.backed
