{'width': 1920, 'height': 1080}

2024-09-25 06:42:08.230897   worker_id = master

2024-09-25 06:42:08.230909   0. Allure grouping for US_55


2024-09-25 06:42:08.231125   START PRECONDITIONS =>

2024-09-25 06:42:08.231141   => URL after prev. preconditions - https://capital.com/en-gb
2024-09-25 06:42:08.231148   => flag_of_bug - True
2024-09-25 06:42:08.231156   => Current URL - https://capital.com/en-mena/markets/cryptocurrencies
2024-09-25 06:42:08.236855   Current page URL = https://capital.com/en-mena/markets/cryptocurrencies
2024-09-25 06:42:08.239387   self.link = https://capital.com/en-gb
2024-09-25 06:42:08.239398   driver.get(https://capital.com/en-gb) =>
2024-09-25 06:42:09.541600   => Loaded page https://capital.com/en-gb

2024-09-25 06:42:09.546216   => Windows size: {'width': 1920, 'height': 1080}

2024-09-25 06:42:09.547643   Set windows position at (0, 0) =>

2024-09-25 06:42:09.549385   Set resolution 1920 * 1080 =>

2024-09-25 06:42:09.554739   => Resolution set {'width': 1920, 'height': 1080}

2024-09-25 06:42:09.556431   Работа с куками =>
2024-09-25 06:42:09.556443   Prev. role - 'NoReg'
2024-09-25 06:42:09.556450   Current testing role - 'Auth'

2024-09-25 06:42:09.556456   All cookies must be delete =>
2024-09-25 06:42:09.602802   => All cookies are deleted
2024-09-25 06:42:09.602830   Current page URL = https://capital.com/en-gb
2024-09-25 06:42:09.605478   self.link = https://capital.com/en-gb
2024-09-25 06:42:09.605489   driver.get(https://capital.com/en-gb) =>
2024-09-25 06:42:10.915010   => Loaded page https://capital.com/en-gb

2024-09-25 06:42:10.921667   Step 'Click button [Accept all cookies]'
2024-09-25 06:42:10.921676   Is Visible Button [Accept all cookies]? =>
2024-09-25 06:42:12.125397   => Button [Accept all cookies] is visible
2024-09-25 06:42:12.625524   Is clickable Button [Accept all cookies] =>
2024-09-25 06:42:12.669776   => Button [Accept all cookies] is clickable
2024-09-25 06:42:12.669817   Click Button [Accept all cookies] =>
2024-09-25 06:42:12.857090   => Button [Accept all cookies] is clicked
2024-09-25 06:42:12.857135   => Accepted All Cookies

2024-09-25 06:42:13.357252   Prev. role - 'NoReg'
2024-09-25 06:42:13.357302   Cur. role - 'Auth'

2024-09-25 06:42:13.357524   Start Authorization
2024-09-25 06:42:13.437396   => 'Login' form is opened
2024-09-25 06:42:13.677828   => "login" and "password" are inputted
2024-09-25 06:42:13.677880   Click [Continue] button on [Login] form =>
2024-09-25 06:42:13.741571   => [Continue] button on [Login] form is clicked
2024-09-25 06:42:13.741606   Set timeout = 30
2024-09-25 06:42:14.993082   => Page with 'Trading Platform | Capital.com' title opened

2024-09-25 06:42:14.993172   2. Checking that the LOGO is present on the page =>
2024-09-25 06:42:15.925783   => 'capital*com' logo is present on the current page

2024-09-25 06:42:16.239911   => The 'Auth' role is set

2024-09-25 06:42:16.239964   Prev. language: it
2024-09-25 06:42:16.239975   Cur. language - 'en'

2024-09-25 06:42:16.239985   Prev. country: de
2024-09-25 06:42:16.239994   Cur. country: ae

2024-09-25 06:42:16.240221   Set "en" language and "ae" country =>
2024-09-25 06:42:16.240243   Current page URL = https://capital.com/en-gb
2024-09-25 06:42:16.280841   self.link = https://capital.com/en-ae
2024-09-25 06:42:16.280866   driver.get(https://capital.com/en-ae) =>
2024-09-25 06:42:17.646757   => Loaded page https://capital.com/en-ae
2024-09-25 06:42:17.654243   => Language is set to 'en'
2024-09-25 06:42:17.654257   => Country is set to 'ae'
2024-09-25 06:42:17.654263   => Current URL - https://capital.com/en-ae

2024-09-25 06:42:17.659401   => Current URL - https://capital.com/en-ae

2024-09-25 06:42:17.659420   => END PRECONDITIONS

2024-09-25 06:42:17.659614   START Open "Markets" menu, "Shares" submenu =>

2024-09-25 06:42:17.659626   1. Cur URL = https://capital.com/en-ae

2024-09-25 06:42:17.662208   2. Link = https://capital.com/en-ae
2024-09-25 06:42:17.662220   current_page = https://capital.com/en-ae
2024-09-25 06:42:17.664856   link = https://capital.com/en-ae
2024-09-25 06:42:18.179906   => 'Markets' menu is present
2024-09-25 06:42:18.198396   => 'Markets' menu is visible
2024-09-25 06:42:19.701663   => Focus moved to 'Markets' menu
2024-09-25 06:42:19.722576   => 'Shares' submenu is visible
2024-09-25 06:42:20.498628   => 'Shares' sub-menu clicked
2024-09-25 06:42:25.817827   => Focus moved to 'capital*com' logo
2024-09-25 06:42:25.817875   3. Cur URL = https://capital.com/en-ae/markets/shares

2024-09-25 06:42:25.823820   Click the [stock exchange] link in the "What is shares trading?" block =>
2024-09-25 06:42:26.326012   => Done, the "Stock Market Trading Hours" page is opened

2024-09-25 06:42:26.326087   Click random trading instrument link =>
2024-09-25 06:42:26.816209   => Done, the link is clicked
2024-09-25 06:42:26.816252   Current URL: "https://en-ae/markets/indices/japan-225-index"

2024-09-25 06:42:26.820468   Check if the corresponding page of the link is opened =>
2024-09-25 06:42:31.875594   => The page is not opened (Breadcrumb Element not found)
