{'width': 1280, 'height': 800}

2024-04-10 13:52:21.187234   worker_id = master

2024-04-10 13:52:21.187249   0. Allure grouping v4

2024-04-10 13:52:21.187464   START PRECONDITIONS =>

2024-04-10 13:52:21.187480   => URL after prev. preconditions - https://capital.com/pl
2024-04-10 13:52:21.187490   => flag_of_bug - False
2024-04-10 13:52:21.187501   => Current URL - https://capital.com/pl/jak-jandlowac-cfd
2024-04-10 13:52:21.193370   Current page URL = https://capital.com/pl/jak-jandlowac-cfd
2024-04-10 13:52:21.195934   self.link = https://capital.com/pl
2024-04-10 13:52:21.195948   driver.get(https://capital.com/pl) =>
2024-04-10 13:52:22.988880   => Loaded page https://capital.com/pl

2024-04-10 13:52:22.993537   => Windows size - {'width': 1280, 'height': 800}
2024-04-10 13:52:22.995032   Set windows position at (0, 0) =>
2024-04-10 13:52:23.099413   Set resolution 1280 * 800 =>
2024-04-10 13:52:23.201899   => Windows size is set to {'width': 1280, 'height': 800}

2024-04-10 13:52:24.254113   Капчи нет. Идем дальше

2024-04-10 13:52:24.254211   Работа с куками =>

2024-04-10 13:52:24.254226   => не требуется

2024-04-10 13:52:24.254236   Prev. country - 'au'
2024-04-10 13:52:24.254245   Cur. country - 'au'
2024-04-10 13:52:24.254254   => Country set to 'au'

2024-04-10 13:52:24.254263   Prev. language - 'pl'
2024-04-10 13:52:24.254271   Cur. language - 'pl'
2024-04-10 13:52:24.254280   => Language is set to 'pl'

2024-04-10 13:52:24.254289   Prev. role - 'NoAuth'
2024-04-10 13:52:24.254297   Cur. role - 'NoAuth'
2024-04-10 13:52:24.254306   => The 'NoAuth' role is set

2024-04-10 13:52:24.257173   => Current URL - https://capital.com/pl

2024-04-10 13:52:24.257197   => THE END PRECONDITIONS

2024-04-10 13:52:24.257410   1. Arrange_v0
2024-04-10 13:52:24.257430   current_page = https://capital.com/pl
2024-04-10 13:52:24.260020   link = https://capital.com/pl/jak-jandlowac-cfd
2024-04-10 13:52:24.265804   Current page URL = https://capital.com/pl
2024-04-10 13:52:24.268801   self.link = https://capital.com/pl/jak-jandlowac-cfd
2024-04-10 13:52:24.268815   driver.get(https://capital.com/pl/jak-jandlowac-cfd) =>
2024-04-10 13:52:26.391778   => Loaded page https://capital.com/pl/jak-jandlowac-cfd
2024-04-10 13:52:26.397767   BUTTON_CREATE_YOUR_ACCOUNT is located on the page? =>

2024-04-10 13:52:26.406472   2. Act_v0: Define of locator

2024-04-10 13:52:26.406510   2. Act_v0: Go to web element

2024-04-10 13:52:27.443962   2. Act_v0: Click web element
2024-04-10 13:52:27.468124   => BUTTON_CREATE_YOUR_ACCOUNT is clicked

2024-04-10 13:52:27.468388   3. Assert_v0
2024-04-10 13:52:27.468496   Start step Check that [Sign up] form is opened
2024-04-10 13:52:27.650590   'Sign up' form opened
2024-04-10 13:52:27.650634   Assert SIGNUP_HEADER =>
2024-04-10 13:52:27.661299   Assert SIGNUP_REF_LOGIN =>
2024-04-10 13:52:27.672812   Assert SIGNUP_PRIVACY_POLICY_ALL_2 =>
2024-04-10 13:52:27.683441   => SIGNUP_PRIVACY_POLICY_ALL
2024-04-10 13:52:27.683482   => 'Signup' form is checked
2024-04-10 13:52:27.683668   Start step Close [Sign up] form =>
2024-04-10 13:52:27.764736   => 'Signup' form closed
2024-04-10 13:52:28.046504   => Focus moved to 'capital*com' logo
