{'width': 1280, 'height': 720}

2024-01-15 07:56:14.565127   worker_id = master

2024-01-15 07:56:14.565142   0. Allure grouping v4


2024-01-15 07:56:14.565306   START PRECONDITIONS =>


2024-01-15 07:56:14.565321   {'width': 1280, 'height': 720}

2024-01-15 07:56:14.566568   Set windows position at (0, 0) =>

2024-01-15 07:56:14.672300   Set resolution 1280 * 720 =>

2024-01-15 07:56:14.774576   => Resolution seted {'width': 1280, 'height': 720}

2024-01-15 07:56:19.797605   Капчи нет. Тестим дальше

2024-01-15 07:56:19.797686   Prev. Role: Auth

2024-01-15 07:56:19.797698   Current role: Auth

2024-01-15 07:56:19.797707   Prev language: es

2024-01-15 07:56:19.797715   => Current language: es

2024-01-15 07:56:19.797723   Prev country: au

2024-01-15 07:56:19.797731   => Current country: au

2024-01-15 07:56:19.797739   => THE END PRECONDITIONS

2024-01-15 07:56:19.797766   1. Arrange_v0
2024-01-15 07:56:19.800607   BUTTON_TRY_DEMO is visible? =>
2024-01-15 07:56:19.814218   => BUTTON_TRY_DEMO is visible on the page!

2024-01-15 07:56:19.814340   2. Act_v0
2024-01-15 07:56:19.814353   BUTTON_TRY_DEMO is present? =>
2024-01-15 07:56:19.821612   => BUTTON_TRY_DEMO is present on the page!
2024-01-15 07:56:19.821633   BUTTON_TRY_DEMO scroll =>
2024-01-15 07:56:19.870576   => BUTTON_TRY_DEMO clicked!

2024-01-15 07:56:19.870779   3. Assert_v4
2024-01-15 07:56:19.870866   Checking that the trading platform page has opened (v4) =>
2024-01-15 07:56:20.912355   => Current page title: Trading Platform | Capital.com
2024-01-15 07:56:20.912478   Checking that the Trading platform LOGO is present on the page =>
2024-01-15 07:56:21.508292   Checking that the Trading platform opened in DEMO mode =>
2024-01-15 07:56:21.531799   => The page with https://capital.com/es/opera-amazon url was opened in DEMO mode
2024-01-15 07:56:22.407977   Load page https://capital.com/es/opera-amazon
