{'width': 1280, 'height': 720}

2023-12-14 21:48:11.654147   browser = chrome

2023-12-14 21:48:11.654161   worker_id = master

2023-12-14 21:48:11.654169   Start TC_11.02.05_03

2023-12-14 21:48:11.654177   <us_11-02-05_cryptocurrency_trading_test.TestCryptocurrencyTrading object at 0x7f0ae1747c90>.None

2023-12-14 21:48:11.654187   0. Arrange


2023-12-14 21:48:11.654360   START PRECONDITIONS =>


2023-12-14 21:48:11.654376   {'width': 1280, 'height': 720}

2023-12-14 21:48:11.655644   Set windows position at (320, 180) =>

2023-12-14 21:48:11.757568   Set resolution 1280 * 720 =>

2023-12-14 21:48:11.859684   => Resolution seted {'width': 1280, 'height': 720}

2023-12-14 21:48:15.868440   Капчи нет. Тестим дальше

2023-12-14 21:48:15.868483   Prev. Role: Reg/NoAuth

2023-12-14 21:48:15.868493   Current role: Reg/NoAuth

2023-12-14 21:48:15.868501   Prev language: en

2023-12-14 21:48:15.868509   => Current language: en

2023-12-14 21:48:15.868517   Prev country: au

2023-12-14 21:48:15.868525   => Current country: au

2023-12-14 21:48:15.868532   => THE END PRECONDITIONS

2023-12-14 21:48:15.868589   1. Arrange_v0
2023-12-14 21:48:16.497648   Load page https://capital.com/trade-ethereum-classic
2023-12-14 21:48:16.685415   BUTTON_START_TRADING scroll =>
2023-12-14 21:48:16.689915   BUTTON_START_TRADING is visible? =>
2023-12-14 21:48:16.704992   => BUTTON_START_TRADING is visible on the page!

2023-12-14 21:48:16.705222   2. Act_v0
2023-12-14 21:48:16.705246   Start Click button [Start Trading] =>
2023-12-14 21:48:16.738686   BUTTON_START_TRADING is clickable? =>
2023-12-14 21:48:16.763527   BUTTON_START_TRADING click =>
2023-12-14 21:48:16.811997   => BUTTON_START_TRADING clicked

2023-12-14 21:48:16.812203   3. Assert_Login_v0
2023-12-14 21:48:21.365734   'Login' form not opened
2023-12-14 21:48:21.369520   'Login' page not opened
2023-12-14 21:48:25.880052   'Login' form on trading platform not opened
2023-12-14 21:48:25.880258   Start step Check that [Sign up] form is opened
2023-12-14 21:48:25.895313   'Sign up' form opened
2023-12-14 21:48:25.895335   Assert SIGNUP_HEADER =>
2023-12-14 21:48:25.908445   Assert SIGNUP_REF_LOGIN =>
2023-12-14 21:48:25.921772   Assert SIGNUP_PRIVACY_POLICY_ALL_2 =>
2023-12-14 21:48:25.935128   => SIGNUP_PRIVACY_POLICY_ALL
2023-12-14 21:48:25.935154   => 'Signup' form is checked
