{'width': 1280, 'height': 800}

2024-04-10 04:46:32.277494   worker_id = master

2024-04-10 04:46:32.277508   0. Allure grouping v4

2024-04-10 04:46:32.277690   START PRECONDITIONS =>

2024-04-10 04:46:32.277705   => URL after prev. preconditions - https://capital.com/pl
2024-04-10 04:46:32.277715   => flag_of_bug - False
2024-04-10 04:46:32.277725   => Current URL - https://capital.com/pl/amazon-com-inc-cena-akcji
2024-04-10 04:46:32.282938   Current page URL = https://capital.com/pl/amazon-com-inc-cena-akcji
2024-04-10 04:46:32.285373   self.link = https://capital.com/pl
2024-04-10 04:46:32.285387   driver.get(https://capital.com/pl) =>
2024-04-10 04:46:34.060018   => Loaded page https://capital.com/pl

2024-04-10 04:46:34.064368   => Windows size - {'width': 1280, 'height': 800}
2024-04-10 04:46:34.065789   Set windows position at (0, 0) =>
2024-04-10 04:46:34.168034   Set resolution 1280 * 800 =>
2024-04-10 04:46:34.270237   => Windows size is set to {'width': 1280, 'height': 800}

2024-04-10 04:46:35.300785   Капчи нет. Идем дальше

2024-04-10 04:46:35.300874   Работа с куками =>

2024-04-10 04:46:35.300888   => не требуется

2024-04-10 04:46:35.300898   Prev. country - 'de'
2024-04-10 04:46:35.300907   Cur. country - 'de'
2024-04-10 04:46:35.300916   => Country set to 'de'

2024-04-10 04:46:35.300925   Prev. language - 'pl'
2024-04-10 04:46:35.300934   Cur. language - 'pl'
2024-04-10 04:46:35.300943   => Language is set to 'pl'

2024-04-10 04:46:35.300951   Prev. role - 'NoReg'
2024-04-10 04:46:35.300960   Cur. role - 'NoReg'
2024-04-10 04:46:35.300969   => The 'NoReg' role is set

2024-04-10 04:46:35.303740   => Current URL - https://capital.com/pl

2024-04-10 04:46:35.303761   => THE END PRECONDITIONS

2024-04-10 04:46:35.303971 1.Arrange_v0
2024-04-10 04:46:35.303990   current_page = https://capital.com/pl
2024-04-10 04:46:35.306600   link = https://capital.com/pl/amazon-com-inc-cena-akcji
2024-04-10 04:46:35.309099   Current page URL = https://capital.com/pl
2024-04-10 04:46:35.311606   self.link = https://capital.com/pl/amazon-com-inc-cena-akcji
2024-04-10 04:46:35.311620   driver.get(https://capital.com/pl/amazon-com-inc-cena-akcji) =>
2024-04-10 04:46:36.986445   => Loaded page https://capital.com/pl/amazon-com-inc-cena-akcji
2024-04-10 04:46:36.992898 BUTTON_NOTIFICATION is located on the page? =>
2024-04-10 04:46:37.000922   Is BUTTON_NOTIFICATION present on the page? =>
2024-04-10 04:46:37.000946   => BUTTON_NOTIFICATION is present on the DOM
2024-04-10 04:46:37.000957   [Notification] button scroll =>
2024-04-10 04:46:37.007659   => [Notification] button scrolled
2024-04-10 04:46:37.007883   Start Checking that form [Sign up] popped up on the page =>
2024-04-10 04:46:38.540055   '[Sign up]' form was not popped up

2024-04-10 04:46:38.540230   2. Act_v0
2024-04-10 04:46:38.540245   Start Click 'Notification' button =>
2024-04-10 04:46:38.555175 BUTTON_NOTIFICATION is clickable =>
2024-04-10 04:46:38.588544 => BUTTON_NOTIFICATION clicked
Trade instrument from Full test is True
Test element is <pages.Elements.AssertClass.AssertClass object at 0x7fa223697980>

2024-04-10 04:46:38.588789   3. Assert_v0
2024-04-10 04:46:38.588875   Start step Check that [Sign up] form is opened
2024-04-10 04:46:38.778942   'Sign up' form opened
2024-04-10 04:46:38.778988   Assert SIGNUP_HEADER =>
2024-04-10 04:46:38.791166   Assert SIGNUP_REF_LOGIN =>
2024-04-10 04:46:38.801589   Assert SIGNUP_PRIVACY_POLICY_ALL_2 =>
2024-04-10 04:46:38.815326   => SIGNUP_PRIVACY_POLICY_ALL
2024-04-10 04:46:38.815369   => 'Signup' form is checked
2024-04-10 04:46:38.815589   Start step Close [Sign up] form =>
2024-04-10 04:46:38.869851   => 'Signup' form closed
2024-04-10 04:46:39.171957   => Focus moved to 'capital*com' logo
