{'width': 1280, 'height': 800}

2024-04-10 06:59:20.641284   worker_id = master

2024-04-10 06:59:20.641300   0. Allure grouping v4

2024-04-10 06:59:20.641527   START PRECONDITIONS =>

2024-04-10 06:59:20.641544   => URL after prev. preconditions - https://capital.com/pl
2024-04-10 06:59:20.641554   => flag_of_bug - True
2024-04-10 06:59:20.641567   => Current URL - https://capital.com/pl/handel-bitcoin
2024-04-10 06:59:20.647161   Current page URL = https://capital.com/pl/handel-bitcoin
2024-04-10 06:59:20.649706   self.link = https://capital.com/pl
2024-04-10 06:59:20.649720   driver.get(https://capital.com/pl) =>
2024-04-10 06:59:22.415807   => Loaded page https://capital.com/pl

2024-04-10 06:59:22.423146   => Windows size - {'width': 1280, 'height': 800}
2024-04-10 06:59:22.424578   Set windows position at (0, 0) =>
2024-04-10 06:59:22.526945   Set resolution 1280 * 800 =>
2024-04-10 06:59:22.629597   => Windows size is set to {'width': 1280, 'height': 800}

2024-04-10 06:59:23.677364   Капчи нет. Идем дальше

2024-04-10 06:59:23.677456   Работа с куками =>

2024-04-10 06:59:23.677471   => не требуется

2024-04-10 06:59:23.677481   Prev. country - 'de'
2024-04-10 06:59:23.677490   Cur. country - 'de'
2024-04-10 06:59:23.677499   => Country set to 'de'

2024-04-10 06:59:23.677508   Prev. language - 'pl'
2024-04-10 06:59:23.677517   Cur. language - 'pl'
2024-04-10 06:59:23.677526   => Language is set to 'pl'

2024-04-10 06:59:23.677535   Prev. role - 'NoAuth'
2024-04-10 06:59:23.677543   Cur. role - 'NoAuth'
2024-04-10 06:59:23.677552   => The 'NoAuth' role is set

2024-04-10 06:59:23.680444   => Current URL - https://capital.com/pl

2024-04-10 06:59:23.680468   => THE END PRECONDITIONS

2024-04-10 06:59:23.680523   1. Arrange_v0
2024-04-10 06:59:23.680539   current_page = https://capital.com/pl
2024-04-10 06:59:23.683119   link = https://capital.com/pl/handel-bitcoin
2024-04-10 06:59:23.687965   Current page URL = https://capital.com/pl
2024-04-10 06:59:23.690395   self.link = https://capital.com/pl/handel-bitcoin
2024-04-10 06:59:23.690409   driver.get(https://capital.com/pl/handel-bitcoin) =>
2024-04-10 06:59:25.412048   => Loaded page https://capital.com/pl/handel-bitcoin

2024-04-10 06:59:25.427637   2. Act_v0
2024-04-10 06:59:25.427667   BUTTON_GET_STARTED_ON_STICKY_BAR is present? =>
2024-04-10 06:59:25.432471   => BUTTON_GET_STARTED_ON_STICKY_BAR is present on the page!
2024-04-10 06:59:25.432497   BUTTON_GET_STARTED_ON_STICKY_BAR scroll =>
2024-04-10 06:59:25.500804   => BUTTON_GET_STARTED_ON_STICKY_BAR clicked!

2024-04-10 06:59:25.501042   3. Assert_Login_v0
2024-04-10 06:59:25.501133   Check that 'Login' form is opened
2024-04-10 06:59:28.593873   'Login' form not opened
2024-04-10 06:59:28.594064   Check that new 'Login' form is opened
2024-04-10 06:59:31.618462   => New 'Login' form not opened
2024-04-10 06:59:31.621344   'Login' page not opened
2024-04-10 06:59:34.726153   'Login' form on trading platform not opened
2024-04-10 06:59:34.726358   Start step Check that [Sign up] form is opened
2024-04-10 06:59:34.740109   'Sign up' form opened
2024-04-10 06:59:34.740134   Assert SIGNUP_HEADER =>
2024-04-10 06:59:34.749962   Assert SIGNUP_REF_LOGIN =>
2024-04-10 06:59:34.762779   Assert SIGNUP_PRIVACY_POLICY_ALL_2 =>
2024-04-10 06:59:34.775136   => SIGNUP_PRIVACY_POLICY_ALL
2024-04-10 06:59:34.775164   => 'Signup' form is checked

Bug: Bid:11.02.05.01_06-pl.de.NoAuth

2024-04-10 06:59:34.775226   Проверка бага в таблице ретеста  =>

2024-04-10 06:59:35.120128   4. Fixing one row check results into Google Sheet Bugs Report =>
1 cells updated.
2024-04-10 06:59:35.335569   => 4. One row check results into Google Sheet Bugs Report fixed

2024-04-10 06:59:36.462802   4. Fixing one row check results into Google Sheet Bugs Report =>
1 cells updated.
2024-04-10 06:59:36.649318   => 4. One row check results into Google Sheet Bugs Report fixed

2024-04-10 06:59:36.650964   Баг Bid:11.02.05.01_06-pl.de.NoAuth-05 обнаружен ранее и уже находится в 'Bugs Report Auto detect'
