{'width': 1280, 'height': 800}

2024-04-10 05:22:52.773800   worker_id = master

2024-04-10 05:22:52.773815   0. Allure grouping v4

2024-04-10 05:22:52.773997   START PRECONDITIONS =>

2024-04-10 05:22:52.774013   => URL after prev. preconditions - https://capital.com/pl
2024-04-10 05:22:52.774023   => flag_of_bug - False
2024-04-10 05:22:52.774034   => Current URL - https://capital.com/pl/gbp-usd-kurs
2024-04-10 05:22:52.779157   Current page URL = https://capital.com/pl/gbp-usd-kurs
2024-04-10 05:22:52.781593   self.link = https://capital.com/pl
2024-04-10 05:22:52.781607   driver.get(https://capital.com/pl) =>
2024-04-10 05:22:54.444419   => Loaded page https://capital.com/pl

2024-04-10 05:22:54.448762   => Windows size - {'width': 1280, 'height': 800}
2024-04-10 05:22:54.450106   Set windows position at (0, 0) =>
2024-04-10 05:22:54.553267   Set resolution 1280 * 800 =>
2024-04-10 05:22:54.655484   => Windows size is set to {'width': 1280, 'height': 800}

2024-04-10 05:22:55.679510   Капчи нет. Идем дальше

2024-04-10 05:22:55.679595   Работа с куками =>

2024-04-10 05:22:55.679609   => не требуется

2024-04-10 05:22:55.679619   Prev. country - 'de'
2024-04-10 05:22:55.679628   Cur. country - 'de'
2024-04-10 05:22:55.679638   => Country set to 'de'

2024-04-10 05:22:55.679647   Prev. language - 'pl'
2024-04-10 05:22:55.679655   Cur. language - 'pl'
2024-04-10 05:22:55.679664   => Language is set to 'pl'

2024-04-10 05:22:55.679673   Prev. role - 'NoReg'
2024-04-10 05:22:55.679681   Cur. role - 'NoReg'
2024-04-10 05:22:55.679690   => The 'NoReg' role is set

2024-04-10 05:22:55.682394   => Current URL - https://capital.com/pl

2024-04-10 05:22:55.682416   => THE END PRECONDITIONS

2024-04-10 05:22:55.682603   1. Arrange_v0
2024-04-10 05:22:55.682621   current_page = https://capital.com/pl
2024-04-10 05:22:55.685311   link = https://capital.com/pl/gbp-usd-kurs
2024-04-10 05:22:55.687767   Current page URL = https://capital.com/pl
2024-04-10 05:22:55.690273   self.link = https://capital.com/pl/gbp-usd-kurs
2024-04-10 05:22:55.690287   driver.get(https://capital.com/pl/gbp-usd-kurs) =>
2024-04-10 05:22:57.346403   => Loaded page https://capital.com/pl/gbp-usd-kurs
2024-04-10 05:22:57.360608   Is button BUTTON_VIEW_DETAILED_CHART present on the page? =>
2024-04-10 05:22:57.360636   => BUTTON_VIEW_DETAILED_CHART is present on the page
2024-04-10 05:22:57.360646   BUTTON_VIEW_DETAILED_CHART scroll =>
2024-04-10 05:22:57.363819   => BUTTON_VIEW_DETAILED_CHART scrolled
2024-04-10 05:22:57.363989   Start Checking that form [Sign up] popped up on the page =>
2024-04-10 05:22:58.899083   '[Sign up]' form was not popped up

2024-04-10 05:22:58.899275   2. Act_v0
2024-04-10 05:22:58.899291   Start Click button [View Detailed Chart] =>
2024-04-10 05:22:58.919152   BUTTON_VIEW_DETAILED_CHART is clickable =>
2024-04-10 05:22:58.955518 => BUTTON_VIEW_DETAILED_CHART clicked

2024-04-10 05:22:58.955756   3. Assert_v0
2024-04-10 05:22:58.955883   Start step Check that [Sign up] form is opened
2024-04-10 05:22:59.136967   'Sign up' form opened
2024-04-10 05:22:59.137007   Assert SIGNUP_HEADER =>
2024-04-10 05:22:59.147364   Assert SIGNUP_REF_LOGIN =>
2024-04-10 05:22:59.158820   Assert SIGNUP_PRIVACY_POLICY_ALL_2 =>
2024-04-10 05:22:59.169809   => SIGNUP_PRIVACY_POLICY_ALL
2024-04-10 05:22:59.169837   => 'Signup' form is checked
2024-04-10 05:22:59.170006   Start step Close [Sign up] form =>
2024-04-10 05:22:59.248171   => 'Signup' form closed
2024-04-10 05:22:59.534642   => Focus moved to 'capital*com' logo
