{'width': 1280, 'height': 720}

2023-12-16 12:21:32.557778   worker_id = master

2023-12-16 12:21:32.557791   0. Allure grouping


2023-12-16 12:21:32.557963   START PRECONDITIONS =>


2023-12-16 12:21:32.557982   {'width': 1280, 'height': 720}

2023-12-16 12:21:32.560558   Set windows position at (320, 180) =>

2023-12-16 12:21:32.674679   Set resolution 1280 * 720 =>

2023-12-16 12:21:32.781087   => Resolution seted {'width': 1280, 'height': 720}

2023-12-16 12:21:36.791496   Капчи нет. Тестим дальше

2023-12-16 12:21:36.791542   Prev. Role: Auth

2023-12-16 12:21:36.791552   Current role: Auth

2023-12-16 12:21:36.791560   Prev language: en

2023-12-16 12:21:36.791568   => Current language: en

2023-12-16 12:21:36.791576   Prev country: de

2023-12-16 12:21:36.791583   => Current country: de

2023-12-16 12:21:36.791591   => THE END PRECONDITIONS

2023-12-16 12:21:36.791650   1. Arrange_v0
2023-12-16 12:21:37.375138   Load page https://capital.com/cfds-vs-options
2023-12-16 12:21:37.534356   BUTTON_START_TRADING scroll =>
2023-12-16 12:21:37.538349   BUTTON_START_TRADING is visible? =>
2023-12-16 12:21:37.554573   => BUTTON_START_TRADING is visible on the page!

2023-12-16 12:21:37.554735   2. Act_v0
2023-12-16 12:21:37.554756   Start Click button [Start Trading] =>
2023-12-16 12:21:37.561084   BUTTON_START_TRADING is clickable? =>
2023-12-16 12:21:37.631468   BUTTON_START_TRADING click =>
2023-12-16 12:21:37.931451   => BUTTON_START_TRADING clicked

2023-12-16 12:21:37.931742   3. Assert_v4
2023-12-16 12:21:37.931877   Checking that the trading platform page has opened (v4) =>
2023-12-16 12:21:38.462172   => Current page title: Trading Platform | Capital.com
2023-12-16 12:21:38.462325   Checking that the Trading platform LOGO is present on the page =>
2023-12-16 12:21:39.417845   Checking that the Trading platform opened in LIVE mode =>
2023-12-16 12:21:39.428636   => The page with https://capital.com/trading/platform url was opened in lIVE mode
2023-12-16 12:21:39.941605   Load page https://capital.com/cfds-vs-options
