
2023-12-16 13:41:14.156060   Работает obj <us_11-02-03_commodities_trading_test.TestCommoditiesTrading object at 0x7f8896e59350> с именем TC_11.02.03_02
{'width': 1280, 'height': 720}

2023-12-16 13:41:14.157515   browser = chrome

2023-12-16 13:41:14.157529   worker_id = master

2023-12-16 13:41:14.157537   Start TC_11.02.03_02

2023-12-16 13:41:14.157545   <us_11-02-03_commodities_trading_test.TestCommoditiesTrading object at 0x7f8896e59350>.None

2023-12-16 13:41:14.157555   0. Arrange


2023-12-16 13:41:14.157700   START PRECONDITIONS =>


2023-12-16 13:41:14.157714   {'width': 1280, 'height': 720}

2023-12-16 13:41:14.158960   Set windows position at (320, 180) =>

2023-12-16 13:41:14.260831   Set resolution 1280 * 720 =>

2023-12-16 13:41:14.362974   => Resolution seted {'width': 1280, 'height': 720}

2023-12-16 13:41:18.368771   Капчи нет. Тестим дальше

2023-12-16 13:41:18.368818   Prev. Role: NoAuth

2023-12-16 13:41:18.368827   Current role: NoAuth

2023-12-16 13:41:18.368836   Prev language: en

2023-12-16 13:41:18.368844   => Current language: en

2023-12-16 13:41:18.368851   Prev country: de

2023-12-16 13:41:18.368859   => Current country: de

2023-12-16 13:41:18.368867   => THE END PRECONDITIONS

2023-12-16 13:41:18.368924   1. Arrange_v0
2023-12-16 13:41:18.372084   BUTTON_TRY_DEMO is visible? =>
2023-12-16 13:41:18.386431   => BUTTON_TRY_DEMO is visible on the page!

2023-12-16 13:41:18.386580   2. Act_v0
2023-12-16 13:41:18.386595   BUTTON_TRY_DEMO is present? =>
2023-12-16 13:41:18.394131   => BUTTON_TRY_DEMO is present on the page!
2023-12-16 13:41:18.394154   BUTTON_TRY_DEMO scroll =>
2023-12-16 13:41:18.441188   => BUTTON_TRY_DEMO clicked!

2023-12-16 13:41:18.441403   3. Assert_Login_v0
2023-12-16 13:41:22.963284   'Login' form not opened
2023-12-16 13:41:22.967229   'Login' page not opened
2023-12-16 13:41:27.517153   'Login' form on trading platform not opened
2023-12-16 13:41:27.517337   Start step Check that [Sign up] form is opened
2023-12-16 13:41:27.529443   'Sign up' form opened
2023-12-16 13:41:27.529466   Assert SIGNUP_HEADER =>
2023-12-16 13:41:27.541126   Assert SIGNUP_REF_LOGIN =>
2023-12-16 13:41:27.551905   Assert SIGNUP_PRIVACY_POLICY_ALL_2 =>
2023-12-16 13:41:27.562559   => SIGNUP_PRIVACY_POLICY_ALL
2023-12-16 13:41:27.562581   => 'Signup' form is checked
