{'width': 1280, 'height': 720}

2024-03-05 14:35:35.478227   worker_id = master

2024-03-05 14:35:35.478245   0. Allure grouping v4


2024-03-05 14:35:35.478456   START PRECONDITIONS =>


2024-03-05 14:35:35.478472   {'width': 1280, 'height': 720}

2024-03-05 14:35:35.479798   Set windows position at (0, 0) =>

2024-03-05 14:35:35.582048   Set resolution 1280 * 720 =>

2024-03-05 14:35:35.689067   => Resolution seted {'width': 1280, 'height': 720}

2024-03-05 14:35:36.696754   Капчи нет. Идем дальше

2024-03-05 14:35:36.696843   Prev. Role: NoReg

2024-03-05 14:35:36.696856   Current role: NoReg

2024-03-05 14:35:37.738717   Капчи нет. Идем дальше

2024-03-05 14:35:37.738809   Prev language: es

2024-03-05 14:35:37.738822   => Current language: es

2024-03-05 14:35:38.801996   Капчи нет. Идем дальше

2024-03-05 14:35:38.802116   Prev country: de
2024-03-05 14:35:38.802138   => Current country: de

2024-03-05 14:35:38.802153   => THE END PRECONDITIONS

2024-03-05 14:35:38.802386   1. Cur URL = https://capital.com/es/trade-forex

2024-03-05 14:35:38.807778   2. Link = https://capital.com/es
2024-03-05 14:35:38.810376   Current page URL = https://capital.com/es/trade-forex
2024-03-05 14:35:39.663239   => Loaded page https://capital.com/es
2024-03-05 14:35:40.176253   => Education menu is present
2024-03-05 14:35:40.193883   element = <selenium.webdriver.remote.webelement.WebElement (session="407b37d8e8f4aac1d6db55fcabbf6c39", element="f.F76CECD47397AEF4E07192164D9EF565.d.713BF3EA6447BB13AC337365BA43476C.e.3136")>
2024-03-05 14:35:40.193928   => Education menu is visible
2024-03-05 14:35:41.470160   => Focus moved to Education menu


2024-03-05 14:35:43.009938   => Forex trading sub-menu clicked

2024-03-05 14:35:43.150963   3. Cur URL = https://capital.com/es/trade-forex

2024-03-05 14:35:43.206286   1. Arrange_v0
2024-03-05 14:35:43.209521   BUTTON_BUY_IN_CONTENT_BLOCK is located on the page? =>
2024-03-05 14:35:43.266265   => BUTTON_BUY_IN_CONTENT_BLOCK is located on the page!
2024-03-05 14:35:43.266470   Start Checking that form [Sign up] popped up on the page =>
2024-03-05 14:35:44.797233   '[Sign up]' form was not popped up

2024-03-05 14:35:44.797424   2. Act_v0
2024-03-05 14:35:44.806139   BUTTON_BUY_IN_CONTENT_BLOCK is present? =>
2024-03-05 14:35:44.806172   => BUTTON_BUY_IN_CONTENT_BLOCK is present on the page
2024-03-05 14:35:44.806182   BUTTON_BUY_IN_CONTENT_BLOCK scroll =>
2024-03-05 14:35:44.809596   => BUTTON_BUY_IN_CONTENT_BLOCK scrolled
2024-03-05 14:35:44.814076   BUTTON_BUY_IN_CONTENT_BLOCK is clickable? =>
2024-03-05 14:35:44.849820   BUTTON_BUY_IN_CONTENT_BLOCK CLICK =>
2024-03-05 14:35:44.865055   => BUTTON_BUY_IN_CONTENT_BLOCK clicked!

2024-03-05 14:35:44.865282   3. Assert_v0
2024-03-05 14:35:44.865370   Start step Check that [Sign up] form is opened
2024-03-05 14:35:45.075720   'Sign up' form opened
2024-03-05 14:35:45.075770   Assert SIGNUP_HEADER =>
2024-03-05 14:35:45.090725   Assert SIGNUP_REF_LOGIN =>
2024-03-05 14:35:45.111167   Assert SIGNUP_PRIVACY_POLICY_ALL_2 =>
2024-03-05 14:35:45.127696   => SIGNUP_PRIVACY_POLICY_ALL
2024-03-05 14:35:45.127738   => 'Signup' form is checked
2024-03-05 14:35:45.127903   Start step Close [Sign up] form =>
2024-03-05 14:35:45.214112   => 'Signup' form closed
