{'width': 1280, 'height': 720}

2024-03-05 15:29:42.769052   worker_id = master

2024-03-05 15:29:42.769071   0. Allure grouping v4


2024-03-05 15:29:42.769281   START PRECONDITIONS =>


2024-03-05 15:29:42.769296   {'width': 1280, 'height': 720}

2024-03-05 15:29:42.770663   Set windows position at (0, 0) =>

2024-03-05 15:29:42.873334   Set resolution 1280 * 720 =>

2024-03-05 15:29:42.977246   => Resolution seted {'width': 1280, 'height': 720}

2024-03-05 15:29:44.041027   Капчи нет. Идем дальше

2024-03-05 15:29:44.041139   Prev. Role: NoAuth

2024-03-05 15:29:44.041162   Current role: NoAuth

2024-03-05 15:29:45.092954   Капчи нет. Идем дальше

2024-03-05 15:29:45.093043   Prev language: es

2024-03-05 15:29:45.093055   => Current language: es

2024-03-05 15:29:46.100809   Капчи нет. Идем дальше

2024-03-05 15:29:46.100914   Prev country: de
2024-03-05 15:29:46.100928   => Current country: de

2024-03-05 15:29:46.100937   => THE END PRECONDITIONS

2024-03-05 15:29:46.101116   1. Arrange_v0
2024-03-05 15:29:46.114633   Current page URL = https://capital.com/trading/platform/
2024-03-05 15:29:46.852205   => Loaded page https://capital.com/es/trading-diario
2024-03-05 15:29:46.856534   BUTTON_CREATE_YOUR_ACCOUNT is located on the page? =>

2024-03-05 15:29:46.865046   2. Act_v0: Define of locator

2024-03-05 15:29:46.865074   2. Act_v0: Go to web element

2024-03-05 15:29:47.946111   2. Act_v0: Click web element
2024-03-05 15:29:47.972295   => BUTTON_CREATE_YOUR_ACCOUNT is clicked

2024-03-05 15:29:47.972505   3. Assert_v0
2024-03-05 15:29:47.972594   Start step Check that [Sign up] form is opened
2024-03-05 15:29:48.169274   'Sign up' form opened
2024-03-05 15:29:48.169312   Assert SIGNUP_HEADER =>
2024-03-05 15:29:48.185643   Assert SIGNUP_REF_LOGIN =>
2024-03-05 15:29:48.201462   Assert SIGNUP_PRIVACY_POLICY_ALL_2 =>
2024-03-05 15:29:48.217876   => SIGNUP_PRIVACY_POLICY_ALL
2024-03-05 15:29:48.217915   => 'Signup' form is checked
2024-03-05 15:29:48.218083   Start step Close [Sign up] form =>
2024-03-05 15:29:48.302292   => 'Signup' form closed
