Current test role - NoReg

{'width': 1280, 'height': 800}

2024-05-17 13:48:01.128709   worker_id = master

2024-05-17 13:48:01.128709   0. Allure grouping v4

2024-05-17 13:48:01.128709   START PRECONDITIONS =>

2024-05-17 13:48:01.128709   => URL after prev. preconditions - https://capital.com/es
2024-05-17 13:48:01.128709   => flag_of_bug - False
2024-05-17 13:48:01.128709   => Current URL - https://capital.com/es/en-vivo-mercancia-precios
2024-05-17 13:48:01.155780   Current page URL = https://capital.com/es/en-vivo-mercancia-precios
2024-05-17 13:48:01.159715   self.link = https://capital.com/es
2024-05-17 13:48:01.159715   driver.get(https://capital.com/es) =>
2024-05-17 13:48:03.457990   => Loaded page https://capital.com/es

2024-05-17 13:48:03.461992   => Windows size - {'width': 1280, 'height': 800}
2024-05-17 13:48:03.463996   Set windows position at (0, 0) =>
2024-05-17 13:48:03.466372   Set resolution 1280 * 800 =>
2024-05-17 13:48:03.468369   => Windows size is set to {'width': 1280, 'height': 800}

2024-05-17 13:48:04.525063   Капчи нет. Идем дальше

2024-05-17 13:48:04.525063   Работа с куками =>
2024-05-17 13:48:04.525063   Prev. role - 'NoAuth'
2024-05-17 13:48:04.525063   Current testing role - 'NoReg'

2024-05-17 13:48:04.525063   All cookies must be delete =>
2024-05-17 13:48:04.983696   => All cookies are deleted
2024-05-17 13:48:04.983696   Current page URL = https://capital.com/es
2024-05-17 13:48:04.986695   self.link = https://capital.com/
2024-05-17 13:48:04.986695   driver.get(https://capital.com/) =>
2024-05-17 13:48:06.601747   => Loaded page https://capital.com/

2024-05-17 13:48:06.608073   Step 'Click button [Accept all cookies]'
2024-05-17 13:48:06.608073   Is Visible Button [Accept all cookies]? =>
2024-05-17 13:48:06.627395   => Button [Accept all cookies] is visible
2024-05-17 13:48:07.127944   Is clickable Button [Accept all cookies] =>
2024-05-17 13:48:07.149279   => Button [Accept all cookies] is clickable
2024-05-17 13:48:07.149279   Click Button [Accept all cookies] =>
2024-05-17 13:48:07.346872   => Button [Accept all cookies] is clicked
2024-05-17 13:48:07.346872   => Accepted All Cookies

2024-05-17 13:48:07.848257   Prev. country - '?'
2024-05-17 13:48:07.848257   Cur. country - 'ae'
2024-05-17 13:48:07.848257   Set 'ae' country =>
2024-05-17 13:48:07.864586   => Language and Country menu is present
2024-05-17 13:48:07.880874   => Language and Country menu is visible
2024-05-17 13:48:09.162189   => Focus is moved on Language and Country menu 
2024-05-17 13:48:11.732604   => Cur url = https://capital.com/?country=ae
2024-05-17 13:48:11.741935   => Country set to 'ae'

2024-05-17 13:48:11.741935   Prev. language - '?'
2024-05-17 13:48:11.741935   Cur. language - 'es'
2024-05-17 13:48:11.741935   Set 'es' language =>
2024-05-17 13:48:11.751937   => Language and Country menu is present
2024-05-17 13:48:11.779651   => Language and Country menu is visible
2024-05-17 13:48:13.060902   => Focus is moved on Language and Country menu 
2024-05-17 13:48:13.069902   Move focus on es item and click =>
2024-05-17 13:48:14.672981   => Focus moved on es item and clicked
2024-05-17 13:48:14.672981   => Cur url = https://capital.com/es
2024-05-17 13:48:14.690939   => Language is set to 'es'

2024-05-17 13:48:14.690939   Prev. role - 'NoAuth'
2024-05-17 13:48:14.690939   Cur. role - 'NoReg'
2024-05-17 13:48:14.690939   => The 'NoReg' role is set

2024-05-17 13:48:14.694937   => Current URL - https://capital.com/es

2024-05-17 13:48:14.694937   => THE END PRECONDITIONS

2024-05-17 13:48:14.694937   START Open "Markets" menu, "Commodities" submenu =>

2024-05-17 13:48:14.694937   1. Cur URL = https://capital.com/es

2024-05-17 13:48:14.712550   2. Link = https://capital.com/es
2024-05-17 13:48:14.712550   current_page = https://capital.com/es
2024-05-17 13:48:14.716550   link = https://capital.com/es
2024-05-17 13:48:15.232237   => 'Markets' menu is present
2024-05-17 13:48:15.253843   => 'Markets' menu is visible
2024-05-17 13:48:16.524576   => Focus moved to 'Markets' menu
2024-05-17 13:48:16.533589   => 'Markets > Commodities' submenu is present
2024-05-17 13:48:18.228714   => Focus moved to 'capital*com' logo

2024-05-17 13:48:18.228714   3. Cur URL = https://capital.com/es/en-vivo-mercancia-precios

2024-05-17 13:48:18.228714   1. Arrange_v0
2024-05-17 13:48:18.228714   current_page = https://capital.com/es/en-vivo-mercancia-precios
2024-05-17 13:48:18.228714   link = https://capital.com/es/en-vivo-mercancia-precios
2024-05-17 13:48:18.244337   BUTTON_START_TRADING_NOW scroll =>
2024-05-17 13:48:18.257984   BUTTON_START_TRADING_NOW is visible? =>
2024-05-17 13:48:18.288776   => BUTTON_START_TRADING is visible on the page!

2024-05-17 13:48:18.289785   2. Act_v0
2024-05-17 13:48:18.289785   Start Click button [Start Trading Now] =>
2024-05-17 13:48:18.294777   BUTTON_START_TRADING_NOW is clickable? =>
2024-05-17 13:48:18.303833   BUTTON_START_TRADING_NOW click =>
2024-05-17 13:48:18.359966   => BUTTON_START_TRADING_NOW clicked

2024-05-17 13:48:18.359966   3. Assert_v0
2024-05-17 13:48:18.359966   Start step Check that [Sign up] form is opened
2024-05-17 13:48:18.583156   'Sign up' form opened
2024-05-17 13:48:18.584158   Assert SIGNUP_HEADER =>
2024-05-17 13:48:18.600292   Assert SIGNUP_REF_LOGIN =>
2024-05-17 13:48:18.616498   Assert SIGNUP_PRIVACY_POLICY_ALL_2 =>
2024-05-17 13:48:18.633093   => SIGNUP_PRIVACY_POLICY_ALL
2024-05-17 13:48:18.633093   => 'Signup' form is checked
2024-05-17 13:48:18.633093   Start step Close [Sign up] form =>
2024-05-17 13:48:18.717077   => 'Signup' form closed
2024-05-17 13:48:18.992761   => Focus moved to 'capital*com' logo
