{'width': 1920, 'height': 1080}
autouse fixture chrome
Current test language - cn
Current country of trading - de



Current test role - NoReg
Current login - aqa.tomelo.an@gmail.com
Current login - iT9Vgqi6d$fiZ*Z
{'width': 1920, 'height': 1080}

2023-12-10 06:42:06.779580   browser = chrome

2023-12-10 06:42:06.779597   worker_id = master

2023-12-10 06:42:06.779606   Start TC_11.02.07_01

2023-12-10 06:42:06.779614   <us_11-02-07_etf_trading_test.TestETFTrading object at 0x7fbcf4a77050>.None

2023-12-10 06:42:06.779625   0. Arrange


2023-12-10 06:42:06.779796   START PRECONDITIONS =>

2023-12-10 06:42:07.851465   Load page https://capital.com

2023-12-10 06:42:07.851512   {'width': 1920, 'height': 1080}

2023-12-10 06:42:07.886182   Set windows position at (320, 180) =>

2023-12-10 06:42:08.005136   Set resolution 1280 * 720 =>

2023-12-10 06:42:08.264972   => Resolution seted {'width': 1280, 'height': 720}

2023-12-10 06:42:12.283157   Капчи нет. Тестим дальше

2023-12-10 06:42:12.283202   Prev. Role: ?

2023-12-10 06:42:12.283212   Run preconditions: set "NoReg" Role =>
2023-12-10 06:42:12.742748   Load page https://capital.com

2023-12-10 06:42:12.952028   => All cookies are deleted
2023-12-10 06:42:13.376161   Load page https://capital.com

2023-12-10 06:42:13.376366   Click button [Accept all cookies]
2023-12-10 06:42:13.376383   Is Visible BUTTON_ACCEPT_ALL_COOKIE? =>
2023-12-10 06:42:17.415504   Find BUTTON_ACCEPT_ALL_COOKIE =>
2023-12-10 06:42:17.422880   => BUTTON_ACCEPT_ALL_COOKIE presented
2023-12-10 06:42:17.422904   Is clickable BUTTON_ACCEPT_ALL_COOKIE? =>
2023-12-10 06:42:17.437599   Click BUTTON_ACCEPT_ALL_COOKIE =>
2023-12-10 06:42:18.489199   => BUTTON_ACCEPT_ALL_COOKIE is clicked
2023-12-10 06:42:18.489250   => Accepted All Cookies

2023-12-10 06:42:18.489319   Current role: NoReg

2023-12-10 06:42:18.489334   Prev language: ?

2023-12-10 06:42:18.489346   Run preconditions: set "cn" language =>


2023-12-10 06:42:18.509604   => Language and Country menu is present


2023-12-10 06:42:18.523594   => Language and Country menu is visible


2023-12-10 06:42:20.305770   => Focus is moved on Language and Country menu 

2023-12-10 06:42:21.964232   => Current language: cn

2023-12-10 06:42:21.964308   Prev country: ?

2023-12-10 06:42:21.964324   Run preconditions: set "de" country =>


2023-12-10 06:42:21.972231   => Language and Country menu is present


2023-12-10 06:42:21.984260   => Language and Country menu is visible


2023-12-10 06:42:23.754956   => Focus is moved on Language and Country menu 

2023-12-10 06:42:26.869527   => Current country: de

2023-12-10 06:42:26.869569   => THE END PRECONDITIONS
2023-12-10 06:42:27.026001   => Education menu is present
2023-12-10 06:42:27.092955   => Education menu is visible
2023-12-10 06:42:28.868790   => Education menu focus moved

2023-12-10 06:42:30.486440   1. Arrange_v0
2023-12-10 06:42:30.621598   BUTTON_START_TRADING scroll =>
2023-12-10 06:42:30.625864   BUTTON_START_TRADING is visible? =>
2023-12-10 06:42:30.640666   => BUTTON_START_TRADING is visible on the page!

2023-12-10 06:42:30.640810   2. Act_v0
2023-12-10 06:42:30.640824   Start Click button [Start Trading] =>
2023-12-10 06:42:30.645700   BUTTON_START_TRADING is clickable? =>
2023-12-10 06:42:30.681604   BUTTON_START_TRADING click =>
2023-12-10 06:42:30.732745   => BUTTON_START_TRADING clicked

2023-12-10 06:42:30.732943   3. Assert_v0
2023-12-10 06:42:30.733018   Start step Check that [Sign up] form is opened
2023-12-10 06:42:30.931703   'Sign up' form opened
2023-12-10 06:42:30.931734   Assert SIGNUP_HEADER =>
2023-12-10 06:42:30.946174   Assert SIGNUP_REF_LOGIN =>
2023-12-10 06:42:30.961434   Assert SIGNUP_PRIVACY_POLICY_ALL_2 =>
2023-12-10 06:42:30.976727   => SIGNUP_PRIVACY_POLICY_ALL
2023-12-10 06:42:30.976758   => 'Signup' form is checked
2023-12-10 06:42:30.976898   Start step Close [Sign up] form =>
2023-12-10 06:42:31.048453   => 'Signup' form closed
