{'width': 1280, 'height': 800}

2024-05-31 17:22:25.495483   worker_id = master

2024-05-31 17:22:25.495497   0. Allure grouping for US_55

2024-05-31 17:22:25.495675   START PRECONDITIONS =>

2024-05-31 17:22:25.495691   => URL after prev. preconditions - https://capital.com/ar
2024-05-31 17:22:25.495700   => flag_of_bug - True
2024-05-31 17:22:25.495711   => Current URL - https://capital.com/ar/mobile-apps#
2024-05-31 17:22:25.500886   Current page URL = https://capital.com/ar/mobile-apps#
2024-05-31 17:22:25.503294   self.link = https://capital.com/ar
2024-05-31 17:22:25.503308   driver.get(https://capital.com/ar) =>
2024-05-31 17:22:27.463521   => Loaded page https://capital.com/ar

2024-05-31 17:22:27.469926   => Windows size: {'width': 1280, 'height': 800}
2024-05-31 17:22:27.471306   Set windows position at (0, 0) =>
2024-05-31 17:22:27.472888   Set resolution 1280 * 800 =>
2024-05-31 17:22:27.474426   => Windows size is set to {'width': 1280, 'height': 800}

2024-05-31 17:22:28.518185   Капчи нет. Идем дальше

2024-05-31 17:22:28.518274   Работа с куками =>

2024-05-31 17:22:28.518289   => не требуется

2024-05-31 17:22:28.518299   Prev. country - 'au'
2024-05-31 17:22:28.518308   Cur. country - 'au'
2024-05-31 17:22:28.518317   => Country set to 'au'

2024-05-31 17:22:28.518326   Prev. language - 'ar'
2024-05-31 17:22:28.518335   Cur. language - 'de'
2024-05-31 17:22:28.518344   Set 'de' language =>
2024-05-31 17:22:28.528586   => Language and Country menu is present
2024-05-31 17:22:28.544018   => Language and Country menu is visible
2024-05-31 17:22:29.819866   => Focus is moved on Language and Country menu 
2024-05-31 17:22:29.828474   Move focus on de item and click =>
2024-05-31 17:22:31.459121   => Focus moved on de item and clicked
2024-05-31 17:22:31.459201   => Cur url = https://capital.com/de
2024-05-31 17:22:31.472285   => Language is set to 'de'

2024-05-31 17:22:31.472332   Prev. role - 'NoAuth'
2024-05-31 17:22:31.472348   Cur. role - 'NoAuth'
2024-05-31 17:22:31.472363   => The 'NoAuth' role is set

2024-05-31 17:22:31.494127   => Current URL - https://capital.com/de

2024-05-31 17:22:31.494169   => THE END PRECONDITIONS

2024-05-31 17:22:31.494365   START Open "Products and services" menu, "Our Mobile Apps" submenu =>
2024-05-31 17:22:31.494380   1. Cur URL = https://capital.com/de
2024-05-31 17:22:31.496813   2. Link = https://capital.com/de
2024-05-31 17:22:31.496830   current_page = https://capital.com/de
2024-05-31 17:22:31.502890   link = https://capital.com/de
2024-05-31 17:22:32.016895   => 'Products and services' menu is present
2024-05-31 17:22:32.035073   => 'Products and services' menu is visible
2024-05-31 17:22:33.299913   => Focus moved to 'Products and services' menu
2024-05-31 17:22:34.937565   => Focus moved to 'Our Mobile Apps' submenu and clicked
2024-05-31 17:22:35.209648   => Focus moved to 'capital*com' logo
2024-05-31 17:22:35.209691   3. Cur URL = https://capital.com/de/mobile-apps

2024-05-31 17:22:35.214991   1. Arrange_v0
2024-05-31 17:22:35.215012   current_page = https://capital.com/de/mobile-apps
2024-05-31 17:22:35.217368   link = https://capital.com/de/mobile-apps
2024-05-31 17:22:35.219703   IS "Why choose Capital.com?" block present on this page? =>
2024-05-31 17:22:35.227397   => "Why choose Capital.com?" block present on this page!

2024-05-31 17:22:35.237407   IS "Why choose Capital.com?" block visible on this page? =>
2024-05-31 17:22:35.258084   => "Why choose Capital.com?" block is visible on this page!

2024-05-31 17:22:35.258137   IS [Try now] button present on this page? =>
2024-05-31 17:22:35.267863   => [Try now] button present on this page!

2024-05-31 17:22:35.277018   IS [Try now] button visible on this page? =>
2024-05-31 17:22:35.292109   => [Try now] button is visible on this page!

2024-05-31 17:22:35.292147   [Try now] button scroll =>

2024-05-31 17:22:35.295576   2. Act_v0
2024-05-31 17:22:35.295602   [Try now] button is clickable? =>
2024-05-31 17:22:35.315388   => [Try now] button is clickable!

2024-05-31 17:22:35.352961   => [Try now] button clicked!

2024-05-31 17:22:35.353285   3. Assert_Login_v0
2024-05-31 17:22:35.353412   Check that 'Login' form is opened
2024-05-31 17:22:41.507694   'Login' form not opened
2024-05-31 17:22:41.507881   Check that new 'Login' form is opened
2024-05-31 17:22:44.590392   => New 'Login' form not opened
2024-05-31 17:22:44.593149   'Login' page not opened
2024-05-31 17:22:47.662186   'Login' form on trading platform not opened
2024-05-31 17:22:47.662375   Start step Check that [Sign up] form is opened
2024-05-31 17:22:50.731657   'Sign up' form not opened
2024-05-31 17:22:50.731843   Start step Check that new [Sign up] form is opened
2024-05-31 17:22:53.802315   => new 'Sign up' form not opened
2024-05-31 17:22:53.802503   Start method Check that [Sign up] page opened =>
2024-05-31 17:22:54.806165   'Sign up' page not opened
2024-05-31 17:22:54.806361   Check that [Sign up] form on trading platform opened =>
2024-05-31 17:22:57.874680   'Sign up' form on trading platform page not opened

Bug: Bid:55!012-de.au.NoAuth

2024-05-31 17:22:57.874771   Проверка бага в таблице ретеста  =>

2024-05-31 17:22:58.215297   4. Fixing one row check results into Google Sheet Bugs Report =>
1 cells updated.
2024-05-31 17:22:58.448664   => 4. One row check results into Google Sheet Bugs Report fixed

2024-05-31 17:22:59.587025   4. Fixing one row check results into Google Sheet Bugs Report =>
1 cells updated.
2024-05-31 17:22:59.820289   => 4. One row check results into Google Sheet Bugs Report fixed
