{'width': 1280, 'height': 800}

2024-04-25 09:31:25.966550   worker_id = master

2024-04-25 09:31:25.966563   0. Allure grouping v4

2024-04-25 09:31:25.966741   START PRECONDITIONS =>

2024-04-25 09:31:25.966756   => URL after prev. preconditions - https://capital.com/el
2024-04-25 09:31:25.966765   => flag_of_bug - False
2024-04-25 09:31:25.966776   => Current URL - https://capital.com/el/eur-jpy-isotimia
2024-04-25 09:31:25.972021   Current page URL = https://capital.com/el/eur-jpy-isotimia
2024-04-25 09:31:25.974469   self.link = https://capital.com/el
2024-04-25 09:31:25.974483   driver.get(https://capital.com/el) =>
2024-04-25 09:31:28.223092   => Loaded page https://capital.com/el

2024-04-25 09:31:28.229812   => Windows size - {'width': 1280, 'height': 800}
2024-04-25 09:31:28.231166   Set windows position at (0, 0) =>
2024-04-25 09:31:28.233017   Set resolution 1280 * 800 =>
2024-04-25 09:31:28.234618   => Windows size is set to {'width': 1280, 'height': 800}

2024-04-25 09:31:29.269137   Капчи нет. Идем дальше

2024-04-25 09:31:29.269229   Работа с куками =>

2024-04-25 09:31:29.269244   => не требуется

2024-04-25 09:31:29.269254   Prev. country - 'de'
2024-04-25 09:31:29.269263   Cur. country - 'de'
2024-04-25 09:31:29.269272   => Country set to 'de'

2024-04-25 09:31:29.269281   Prev. language - 'el'
2024-04-25 09:31:29.269289   Cur. language - 'el'
2024-04-25 09:31:29.269298   => Language is set to 'el'

2024-04-25 09:31:29.269307   Prev. role - 'NoReg'
2024-04-25 09:31:29.269316   Cur. role - 'NoReg'
2024-04-25 09:31:29.269325   => The 'NoReg' role is set

2024-04-25 09:31:29.272041   => Current URL - https://capital.com/el

2024-04-25 09:31:29.272063   => THE END PRECONDITIONS

2024-04-25 09:31:29.272105   1. Arrange_v0
2024-04-25 09:31:29.272120   current_page = https://capital.com/el
2024-04-25 09:31:29.274471   link = https://capital.com/el/eur-jpy-isotimia
2024-04-25 09:31:29.282109   Current page URL = https://capital.com/el
2024-04-25 09:31:29.284826   self.link = https://capital.com/el/eur-jpy-isotimia
2024-04-25 09:31:29.284841   driver.get(https://capital.com/el/eur-jpy-isotimia) =>
2024-04-25 09:31:30.905309   => Loaded page https://capital.com/el/eur-jpy-isotimia
2024-04-25 09:31:30.911076   BUTTON_SELL is located on the page? =>
2024-04-25 09:31:30.919495   => BUTTON_SELL is located on the page!
2024-04-25 09:31:30.919665   Start Checking that form [Sign up] popped up on the page =>
2024-04-25 09:31:32.459459   '[Sign up]' form was not popped up

2024-04-25 09:31:32.459651   2. Act_v0
2024-04-25 09:31:32.465013   BUTTON_SELL is present? =>
2024-04-25 09:31:32.465036   => BUTTON_SELL is present on the page
2024-04-25 09:31:32.465046   BUTTON_SELL scroll =>
2024-04-25 09:31:32.468434   => BUTTON_SELL scrolled
2024-04-25 09:31:32.473290   BUTTON_SELL is clickable? =>
2024-04-25 09:31:32.500879   BUTTON_SELL CLICK =>
2024-04-25 09:31:32.532221   => BUTTON_SELL clicked!

2024-04-25 09:31:32.532492   3. Assert_v0
2024-04-25 09:31:32.532604   Start step Check that [Sign up] form is opened
2024-04-25 09:31:32.745648   'Sign up' form opened
2024-04-25 09:31:32.745698   Assert SIGNUP_HEADER =>
2024-04-25 09:31:32.755411   Assert SIGNUP_REF_LOGIN =>
2024-04-25 09:31:32.767048   Assert SIGNUP_PRIVACY_POLICY_ALL_2 =>
2024-04-25 09:31:32.778447   => SIGNUP_PRIVACY_POLICY_ALL
2024-04-25 09:31:32.778480   => 'Signup' form is checked
2024-04-25 09:31:32.778648   Start step Close [Sign up] form =>
2024-04-25 09:31:32.857942   => 'Signup' form closed
2024-04-25 09:31:33.143949   => Focus moved to 'capital*com' logo
