


Current sort - Top fallers
{'width': 1280, 'height': 800}

2024-04-25 09:47:11.297087   worker_id = master

2024-04-25 09:47:11.297101   0. Allure grouping v4

2024-04-25 09:47:11.297284   START PRECONDITIONS =>

2024-04-25 09:47:11.297300   => URL after prev. preconditions - https://capital.com/el
2024-04-25 09:47:11.297309   => flag_of_bug - True
2024-04-25 09:47:11.297320   => Current URL - https://capital.com/trading/platform/charting/7089977393501380?side=sell&ids=21680337780298948,1679716659553719492,1496662958757060,22855552501634244,67517667577209881,68501464196097049,12671424833606852,3594075878020292,93810675766468,374675767067974,55001351226694,123763777635654,253454610158788,422839530378436,15839732013552836,12241936693896217,96683858476406084,389605073441988,27045129890124996,14659243072378052,53068615951385,93810675721241,427748677997764,145998823326404,26039789715281092,23381801971780,15871553426248900,357105055839112,426627691533508,7093817094264004,7090561509053636,23381802001433,5983666832495812,27342779713672388,123763777688772,21182778791108,3644116541985988,374675767075865,2604592722433220,23381802046660,2302102557892,123763777613892,3315714839748,7096862226076868,7094972440466628,16150730595456196,426090820621508,65212000283698201,248828930380996,7089977393501380,67429732416791577,123763777643545
2024-04-25 09:47:11.302640   Current page URL = https://capital.com/trading/platform/charting/7089977393501380?side=sell&ids=21680337780298948,1679716659553719492,1496662958757060,22855552501634244,67517667577209881,68501464196097049,12671424833606852,3594075878020292,93810675766468,374675767067974,55001351226694,123763777635654,253454610158788,422839530378436,15839732013552836,12241936693896217,96683858476406084,389605073441988,27045129890124996,14659243072378052,53068615951385,93810675721241,427748677997764,145998823326404,26039789715281092,23381801971780,15871553426248900,357105055839112,426627691533508,7093817094264004,7090561509053636,23381802001433,5983666832495812,27342779713672388,123763777688772,21182778791108,3644116541985988,374675767075865,2604592722433220,23381802046660,2302102557892,123763777613892,3315714839748,7096862226076868,7094972440466628,16150730595456196,426090820621508,65212000283698201,248828930380996,7089977393501380,67429732416791577,123763777643545
2024-04-25 09:47:11.305200   self.link = https://capital.com/el
2024-04-25 09:47:11.305214   driver.get(https://capital.com/el) =>
2024-04-25 09:47:13.283198   => Loaded page https://capital.com/el

2024-04-25 09:47:13.289354   => Windows size - {'width': 1280, 'height': 800}
2024-04-25 09:47:13.290784   Set windows position at (0, 0) =>
2024-04-25 09:47:13.292418   Set resolution 1280 * 800 =>
2024-04-25 09:47:13.294067   => Windows size is set to {'width': 1280, 'height': 800}

2024-04-25 09:47:14.334832   Капчи нет. Идем дальше

2024-04-25 09:47:14.334924   Работа с куками =>

2024-04-25 09:47:14.334938   => не требуется

2024-04-25 09:47:14.334948   Prev. country - 'de'
2024-04-25 09:47:14.334957   Cur. country - 'de'
2024-04-25 09:47:14.334967   => Country set to 'de'

2024-04-25 09:47:14.334975   Prev. language - 'el'
2024-04-25 09:47:14.334984   Cur. language - 'el'
2024-04-25 09:47:14.334993   => Language is set to 'el'

2024-04-25 09:47:14.335001   Prev. role - 'Auth'
2024-04-25 09:47:14.335010   Cur. role - 'Auth'
2024-04-25 09:47:14.335018   => The 'Auth' role is set

2024-04-25 09:47:14.339687   => Current URL - https://capital.com/el

2024-04-25 09:47:14.339710   => THE END PRECONDITIONS

2024-04-25 09:47:14.339939   START Open "Markets" menu, "Commodities" submenu =>

2024-04-25 09:47:14.339960   1. Cur URL = https://capital.com/el

2024-04-25 09:47:14.342496   2. Link = https://capital.com/el
2024-04-25 09:47:14.342512   current_page = https://capital.com/el
2024-04-25 09:47:14.344993   link = https://capital.com/el
2024-04-25 09:47:14.858120   => 'Markets' menu is present
2024-04-25 09:47:14.877554   => 'Markets' menu is visible
2024-04-25 09:47:16.156396   => Focus moved to 'Markets' menu
2024-04-25 09:47:16.165837   => 'Markets > Commodities' submenu is present
2024-04-25 09:47:18.063224   => Focus moved to 'capital*com' logo

2024-04-25 09:47:18.063263   3. Cur URL = https://capital.com/el/zontanes-times-emporevmaton

2024-04-25 09:47:18.069728   1. Arrange for TABLE_TRADING_INSTRUMENTS and 'Top fallers' cur_sort
2024-04-25 09:47:18.069753   current_page = https://capital.com/el/zontanes-times-emporevmaton
2024-04-25 09:47:18.076089   link = https://capital.com/el/zontanes-times-emporevmaton
2024-04-25 09:47:18.081163   TABLE_TRADING_INSTRUMENTS present on this page? =>
2024-04-25 09:47:18.091033   => Trading Instrument table is present on the page!
2024-04-25 09:47:18.091059   IS FIELD_DROPDOWN_SORT present in the Live TI prices table? =>
2024-04-25 09:47:18.103164   =>  FIELD_DROPDOWN_SORT is present in the Live TI price table!
2024-04-25 09:47:18.103193   Start scroll and click FIELD_DROPDOWN_SORT =>
2024-04-25 09:47:18.241413   Is item_sort_list visible on the FIELD_DROPDOWN_SORT ? =>
2024-04-25 09:47:18.277434   => items_sort_list is visible on the FIELD_DROPDOWN_SORT!
2024-04-25 09:47:18.277487   Is cur_sort "Top fallers" present in items_sort_list? =>
2024-04-25 09:47:18.302215   => cur_sort "Top fallers" is present in item_sort_list!
2024-04-25 09:47:18.302257   Start click cur_sort item - "Top fallers"=>
2024-04-25 09:47:19.104831   => End Click cur_sort "Top fallers"

2024-04-25 09:47:19.104880   Buttons [Sell] is visible and sum buttons no zero? =>
2024-04-25 09:47:19.134913   => Buttons [Sell] is visible and sum buttons no zero!

2024-04-25 09:47:19.134955   Start find 1 random buttons [Sell] on cur_sort "Top fallers"=>
2024-04-25 09:47:19.142452   => End find 1 random buttons [Sell] on the cur_sort "Top fallers"

2024-04-25 09:47:19.142498   List of random items = [14]
2024-04-25 09:47:19.142678   2. Act for trading instrument and "Top fallers" cur_sort
2024-04-25 09:47:19.154610   Start click button [Sell] =>
2024-04-25 09:47:19.164747   =>   BUTTON_SELL on item with ID = '7092687517865156' is present
2024-04-25 09:47:19.164784   BUTTON_SELL on item with ID = '7092687517865156' scroll into view =>
2024-04-25 09:47:19.171294   => BUTTON_SELL on item with ID = '7092687517865156' scrolled into view
2024-04-25 09:47:19.171339   Check that BUTTON_SELL with item 'Coffee Arabica' clickable =>
2024-04-25 09:47:19.329236   => BUTTON_SELL is clickable
2024-04-25 09:47:20.115101   =>   BUTTON_SELL on item 'Coffee Arabica' clicked

2024-04-25 09:47:20.115489   3. Assert_v4

2024-04-25 09:47:20.115524   
2024-04-25 09:47:20.115709   Checking that the trading platform page has opened (v4) =>
2024-04-25 09:47:20.124964   Checking way # 1 => 

2024-04-25 09:47:20.125097   1. Checking that the Trading platform (or TradingView site) page has valid title =>
2024-04-25 09:47:20.128425   => The title of current page is 'Trading Platform | Capital.com'

2024-04-25 09:47:20.128502   2. Checking that the LOGO is present on the page =>
2024-04-25 09:47:21.826008   => 'capital*com' logo is present on the current page

2024-04-25 09:47:21.826058   tpd = False

2024-04-25 09:47:21.826074   4. Check that opened page with https://capital.com/trading/platform/charting/453949400050390212?side=sell&ids=21680337780298948,1679716659553719492,1496662958757060,22855552501634244,67517667577209881,68501464196097049,12671424833606852,3594075878020292,93810675766468,374675767067974,55001351226694,123763777635654,253454610158788,422839530378436,15839732013552836,12241936693896217,96683858476406084,389605073441988,27045129890124996,14659243072378052,53068615951385,93810675721241,427748677997764,145998823326404,26039789715281092,23381801971780,15871553426248900,357105055839112,426627691533508,7093817094264004,7090561509053636,23381802001433,5983666832495812,27342779713672388,123763777688772,21182778791108,3644116541985988,374675767075865,2604592722433220,23381802046660,2302102557892,123763777613892,3315714839748,7096862226076868,7094972440466628,16150730595456196,426090820621508,65212000283698201,248828930380996,7089977393501380,67429732416791577,123763777643545,453949400050390212 url
with selected corresponding trading instrument 'Coffee Arabica' =>

2024-04-25 09:47:21.939495   trade_instrument = 'Coffee Arabica'

2024-04-25 09:47:21.939513   4.1. Check that Trading Platform is opened in Chart mode
2024-04-25 09:47:21.955843   => Trading Platform opened in Chart mode

2024-04-25 09:47:21.955915   4.2. Check that Top Charts List of Trading Platform not empty =>

2024-04-25 09:47:21.990797   4.3. Check that opened trade instrument info page =>
2024-04-25 09:47:23.036042   => Trading platform was opened, but does not contain any trading info

Bug: Bid:01.05.00_002-el.de.Auth

2024-04-25 09:47:23.036096   Проверка бага в таблице ретеста  =>

2024-04-25 09:47:23.309607   4. Fixing one row check results into Google Sheet Bugs Report =>
1 cells updated.
2024-04-25 09:47:23.464630   => 4. One row check results into Google Sheet Bugs Report fixed

2024-04-25 09:47:25.116938   4. Fixing one row check results into Google Sheet Bugs Report =>
1 cells updated.
2024-04-25 09:47:25.261058   => 4. One row check results into Google Sheet Bugs Report fixed

2024-04-25 09:47:25.261274   4. Fixing one row check results into Google Sheet Bugs Report =>
1 cells updated.
2024-04-25 09:47:25.405477   => 4. One row check results into Google Sheet Bugs Report fixed

2024-04-25 09:47:25.405546   Баг Bid:01.05.00_002-el.de.Auth уже существует, но у него изменился тип с  на 16

2024-04-25 09:47:25.405718   4. Fixing one row check results into Google Sheet Bugs Report =>
1 cells updated.
2024-04-25 09:47:25.587949   => 4. One row check results into Google Sheet Bugs Report fixed

2024-04-25 09:47:25.589653   Баг Bid:01.05.00_002-el.de.Auth-16 обнаружен ранее и уже находится в 'Bugs Report Auto detect'
