{'width': 1280, 'height': 800}

2024-04-18 10:51:11.963243   worker_id = master

2024-04-18 10:51:11.963256   0. Allure grouping v4

2024-04-18 10:51:11.963441   START PRECONDITIONS =>

2024-04-18 10:51:11.963457   => URL after prev. preconditions - https://capital.com/cn
2024-04-18 10:51:11.963466   => flag_of_bug - True
2024-04-18 10:51:11.963476   => Current URL - https://capital.com/cn/trade-commodities
2024-04-18 10:51:11.969121   Current page URL = https://capital.com/cn/trade-commodities
2024-04-18 10:51:11.971738   self.link = https://capital.com/cn
2024-04-18 10:51:11.971751   driver.get(https://capital.com/cn) =>
2024-04-18 10:51:13.958462   => Loaded page https://capital.com/cn

2024-04-18 10:51:13.963173   => Windows size - {'width': 1280, 'height': 800}
2024-04-18 10:51:13.964572   Set windows position at (0, 0) =>
2024-04-18 10:51:14.066970   Set resolution 1280 * 800 =>
2024-04-18 10:51:14.169556   => Windows size is set to {'width': 1280, 'height': 800}

2024-04-18 10:51:15.217449   Капчи нет. Идем дальше

2024-04-18 10:51:15.217573   Работа с куками =>

2024-04-18 10:51:15.217589   => не требуется

2024-04-18 10:51:15.217599   Prev. country - 'ae'
2024-04-18 10:51:15.217608   Cur. country - 'ae'
2024-04-18 10:51:15.217617   => Country set to 'ae'

2024-04-18 10:51:15.217626   Prev. language - 'cn'
2024-04-18 10:51:15.217635   Cur. language - 'cn'
2024-04-18 10:51:15.217644   => Language is set to 'cn'

2024-04-18 10:51:15.217653   Prev. role - 'NoAuth'
2024-04-18 10:51:15.217661   Cur. role - 'NoAuth'
2024-04-18 10:51:15.217670   => The 'NoAuth' role is set

2024-04-18 10:51:15.220387   => Current URL - https://capital.com/cn

2024-04-18 10:51:15.220411   => THE END PRECONDITIONS

2024-04-18 10:51:15.220607   1. Cur URL = https://capital.com/cn

2024-04-18 10:51:15.225986   2. Link = https://capital.com/cn
2024-04-18 10:51:15.226002   current_page = https://capital.com/cn
2024-04-18 10:51:15.228533   link = https://capital.com/cn
2024-04-18 10:51:15.737586   => Education menu is present in DOM
2024-04-18 10:51:15.744371   => Education menu is visible
2024-04-18 10:51:17.023620   => Focus moved to Education menu
2024-04-18 10:51:19.267740   => Focus moved to 'capital*com' logo

2024-04-18 10:51:19.267784   3. Cur URL = https://capital.com/cn/trade-commodities

2024-04-18 10:51:19.275248   1. Arrange_v4
2024-04-18 10:51:19.275290   current_page = https://capital.com/cn/trade-commodities
2024-04-18 10:51:19.277943   link = https://capital.com/cn/trade-commodities
2024-04-18 10:51:19.280394   MOST_TRADED is present? =>
2024-04-18 10:51:19.289830   => MOST_TRADED widget is present on this page
2024-04-18 10:51:19.289861   => Found 5 elements in block MOST_TRADED
2024-04-18 10:51:19.289872   Most traded widget is scroll =>
2024-04-18 10:51:19.293454   => Most traded widget is scrolled into screen center

2024-04-18 10:51:19.293548   Random indexes = [0]

2024-04-18 10:51:19.293565   Testing Most traded 1 random element with 0 index

2024-04-18 10:51:19.293715   2. Act_v4
2024-04-18 10:51:19.293811   Start Checking that form [Sign up] popped up on the page =>
2024-04-18 10:51:20.814392   '[Sign up]' form was not popped up
2024-04-18 10:51:20.827092   instrument_title = 'Gold Spot'
2024-04-18 10:51:20.832247   Selected Trade button on Most traded widget is scroll =>
2024-04-18 10:51:20.835831   Selected Trade button click for 'Gold Spot' trading instrument =>
2024-04-18 10:51:21.869705   => Selected Trade button clicked!

2024-04-18 10:51:21.869921   3. Assert_Login_v0
2024-04-18 10:51:21.870004   Check that 'Login' form is opened
2024-04-18 10:51:22.099031   'Login' form opened
2024-04-18 10:51:22.099071   Assert LOGIN_REF_SIGNUP =>
2024-04-18 10:51:22.112524   Assert LOGIN_CHECKBOX =>
2024-04-18 10:51:22.126097   Assert LOGIN_PASS_FORGOT =>
2024-04-18 10:51:22.139483   => 'Login' form is checked
2024-04-18 10:51:22.160167   Click 'Close' button on 'Login' form =>
2024-04-18 10:51:22.475352   => Focus moved to 'capital*com' logo
2024-04-18 10:51:22.475397   => 'Login' form closed
