{'width': 1920, 'height': 1080}

2024-10-21 23:10:03.274356   worker_id = master

2024-10-21 23:10:03.274370   0. Allure grouping for US_55

2024-10-21 23:10:03.274567   START PRECONDITIONS =>

2024-10-21 23:10:03.274584   => URL after prev. preconditions - https://capital.com/de
2024-10-21 23:10:03.274593   => flag_of_bug - True
2024-10-21 23:10:03.274604   => Current URL - https://capital.com/de/kryptowaehrung-handel
2024-10-21 23:10:03.281257   Current page URL = https://capital.com/de/kryptowaehrung-handel
2024-10-21 23:10:03.283900   self.link = https://capital.com/de
2024-10-21 23:10:03.283914   driver.get(https://capital.com/de) =>
2024-10-21 23:10:05.107284   => Loaded page https://capital.com/de

2024-10-21 23:10:05.114929   => Windows size: {'width': 1920, 'height': 1080}
2024-10-21 23:10:05.116538   Set windows position at (0, 0) =>
2024-10-21 23:10:05.118316   Set resolution 1920 * 1080 =>
2024-10-21 23:10:05.120038   => Windows size is set to {'width': 1920, 'height': 1080}

2024-10-21 23:10:10.123627   Капчи нет. Идем дальше

2024-10-21 23:10:10.123721   Работа с куками =>
2024-10-21 23:10:10.123736   Prev. role - 'NoReg'
2024-10-21 23:10:10.123745   Current testing role - 'Auth'

2024-10-21 23:10:10.123754   All cookies must be delete =>
2024-10-21 23:10:10.214156   => All cookies are deleted
2024-10-21 23:10:10.214204   Current page URL = https://capital.com/de
2024-10-21 23:10:10.217296   self.link = https://capital.com/
2024-10-21 23:10:10.217311   driver.get(https://capital.com/) =>
2024-10-21 23:10:12.006328   => Loaded page https://capital.com/

2024-10-21 23:10:12.009819   Step 'Click button [Accept all cookies]'
2024-10-21 23:10:12.009831   Is Visible Button [Accept all cookies]? =>
2024-10-21 23:10:12.025818   => Button [Accept all cookies] is visible
2024-10-21 23:10:12.525933   Is clickable Button [Accept all cookies] =>
2024-10-21 23:10:12.542056   => Button [Accept all cookies] is clickable
2024-10-21 23:10:12.542092   Click Button [Accept all cookies] =>
2024-10-21 23:10:12.773695   => Button [Accept all cookies] is clicked
2024-10-21 23:10:12.773745   => Accepted All Cookies

2024-10-21 23:10:18.295956   Капчи нет. Идем дальше

2024-10-21 23:10:18.296047   Prev. country - '?'
2024-10-21 23:10:18.296061   Cur. country - 'ua'
2024-10-21 23:10:18.296070   Set 'ua' country =>
2024-10-21 23:10:18.304082   => Language and Country menu is present
2024-10-21 23:10:18.314849   => Language and Country menu is visible
2024-10-21 23:10:19.583185   => Focus is moved on Language and Country menu 
2024-10-21 23:10:22.455113   => Cur url = https://capital.com/?country=ua
2024-10-21 23:10:22.465999   => Country set to 'ua'

2024-10-21 23:10:27.520677   Капчи нет. Идем дальше

2024-10-21 23:10:27.520771   Prev. language - '?'
2024-10-21 23:10:27.520784   Cur. language - 'de'
2024-10-21 23:10:27.520794   Set 'de' language =>
2024-10-21 23:10:27.531027   => Language and Country menu is present
2024-10-21 23:10:27.540812   => Language and Country menu is visible
2024-10-21 23:10:28.815917   => Focus is moved on Language and Country menu 
2024-10-21 23:10:28.824693   Move focus on de item and click =>
2024-10-21 23:10:30.478501   => Focus moved on de item and clicked
2024-10-21 23:10:30.478555   => Cur url = https://capital.com/de
2024-10-21 23:10:30.490208   => Language is set to 'de'

2024-10-21 23:10:35.524374   Капчи нет. Идем дальше

2024-10-21 23:10:35.524464   Prev. role - 'NoReg'
2024-10-21 23:10:35.524477   Cur. role - 'Auth'
2024-10-21 23:10:35.527632   Start Authorization

2024-10-21 23:10:35.527654   => Current URL - https://capital.com/de

2024-10-21 23:10:35.530392   2. Act
2024-10-21 23:10:35.530408   Start Click button [Log in] =>
2024-10-21 23:10:35.537973   BUTTON_LOGIN scroll =>
2024-10-21 23:10:35.541941   Is BUTTON_LOGIN clickable? =>
2024-10-21 23:10:35.551996   => BUTTON_LOGIN is clickable
2024-10-21 23:10:35.552024   BUTTON_LOGIN click =>
2024-10-21 23:10:35.598087   => BUTTON_LOGIN is clicked!
2024-10-21 23:10:35.598307   Check that 'Login' form is opened
2024-10-21 23:10:35.799513   'Login' form opened
2024-10-21 23:10:35.799554   Assert LOGIN_REF_SIGNUP =>
2024-10-21 23:10:35.814353   Assert LOGIN_CHECKBOX =>
2024-10-21 23:10:35.831984   Assert LOGIN_PASS_FORGOT =>
2024-10-21 23:10:35.849622   => 'Login' form is checked
2024-10-21 23:10:35.849722   => 'Login' form is opened
2024-10-21 23:10:36.039600   => "login" and "password" are inputted
2024-10-21 23:10:36.039644   Click [Continue] button on [Login] form =>
2024-10-21 23:10:36.092775   => [Continue] button on [Login] form is clicked

2024-10-21 23:10:36.092811   1. Checking that the Page opened with 'Trading Platform | Capital.com' title
2024-10-21 23:10:36.092821   Set timeout = 30
2024-10-21 23:10:36.092831   Wait Trading platform page with 'Trading Platform | Capital.com' title open =>
2024-10-21 23:10:38.301031   => Trading platform page with 'Trading Platform | Capital.com' title opened

2024-10-21 23:10:38.301101   2. Checking that the LOGO is present on the page =>
2024-10-21 23:10:39.745466   => 'capital*com' logo is present on the current page
2024-10-21 23:10:40.942235   => Driver.back
https://capital.com/de

2024-10-21 23:10:40.956369   => Current URL - https://capital.com/de
2024-10-21 23:10:40.959929   => The 'Auth' role is set

2024-10-21 23:10:40.967845   => Current URL - https://capital.com/de

2024-10-21 23:10:40.967885   => END PRECONDITIONS

2024-10-21 23:10:40.968113   1. Cur URL = https://capital.com/de

2024-10-21 23:10:40.970807   2. Link = https://capital.com/de
2024-10-21 23:10:40.970823   current_page = https://capital.com/de
2024-10-21 23:10:40.973552   link = https://capital.com/de
2024-10-21 23:10:41.510249   => Education menu is present in DOM
2024-10-21 23:10:41.517273   => Education menu is visible
2024-10-21 23:10:42.795526   => Focus moved to Education menu
2024-10-21 23:10:44.735857   => Cryptocurrency trading submenu focus moved and clicked
2024-10-21 23:10:45.040433   => Focus moved to 'capital*com' logo

2024-10-21 23:10:45.040471   3. Cur URL = https://capital.com/de/kryptowaehrung-handel
2024-10-21 23:10:45.047941   1. Start Arrange.
2024-10-21 23:10:45.047964   Check presenting [Go to all cryptocurrencies] link.
2024-10-21 23:10:45.047975   IS [Go to all cryptocurrencies] link present on this page? =>
2024-10-21 23:10:45.057816   => [Go to all cryptocurrencies] link present on this page!

2024-10-21 23:10:45.067494   IS [Go to all cryptocurrencies] link visible on this page? =>
2024-10-21 23:10:45.121273   => [Go to all cryptocurrencies] link is visible on this page!

2024-10-21 23:10:45.121315   IS [Go to all cryptocurrencies] link clickable on this page? =>
2024-10-21 23:10:45.141143   => [Go to all cryptocurrencies] link is clickable on this page!

2024-10-21 23:10:45.141183   Save current screenshot into PNG file
2024-10-21 23:10:45.268906   2. Start Act.
2024-10-21 23:10:45.268935   Start click on [Go to all cryptocurrencies] link =>
2024-10-21 23:10:45.316990   => [Go to all cryptocurrencies] link clicked!

2024-10-21 23:10:45.317044   Save current screenshot into PNG file
2024-10-21 23:10:45.443850   3. Start Assert.
2024-10-21 23:10:45.443879   Check presenting CFD Instruments.
2024-10-21 23:10:45.443889   IS CFD Instruments present on this page? =>
2024-10-21 23:10:50.464262   => CFD Instruments is NOT present on this page. Current page is not Cryptocurrencies page.

