{'width': 1280, 'height': 800}

2024-04-18 09:49:18.397920   worker_id = master

2024-04-18 09:49:18.397933   0. Allure grouping v4

2024-04-18 09:49:18.398110   START PRECONDITIONS =>

2024-04-18 09:49:18.398126   => URL after prev. preconditions - https://capital.com/cn
2024-04-18 09:49:18.398135   => flag_of_bug - False
2024-04-18 09:49:18.398145   => Current URL - https://capital.com/cn/australian-dollar-us-dollar-rate-1
2024-04-18 09:49:18.403296   Current page URL = https://capital.com/cn/australian-dollar-us-dollar-rate-1
2024-04-18 09:49:18.405799   self.link = https://capital.com/cn
2024-04-18 09:49:18.405812   driver.get(https://capital.com/cn) =>
2024-04-18 09:49:20.220969   => Loaded page https://capital.com/cn

2024-04-18 09:49:20.224946   => Windows size - {'width': 1280, 'height': 800}
2024-04-18 09:49:20.226340   Set windows position at (0, 0) =>
2024-04-18 09:49:20.328481   Set resolution 1280 * 800 =>
2024-04-18 09:49:20.430854   => Windows size is set to {'width': 1280, 'height': 800}

2024-04-18 09:49:21.468816   Капчи нет. Идем дальше

2024-04-18 09:49:21.468903   Работа с куками =>

2024-04-18 09:49:21.468917   => не требуется

2024-04-18 09:49:21.468926   Prev. country - 'ae'
2024-04-18 09:49:21.468936   Cur. country - 'ae'
2024-04-18 09:49:21.468945   => Country set to 'ae'

2024-04-18 09:49:21.468953   Prev. language - 'cn'
2024-04-18 09:49:21.468962   Cur. language - 'cn'
2024-04-18 09:49:21.468971   => Language is set to 'cn'

2024-04-18 09:49:21.468979   Prev. role - 'NoReg'
2024-04-18 09:49:21.468988   Cur. role - 'NoReg'
2024-04-18 09:49:21.468996   => The 'NoReg' role is set

2024-04-18 09:49:21.473653   => Current URL - https://capital.com/cn

2024-04-18 09:49:21.473677   => THE END PRECONDITIONS

2024-04-18 09:49:21.473859   1. Arrange_v0
2024-04-18 09:49:21.473876   current_page = https://capital.com/cn
2024-04-18 09:49:21.476423   link = https://capital.com/cn/australian-dollar-us-dollar-rate-1
2024-04-18 09:49:21.478966   Current page URL = https://capital.com/cn
2024-04-18 09:49:21.481450   self.link = https://capital.com/cn/australian-dollar-us-dollar-rate-1
2024-04-18 09:49:21.481464   driver.get(https://capital.com/cn/australian-dollar-us-dollar-rate-1) =>
2024-04-18 09:49:23.226925   => Loaded page https://capital.com/cn/australian-dollar-us-dollar-rate-1
2024-04-18 09:49:23.231364   BUTTON_CREATE_YOUR_ACCOUNT is located on the page? =>

2024-04-18 09:49:23.241932   2. Act_v0: Define of locator

2024-04-18 09:49:23.241960   2. Act_v0: Go to web element

2024-04-18 09:49:24.321961   2. Act_v0: Click web element
2024-04-18 09:49:24.349319   => BUTTON_CREATE_YOUR_ACCOUNT is clicked

2024-04-18 09:49:24.349560   3. Assert_v0
2024-04-18 09:49:24.349649   Start step Check that [Sign up] form is opened
2024-04-18 09:49:24.963329   'Sign up' form opened
2024-04-18 09:49:24.963382   Assert SIGNUP_HEADER =>
2024-04-18 09:49:24.975723   Assert SIGNUP_REF_LOGIN =>
2024-04-18 09:49:24.990377   Assert SIGNUP_PRIVACY_POLICY_ALL_2 =>
2024-04-18 09:49:25.001346   => SIGNUP_PRIVACY_POLICY_ALL
2024-04-18 09:49:25.001381   => 'Signup' form is checked
2024-04-18 09:49:25.001586   Start step Close [Sign up] form =>
2024-04-18 09:49:25.079175   => 'Signup' form closed
2024-04-18 09:49:25.356286   => Focus moved to 'capital*com' logo
