{'width': 1280, 'height': 800}

2024-05-08 14:37:37.695856   worker_id = master

2024-05-08 14:37:37.695870   0. Allure grouping v4

2024-05-08 14:37:37.696051   START PRECONDITIONS =>

2024-05-08 14:37:37.696066   => URL after prev. preconditions - https://capital.com/de
2024-05-08 14:37:37.696076   => flag_of_bug - True
2024-05-08 14:37:37.696086   => Current URL - https://capital.com/trading/platform/
2024-05-08 14:37:37.701525   Current page URL = https://capital.com/trading/platform/
2024-05-08 14:37:37.704101   self.link = https://capital.com/de
2024-05-08 14:37:37.704115   driver.get(https://capital.com/de) =>
2024-05-08 14:37:39.546620   => Loaded page https://capital.com/de

2024-05-08 14:37:39.550850   => Windows size - {'width': 1280, 'height': 800}
2024-05-08 14:37:39.552207   Set windows position at (0, 0) =>
2024-05-08 14:37:39.553837   Set resolution 1280 * 800 =>
2024-05-08 14:37:39.555469   => Windows size is set to {'width': 1280, 'height': 800}

2024-05-08 14:37:40.599648   Капчи нет. Идем дальше

2024-05-08 14:37:40.599746   Работа с куками =>

2024-05-08 14:37:40.599761   => не требуется

2024-05-08 14:37:40.599771   Prev. country - 'de'
2024-05-08 14:37:40.599780   Cur. country - 'de'
2024-05-08 14:37:40.599789   => Country set to 'de'

2024-05-08 14:37:40.599798   Prev. language - 'de'
2024-05-08 14:37:40.599807   Cur. language - 'de'
2024-05-08 14:37:40.599815   => Language is set to 'de'

2024-05-08 14:37:40.599824   Prev. role - 'NoAuth'
2024-05-08 14:37:40.599832   Cur. role - 'NoAuth'
2024-05-08 14:37:40.599841   => The 'NoAuth' role is set

2024-05-08 14:37:40.602588   => Current URL - https://capital.com/de

2024-05-08 14:37:40.602609   => THE END PRECONDITIONS

2024-05-08 14:37:40.602788   1. Arrange_v2
2024-05-08 14:37:40.602806   current_page = https://capital.com/de
2024-05-08 14:37:40.605136   link = https://capital.com/de/usd-jpy-kurs
2024-05-08 14:37:40.607481   Current page URL = https://capital.com/de
2024-05-08 14:37:40.612608   self.link = https://capital.com/de/usd-jpy-kurs
2024-05-08 14:37:40.612622   driver.get(https://capital.com/de/usd-jpy-kurs) =>
2024-05-08 14:37:42.291093   => Loaded page https://capital.com/de/usd-jpy-kurs
2024-05-08 14:37:42.297344 Is SHORT_POSITION_OVERNIGHT_FEE present on the page? =>
2024-05-08 14:37:42.305852   => SHORT_POSITION_OVERNIGHT_FEE is present on the page
2024-05-08 14:37:42.305879   SHORT_POSITION_OVERNIGHT_FEE  scroll =>
2024-05-08 14:37:42.313078   => SHORT_POSITION_OVERNIGHT_FEE  scrolled

2024-05-08 14:37:42.313279   2. Act_v2
2024-05-08 14:37:42.313304   SHORT_POSITION_OVERNIGHT_FEE open =>
2024-05-08 14:37:43.111215   Is SHORT_POSITION_OVERNIGHT_FEE open?  =>
2024-05-08 14:37:43.124837   => TOOLTIP_SHORT_POSITION_FEE is open
2024-05-08 14:37:43.124867   Move focus to button [Go to platform] and click on =>
2024-05-08 14:37:43.906494   => BUTTON_GO_TO_PLATFORM is clickable
2024-05-08 14:37:44.462129 => BUTTON_GO_TO_PLATFORM clicked

2024-05-08 14:37:44.462448   3. Assert_Login_v0
2024-05-08 14:37:44.462588   Check that 'Login' form is opened
2024-05-08 14:37:50.609316   'Login' form not opened
2024-05-08 14:37:50.609501   Check that new 'Login' form is opened
2024-05-08 14:37:53.677366   => New 'Login' form not opened
2024-05-08 14:37:53.680493   'Login' page not opened
2024-05-08 14:37:56.777630   'Login' form on trading platform not opened
2024-05-08 14:37:56.777896   Start step Check that [Sign up] form is opened
2024-05-08 14:37:59.878241   'Sign up' form not opened
2024-05-08 14:37:59.878434   Start step Check that new [Sign up] form is opened
2024-05-08 14:38:02.978454   => new 'Sign up' form not opened
2024-05-08 14:38:02.978652   Start method Check that [Sign up] page opened =>
2024-05-08 14:38:03.982226   'Sign up' page not opened
2024-05-08 14:38:03.982433   Check that [Sign up] form on trading platform opened =>
2024-05-08 14:38:03.997356   => 'Sign up' form on trading platform page opened
2024-05-08 14:38:03.997380   Assert SIGNUP_HEADER =>
2024-05-08 14:38:04.009281   => SIGNUP_HEADER is OK
2024-05-08 14:38:04.009318   Assert SIGNUP_PRIVACY_POLICY_ALL_1 =>
2024-05-08 14:38:04.023929   => SIGNUP_PRIVACY_POLICY_ALL_1 is OK
2024-05-08 14:38:04.023961   Assert SIGNUP_REF_LOGIN =>
2024-05-08 14:38:04.036021   => SIGNUP_REF_LOGIN is OK
2024-05-08 14:38:04.036048   => 'Signup' form on trading platform page is checked

Bug: Bid:01.04.01_004-de.de.NoAuth

2024-05-08 14:38:04.036123   Проверка бага в таблице ретеста  =>

2024-05-08 14:38:04.591791   4. Fixing one row check results into Google Sheet Bugs Report =>
1 cells updated.
2024-05-08 14:38:04.957714   => 4. One row check results into Google Sheet Bugs Report fixed

2024-05-08 14:38:06.239290   4. Fixing one row check results into Google Sheet Bugs Report =>
1 cells updated.
2024-05-08 14:38:06.481280   => 4. One row check results into Google Sheet Bugs Report fixed

2024-05-08 14:38:06.481519   4. Fixing one row check results into Google Sheet Bugs Report =>
1 cells updated.
2024-05-08 14:38:06.718575   => 4. One row check results into Google Sheet Bugs Report fixed

2024-05-08 14:38:06.718652   Баг Bid:01.04.01_004-de.de.NoAuth уже существует, но у него изменился тип с  на 07

2024-05-08 14:38:06.718836   4. Fixing one row check results into Google Sheet Bugs Report =>
1 cells updated.
2024-05-08 14:38:07.089261   => 4. One row check results into Google Sheet Bugs Report fixed

2024-05-08 14:38:07.091322   Баг Bid:01.04.01_004-de.de.NoAuth-07 обнаружен ранее и уже находится в 'Bugs Report Auto detect'
