Current test role - NoReg

{'width': 1280, 'height': 800}

2024-05-08 15:20:36.104349   worker_id = master

2024-05-08 15:20:36.104363   0. Allure grouping v4

2024-05-08 15:20:36.104540   START PRECONDITIONS =>

2024-05-08 15:20:36.104555   => URL after prev. preconditions - https://capital.com/de
2024-05-08 15:20:36.104565   => flag_of_bug - True
2024-05-08 15:20:36.104576   => Current URL - https://capital.com/trading/signup
2024-05-08 15:20:36.110976   Current page URL = https://capital.com/trading/signup
2024-05-08 15:20:36.113736   self.link = https://capital.com/de
2024-05-08 15:20:36.113749   driver.get(https://capital.com/de) =>
2024-05-08 15:20:38.228023   => Loaded page https://capital.com/de

2024-05-08 15:20:38.285077   => Windows size - {'width': 1280, 'height': 800}
2024-05-08 15:20:38.286621   Set windows position at (0, 0) =>
2024-05-08 15:20:38.288460   Set resolution 1280 * 800 =>
2024-05-08 15:20:38.293631   => Windows size is set to {'width': 1280, 'height': 800}

2024-05-08 15:20:39.297337   Капчи нет. Идем дальше

2024-05-08 15:20:39.297429   Работа с куками =>
2024-05-08 15:20:39.297443   Prev. role - 'NoAuth'
2024-05-08 15:20:39.297452   Current testing role - 'NoReg'

2024-05-08 15:20:39.297461   All cookies must be delete =>
2024-05-08 15:20:39.418136   => All cookies are deleted
2024-05-08 15:20:39.418174   Current page URL = https://capital.com/de
2024-05-08 15:20:39.421077   self.link = https://capital.com/
2024-05-08 15:20:39.421090   driver.get(https://capital.com/) =>
2024-05-08 15:20:41.096490   => Loaded page https://capital.com/

2024-05-08 15:20:41.102709   Step 'Click button [Accept all cookies]'
2024-05-08 15:20:41.102728   Is Visible Button [Accept all cookies]? =>
2024-05-08 15:20:41.172374   => Button [Accept all cookies] is visible
2024-05-08 15:20:41.672500   Is clickable Button [Accept all cookies] =>
2024-05-08 15:20:41.696379   => Button [Accept all cookies] is clickable
2024-05-08 15:20:41.696420   Click Button [Accept all cookies] =>
2024-05-08 15:20:41.915272   => Button [Accept all cookies] is clicked
2024-05-08 15:20:41.915322   => Accepted All Cookies

2024-05-08 15:20:42.415430   Prev. country - '?'
2024-05-08 15:20:42.415498   Cur. country - 'de'
2024-05-08 15:20:42.415511   Set 'de' country =>
2024-05-08 15:20:42.429814   => Language and Country menu is present
2024-05-08 15:20:42.445942   => Language and Country menu is visible
2024-05-08 15:20:43.751869   => Focus is moved on Language and Country menu 
2024-05-08 15:20:46.254953   => Cur url = https://capital.com/?country=de
2024-05-08 15:20:46.335829   => Country set to 'de'

2024-05-08 15:20:46.335856   Prev. language - '?'
2024-05-08 15:20:46.335866   Cur. language - 'de'
2024-05-08 15:20:46.335875   Set 'de' language =>
2024-05-08 15:20:46.347936   => Language and Country menu is present
2024-05-08 15:20:46.362806   => Language and Country menu is visible
2024-05-08 15:20:47.643985   => Focus is moved on Language and Country menu 
2024-05-08 15:20:47.652809   Move focus on de item and click =>
2024-05-08 15:20:49.180487   => Focus moved on de item and clicked
2024-05-08 15:20:49.180533   => Cur url = https://capital.com/de
2024-05-08 15:20:49.194318   => Language is set to 'de'

2024-05-08 15:20:49.194346   Prev. role - 'NoAuth'
2024-05-08 15:20:49.194356   Cur. role - 'NoReg'
2024-05-08 15:20:49.194365   => The 'NoReg' role is set

2024-05-08 15:20:49.196923   => Current URL - https://capital.com/de

2024-05-08 15:20:49.196944   => THE END PRECONDITIONS

2024-05-08 15:20:49.197126   1. Cur URL = https://capital.com/de

2024-05-08 15:20:49.199642   2. Link = https://capital.com/de
2024-05-08 15:20:49.199657   current_page = https://capital.com/de
2024-05-08 15:20:49.203747   link = https://capital.com/de
2024-05-08 15:20:49.721171   => Education menu is present in DOM
2024-05-08 15:20:49.729469   => Education menu is visible
2024-05-08 15:20:51.008248   => Focus moved to Education menu


2024-05-08 15:20:52.720308   => Shares trading sub-menu clicked
2024-05-08 15:20:53.010234   => Focus moved to 'capital*com' logo

2024-05-08 15:20:53.010291   3. Cur URL = https://capital.com/de/aktienhandel

2024-05-08 15:20:53.015733   1. Arrange_v0
2024-05-08 15:20:53.015756   current_page = https://capital.com/de/aktienhandel
2024-05-08 15:20:53.018222   link = https://capital.com/de/aktienhandel
2024-05-08 15:20:53.020621   => current_url == cur_item_link
2024-05-08 15:20:53.030060   BUTTON_START_TRADING scroll =>
2024-05-08 15:20:53.033946   BUTTON_START_TRADING is visible? =>
2024-05-08 15:20:53.049023   => BUTTON_START_TRADING is visible on the page!

2024-05-08 15:20:53.049190   2. Act_v0
2024-05-08 15:20:53.049206   Start Click button [Start Trading] =>
2024-05-08 15:20:53.054827   BUTTON_START_TRADING is clickable? =>
2024-05-08 15:20:53.066680   BUTTON_START_TRADING click =>
2024-05-08 15:20:53.114638   => BUTTON_START_TRADING clicked

2024-05-08 15:20:53.114917   3. Assert_v0
2024-05-08 15:20:53.115038   Start step Check that [Sign up] form is opened
2024-05-08 15:20:53.342709   'Sign up' form opened
2024-05-08 15:20:53.342768   Assert SIGNUP_HEADER =>
2024-05-08 15:20:53.359929   Assert SIGNUP_REF_LOGIN =>
2024-05-08 15:20:53.377884   Assert SIGNUP_PRIVACY_POLICY_ALL_2 =>
2024-05-08 15:20:53.396413   => SIGNUP_PRIVACY_POLICY_ALL
2024-05-08 15:20:53.396453   => 'Signup' form is checked
2024-05-08 15:20:53.396653   Start step Close [Sign up] form =>
2024-05-08 15:20:53.492723   => 'Signup' form closed
2024-05-08 15:20:53.773488   => Focus moved to 'capital*com' logo
