{'width': 1280, 'height': 800}

2024-05-08 15:29:42.027025   worker_id = master

2024-05-08 15:29:42.027039   0. Allure grouping v4

2024-05-08 15:29:42.027224   START PRECONDITIONS =>

2024-05-08 15:29:42.027240   => URL after prev. preconditions - https://capital.com/de
2024-05-08 15:29:42.027249   => flag_of_bug - False
2024-05-08 15:29:42.027260   => Current URL - https://capital.com/de/trade-tesla
2024-05-08 15:29:42.032673   Current page URL = https://capital.com/de/trade-tesla
2024-05-08 15:29:42.039070   self.link = https://capital.com/de
2024-05-08 15:29:42.039084   driver.get(https://capital.com/de) =>
2024-05-08 15:29:43.926979   => Loaded page https://capital.com/de

2024-05-08 15:29:43.932166   => Windows size - {'width': 1280, 'height': 800}
2024-05-08 15:29:43.933564   Set windows position at (0, 0) =>
2024-05-08 15:29:43.937162   Set resolution 1280 * 800 =>
2024-05-08 15:29:43.938826   => Windows size is set to {'width': 1280, 'height': 800}

2024-05-08 15:29:44.979779   Капчи нет. Идем дальше

2024-05-08 15:29:44.979867   Работа с куками =>

2024-05-08 15:29:44.979881   => не требуется

2024-05-08 15:29:44.979890   Prev. country - 'de'
2024-05-08 15:29:44.979900   Cur. country - 'de'
2024-05-08 15:29:44.979909   => Country set to 'de'

2024-05-08 15:29:44.979918   Prev. language - 'de'
2024-05-08 15:29:44.979926   Cur. language - 'de'
2024-05-08 15:29:44.979935   => Language is set to 'de'

2024-05-08 15:29:44.979944   Prev. role - 'NoReg'
2024-05-08 15:29:44.979952   Cur. role - 'NoReg'
2024-05-08 15:29:44.979961   => The 'NoReg' role is set

2024-05-08 15:29:44.982761   => Current URL - https://capital.com/de

2024-05-08 15:29:44.982783   => THE END PRECONDITIONS

2024-05-08 15:29:44.982824   1. Arrange_v0
2024-05-08 15:29:44.982837   current_page = https://capital.com/de
2024-05-08 15:29:44.987551   link = https://capital.com/de/trade-tesla
2024-05-08 15:29:44.989990   Current page URL = https://capital.com/de
2024-05-08 15:29:44.992422   self.link = https://capital.com/de/trade-tesla
2024-05-08 15:29:44.992440   driver.get(https://capital.com/de/trade-tesla) =>
2024-05-08 15:29:46.973575   => Loaded page https://capital.com/de/trade-tesla

2024-05-08 15:29:46.991557   2. Act_v0
2024-05-08 15:29:46.991593   BUTTON_GET_STARTED_ON_STICKY_BAR is present? =>
2024-05-08 15:29:46.996918   => BUTTON_GET_STARTED_ON_STICKY_BAR is present on the page!
2024-05-08 15:29:46.996942   BUTTON_GET_STARTED_ON_STICKY_BAR scroll =>
2024-05-08 15:29:47.059657   => BUTTON_GET_STARTED_ON_STICKY_BAR clicked!

2024-05-08 15:29:47.059878   3. Assert_v0
2024-05-08 15:29:47.059965   Start step Check that [Sign up] form is opened
2024-05-08 15:29:47.293032   'Sign up' form opened
2024-05-08 15:29:47.293081   Assert SIGNUP_HEADER =>
2024-05-08 15:29:47.310408   Assert SIGNUP_REF_LOGIN =>
2024-05-08 15:29:47.325723   Assert SIGNUP_PRIVACY_POLICY_ALL_2 =>
2024-05-08 15:29:47.344281   => SIGNUP_PRIVACY_POLICY_ALL
2024-05-08 15:29:47.344321   => 'Signup' form is checked
2024-05-08 15:29:47.344487   Start step Close [Sign up] form =>
2024-05-08 15:29:47.433074   => 'Signup' form closed
2024-05-08 15:29:47.720878   => Focus moved to 'capital*com' logo
