


Current sort - Top fallers
{'width': 1280, 'height': 800}

2024-05-08 14:48:17.233880   worker_id = master

2024-05-08 14:48:17.233898   0. Allure grouping v4

2024-05-08 14:48:17.234164   START PRECONDITIONS =>

2024-05-08 14:48:17.234188   => URL after prev. preconditions - https://capital.com/de
2024-05-08 14:48:17.234209   => flag_of_bug - False
2024-05-08 14:48:17.234227   => Current URL - https://capital.com/de/rohstoffpreise
2024-05-08 14:48:17.241878   Current page URL = https://capital.com/de/rohstoffpreise
2024-05-08 14:48:17.244279   self.link = https://capital.com/de
2024-05-08 14:48:17.244292   driver.get(https://capital.com/de) =>
2024-05-08 14:48:22.111241   => Loaded page https://capital.com/de

2024-05-08 14:48:22.115914   => Windows size - {'width': 1280, 'height': 800}
2024-05-08 14:48:22.119696   Set windows position at (0, 0) =>
2024-05-08 14:48:22.121330   Set resolution 1280 * 800 =>
2024-05-08 14:48:22.122893   => Windows size is set to {'width': 1280, 'height': 800}

2024-05-08 14:48:23.158510   Капчи нет. Идем дальше

2024-05-08 14:48:23.158601   Работа с куками =>

2024-05-08 14:48:23.158615   => не требуется

2024-05-08 14:48:23.158624   Prev. country - 'de'
2024-05-08 14:48:23.158634   Cur. country - 'de'
2024-05-08 14:48:23.158643   => Country set to 'de'

2024-05-08 14:48:23.158652   Prev. language - 'de'
2024-05-08 14:48:23.158660   Cur. language - 'de'
2024-05-08 14:48:23.158669   => Language is set to 'de'

2024-05-08 14:48:23.158678   Prev. role - 'NoReg'
2024-05-08 14:48:23.158687   Cur. role - 'NoReg'
2024-05-08 14:48:23.158695   => The 'NoReg' role is set

2024-05-08 14:48:23.161497   => Current URL - https://capital.com/de

2024-05-08 14:48:23.161518   => THE END PRECONDITIONS

2024-05-08 14:48:23.161715   START Open "Markets" menu, "Commodities" submenu =>

2024-05-08 14:48:23.161735   1. Cur URL = https://capital.com/de

2024-05-08 14:48:23.164263   2. Link = https://capital.com/de
2024-05-08 14:48:23.164278   current_page = https://capital.com/de
2024-05-08 14:48:23.166741   link = https://capital.com/de
2024-05-08 14:48:23.675850   => 'Markets' menu is present
2024-05-08 14:48:23.691380   => 'Markets' menu is visible
2024-05-08 14:48:24.969584   => Focus moved to 'Markets' menu
2024-05-08 14:48:24.975665   => 'Markets > Commodities' submenu is present
2024-05-08 14:48:26.670230   => Focus moved to 'capital*com' logo

2024-05-08 14:48:26.670277   3. Cur URL = https://capital.com/de/rohstoffpreise

2024-05-08 14:48:26.675620   1. Arrange for Trading instrument table and "Top fallers" cur_sort
2024-05-08 14:48:26.675643   current_page = https://capital.com/de/rohstoffpreise
2024-05-08 14:48:26.678116   link = https://capital.com/de/rohstoffpreise
2024-05-08 14:48:26.680460   IS TABLE_TRADING_INSTRUMENTS  present on the  page? =>
2024-05-08 14:48:26.685565   => TABLE_TRADING_INSTRUMENTS is present on the page!
2024-05-08 14:48:26.685592   IS FIELD_DROPDOWN_SORT present in the table? =>
2024-05-08 14:48:26.690636   =>  FIELD_DROPDOWN_SORT is present in the table!
2024-05-08 14:48:26.690659   Start scroll and click FIELD_DROPDOWN_SORT =>
2024-05-08 14:48:26.782432   Is item_sort_list visible on the FIELD_DROPDOWN_SORT ? =>
2024-05-08 14:48:26.814832   => item_sort_list is visible on the FIELD_DROPDOWN_SORT!
2024-05-08 14:48:26.814877   Is cur_sort "Top fallers" present in item_sort_list? =>
2024-05-08 14:48:26.862397   => cur_sort "Top fallers" is present in item_sort_list!
2024-05-08 14:48:26.862437   Start click cur_sort "Top fallers" =>
2024-05-08 14:48:27.465221   => End Click cur_sort "Top fallers"

2024-05-08 14:48:27.465267   Buttons [Buy] is visible and quantity buttons not zero? =>
2024-05-08 14:48:27.479849   => Buttons [Buy] is visible and quantity buttons not zero!

2024-05-08 14:48:27.479887   Start find two random buttons [Buy] on cur_sort "Top fallers"=>
2024-05-08 14:48:27.485957   => End find 1 random buttons [Buy] on the cur_sort "Top fallers"


2024-05-08 14:48:27.485990   Item_list = [3]
2024-05-08 14:48:27.486147   Start Checking that form [Sign up] popped up on the page =>
2024-05-08 14:48:29.042568   '[Sign up]' form was not popped up
2024-05-08 14:48:29.042769   2. Act for trading instrument and "Top fallers" cur_sort
2024-05-08 14:48:29.054226   Start click button [Buy] =>
2024-05-08 14:48:29.063962   =>   BUTTON_BUY on item with ID = 357105055839112
2024-05-08 14:48:29.063991   BUTTON_BUY on item with ID = '357105055839112' scroll into view =>
2024-05-08 14:48:29.069899   => BUTTON_SELL on item with ID = '357105055839112' scrolled into view
2024-05-08 14:48:29.069932   Check that BUTTON_BUY with item TSI clickable =>
2024-05-08 14:48:29.186828   => BUTTON_BUY is clickable
2024-05-08 14:48:29.954212   =>   BUTTON_BUY with item TSI clicked

2024-05-08 14:48:29.954446   3. Assert_v0
2024-05-08 14:48:29.954534   Start step Check that [Sign up] form is opened
2024-05-08 14:48:30.186099   'Sign up' form opened
2024-05-08 14:48:30.186150   Assert SIGNUP_HEADER =>
2024-05-08 14:48:30.196815   Assert SIGNUP_REF_LOGIN =>
2024-05-08 14:48:30.208592   Assert SIGNUP_PRIVACY_POLICY_ALL_2 =>
2024-05-08 14:48:30.218649   => SIGNUP_PRIVACY_POLICY_ALL
2024-05-08 14:48:30.218688   => 'Signup' form is checked
2024-05-08 14:48:30.218859   Start step Close [Sign up] form =>
2024-05-08 14:48:30.276614   => 'Signup' form closed
2024-05-08 14:48:30.553603   => Focus moved to 'capital*com' logo
