


Current market - Indices



Current sort - Top risers
{'width': 1280, 'height': 800}

2024-05-08 13:43:24.872314   worker_id = master

2024-05-08 13:43:24.872334   0. Allure grouping v4

2024-05-08 13:43:24.872614   START PRECONDITIONS =>

2024-05-08 13:43:24.872644   => URL after prev. preconditions - https://capital.com/de
2024-05-08 13:43:24.872659   => flag_of_bug - False
2024-05-08 13:43:24.872675   => Current URL - https://capital.com/de/alle-maerkte
2024-05-08 13:43:24.879370   Current page URL = https://capital.com/de/alle-maerkte
2024-05-08 13:43:24.881931   self.link = https://capital.com/de
2024-05-08 13:43:24.881944   driver.get(https://capital.com/de) =>
2024-05-08 13:43:26.684748   => Loaded page https://capital.com/de

2024-05-08 13:43:26.691447   => Windows size - {'width': 1280, 'height': 800}
2024-05-08 13:43:26.693131   Set windows position at (0, 0) =>
2024-05-08 13:43:26.694817   Set resolution 1280 * 800 =>
2024-05-08 13:43:26.696428   => Windows size is set to {'width': 1280, 'height': 800}

2024-05-08 13:43:27.742810   Капчи нет. Идем дальше

2024-05-08 13:43:27.742902   Работа с куками =>

2024-05-08 13:43:27.742917   => не требуется

2024-05-08 13:43:27.742927   Prev. country - 'de'
2024-05-08 13:43:27.742936   Cur. country - 'de'
2024-05-08 13:43:27.742945   => Country set to 'de'

2024-05-08 13:43:27.742954   Prev. language - 'de'
2024-05-08 13:43:27.742963   Cur. language - 'de'
2024-05-08 13:43:27.742972   => Language is set to 'de'

2024-05-08 13:43:27.742980   Prev. role - 'NoReg'
2024-05-08 13:43:27.742989   Cur. role - 'NoReg'
2024-05-08 13:43:27.742998   => The 'NoReg' role is set

2024-05-08 13:43:27.745807   => Current URL - https://capital.com/de

2024-05-08 13:43:27.745832   => THE END PRECONDITIONS

2024-05-08 13:43:27.746023   START Open "Markets" menu, "All Markets" submenu =>

2024-05-08 13:43:27.746038   1. Cur URL = https://capital.com/de

2024-05-08 13:43:27.748506   2. Link = https://capital.com/de
2024-05-08 13:43:27.748522   current_page = https://capital.com/de
2024-05-08 13:43:27.750944   link = https://capital.com/de
2024-05-08 13:43:28.261451   => 'Markets' menu is present
2024-05-08 13:43:28.276277   => 'Markets' menu is visible
2024-05-08 13:43:29.549240   => Focus moved to 'Markets' menu
2024-05-08 13:43:29.559652   => 'Markets > All Markets' submenu is present
2024-05-08 13:43:31.259420   => Focus moved to 'capital*com' logo

2024-05-08 13:43:31.259467   3. Cur URL = https://capital.com/de/alle-maerkte

2024-05-08 13:43:31.265000   1. Arrange for TABLE_TRADING_INSTRUMENTS and 'Top risers' cur_sort
2024-05-08 13:43:31.265032   current_page = https://capital.com/de/alle-maerkte
2024-05-08 13:43:31.267875   link = https://capital.com/de/alle-maerkte
2024-05-08 13:43:31.270737   TABLE_TRADING_INSTRUMENTS present on this page? =>
2024-05-08 13:43:31.276553   => TABLE_TRADING_INSTRUMENTS is present on the page!
2024-05-08 13:43:31.276575   IS MARKETS_LIST present on this page? =>
2024-05-08 13:43:31.281215   Start scroll to markets list =>
2024-05-08 13:43:31.285583   => MARKETS_LIST is present on the page!
2024-05-08 13:43:31.285608   Start scroll and click cur_market 'Indices' =>
2024-05-08 13:43:31.334741   => End Click cur_market "Indices"
2024-05-08 13:43:31.334797   IS FIELD_DROPDOWN_SORT present in the Live prices table? =>
2024-05-08 13:43:31.361796   =>  FIELD_DROPDOWN_SORT is present in the table!
2024-05-08 13:43:31.361851   Start scroll and click FIELD_DROPDOWN_SORT =>
2024-05-08 13:43:31.404689   Is item_sort_list visible on the FIELD_DROPDOWN_SORT ? =>
2024-05-08 13:43:31.419025   => item_sort_list is visible on the FIELD_DROPDOWN_SORT!
2024-05-08 13:43:31.419060   Is cur_sort "Top risers" present in item_sort_list? =>
2024-05-08 13:43:31.425556   => cur_sort "Top risers" is present in item_sort_list!
2024-05-08 13:43:31.425586   Start click cur_sort "Top risers" =>
2024-05-08 13:43:31.454092   => End Click cur_sort "Top risers"

2024-05-08 13:43:31.454134   Buttons [Buy] is visible and sum buttons no zero? =>
2024-05-08 13:43:31.517475   => Buttons [Buy] is visible and sum buttons no zero!

2024-05-08 13:43:31.517528   Start find 1 random buttons [Buy] on cur_sort "Top risers"=>
2024-05-08 13:43:31.524532   => End find 1 random buttons [Buy] on the cur_sort "Top risers"

2024-05-08 13:43:31.524587   List of random items = [6]
2024-05-08 13:43:31.524856   2. Act for trading instrument, cur_market Indices and "Top risers" cur_sort
2024-05-08 13:43:31.535650   Start click button [Buy] =>
2024-05-08 13:43:31.544621   Check that BUTTON_BUY with item 'J225' clickable =>
2024-05-08 13:43:31.562127   => BUTTON_BUY is clickable
2024-05-08 13:43:31.825792   =>   BUTTON_BUY on item 'J225' clicked

2024-05-08 13:43:31.826032   3. Assert_v0
2024-05-08 13:43:31.826123   Start step Check that [Sign up] form is opened
2024-05-08 13:43:32.114099   'Sign up' form opened
2024-05-08 13:43:32.114141   Assert SIGNUP_HEADER =>
2024-05-08 13:43:32.126409   Assert SIGNUP_REF_LOGIN =>
2024-05-08 13:43:32.136488   Assert SIGNUP_PRIVACY_POLICY_ALL_2 =>
2024-05-08 13:43:32.147240   => SIGNUP_PRIVACY_POLICY_ALL
2024-05-08 13:43:32.147289   => 'Signup' form is checked
2024-05-08 13:43:32.147485   Start step Close [Sign up] form =>
2024-05-08 13:43:32.200175   => 'Signup' form closed
2024-05-08 13:43:32.475516   => Focus moved to 'capital*com' logo
