{'width': 1280, 'height': 800}

2024-04-06 15:29:47.966365   worker_id = master

2024-04-06 15:29:47.966379   0. Allure grouping v4

2024-04-06 15:29:47.966558   START PRECONDITIONS =>

2024-04-06 15:29:47.966574   => Current URL - https://capital.com/hu/eur-aud-arfolyam

2024-04-06 15:29:47.969265   => URL after prev. preconditions - https://capital.com/hu/eur-aud-arfolyam

2024-04-06 15:29:47.969278   => flag_of_bug - True
2024-04-06 15:29:47.969292   Current page URL = https://capital.com/hu/eur-aud-arfolyam
2024-04-06 15:29:47.971871   self.link = https://capital.com/hu/eur-aud-arfolyam
2024-04-06 15:29:47.971885   link = https://capital.com/hu/eur-aud-arfolyam
2024-04-06 15:29:49.591181   => Loaded page https://capital.com/hu/eur-aud-arfolyam

2024-04-06 15:29:49.595587   => Windows size - {'width': 1280, 'height': 800}
2024-04-06 15:29:49.596940   Set windows position at (0, 0) =>
2024-04-06 15:29:49.699070   Set resolution 1280 * 800 =>
2024-04-06 15:29:49.801486   => Windows size is set to {'width': 1280, 'height': 800}

2024-04-06 15:29:50.824878   Капчи нет. Идем дальше

2024-04-06 15:29:50.824983   Работа с куками

2024-04-06 15:29:50.825006   Prev. country - 'au'
2024-04-06 15:29:50.825017   Cur. country - 'au'
2024-04-06 15:29:50.825026   => Country set to 'au'

2024-04-06 15:29:50.825035   Prev. language - 'hu'
2024-04-06 15:29:50.825044   Cur. language - 'hu'
2024-04-06 15:29:50.825052   => Language is set to 'hu'

2024-04-06 15:29:50.825061   Prev. role - 'NoReg'
2024-04-06 15:29:50.825070   Cur. role - 'NoReg'
2024-04-06 15:29:50.825078   => The 'NoReg' role is set

2024-04-06 15:29:50.828532   => Current URL - https://capital.com/hu/eur-aud-arfolyam

2024-04-06 15:29:50.828554   => THE END PRECONDITIONS

2024-04-06 15:29:50.828736   1. Arrange_v0
2024-04-06 15:29:50.828753   current_page = https://capital.com/hu/eur-aud-arfolyam
2024-04-06 15:29:50.831176   link = https://capital.com/hu/eur-aud-arfolyam
2024-04-06 15:29:50.833518   IS 'Trading calculator' widget present on this page? =>
2024-04-06 15:29:50.840987   => 'Trading calculator' widget present on this page!

2024-04-06 15:29:50.841009   IS 'Trading calculator' widget present on this page? =>
2024-04-06 15:29:50.852549   => 'Trading calculator' widget is visible on this page!

2024-04-06 15:29:50.852582   IS [Start Trading] button present on this page? =>
2024-04-06 15:29:50.860172   => [Start Trading] button present on this page!

2024-04-06 15:29:50.860194   IS [Start Trading] button present on this page? =>
2024-04-06 15:29:50.871646   => [Start Trading] button is visible on this page!

2024-04-06 15:29:50.871672   [Start Trading] button scroll =>

2024-04-06 15:29:50.875043   2. Act_v0
2024-04-06 15:29:50.875065   [Start Trading] button is clickable? =>
2024-04-06 15:29:50.903160   => [Start Trading] button is clickable!

2024-04-06 15:29:50.943171   => [Start Trading] button clicked!

2024-04-06 15:29:50.943438   3. Assert_v0
2024-04-06 15:29:50.943554   Start step Check that [Sign up] form is opened
2024-04-06 15:29:51.130464   'Sign up' form opened
2024-04-06 15:29:51.130502   Assert SIGNUP_HEADER =>
2024-04-06 15:29:51.143866   Assert SIGNUP_REF_LOGIN =>
2024-04-06 15:29:51.155159   Assert SIGNUP_PRIVACY_POLICY_ALL_2 =>
2024-04-06 15:29:51.165776   => SIGNUP_PRIVACY_POLICY_ALL
2024-04-06 15:29:51.165807   => 'Signup' form is checked
2024-04-06 15:29:51.165965   Start step Close [Sign up] form =>
2024-04-06 15:29:51.250692   => 'Signup' form closed
2024-04-06 15:29:51.539158   => Focus moved to 'capital*com' logo
