


Current language - ('it', 'banca')
{'width': 1920, 'height': 1080}

2024-09-13 23:14:07.578788   worker_id = master

2024-09-13 23:14:07.578803   0. Allure grouping for US_55

2024-09-13 23:14:07.578999   START PRECONDITIONS =>

2024-09-13 23:14:07.579016   => URL after prev. preconditions - https://capital.com/it
2024-09-13 23:14:07.579026   => flag_of_bug - True
2024-09-13 23:14:07.579038   => Current URL - https://capital.com/it/contatti
2024-09-13 23:14:07.584412   Current page URL = https://capital.com/it/contatti
2024-09-13 23:14:07.586901   self.link = https://capital.com/it
2024-09-13 23:14:07.586915   driver.get(https://capital.com/it) =>
2024-09-13 23:14:09.779529   => Loaded page https://capital.com/it

2024-09-13 23:14:09.784436   => Windows size: {'width': 1920, 'height': 1080}
2024-09-13 23:14:09.785867   Set windows position at (0, 0) =>
2024-09-13 23:14:09.787591   Set resolution 1920 * 1080 =>
2024-09-13 23:14:09.789244   => Windows size is set to {'width': 1920, 'height': 1080}

2024-09-13 23:14:14.844638   Капчи нет. Идем дальше

2024-09-13 23:14:14.844728   Работа с куками =>
2024-09-13 23:14:14.844741   Prev. role - 'Auth'
2024-09-13 23:14:14.844751   Current testing role - 'NoAuth'

2024-09-13 23:14:14.844760   All cookies must be delete =>
2024-09-13 23:14:14.918574   => All cookies are deleted
2024-09-13 23:14:14.918612   Current page URL = https://capital.com/it
2024-09-13 23:14:14.921369   self.link = https://capital.com/
2024-09-13 23:14:14.921384   driver.get(https://capital.com/) =>
2024-09-13 23:14:16.725993   => Loaded page https://capital.com/

2024-09-13 23:14:16.732577   Step 'Click button [Accept all cookies]'
2024-09-13 23:14:16.732589   Is Visible Button [Accept all cookies]? =>
2024-09-13 23:14:16.748492   => Button [Accept all cookies] is visible
2024-09-13 23:14:17.248620   Is clickable Button [Accept all cookies] =>
2024-09-13 23:14:17.264472   => Button [Accept all cookies] is clickable
2024-09-13 23:14:17.264511   Click Button [Accept all cookies] =>
2024-09-13 23:14:17.461990   => Button [Accept all cookies] is clicked
2024-09-13 23:14:17.462040   => Accepted All Cookies

2024-09-13 23:14:22.991303   Капчи нет. Идем дальше

2024-09-13 23:14:22.991396   Prev. country - '?'
2024-09-13 23:14:22.991410   Cur. country - 'de'
2024-09-13 23:14:22.991419   Set 'de' country =>
2024-09-13 23:14:23.002371   => Language and Country menu is present
2024-09-13 23:14:23.015273   => Language and Country menu is visible
2024-09-13 23:14:24.284226   => Focus is moved on Language and Country menu 
2024-09-13 23:14:26.908193   => Cur url = https://capital.com/?country=de
2024-09-13 23:14:26.920771   => Country set to 'de'

2024-09-13 23:14:31.973393   Капчи нет. Идем дальше

2024-09-13 23:14:31.973483   Prev. language - '?'
2024-09-13 23:14:31.973503   Cur. language - 'it'
2024-09-13 23:14:31.973517   Set 'it' language =>
2024-09-13 23:14:31.981392   => Language and Country menu is present
2024-09-13 23:14:31.990746   => Language and Country menu is visible
2024-09-13 23:14:33.265840   => Focus is moved on Language and Country menu 
2024-09-13 23:14:33.274656   Move focus on it item and click =>
2024-09-13 23:14:35.205679   => Focus moved on it item and clicked
2024-09-13 23:14:35.205726   => Cur url = https://capital.com/it
2024-09-13 23:14:35.218084   => Language is set to 'it'

2024-09-13 23:14:40.238361   Капчи нет. Идем дальше

2024-09-13 23:14:40.238483   Prev. role - 'Auth'
2024-09-13 23:14:40.238500   Cur. role - 'NoAuth'
2024-09-13 23:14:40.241603   Start Autorization

2024-09-13 23:14:40.241624   => Current URL - https://capital.com/it

2024-09-13 23:14:40.244244   2. Act
2024-09-13 23:14:40.244262   Start Click button [Log in] =>
2024-09-13 23:14:40.251861   BUTTON_LOGIN scroll =>
2024-09-13 23:14:40.255690   Is BUTTON_LOGIN clickable? =>
2024-09-13 23:14:40.265538   => BUTTON_LOGIN is clickable
2024-09-13 23:14:40.265578   BUTTON_LOGIN click =>
2024-09-13 23:14:40.315700   => BUTTON_LOGIN is clicked!
2024-09-13 23:14:40.315990   Check that 'Login' form is opened
2024-09-13 23:14:40.562227   'Login' form opened
2024-09-13 23:14:40.562268   Assert LOGIN_REF_SIGNUP =>
2024-09-13 23:14:40.575345   Assert LOGIN_CHECKBOX =>
2024-09-13 23:14:40.590298   Assert LOGIN_PASS_FORGOT =>
2024-09-13 23:14:40.605790   => 'Login' form is checked
2024-09-13 23:14:40.605876   => 'Login' form is opened
2024-09-13 23:14:40.815757   => "login" and "password" are inputted
2024-09-13 23:14:40.815816   Click [Continue] button on [Login] form =>
2024-09-13 23:14:40.888223   => [Continue] button on [Login] form is clicked

2024-09-13 23:14:40.888278   1. Checking that the Page opened with 'Trading Platform | Capital.com' title
2024-09-13 23:14:40.888297   Set timeout = 30
2024-09-13 23:14:40.888315   Wait Trading platform page with 'Trading Platform | Capital.com' title open =>
2024-09-13 23:14:42.870229   => Trading platform page with 'Trading Platform | Capital.com' title opened

2024-09-13 23:14:42.870328   2. Checking that the LOGO is present on the page =>
2024-09-13 23:14:47.102391   => 'capital*com' logo is present on the current page
2024-09-13 23:14:48.879764   => Driver.back
https://capital.com/it

2024-09-13 23:14:48.921864   => Current URL - https://capital.com/it
2024-09-13 23:14:48.930751   Start DeAuthorisation

2024-09-13 23:14:48.930798   => Current URL - https://capital.com/it
2024-09-13 23:14:48.934059   1. BUTTON_MY_ACCOUNT is present? =>
2024-09-13 23:14:48.943288   => BUTTON_MY_ACCOUNT is present on this page
