{'width': 1280, 'height': 800}

2024-04-21 04:58:13.339641   worker_id = master

2024-04-21 04:58:13.339655   0. Allure grouping v4

2024-04-21 04:58:13.339847   START PRECONDITIONS =>

2024-04-21 04:58:13.339863   => URL after prev. preconditions - https://capital.com/
2024-04-21 04:58:13.339873   => flag_of_bug - False
2024-04-21 04:58:13.339884   => Current URL - https://capital.com/soybean-oil-spot-commodity
2024-04-21 04:58:13.345017   Current page URL = https://capital.com/soybean-oil-spot-commodity
2024-04-21 04:58:13.347458   self.link = https://capital.com/
2024-04-21 04:58:13.347471   driver.get(https://capital.com/) =>
2024-04-21 04:58:14.993478   => Loaded page https://capital.com/

2024-04-21 04:58:14.997991   => Windows size - {'width': 1280, 'height': 800}
2024-04-21 04:58:14.999473   Set windows position at (0, 0) =>
2024-04-21 04:58:15.102762   Set resolution 1280 * 800 =>
2024-04-21 04:58:15.205058   => Windows size is set to {'width': 1280, 'height': 800}

2024-04-21 04:58:16.226642   Капчи нет. Идем дальше

2024-04-21 04:58:16.226733   Работа с куками =>

2024-04-21 04:58:16.226747   => не требуется

2024-04-21 04:58:16.226756   Prev. country - 'ae'
2024-04-21 04:58:16.226766   Cur. country - 'ae'
2024-04-21 04:58:16.226775   => Country set to 'ae'

2024-04-21 04:58:16.226784   Prev. language - 'en'
2024-04-21 04:58:16.226792   Cur. language - 'en'
2024-04-21 04:58:16.226801   => Language is set to 'en'

2024-04-21 04:58:16.226810   Prev. role - 'NoAuth'
2024-04-21 04:58:16.226818   Cur. role - 'NoAuth'
2024-04-21 04:58:16.226827   => The 'NoAuth' role is set

2024-04-21 04:58:16.229619   => Current URL - https://capital.com/

2024-04-21 04:58:16.229639   => THE END PRECONDITIONS

2024-04-21 04:58:16.229680   1. Arrange_v0
2024-04-21 04:58:16.229693   current_page = https://capital.com/
2024-04-21 04:58:16.232275   link = https://capital.com/soybean-oil-spot-commodity
2024-04-21 04:58:16.234859   Current page URL = https://capital.com/
2024-04-21 04:58:16.237322   self.link = https://capital.com/soybean-oil-spot-commodity
2024-04-21 04:58:16.237336   driver.get(https://capital.com/soybean-oil-spot-commodity) =>
2024-04-21 04:58:17.912608   => Loaded page https://capital.com/soybean-oil-spot-commodity
2024-04-21 04:58:17.918870   BUTTON_SELL is located on the page? =>
2024-04-21 04:58:17.926914   => BUTTON_SELL is located on the page!
2024-04-21 04:58:17.927078   Start Checking that form [Sign up] popped up on the page =>
2024-04-21 04:58:19.455216   '[Sign up]' form was not popped up

2024-04-21 04:58:19.455399   2. Act_v0
2024-04-21 04:58:19.460879   BUTTON_SELL is present? =>
2024-04-21 04:58:19.460902   => BUTTON_SELL is present on the page
2024-04-21 04:58:19.460911   BUTTON_SELL scroll =>
2024-04-21 04:58:19.466684   => BUTTON_SELL scrolled
2024-04-21 04:58:19.492595   BUTTON_SELL is clickable? =>
2024-04-21 04:58:19.503727   BUTTON_SELL CLICK =>
2024-04-21 04:58:19.534861   => BUTTON_SELL clicked!

2024-04-21 04:58:19.535089   3. Assert_Login_v0
2024-04-21 04:58:19.535178   Check that 'Login' form is opened
2024-04-21 04:58:19.719275   'Login' form opened
2024-04-21 04:58:19.719311   Assert LOGIN_REF_SIGNUP =>
2024-04-21 04:58:19.729865   Assert LOGIN_CHECKBOX =>
2024-04-21 04:58:19.741208   Assert LOGIN_PASS_FORGOT =>
2024-04-21 04:58:19.751840   => 'Login' form is checked
2024-04-21 04:58:19.768832   Click 'Close' button on 'Login' form =>
2024-04-21 04:58:20.117367   => Focus moved to 'capital*com' logo
2024-04-21 04:58:20.117410   => 'Login' form closed
