{'width': 1280, 'height': 800}

2024-04-21 05:59:03.078852   worker_id = master

2024-04-21 05:59:03.078866   0. Allure grouping v4

2024-04-21 05:59:03.079049   START PRECONDITIONS =>

2024-04-21 05:59:03.079064   => URL after prev. preconditions - https://capital.com/
2024-04-21 05:59:03.079074   => flag_of_bug - False
2024-04-21 05:59:03.079084   => Current URL - https://capital.com/trade-forex
2024-04-21 05:59:03.084126   Current page URL = https://capital.com/trade-forex
2024-04-21 05:59:03.086553   self.link = https://capital.com/
2024-04-21 05:59:03.086573   driver.get(https://capital.com/) =>
2024-04-21 05:59:04.819307   => Loaded page https://capital.com/

2024-04-21 05:59:04.825869   => Windows size - {'width': 1280, 'height': 800}
2024-04-21 05:59:04.827279   Set windows position at (0, 0) =>
2024-04-21 05:59:04.929181   Set resolution 1280 * 800 =>
2024-04-21 05:59:05.031207   => Windows size is set to {'width': 1280, 'height': 800}

2024-04-21 05:59:06.051111   Капчи нет. Идем дальше

2024-04-21 05:59:06.051195   Работа с куками =>

2024-04-21 05:59:06.051209   => не требуется

2024-04-21 05:59:06.051219   Prev. country - 'ae'
2024-04-21 05:59:06.051228   Cur. country - 'ae'
2024-04-21 05:59:06.051236   => Country set to 'ae'

2024-04-21 05:59:06.051245   Prev. language - 'en'
2024-04-21 05:59:06.051254   Cur. language - 'en'
2024-04-21 05:59:06.051263   => Language is set to 'en'

2024-04-21 05:59:06.051271   Prev. role - 'NoReg'
2024-04-21 05:59:06.051280   Cur. role - 'NoReg'
2024-04-21 05:59:06.051288   => The 'NoReg' role is set

2024-04-21 05:59:06.054013   => Current URL - https://capital.com/

2024-04-21 05:59:06.054034   => THE END PRECONDITIONS

2024-04-21 05:59:06.054202   1. Cur URL = https://capital.com/

2024-04-21 05:59:06.056588   2. Link = https://capital.com/
2024-04-21 05:59:06.056603   current_page = https://capital.com/
2024-04-21 05:59:06.058887   link = https://capital.com/
2024-04-21 05:59:06.567204   => Education menu is present in DOM
2024-04-21 05:59:06.572260   => Education menu is visible
2024-04-21 05:59:07.838146   => Focus moved to Education menu
2024-04-21 05:59:09.632966   => Focus moved to Forex trading sub-menu and clicked
2024-04-21 05:59:09.957379   => Focus moved to 'capital*com' logo

2024-04-21 05:59:09.957421   3. Cur URL = https://capital.com/trade-forex

2024-04-21 05:59:09.962960   1. Arrange_v0
2024-04-21 05:59:09.962985   current_page = https://capital.com/trade-forex
2024-04-21 05:59:09.965360   link = https://capital.com/trade-forex
2024-04-21 05:59:09.967698   BUTTON_BUY_IN_CONTENT_BLOCK is located on the page? =>
2024-04-21 05:59:09.978008   => BUTTON_BUY_IN_CONTENT_BLOCK is located on the page!
2024-04-21 05:59:09.978168   Start Checking that form [Sign up] popped up on the page =>
2024-04-21 05:59:11.533492   '[Sign up]' form was not popped up

2024-04-21 05:59:11.533673   2. Act_v0
2024-04-21 05:59:11.538864   BUTTON_BUY_IN_CONTENT_BLOCK is present? =>
2024-04-21 05:59:11.538886   => BUTTON_BUY_IN_CONTENT_BLOCK is present on the page
2024-04-21 05:59:11.538896   BUTTON_BUY_IN_CONTENT_BLOCK scroll =>
2024-04-21 05:59:11.545480   => BUTTON_BUY_IN_CONTENT_BLOCK scrolled
2024-04-21 05:59:11.560263   BUTTON_BUY_IN_CONTENT_BLOCK is clickable? =>
2024-04-21 05:59:11.570751   BUTTON_BUY_IN_CONTENT_BLOCK CLICK =>
2024-04-21 05:59:11.580403   => BUTTON_BUY_IN_CONTENT_BLOCK clicked!

2024-04-21 05:59:11.580598   3. Assert_v0
2024-04-21 05:59:11.580684   Start step Check that [Sign up] form is opened
2024-04-21 05:59:11.825718   'Sign up' form opened
2024-04-21 05:59:11.825762   Assert SIGNUP_HEADER =>
2024-04-21 05:59:11.836409   Assert SIGNUP_REF_LOGIN =>
2024-04-21 05:59:11.847692   Assert SIGNUP_PRIVACY_POLICY_ALL_2 =>
2024-04-21 05:59:11.857743   => SIGNUP_PRIVACY_POLICY_ALL
2024-04-21 05:59:11.857776   => 'Signup' form is checked
2024-04-21 05:59:11.857987   Start step Close [Sign up] form =>
2024-04-21 05:59:11.934199   => 'Signup' form closed
2024-04-21 05:59:12.206984   => Focus moved to 'capital*com' logo
