{'width': 1280, 'height': 800}

2024-04-21 04:50:16.937542   worker_id = master

2024-04-21 04:50:16.937567   0. Allure grouping v4

2024-04-21 04:50:16.937887   START PRECONDITIONS =>

2024-04-21 04:50:16.937908   => URL after prev. preconditions - https://capital.com/
2024-04-21 04:50:16.937922   => flag_of_bug - False
2024-04-21 04:50:16.937937   => Current URL - https://capital.com/live-commodity-prices
2024-04-21 04:50:16.943471   Current page URL = https://capital.com/live-commodity-prices
2024-04-21 04:50:16.945832   self.link = https://capital.com/
2024-04-21 04:50:16.945845   driver.get(https://capital.com/) =>
2024-04-21 04:50:21.674191   => Loaded page https://capital.com/

2024-04-21 04:50:21.678634   => Windows size - {'width': 1280, 'height': 800}
2024-04-21 04:50:21.679957   Set windows position at (0, 0) =>
2024-04-21 04:50:21.781856   Set resolution 1280 * 800 =>
2024-04-21 04:50:21.884084   => Windows size is set to {'width': 1280, 'height': 800}

2024-04-21 04:50:22.934912   Капчи нет. Идем дальше

2024-04-21 04:50:22.934997   Работа с куками =>

2024-04-21 04:50:22.935011   => не требуется

2024-04-21 04:50:22.935020   Prev. country - 'ae'
2024-04-21 04:50:22.935029   Cur. country - 'ae'
2024-04-21 04:50:22.935038   => Country set to 'ae'

2024-04-21 04:50:22.935047   Prev. language - 'en'
2024-04-21 04:50:22.935056   Cur. language - 'en'
2024-04-21 04:50:22.935065   => Language is set to 'en'

2024-04-21 04:50:22.935073   Prev. role - 'NoAuth'
2024-04-21 04:50:22.935082   Cur. role - 'NoAuth'
2024-04-21 04:50:22.935090   => The 'NoAuth' role is set

2024-04-21 04:50:22.939061   => Current URL - https://capital.com/

2024-04-21 04:50:22.939086   => THE END PRECONDITIONS

2024-04-21 04:50:22.939274   START Open "Markets" menu, "Commodities" submenu =>

2024-04-21 04:50:22.939291   1. Cur URL = https://capital.com/

2024-04-21 04:50:22.941873   2. Link = https://capital.com/
2024-04-21 04:50:22.941888   current_page = https://capital.com/
2024-04-21 04:50:22.944359   link = https://capital.com/
2024-04-21 04:50:23.453428   => 'Markets' menu is present
2024-04-21 04:50:23.466034   => 'Markets' menu is visible
2024-04-21 04:50:24.736650   => Focus moved to 'Markets' menu
2024-04-21 04:50:24.742861   => 'Markets > Commodities' submenu is present
2024-04-21 04:50:26.469419   => Focus moved to 'capital*com' logo

2024-04-21 04:50:26.469460   3. Cur URL = https://capital.com/live-commodity-prices

2024-04-21 04:50:26.474894   1. Arrange_v0
2024-04-21 04:50:26.474917   current_page = https://capital.com/live-commodity-prices
2024-04-21 04:50:26.477359   link = https://capital.com/live-commodity-prices
2024-04-21 04:50:26.479795   BUTTON_CREATE_YOUR_ACCOUNT is located on the page? =>

2024-04-21 04:50:26.487697   2. Act_v0: Define of locator

2024-04-21 04:50:26.487719   2. Act_v0: Go to web element

2024-04-21 04:50:27.537858   2. Act_v0: Click web element
2024-04-21 04:50:27.565279   => BUTTON_CREATE_YOUR_ACCOUNT is clicked

2024-04-21 04:50:27.565500   3. Assert_v0
2024-04-21 04:50:27.565589   Start step Check that [Sign up] form is opened
2024-04-21 04:50:28.017990   'Sign up' form opened
2024-04-21 04:50:28.018038   Assert SIGNUP_HEADER =>
2024-04-21 04:50:28.033293   Assert SIGNUP_REF_LOGIN =>
2024-04-21 04:50:28.049476   Assert SIGNUP_PRIVACY_POLICY_ALL_2 =>
2024-04-21 04:50:28.064602   => SIGNUP_PRIVACY_POLICY_ALL
2024-04-21 04:50:28.064636   => 'Signup' form is checked
2024-04-21 04:50:28.064800   Start step Close [Sign up] form =>
2024-04-21 04:50:28.129100   => 'Signup' form closed
2024-04-21 04:50:28.420412   => Focus moved to 'capital*com' logo
