{'width': 1280, 'height': 800}

2024-04-21 05:16:52.814207   worker_id = master

2024-04-21 05:16:52.814221   0. Allure grouping v4

2024-04-21 05:16:52.814406   START PRECONDITIONS =>

2024-04-21 05:16:52.814422   => URL after prev. preconditions - https://capital.com/
2024-04-21 05:16:52.814432   => flag_of_bug - True
2024-04-21 05:16:52.814442   => Current URL - https://capital.com/

2024-04-21 05:16:52.819892   => Windows size - {'width': 1280, 'height': 800}
2024-04-21 05:16:52.821261   Set windows position at (0, 0) =>
2024-04-21 05:16:52.923143   Set resolution 1280 * 800 =>
2024-04-21 05:16:53.025213   => Windows size is set to {'width': 1280, 'height': 800}

2024-04-21 05:16:54.060928   Капчи нет. Идем дальше

2024-04-21 05:16:54.061015   Работа с куками =>

2024-04-21 05:16:54.061030   => не требуется

2024-04-21 05:16:54.061039   Prev. country - 'ae'
2024-04-21 05:16:54.061049   Cur. country - 'ae'
2024-04-21 05:16:54.061058   => Country set to 'ae'

2024-04-21 05:16:54.061067   Prev. language - 'en'
2024-04-21 05:16:54.061076   Cur. language - 'en'
2024-04-21 05:16:54.061084   => Language is set to 'en'

2024-04-21 05:16:54.061093   Prev. role - 'NoReg'
2024-04-21 05:16:54.061102   Cur. role - 'NoReg'
2024-04-21 05:16:54.061110   => The 'NoReg' role is set

2024-04-21 05:16:54.063996   => Current URL - https://capital.com/

2024-04-21 05:16:54.064020   => THE END PRECONDITIONS

2024-04-21 05:16:54.066866   START Open "Education" menu, "Spread betting guide" submenu =>

2024-04-21 05:16:54.066888   1. Cur URL = https://capital.com/

2024-04-21 05:16:54.069464   2. Link = https://capital.com/
2024-04-21 05:16:54.069480   current_page = https://capital.com/
2024-04-21 05:16:54.073359   link = https://capital.com/
2024-04-21 05:16:54.582344   => Education menu is present in DOM
2024-04-21 05:16:54.587578   => Education menu is visible
2024-04-21 05:16:55.856037   => Focus moved to Education menu
