


Current sorting - Top risers
{'width': 1280, 'height': 800}

2024-04-21 04:33:29.508398   worker_id = master

2024-04-21 04:33:29.508412   0. Allure grouping v4

2024-04-21 04:33:29.508589   START PRECONDITIONS =>

2024-04-21 04:33:29.508604   => URL after prev. preconditions - https://capital.com/
2024-04-21 04:33:29.508614   => flag_of_bug - True
2024-04-21 04:33:29.508624   => Current URL - https://capital.com/major-world-indices?t=most
2024-04-21 04:33:29.513883   Current page URL = https://capital.com/major-world-indices?t=most
2024-04-21 04:33:29.516414   self.link = https://capital.com/
2024-04-21 04:33:29.516427   driver.get(https://capital.com/) =>
2024-04-21 04:33:31.276916   => Loaded page https://capital.com/

2024-04-21 04:33:31.281414   => Windows size - {'width': 1280, 'height': 800}
2024-04-21 04:33:31.282819   Set windows position at (0, 0) =>
2024-04-21 04:33:31.384852   Set resolution 1280 * 800 =>
2024-04-21 04:33:31.486918   => Windows size is set to {'width': 1280, 'height': 800}

2024-04-21 04:33:32.513619   Капчи нет. Идем дальше

2024-04-21 04:33:32.513705   Работа с куками =>

2024-04-21 04:33:32.513718   => не требуется

2024-04-21 04:33:32.513728   Prev. country - 'ae'
2024-04-21 04:33:32.513737   Cur. country - 'ae'
2024-04-21 04:33:32.513746   => Country set to 'ae'

2024-04-21 04:33:32.513755   Prev. language - 'en'
2024-04-21 04:33:32.513763   Cur. language - 'en'
2024-04-21 04:33:32.513772   => Language is set to 'en'

2024-04-21 04:33:32.513781   Prev. role - 'NoReg'
2024-04-21 04:33:32.513789   Cur. role - 'NoReg'
2024-04-21 04:33:32.513798   => The 'NoReg' role is set

2024-04-21 04:33:32.516515   => Current URL - https://capital.com/

2024-04-21 04:33:32.516537   => THE END PRECONDITIONS

2024-04-21 04:33:32.516710   START Open "Markets" menu, "Indices" submenu =>

2024-04-21 04:33:32.516725   1. Cur URL = https://capital.com/

2024-04-21 04:33:32.519187   2. Link = https://capital.com/
2024-04-21 04:33:32.519202   current_page = https://capital.com/
2024-04-21 04:33:32.521684   link = https://capital.com/
2024-04-21 04:33:33.032744   => 'Markets' menu is present
2024-04-21 04:33:33.047841   => 'Markets' menu is visible
2024-04-21 04:33:34.326803   => Focus moved to 'Markets' menu


2024-04-21 04:33:35.831871   => 'Indices' submenu clicked
2024-04-21 04:33:36.126535   => Focus moved to 'capital*com' logo

2024-04-21 04:33:36.126578   3. Cur URL = https://capital.com/major-world-indices

2024-04-21 04:33:36.131868   1. Arrange for Trading instrument table and "Top risers" cur_sort
2024-04-21 04:33:36.131891   current_page = https://capital.com/major-world-indices
2024-04-21 04:33:36.134260   link = https://capital.com/major-world-indices
2024-04-21 04:33:36.136630   IS TABLE_TRADING_INSTRUMENTS  present on the  page? =>
2024-04-21 04:33:36.144440   => TABLE_TRADING_INSTRUMENTS is present on the page!
2024-04-21 04:33:36.144461   IS FIELD_DROPDOWN_SORT present in the table? =>
2024-04-21 04:33:36.151325   =>  FIELD_DROPDOWN_SORT is present in the table!
2024-04-21 04:33:36.151349   Start scroll and click FIELD_DROPDOWN_SORT =>
2024-04-21 04:33:36.244245   Is item_sort_list visible on the FIELD_DROPDOWN_SORT ? =>
2024-04-21 04:33:36.295968   => item_sort_list is visible on the FIELD_DROPDOWN_SORT!
2024-04-21 04:33:36.296006   Is cur_sort "Top risers" present in item_sort_list? =>
2024-04-21 04:33:36.303970   => cur_sort "Top risers" is present in item_sort_list!
2024-04-21 04:33:36.303999   Start click cur_sort "Top risers" =>
2024-04-21 04:33:36.984997   => End Click cur_sort "Top risers"

2024-04-21 04:33:36.985046   Buttons [Buy] is visible and quantity buttons not zero? =>
2024-04-21 04:33:37.010963   => Buttons [Buy] is visible and quantity buttons not zero!

2024-04-21 04:33:37.011003   Start find two random buttons [Buy] on cur_sort "Top risers"=>
2024-04-21 04:33:37.017504   => End find 1 random buttons [Buy] on the cur_sort "Top risers"


2024-04-21 04:33:37.017533   Item_list = [7]
2024-04-21 04:33:37.017694   Start Checking that form [Sign up] popped up on the page =>
2024-04-21 04:33:38.562545   '[Sign up]' form was not popped up
2024-04-21 04:33:38.562742   2. Act for trading instrument and "Top risers" cur_sort
2024-04-21 04:33:38.580799   Start click button [Buy] =>
2024-04-21 04:33:38.591185   =>   BUTTON_BUY on item with ID = 322264281208004
2024-04-21 04:33:38.591208   BUTTON_BUY on item with ID = '322264281208004' scroll into view =>
2024-04-21 04:33:38.597353   => BUTTON_SELL on item with ID = '322264281208004' scrolled into view
2024-04-21 04:33:38.597382   Check that BUTTON_BUY with item RTY clickable =>
2024-04-21 04:33:38.723457   => BUTTON_BUY is clickable
2024-04-21 04:33:39.506618   =>   BUTTON_BUY with item RTY clicked

2024-04-21 04:33:39.506895   3. Assert_v0
2024-04-21 04:33:39.507003   Start step Check that [Sign up] form is opened
2024-04-21 04:33:39.685770   'Sign up' form opened
2024-04-21 04:33:39.685814   Assert SIGNUP_HEADER =>
2024-04-21 04:33:39.699140   Assert SIGNUP_REF_LOGIN =>
2024-04-21 04:33:39.712635   Assert SIGNUP_PRIVACY_POLICY_ALL_2 =>
2024-04-21 04:33:39.726324   => SIGNUP_PRIVACY_POLICY_ALL
2024-04-21 04:33:39.726355   => 'Signup' form is checked
2024-04-21 04:33:39.726549   Start step Close [Sign up] form =>
2024-04-21 04:33:39.814719   => 'Signup' form closed
2024-04-21 04:33:40.093249   => Focus moved to 'capital*com' logo
