{'width': 1280, 'height': 800}

2024-04-21 04:19:46.981724   worker_id = master

2024-04-21 04:19:46.981737   0. Allure grouping v4

2024-04-21 04:19:46.981907   START PRECONDITIONS =>

2024-04-21 04:19:46.981922   => URL after prev. preconditions - https://capital.com/
2024-04-21 04:19:46.981932   => flag_of_bug - False
2024-04-21 04:19:46.981942   => Current URL - https://capital.com/mexican-peso-yen-rate
2024-04-21 04:19:46.987030   Current page URL = https://capital.com/mexican-peso-yen-rate
2024-04-21 04:19:46.989506   self.link = https://capital.com/
2024-04-21 04:19:46.989519   driver.get(https://capital.com/) =>
2024-04-21 04:19:48.621224   => Loaded page https://capital.com/

2024-04-21 04:19:48.627219   => Windows size - {'width': 1280, 'height': 800}
2024-04-21 04:19:48.628563   Set windows position at (0, 0) =>
2024-04-21 04:19:48.730984   Set resolution 1280 * 800 =>
2024-04-21 04:19:48.833024   => Windows size is set to {'width': 1280, 'height': 800}

2024-04-21 04:19:49.854716   Капчи нет. Идем дальше

2024-04-21 04:19:49.854796   Работа с куками =>

2024-04-21 04:19:49.854810   => не требуется

2024-04-21 04:19:49.854820   Prev. country - 'ae'
2024-04-21 04:19:49.854829   Cur. country - 'ae'
2024-04-21 04:19:49.854839   => Country set to 'ae'

2024-04-21 04:19:49.854847   Prev. language - 'en'
2024-04-21 04:19:49.854856   Cur. language - 'en'
2024-04-21 04:19:49.854865   => Language is set to 'en'

2024-04-21 04:19:49.854873   Prev. role - 'NoAuth'
2024-04-21 04:19:49.854882   Cur. role - 'NoAuth'
2024-04-21 04:19:49.854890   => The 'NoAuth' role is set

2024-04-21 04:19:49.857603   => Current URL - https://capital.com/

2024-04-21 04:19:49.857623   => THE END PRECONDITIONS

2024-04-21 04:19:49.857795   1. Arrange_v0
2024-04-21 04:19:49.857812   current_page = https://capital.com/
2024-04-21 04:19:49.860384   link = https://capital.com/mexican-peso-yen-rate
2024-04-21 04:19:49.862745   Current page URL = https://capital.com/
2024-04-21 04:19:49.865294   self.link = https://capital.com/mexican-peso-yen-rate
2024-04-21 04:19:49.865308   driver.get(https://capital.com/mexican-peso-yen-rate) =>
2024-04-21 04:19:51.514191   => Loaded page https://capital.com/mexican-peso-yen-rate
2024-04-21 04:19:51.528373   Is button BUTTON_VIEW_DETAILED_CHART present on the page? =>
2024-04-21 04:19:51.528403   => BUTTON_VIEW_DETAILED_CHART is present on the page
2024-04-21 04:19:51.528413   BUTTON_VIEW_DETAILED_CHART scroll =>
2024-04-21 04:19:51.531769   => BUTTON_VIEW_DETAILED_CHART scrolled
2024-04-21 04:19:51.531931   Start Checking that form [Sign up] popped up on the page =>
2024-04-21 04:19:53.060675   '[Sign up]' form was not popped up

2024-04-21 04:19:53.060849   2. Act_v0
2024-04-21 04:19:53.060865   Start Click button [View Detailed Chart] =>
2024-04-21 04:19:53.076048   BUTTON_VIEW_DETAILED_CHART is clickable =>
2024-04-21 04:19:53.108001 => BUTTON_VIEW_DETAILED_CHART clicked

2024-04-21 04:19:53.108275   3. Assert_Login_v0
2024-04-21 04:19:53.108396   Check that 'Login' form is opened
2024-04-21 04:19:53.277961   'Login' form opened
2024-04-21 04:19:53.278008   Assert LOGIN_REF_SIGNUP =>
2024-04-21 04:19:53.289172   Assert LOGIN_CHECKBOX =>
2024-04-21 04:19:53.300861   Assert LOGIN_PASS_FORGOT =>
2024-04-21 04:19:53.311159   => 'Login' form is checked
2024-04-21 04:19:53.329841   Click 'Close' button on 'Login' form =>
2024-04-21 04:19:53.676212   => Focus moved to 'capital*com' logo
2024-04-21 04:19:53.676252   => 'Login' form closed
