{'width': 1280, 'height': 800}

2024-04-21 06:59:07.981868   worker_id = master

2024-04-21 06:59:07.981882   0. Allure grouping v4

2024-04-21 06:59:07.982056   START PRECONDITIONS =>

2024-04-21 06:59:07.982071   => URL after prev. preconditions - https://capital.com/
2024-04-21 06:59:07.982080   => flag_of_bug - False
2024-04-21 06:59:07.982090   => Current URL - https://capital.com/day-trading
2024-04-21 06:59:07.987644   Current page URL = https://capital.com/day-trading
2024-04-21 06:59:07.990236   self.link = https://capital.com/
2024-04-21 06:59:07.990250   driver.get(https://capital.com/) =>
2024-04-21 06:59:09.882221   => Loaded page https://capital.com/

2024-04-21 06:59:09.886506   => Windows size - {'width': 1280, 'height': 800}
2024-04-21 06:59:09.887842   Set windows position at (0, 0) =>
2024-04-21 06:59:09.989945   Set resolution 1280 * 800 =>
2024-04-21 06:59:10.092276   => Windows size is set to {'width': 1280, 'height': 800}

2024-04-21 06:59:11.113788   Капчи нет. Идем дальше

2024-04-21 06:59:11.113867   Работа с куками =>

2024-04-21 06:59:11.113880   => не требуется

2024-04-21 06:59:11.113890   Prev. country - 'ae'
2024-04-21 06:59:11.113899   Cur. country - 'ae'
2024-04-21 06:59:11.113907   => Country set to 'ae'

2024-04-21 06:59:11.113916   Prev. language - 'en'
2024-04-21 06:59:11.113925   Cur. language - 'en'
2024-04-21 06:59:11.113934   => Language is set to 'en'

2024-04-21 06:59:11.113942   Prev. role - 'NoReg'
2024-04-21 06:59:11.113951   Cur. role - 'NoReg'
2024-04-21 06:59:11.113959   => The 'NoReg' role is set

2024-04-21 06:59:11.116796   => Current URL - https://capital.com/

2024-04-21 06:59:11.116817   => THE END PRECONDITIONS

2024-04-21 06:59:11.116994   1. Arrange_v3
2024-04-21 06:59:11.117010   current_page = https://capital.com/
2024-04-21 06:59:11.119590   link = https://capital.com/day-trading
2024-04-21 06:59:11.122081   Current page URL = https://capital.com/
2024-04-21 06:59:11.124513   self.link = https://capital.com/day-trading
2024-04-21 06:59:11.124527   driver.get(https://capital.com/day-trading) =>
2024-04-21 06:59:12.746292   => Loaded page https://capital.com/day-trading
2024-04-21 06:59:12.750850   Is visible BUTTON_START_TRADING_IN_ARTICLE? =>
2024-04-21 06:59:12.750864   => BUTTON_START_TRADING_IN_ARTICLE =>

2024-04-21 06:59:12.759016   2. Act_v3
2024-04-21 06:59:12.759042   Start Click button BUTTON_START_TRADING_IN_ARTICLE =>
2024-04-21 06:59:12.812167   => BUTTON_START_TRADING_IN_ARTICLE is clicked

2024-04-21 06:59:12.812371   3. Assert_v0
2024-04-21 06:59:12.812458   Start step Check that [Sign up] form is opened
2024-04-21 06:59:14.356836   'Sign up' form opened
2024-04-21 06:59:14.356878   Assert SIGNUP_HEADER =>
2024-04-21 06:59:14.367661   Assert SIGNUP_REF_LOGIN =>
2024-04-21 06:59:14.377875   Assert SIGNUP_PRIVACY_POLICY_ALL_2 =>
2024-04-21 06:59:14.388751   => SIGNUP_PRIVACY_POLICY_ALL
2024-04-21 06:59:14.388778   => 'Signup' form is checked
2024-04-21 06:59:14.388937   Start step Close [Sign up] form =>
2024-04-21 06:59:14.434182   => 'Signup' form closed
2024-04-21 06:59:14.710640   => Focus moved to 'capital*com' logo
