{'width': 1280, 'height': 800}

2024-04-21 05:38:31.915151   worker_id = master

2024-04-21 05:38:31.915164   0. Allure grouping v4

2024-04-21 05:38:31.915341   START PRECONDITIONS =>

2024-04-21 05:38:31.915356   => URL after prev. preconditions - https://capital.com/
2024-04-21 05:38:31.915366   => flag_of_bug - True
2024-04-21 05:38:31.915376   => Current URL - https://capital.com/trade-alibaba
2024-04-21 05:38:31.920708   Current page URL = https://capital.com/trade-alibaba
2024-04-21 05:38:31.923267   self.link = https://capital.com/
2024-04-21 05:38:31.923280   driver.get(https://capital.com/) =>
2024-04-21 05:38:33.603505   => Loaded page https://capital.com/

2024-04-21 05:38:33.608077   => Windows size - {'width': 1280, 'height': 800}
2024-04-21 05:38:33.609353   Set windows position at (0, 0) =>
2024-04-21 05:38:33.711414   Set resolution 1280 * 800 =>
2024-04-21 05:38:33.813501   => Windows size is set to {'width': 1280, 'height': 800}

2024-04-21 05:38:34.833983   Капчи нет. Идем дальше

2024-04-21 05:38:34.834062   Работа с куками =>

2024-04-21 05:38:34.834075   => не требуется

2024-04-21 05:38:34.834085   Prev. country - 'ae'
2024-04-21 05:38:34.834094   Cur. country - 'ae'
2024-04-21 05:38:34.834103   => Country set to 'ae'

2024-04-21 05:38:34.834112   Prev. language - 'en'
2024-04-21 05:38:34.834121   Cur. language - 'en'
2024-04-21 05:38:34.834129   => Language is set to 'en'

2024-04-21 05:38:34.834138   Prev. role - 'NoAuth'
2024-04-21 05:38:34.834147   Cur. role - 'NoAuth'
2024-04-21 05:38:34.834156   => The 'NoAuth' role is set

2024-04-21 05:38:34.837974   => Current URL - https://capital.com/

2024-04-21 05:38:34.837996   => THE END PRECONDITIONS

2024-04-21 05:38:34.838041   1. Arrange_v0
2024-04-21 05:38:34.838055   current_page = https://capital.com/
2024-04-21 05:38:34.840425   link = https://capital.com/trade-alibaba
2024-04-21 05:38:34.842742   Current page URL = https://capital.com/
2024-04-21 05:38:34.845015   self.link = https://capital.com/trade-alibaba
2024-04-21 05:38:34.845029   driver.get(https://capital.com/trade-alibaba) =>
2024-04-21 05:38:36.635098   => Loaded page https://capital.com/trade-alibaba
2024-04-21 05:38:36.642007   BUTTON_BUY_IN_CONTENT_BLOCK is located on the page? =>
2024-04-21 05:38:36.649979   => BUTTON_BUY_IN_CONTENT_BLOCK is located on the page!
2024-04-21 05:38:36.650149   Start Checking that form [Sign up] popped up on the page =>
2024-04-21 05:38:38.179431   '[Sign up]' form was not popped up

2024-04-21 05:38:38.179615   2. Act_v0
2024-04-21 05:38:38.184554   BUTTON_BUY_IN_CONTENT_BLOCK is present? =>
2024-04-21 05:38:38.184577   => BUTTON_BUY_IN_CONTENT_BLOCK is present on the page
2024-04-21 05:38:38.184586   BUTTON_BUY_IN_CONTENT_BLOCK scroll =>
2024-04-21 05:38:38.195970   => BUTTON_BUY_IN_CONTENT_BLOCK scrolled
2024-04-21 05:38:38.219073   BUTTON_BUY_IN_CONTENT_BLOCK is clickable? =>
2024-04-21 05:38:38.229178   BUTTON_BUY_IN_CONTENT_BLOCK CLICK =>
2024-04-21 05:38:38.239226   => BUTTON_BUY_IN_CONTENT_BLOCK clicked!

2024-04-21 05:38:38.239480   3. Assert_Login_v0
2024-04-21 05:38:38.239587   Check that 'Login' form is opened
2024-04-21 05:38:41.325757   'Login' form not opened
2024-04-21 05:38:41.325931   Check that new 'Login' form is opened
2024-04-21 05:38:44.392146   => New 'Login' form not opened
2024-04-21 05:38:44.394864   'Login' page not opened
2024-04-21 05:38:47.446925   'Login' form on trading platform not opened
2024-04-21 05:38:47.447116   Start step Check that [Sign up] form is opened
2024-04-21 05:38:47.457300   'Sign up' form opened
2024-04-21 05:38:47.457324   Assert SIGNUP_HEADER =>
2024-04-21 05:38:47.466503   Assert SIGNUP_REF_LOGIN =>
2024-04-21 05:38:47.475773   Assert SIGNUP_PRIVACY_POLICY_ALL_2 =>
2024-04-21 05:38:47.484854   => SIGNUP_PRIVACY_POLICY_ALL
2024-04-21 05:38:47.484877   => 'Signup' form is checked

Bug: Bid:11.02.02.01_04-en.ae.NoAuth

2024-04-21 05:38:47.484928   Проверка бага в таблице ретеста  =>

2024-04-21 05:38:47.754173   4. Fixing one row check results into Google Sheet Bugs Report =>
1 cells updated.
2024-04-21 05:38:47.899207   => 4. One row check results into Google Sheet Bugs Report fixed

2024-04-21 05:38:48.837914   4. Fixing one row check results into Google Sheet Bugs Report =>
1 cells updated.
2024-04-21 05:38:49.068976   => 4. One row check results into Google Sheet Bugs Report fixed

2024-04-21 05:38:49.070920   Баг Bid:11.02.02.01_04-en.ae.NoAuth-05 обнаружен ранее и уже находится в 'Bugs Report Auto detect'
