{'width': 1280, 'height': 720}

2023-12-26 05:01:52.436540   worker_id = master

2023-12-26 05:01:52.436557   0. Allure grouping v4


2023-12-26 05:01:52.436705   START PRECONDITIONS =>


2023-12-26 05:01:52.436719   {'width': 1280, 'height': 720}

2023-12-26 05:01:52.438025   Set windows position at (320, 180) =>

2023-12-26 05:01:52.540107   Set resolution 1280 * 720 =>

2023-12-26 05:01:52.644148   => Resolution seted {'width': 1280, 'height': 720}

2023-12-26 05:01:56.672607   Капчи нет. Тестим дальше

2023-12-26 05:01:56.672655   Prev. Role: NoAuth

2023-12-26 05:01:56.672664   Current role: NoAuth

2023-12-26 05:01:56.672673   Prev language: de

2023-12-26 05:01:56.672681   => Current language: de

2023-12-26 05:01:56.672688   Prev country: ae

2023-12-26 05:01:56.672696   => Current country: ae

2023-12-26 05:01:56.672704   => THE END PRECONDITIONS

2023-12-26 05:01:56.672761   1. Arrange_v0
2023-12-26 05:01:56.675743   BUTTON_CREATE_YOUR_ACCOUNT is located on the page? =>

2023-12-26 05:01:56.683852   2. Act_v0
2023-12-26 05:01:56.843925   => BUTTON_CREATE_YOUR_ACCOUNT is clicked

2023-12-26 05:01:56.844186   3. Assert_v0
2023-12-26 05:01:56.844293   Start step Check that [Sign up] form is opened
2023-12-26 05:01:56.859429   'Sign up' form opened
2023-12-26 05:01:56.859461   Assert SIGNUP_HEADER =>
2023-12-26 05:01:56.872247   Assert SIGNUP_REF_LOGIN =>
2023-12-26 05:01:56.885131   Assert SIGNUP_PRIVACY_POLICY_ALL_2 =>
2023-12-26 05:01:56.897915   => SIGNUP_PRIVACY_POLICY_ALL
2023-12-26 05:01:56.897952   => 'Signup' form is checked
2023-12-26 05:01:56.898117   Start step Close [Sign up] form =>
2023-12-26 05:01:57.020110   => 'Signup' form closed
