{'width': 1280, 'height': 720}

2024-01-19 12:11:54.101159   worker_id = master

2024-01-19 12:11:54.101199   0. Allure grouping v4


2024-01-19 12:11:54.101502   START PRECONDITIONS =>


2024-01-19 12:11:54.101525   {'width': 1280, 'height': 720}

2024-01-19 12:11:54.103105   Set windows position at (0, 0) =>

2024-01-19 12:11:54.205168   Set resolution 1280 * 720 =>

2024-01-19 12:11:54.307198   => Resolution seted {'width': 1280, 'height': 720}

2024-01-19 12:11:59.341057   Капчи нет. Тестим дальше

2024-01-19 12:11:59.341145   Prev. Role: Auth

2024-01-19 12:11:59.341157   Current role: Auth

2024-01-19 12:11:59.341165   Prev language: en

2024-01-19 12:11:59.341173   => Current language: en

2024-01-19 12:11:59.341206   Prev country: de

2024-01-19 12:11:59.341216   => Current country: de

2024-01-19 12:11:59.341224   => THE END PRECONDITIONS

2024-01-19 12:11:59.341257   1. Arrange_v0
2024-01-19 12:11:59.344106   BUTTON_TRY_DEMO is visible? =>
2024-01-19 12:11:59.358063   => BUTTON_TRY_DEMO is visible on the page!

2024-01-19 12:11:59.358185   2. Act_v0
2024-01-19 12:11:59.358199   BUTTON_TRY_DEMO is present? =>
2024-01-19 12:11:59.365563   => BUTTON_TRY_DEMO is present on the page!
2024-01-19 12:11:59.365583   BUTTON_TRY_DEMO scroll =>
2024-01-19 12:11:59.398499   => BUTTON_TRY_DEMO clicked!

2024-01-19 12:11:59.398690   3. Assert_v4
2024-01-19 12:11:59.398778   Checking that the trading platform page has opened (v4) =>
2024-01-19 12:11:59.911023   => Current page title: Trading Platform | Capital.com
2024-01-19 12:11:59.911149   Checking that the Trading platform LOGO is present on the page =>
2024-01-19 12:12:00.899418   Checking that the Trading platform opened in DEMO mode =>
2024-01-19 12:12:00.923021   => The page with https://capital.com/recency-bias url was opened in DEMO mode
2024-01-19 12:12:01.674918   Load page https://capital.com/recency-bias
