{'width': 1280, 'height': 800}

2024-04-15 14:10:50.230074   worker_id = master

2024-04-15 14:10:50.230089   0. Allure grouping v4

2024-04-15 14:10:50.230282   START PRECONDITIONS =>

2024-04-15 14:10:50.230298   => URL after prev. preconditions - https://capital.com/ru
2024-04-15 14:10:50.230308   => flag_of_bug - True
2024-04-15 14:10:50.230319   => Current URL - https://capital.com/ru/torgovlya-apple-cfd
2024-04-15 14:10:50.239870   Current page URL = https://capital.com/ru/torgovlya-apple-cfd
2024-04-15 14:10:50.242394   self.link = https://capital.com/ru
2024-04-15 14:10:50.242408   driver.get(https://capital.com/ru) =>
2024-04-15 14:10:52.139885   => Loaded page https://capital.com/ru

2024-04-15 14:10:52.144410   => Windows size - {'width': 1280, 'height': 800}
2024-04-15 14:10:52.145868   Set windows position at (0, 0) =>
2024-04-15 14:10:52.248233   Set resolution 1280 * 800 =>
2024-04-15 14:10:52.352163   => Windows size is set to {'width': 1280, 'height': 800}

2024-04-15 14:10:53.402046   Капчи нет. Идем дальше

2024-04-15 14:10:53.402142   Работа с куками =>

2024-04-15 14:10:53.402157   => не требуется

2024-04-15 14:10:53.402166   Prev. country - 'au'
2024-04-15 14:10:53.402176   Cur. country - 'au'
2024-04-15 14:10:53.402185   => Country set to 'au'

2024-04-15 14:10:53.402194   Prev. language - 'ru'
2024-04-15 14:10:53.402203   Cur. language - 'ru'
2024-04-15 14:10:53.402212   => Language is set to 'ru'

2024-04-15 14:10:53.402220   Prev. role - 'NoAuth'
2024-04-15 14:10:53.402229   Cur. role - 'NoAuth'
2024-04-15 14:10:53.402238   => The 'NoAuth' role is set

2024-04-15 14:10:53.405113   => Current URL - https://capital.com/ru

2024-04-15 14:10:53.405139   => THE END PRECONDITIONS

2024-04-15 14:10:53.405342   1. Arrange_v4
2024-04-15 14:10:53.405359   current_page = https://capital.com/ru
2024-04-15 14:10:53.407926   link = https://capital.com/ru/torgovlya-apple-cfd
2024-04-15 14:10:53.410426   Current page URL = https://capital.com/ru
2024-04-15 14:10:53.412911   self.link = https://capital.com/ru/torgovlya-apple-cfd
2024-04-15 14:10:53.412925   driver.get(https://capital.com/ru/torgovlya-apple-cfd) =>
2024-04-15 14:10:55.282825   => Loaded page https://capital.com/ru/torgovlya-apple-cfd
2024-04-15 14:10:55.291607   MOST_TRADED is present? =>
2024-04-15 14:10:55.305497   => MOST_TRADED widget is present on this page
2024-04-15 14:10:55.305536   => Found 5 elements in block MOST_TRADED
2024-04-15 14:10:55.305553   Most traded widget is scroll =>
2024-04-15 14:10:55.309501   => Most traded widget is scrolled into screen center

2024-04-15 14:10:55.309547   Random indexes = [3]

2024-04-15 14:10:55.309563   Testing Most traded 1 random element with 3 index

2024-04-15 14:10:55.309719   2. Act_v4
2024-04-15 14:10:55.309823   Start Checking that form [Sign up] popped up on the page =>
2024-04-15 14:10:56.822917   '[Sign up]' form was not popped up
2024-04-15 14:10:56.842555   instrument_title = 'Coinbase Global Inc'
2024-04-15 14:10:56.848303   Selected Trade button on Most traded widget is scroll =>
2024-04-15 14:10:56.856126   Selected Trade button click for 'Coinbase Global Inc' trading instrument =>
2024-04-15 14:10:57.927686   => Selected Trade button clicked!

2024-04-15 14:10:57.927962   3. Assert_Login_v0
2024-04-15 14:10:57.928073   Check that 'Login' form is opened
2024-04-15 14:10:58.164581   'Login' form opened
2024-04-15 14:10:58.164637   Assert LOGIN_REF_SIGNUP =>
2024-04-15 14:10:58.289983   Assert LOGIN_CHECKBOX =>
2024-04-15 14:10:58.309572   Assert LOGIN_PASS_FORGOT =>
2024-04-15 14:10:58.329990   => 'Login' form is checked
2024-04-15 14:10:58.358285   Click 'Close' button on 'Login' form =>
2024-04-15 14:10:58.703910   => Focus moved to 'capital*com' logo
2024-04-15 14:10:58.703958   => 'Login' form closed
