{'width': 1280, 'height': 800}

2024-04-15 13:16:46.019546   worker_id = master

2024-04-15 13:16:46.019560   0. Allure grouping v4

2024-04-15 13:16:46.019739   START PRECONDITIONS =>

2024-04-15 13:16:46.019754   => URL after prev. preconditions - https://capital.com/ru
2024-04-15 13:16:46.019764   => flag_of_bug - False
2024-04-15 13:16:46.019775   => Current URL - https://capital.com/ru/gbp-aud-stavka
2024-04-15 13:16:46.024803   Current page URL = https://capital.com/ru/gbp-aud-stavka
2024-04-15 13:16:46.027199   self.link = https://capital.com/ru
2024-04-15 13:16:46.027213   driver.get(https://capital.com/ru) =>
2024-04-15 13:16:47.982562   => Loaded page https://capital.com/ru

2024-04-15 13:16:47.986711   => Windows size - {'width': 1280, 'height': 800}
2024-04-15 13:16:47.988071   Set windows position at (0, 0) =>
2024-04-15 13:16:48.090191   Set resolution 1280 * 800 =>
2024-04-15 13:16:48.192432   => Windows size is set to {'width': 1280, 'height': 800}

2024-04-15 13:16:49.227615   Капчи нет. Идем дальше

2024-04-15 13:16:49.227703   Работа с куками =>

2024-04-15 13:16:49.227716   => не требуется

2024-04-15 13:16:49.227726   Prev. country - 'au'
2024-04-15 13:16:49.227736   Cur. country - 'au'
2024-04-15 13:16:49.227745   => Country set to 'au'

2024-04-15 13:16:49.227754   Prev. language - 'ru'
2024-04-15 13:16:49.227762   Cur. language - 'ru'
2024-04-15 13:16:49.227771   => Language is set to 'ru'

2024-04-15 13:16:49.227780   Prev. role - 'NoReg'
2024-04-15 13:16:49.227788   Cur. role - 'NoReg'
2024-04-15 13:16:49.227797   => The 'NoReg' role is set

2024-04-15 13:16:49.232181   => Current URL - https://capital.com/ru

2024-04-15 13:16:49.232204   => THE END PRECONDITIONS

2024-04-15 13:16:49.232389   1. Arrange_v0
2024-04-15 13:16:49.232407   current_page = https://capital.com/ru
2024-04-15 13:16:49.234919   link = https://capital.com/ru/gbp-aud-stavka
2024-04-15 13:16:49.237281   Current page URL = https://capital.com/ru
2024-04-15 13:16:49.239681   self.link = https://capital.com/ru/gbp-aud-stavka
2024-04-15 13:16:49.239694   driver.get(https://capital.com/ru/gbp-aud-stavka) =>
2024-04-15 13:16:51.064315   => Loaded page https://capital.com/ru/gbp-aud-stavka
2024-04-15 13:16:51.068721   BUTTON_CREATE_YOUR_ACCOUNT is located on the page? =>

2024-04-15 13:16:51.077324   2. Act_v0: Define of locator

2024-04-15 13:16:51.077352   2. Act_v0: Go to web element

2024-04-15 13:16:52.132328   2. Act_v0: Click web element
2024-04-15 13:16:52.159723   => BUTTON_CREATE_YOUR_ACCOUNT is clicked

2024-04-15 13:16:52.159940   3. Assert_v0
2024-04-15 13:16:52.160030   Start step Check that [Sign up] form is opened
2024-04-15 13:16:53.109357   'Sign up' form opened
2024-04-15 13:16:53.109397   Assert SIGNUP_HEADER =>
2024-04-15 13:16:53.119972   Assert SIGNUP_REF_LOGIN =>
2024-04-15 13:16:53.130711   Assert SIGNUP_PRIVACY_POLICY_ALL_2 =>
2024-04-15 13:16:53.140597   => SIGNUP_PRIVACY_POLICY_ALL
2024-04-15 13:16:53.140627   => 'Signup' form is checked
2024-04-15 13:16:53.140794   Start step Close [Sign up] form =>
2024-04-15 13:16:53.230014   => 'Signup' form closed
2024-04-15 13:16:53.497265   => Focus moved to 'capital*com' logo

2024-04-15 13:16:53.660457   *** end fixture Browser = teardown ***

