{'width': 1280, 'height': 800}

2024-04-15 14:29:37.461186   worker_id = master

2024-04-15 14:29:37.461199   0. Allure grouping v4

2024-04-15 14:29:37.461377   START PRECONDITIONS =>

2024-04-15 14:29:37.461393   => URL after prev. preconditions - https://capital.com/ru
2024-04-15 14:29:37.461402   => flag_of_bug - False
2024-04-15 14:29:37.461414   => Current URL - https://capital.com/ru/torgovlya-cfd-serebro
2024-04-15 14:29:37.466501   Current page URL = https://capital.com/ru/torgovlya-cfd-serebro
2024-04-15 14:29:37.468980   self.link = https://capital.com/ru
2024-04-15 14:29:37.468994   driver.get(https://capital.com/ru) =>
2024-04-15 14:29:39.488199   => Loaded page https://capital.com/ru

2024-04-15 14:29:39.493007   => Windows size - {'width': 1280, 'height': 800}
2024-04-15 14:29:39.494337   Set windows position at (0, 0) =>
2024-04-15 14:29:39.596713   Set resolution 1280 * 800 =>
2024-04-15 14:29:39.699153   => Windows size is set to {'width': 1280, 'height': 800}

2024-04-15 14:29:40.735482   Капчи нет. Идем дальше

2024-04-15 14:29:40.735566   Работа с куками =>

2024-04-15 14:29:40.735581   => не требуется

2024-04-15 14:29:40.735590   Prev. country - 'au'
2024-04-15 14:29:40.735600   Cur. country - 'au'
2024-04-15 14:29:40.735609   => Country set to 'au'

2024-04-15 14:29:40.735618   Prev. language - 'ru'
2024-04-15 14:29:40.735627   Cur. language - 'ru'
2024-04-15 14:29:40.735636   => Language is set to 'ru'

2024-04-15 14:29:40.735645   Prev. role - 'NoAuth'
2024-04-15 14:29:40.735653   Cur. role - 'NoAuth'
2024-04-15 14:29:40.735662   => The 'NoAuth' role is set

2024-04-15 14:29:40.740151   => Current URL - https://capital.com/ru

2024-04-15 14:29:40.740175   => THE END PRECONDITIONS

2024-04-15 14:29:40.740226   1. Arrange
2024-04-15 14:29:40.740241   current_page = https://capital.com/ru
2024-04-15 14:29:40.742871   link = https://capital.com/ru/torgovlya-cfd-serebro

2024-04-15 14:29:40.745389   Open page: https://capital.com/ru/torgovlya-cfd-serebro
2024-04-15 14:29:40.745410   Current page URL = https://capital.com/ru
2024-04-15 14:29:40.747951   self.link = https://capital.com/ru/torgovlya-cfd-serebro
2024-04-15 14:29:40.747965   driver.get(https://capital.com/ru/torgovlya-cfd-serebro) =>
2024-04-15 14:29:42.668405   => Loaded page https://capital.com/ru/torgovlya-cfd-serebro
2024-04-15 14:29:42.675436   BUTTON_ON_HOR_BANNER is present? =>
2024-04-15 14:29:42.683629   => BUTTON_ON_HOR_BANNER is present on this page
2024-04-15 14:29:42.683664   BUTTON_ON_HOR_BANNER scroll =>
2024-04-15 14:29:42.686865   BUTTON_ON_HOR_BANNER is visible? =>
2024-04-15 14:29:42.735757   => BUTTON_ON_HOR_BANNER is visible on the page!
2024-04-15 14:29:42.735946   Start Checking that form [Sign up] popped up on the page =>
2024-04-15 14:29:44.269291   '[Sign up]' form was not popped up

2024-04-15 14:29:44.269476   2. Act

2024-04-15 14:29:44.284225   => Button on Horizontal banner is clickable

2024-04-15 14:29:44.289040   data_id = 392
2024-04-15 14:29:44.319908   => BUTTON_ON_HOR_BANNER clicked!

2024-04-15 14:29:44.320123   3. Assert_Login_v0
2024-04-15 14:29:44.320206   Check that 'Login' form is opened
2024-04-15 14:29:47.392167   'Login' form not opened
2024-04-15 14:29:47.392357   Check that new 'Login' form is opened
2024-04-15 14:29:50.494938   => New 'Login' form not opened
2024-04-15 14:29:50.497771   'Login' page not opened
2024-04-15 14:29:53.596410   'Login' form on trading platform not opened
2024-04-15 14:29:53.596611   Start step Check that [Sign up] form is opened
2024-04-15 14:29:53.609608   'Sign up' form opened
2024-04-15 14:29:53.609632   Assert SIGNUP_HEADER =>
2024-04-15 14:29:53.624468   Assert SIGNUP_REF_LOGIN =>
2024-04-15 14:29:53.636651   Assert SIGNUP_PRIVACY_POLICY_ALL_2 =>
2024-04-15 14:29:53.651264   => SIGNUP_PRIVACY_POLICY_ALL
2024-04-15 14:29:53.651287   => 'Signup' form is checked

Bug: Bid:11.02.03.01_09-ru.au.NoAuth

2024-04-15 14:29:53.651339   Проверка бага в таблице ретеста  =>

2024-04-15 14:29:54.306501   4. Fixing one row check results into Google Sheet Bugs Report =>
1 cells updated.
2024-04-15 14:29:54.528991   => 4. One row check results into Google Sheet Bugs Report fixed

2024-04-15 14:29:56.192995   4. Fixing one row check results into Google Sheet Bugs Report =>
1 cells updated.
2024-04-15 14:29:56.481194   => 4. One row check results into Google Sheet Bugs Report fixed

2024-04-15 14:29:56.482768   Баг Bid:11.02.03.01_09-ru.au.NoAuth-05 обнаружен ранее и уже находится в 'Bugs Report Auto detect'
