{'width': 1280, 'height': 800}

2024-04-15 12:50:13.118672   worker_id = master

2024-04-15 12:50:13.118685   0. Allure grouping v4

2024-04-15 12:50:13.118898   START PRECONDITIONS =>

2024-04-15 12:50:13.118916   => URL after prev. preconditions - https://capital.com/ru
2024-04-15 12:50:13.118925   => flag_of_bug - False
2024-04-15 12:50:13.118936   => Current URL - https://capital.com/ru/gbp-jpy-stavka
2024-04-15 12:50:13.124000   Current page URL = https://capital.com/ru/gbp-jpy-stavka
2024-04-15 12:50:13.126464   self.link = https://capital.com/ru
2024-04-15 12:50:13.126495   driver.get(https://capital.com/ru) =>
2024-04-15 12:50:15.150925   => Loaded page https://capital.com/ru

2024-04-15 12:50:15.155209   => Windows size - {'width': 1280, 'height': 800}
2024-04-15 12:50:15.156493   Set windows position at (0, 0) =>
2024-04-15 12:50:15.258442   Set resolution 1280 * 800 =>
2024-04-15 12:50:15.361244   => Windows size is set to {'width': 1280, 'height': 800}

2024-04-15 12:50:16.411786   Капчи нет. Идем дальше

2024-04-15 12:50:16.411881   Работа с куками =>

2024-04-15 12:50:16.411895   => не требуется

2024-04-15 12:50:16.411905   Prev. country - 'au'
2024-04-15 12:50:16.411915   Cur. country - 'au'
2024-04-15 12:50:16.411924   => Country set to 'au'

2024-04-15 12:50:16.411933   Prev. language - 'ru'
2024-04-15 12:50:16.411942   Cur. language - 'ru'
2024-04-15 12:50:16.411951   => Language is set to 'ru'

2024-04-15 12:50:16.411960   Prev. role - 'NoAuth'
2024-04-15 12:50:16.411969   Cur. role - 'NoAuth'
2024-04-15 12:50:16.411978   => The 'NoAuth' role is set

2024-04-15 12:50:16.414735   => Current URL - https://capital.com/ru

2024-04-15 12:50:16.414760   => THE END PRECONDITIONS

2024-04-15 12:50:16.414842   1. Arrange_v0
2024-04-15 12:50:16.414861   current_page = https://capital.com/ru
2024-04-15 12:50:16.417359   link = https://capital.com/ru/gbp-jpy-stavka
2024-04-15 12:50:16.419808   Current page URL = https://capital.com/ru
2024-04-15 12:50:16.422246   self.link = https://capital.com/ru/gbp-jpy-stavka
2024-04-15 12:50:16.422260   driver.get(https://capital.com/ru/gbp-jpy-stavka) =>
2024-04-15 12:50:18.055305   => Loaded page https://capital.com/ru/gbp-jpy-stavka
2024-04-15 12:50:18.059907   BUTTON_SELL is located on the page? =>
2024-04-15 12:50:18.069496   => BUTTON_SELL is located on the page!
2024-04-15 12:50:18.069674   Start Checking that form [Sign up] popped up on the page =>
2024-04-15 12:50:19.617256   '[Sign up]' form was not popped up

2024-04-15 12:50:19.617443   2. Act_v0
2024-04-15 12:50:19.622941   BUTTON_SELL is present? =>
2024-04-15 12:50:19.622963   => BUTTON_SELL is present on the page
2024-04-15 12:50:19.622973   BUTTON_SELL scroll =>
2024-04-15 12:50:19.626270   => BUTTON_SELL scrolled
2024-04-15 12:50:19.649766   BUTTON_SELL is clickable? =>
2024-04-15 12:50:19.659469   BUTTON_SELL CLICK =>
2024-04-15 12:50:19.698511   => BUTTON_SELL clicked!

2024-04-15 12:50:19.698822   3. Assert_Login_v0
2024-04-15 12:50:19.698939   Check that 'Login' form is opened
2024-04-15 12:50:19.869108   'Login' form opened
2024-04-15 12:50:19.869148   Assert LOGIN_REF_SIGNUP =>
2024-04-15 12:50:19.883864   Assert LOGIN_CHECKBOX =>
2024-04-15 12:50:19.897889   Assert LOGIN_PASS_FORGOT =>
2024-04-15 12:50:19.907788   => 'Login' form is checked
2024-04-15 12:50:19.931655   Click 'Close' button on 'Login' form =>
2024-04-15 12:50:20.278864   => Focus moved to 'capital*com' logo
2024-04-15 12:50:20.278916   => 'Login' form closed
