


Current sort - Most traded
{'width': 1280, 'height': 800}

2024-04-16 17:16:39.144343   worker_id = master

2024-04-16 17:16:39.144357   0. Allure grouping v4

2024-04-16 17:16:39.144572   START PRECONDITIONS =>

2024-04-16 17:16:39.144592   => URL after prev. preconditions - https://capital.com/es
2024-04-16 17:16:39.144601   => flag_of_bug - True
2024-04-16 17:16:39.144611   => Current URL - https://capital.com/es/en-vivo-acciones-precios?t=volatile
2024-04-16 17:16:39.150208   Current page URL = https://capital.com/es/en-vivo-acciones-precios?t=volatile
2024-04-16 17:16:39.152782   self.link = https://capital.com/es
2024-04-16 17:16:39.152796   driver.get(https://capital.com/es) =>
2024-04-16 17:16:41.012705   => Loaded page https://capital.com/es

2024-04-16 17:16:41.020349   => Windows size - {'width': 1280, 'height': 800}
2024-04-16 17:16:41.021750   Set windows position at (0, 0) =>
2024-04-16 17:16:41.124066   Set resolution 1280 * 800 =>
2024-04-16 17:16:41.226649   => Windows size is set to {'width': 1280, 'height': 800}

2024-04-16 17:16:42.265972   Капчи нет. Идем дальше

2024-04-16 17:16:42.266071   Работа с куками =>

2024-04-16 17:16:42.266085   => не требуется

2024-04-16 17:16:42.266095   Prev. country - 'ae'
2024-04-16 17:16:42.266104   Cur. country - 'ae'
2024-04-16 17:16:42.266113   => Country set to 'ae'

2024-04-16 17:16:42.266122   Prev. language - 'es'
2024-04-16 17:16:42.266131   Cur. language - 'es'
2024-04-16 17:16:42.266140   => Language is set to 'es'

2024-04-16 17:16:42.266149   Prev. role - 'NoAuth'
2024-04-16 17:16:42.266157   Cur. role - 'NoAuth'
2024-04-16 17:16:42.266166   => The 'NoAuth' role is set

2024-04-16 17:16:42.268908   => Current URL - https://capital.com/es

2024-04-16 17:16:42.268930   => THE END PRECONDITIONS

2024-04-16 17:16:42.269111   START Open "Markets" menu, "Shares" submenu =>
2024-04-16 17:16:42.269127   1. Cur URL = https://capital.com/es
2024-04-16 17:16:42.271554   2. Link = https://capital.com/es
2024-04-16 17:16:42.271570   current_page = https://capital.com/es
2024-04-16 17:16:42.273989   link = https://capital.com/es
2024-04-16 17:16:42.787066   => 'Markets' menu is present
2024-04-16 17:16:42.806483   => 'Markets' menu is visible
2024-04-16 17:16:44.082973   => Focus moved to 'Markets' menu
2024-04-16 17:16:45.566846   => Focus moved to 'Shares' submenu and clicked
2024-04-16 17:16:45.843047   => Focus moved to 'capital*com' logo
2024-04-16 17:16:45.843092   3. Cur URL = https://capital.com/es/en-vivo-acciones-precios

2024-04-16 17:16:45.848507   1. Arrange for Trading instrument table and "Most traded" cur_sort
2024-04-16 17:16:45.848555   current_page = https://capital.com/es/en-vivo-acciones-precios
2024-04-16 17:16:45.850972   link = https://capital.com/es/en-vivo-acciones-precios
2024-04-16 17:16:45.853668   IS TABLE_TRADING_INSTRUMENTS  present on the  page? =>
2024-04-16 17:16:45.861651   => TABLE_TRADING_INSTRUMENTS is present on the page!
2024-04-16 17:16:45.861674   IS FIELD_DROPDOWN_SORT present in the table? =>
2024-04-16 17:16:45.868792   =>  FIELD_DROPDOWN_SORT is present in the table!
2024-04-16 17:16:45.868815   Start scroll and click FIELD_DROPDOWN_SORT =>
2024-04-16 17:16:45.970416   Is item_sort_list visible on the FIELD_DROPDOWN_SORT ? =>
2024-04-16 17:16:45.997144   => item_sort_list is visible on the FIELD_DROPDOWN_SORT!
2024-04-16 17:16:45.997188   Is cur_sort "Most traded" present in item_sort_list? =>
2024-04-16 17:16:46.049503   => cur_sort "Most traded" is present in item_sort_list!
2024-04-16 17:16:46.049561   Start click cur_sort "Most traded" =>
2024-04-16 17:16:46.671558   => End Click cur_sort "Most traded"

2024-04-16 17:16:46.671606   Buttons [Buy] is visible and quantity buttons not zero? =>
2024-04-16 17:16:46.684563   => Buttons [Buy] is visible and quantity buttons not zero!

2024-04-16 17:16:46.684618   Start find two random buttons [Buy] on cur_sort "Most traded"=>
2024-04-16 17:16:46.690520   => End find 1 random buttons [Buy] on the cur_sort "Most traded"


2024-04-16 17:16:46.690551   Item_list = [8]
2024-04-16 17:16:46.690733   Start Checking that form [Sign up] popped up on the page =>
2024-04-16 17:16:48.234580   '[Sign up]' form was not popped up
2024-04-16 17:16:48.234794   2. Act for trading instrument and "Most traded" cur_sort
2024-04-16 17:16:48.253646   Start click button [Buy] =>
2024-04-16 17:16:48.264130   =>   BUTTON_BUY on item with ID = 1361805280629956
2024-04-16 17:16:48.264154   BUTTON_BUY on item with ID = '1361805280629956' scroll into view =>
2024-04-16 17:16:48.269092   => BUTTON_SELL on item with ID = '1361805280629956' scrolled into view
2024-04-16 17:16:48.269116   Check that BUTTON_BUY with item AMZN clickable =>
2024-04-16 17:16:48.408742   => BUTTON_BUY is clickable
2024-04-16 17:16:49.176476   =>   BUTTON_BUY with item AMZN clicked

2024-04-16 17:16:49.176746   3. Assert_Login_v0
2024-04-16 17:16:49.176833   Check that 'Login' form is opened
2024-04-16 17:16:49.363242   'Login' form opened
2024-04-16 17:16:49.363287   Assert LOGIN_REF_SIGNUP =>
2024-04-16 17:16:49.380686   Assert LOGIN_CHECKBOX =>
2024-04-16 17:16:49.396433   Assert LOGIN_PASS_FORGOT =>
2024-04-16 17:16:49.413666   => 'Login' form is checked
2024-04-16 17:16:49.445318   Click 'Close' button on 'Login' form =>
2024-04-16 17:16:49.766062   => Focus moved to 'capital*com' logo
2024-04-16 17:16:49.766106   => 'Login' form closed
