{'width': 1280, 'height': 800}

2024-04-16 20:41:16.382816   worker_id = master

2024-04-16 20:41:16.382830   0. Allure grouping v4

2024-04-16 20:41:16.383022   START PRECONDITIONS =>

2024-04-16 20:41:16.383037   => URL after prev. preconditions - https://capital.com/es
2024-04-16 20:41:16.383047   => flag_of_bug - False
2024-04-16 20:41:16.383058   => Current URL - https://capital.com/es/opera-ftse-100
2024-04-16 20:41:16.388302   Current page URL = https://capital.com/es/opera-ftse-100
2024-04-16 20:41:16.394196   self.link = https://capital.com/es
2024-04-16 20:41:16.394210   driver.get(https://capital.com/es) =>
2024-04-16 20:41:18.139127   => Loaded page https://capital.com/es

2024-04-16 20:41:18.146046   => Windows size - {'width': 1280, 'height': 800}
2024-04-16 20:41:18.147502   Set windows position at (0, 0) =>
2024-04-16 20:41:18.249702   Set resolution 1280 * 800 =>
2024-04-16 20:41:18.351976   => Windows size is set to {'width': 1280, 'height': 800}

2024-04-16 20:41:19.402390   Капчи нет. Идем дальше

2024-04-16 20:41:19.402481   Работа с куками =>

2024-04-16 20:41:19.402495   => не требуется

2024-04-16 20:41:19.402505   Prev. country - 'ae'
2024-04-16 20:41:19.402515   Cur. country - 'ae'
2024-04-16 20:41:19.402524   => Country set to 'ae'

2024-04-16 20:41:19.402533   Prev. language - 'es'
2024-04-16 20:41:19.402542   Cur. language - 'es'
2024-04-16 20:41:19.402550   => Language is set to 'es'

2024-04-16 20:41:19.402559   Prev. role - 'NoReg'
2024-04-16 20:41:19.402568   Cur. role - 'NoReg'
2024-04-16 20:41:19.402577   => The 'NoReg' role is set

2024-04-16 20:41:19.405577   => Current URL - https://capital.com/es

2024-04-16 20:41:19.405601   => THE END PRECONDITIONS

2024-04-16 20:41:19.405810   1. Arrange_v3
2024-04-16 20:41:19.405828   current_page = https://capital.com/es
2024-04-16 20:41:19.408492   link = https://capital.com/es/opera-ftse-100
2024-04-16 20:41:19.411123   Current page URL = https://capital.com/es
2024-04-16 20:41:19.413719   self.link = https://capital.com/es/opera-ftse-100
2024-04-16 20:41:19.413733   driver.get(https://capital.com/es/opera-ftse-100) =>
2024-04-16 20:41:21.166870   => Loaded page https://capital.com/es/opera-ftse-100
2024-04-16 20:41:21.171758   Is visible BUTTON_START_TRADING_IN_ARTICLE? =>
2024-04-16 20:41:21.171774   => BUTTON_START_TRADING_IN_ARTICLE =>

2024-04-16 20:41:21.182301   2. Act_v3
2024-04-16 20:41:21.182327   Start Click button BUTTON_START_TRADING_IN_ARTICLE =>
2024-04-16 20:41:21.256392   => BUTTON_START_TRADING_IN_ARTICLE is clicked

2024-04-16 20:41:21.256688   3. Assert_v0
2024-04-16 20:41:21.256797   Start step Check that [Sign up] form is opened
2024-04-16 20:41:21.612495   'Sign up' form opened
2024-04-16 20:41:21.612564   Assert SIGNUP_HEADER =>
2024-04-16 20:41:21.624087   Assert SIGNUP_REF_LOGIN =>
2024-04-16 20:41:21.635762   Assert SIGNUP_PRIVACY_POLICY_ALL_2 =>
2024-04-16 20:41:21.647940   => SIGNUP_PRIVACY_POLICY_ALL
2024-04-16 20:41:21.647975   => 'Signup' form is checked
2024-04-16 20:41:21.648149   Start step Close [Sign up] form =>
2024-04-16 20:41:21.706479   => 'Signup' form closed
2024-04-16 20:41:21.994414   => Focus moved to 'capital*com' logo
