{'width': 1280, 'height': 800}

2024-04-16 20:11:49.972354   worker_id = master

2024-04-16 20:11:49.972368   0. Allure grouping v4

2024-04-16 20:11:49.972593   START PRECONDITIONS =>

2024-04-16 20:11:49.972622   => URL after prev. preconditions - https://capital.com/es
2024-04-16 20:11:49.972632   => flag_of_bug - True
2024-04-16 20:11:49.972643   => Current URL - https://capital.com/trading/platform/
2024-04-16 20:11:49.978150   Current page URL = https://capital.com/trading/platform/
2024-04-16 20:11:49.980908   self.link = https://capital.com/es
2024-04-16 20:11:49.980922   driver.get(https://capital.com/es) =>
2024-04-16 20:11:52.251772   => Loaded page https://capital.com/es

2024-04-16 20:11:52.255973   => Windows size - {'width': 1280, 'height': 800}
2024-04-16 20:11:52.257312   Set windows position at (0, 0) =>
2024-04-16 20:11:52.359333   Set resolution 1280 * 800 =>
2024-04-16 20:11:52.461702   => Windows size is set to {'width': 1280, 'height': 800}

2024-04-16 20:11:53.492480   Капчи нет. Идем дальше

2024-04-16 20:11:53.492604   Работа с куками =>

2024-04-16 20:11:53.492620   => не требуется

2024-04-16 20:11:53.492630   Prev. country - 'ae'
2024-04-16 20:11:53.492639   Cur. country - 'ae'
2024-04-16 20:11:53.492648   => Country set to 'ae'

2024-04-16 20:11:53.492658   Prev. language - 'es'
2024-04-16 20:11:53.492666   Cur. language - 'es'
2024-04-16 20:11:53.492675   => Language is set to 'es'

2024-04-16 20:11:53.492684   Prev. role - 'Auth'
2024-04-16 20:11:53.492692   Cur. role - 'Auth'
2024-04-16 20:11:53.492701   => The 'Auth' role is set

2024-04-16 20:11:53.496183   => Current URL - https://capital.com/es

2024-04-16 20:11:53.496204   => THE END PRECONDITIONS

2024-04-16 20:11:53.496249   1. Arrange_v0
2024-04-16 20:11:53.496264   current_page = https://capital.com/es
2024-04-16 20:11:53.498713   link = https://capital.com/es/opera-eos
2024-04-16 20:11:53.501123   Current page URL = https://capital.com/es
2024-04-16 20:11:53.503499   self.link = https://capital.com/es/opera-eos
2024-04-16 20:11:53.503512   driver.get(https://capital.com/es/opera-eos) =>
2024-04-16 20:11:56.065763   => Loaded page https://capital.com/es/opera-eos

2024-04-16 20:11:56.082373   2. Act_v0
2024-04-16 20:11:56.082405   BUTTON_GET_STARTED_ON_STICKY_BAR is present? =>
2024-04-16 20:11:56.087290   => BUTTON_GET_STARTED_ON_STICKY_BAR is present on the page!
2024-04-16 20:11:56.087314   BUTTON_GET_STARTED_ON_STICKY_BAR scroll =>
2024-04-16 20:11:56.585254   => BUTTON_GET_STARTED_ON_STICKY_BAR clicked!

2024-04-16 20:11:56.585599   3. Assert_v4

2024-04-16 20:11:56.585628   
2024-04-16 20:11:56.585777   Checking that the trading platform page has opened (v4) =>
2024-04-16 20:11:57.097829   Checking way # 1 => 

2024-04-16 20:11:57.098010   1. Checking that the Trading platform (or TradingView site) page has valid title =>
2024-04-16 20:11:57.100918   => The title of current page is 'Trading Platform | Capital.com'

2024-04-16 20:11:57.100987   2. Checking that the LOGO is present on the page =>
2024-04-16 20:12:00.282103   => 'capital*com' logo is present on the current page

2024-04-16 20:12:00.282141   tpd = False
2024-04-16 20:12:01.318545   => Driver.backed
