{'width': 1280, 'height': 800}

2024-04-16 20:47:09.007278   worker_id = master

2024-04-16 20:47:09.007292   0. Allure grouping v4

2024-04-16 20:47:09.007472   START PRECONDITIONS =>

2024-04-16 20:47:09.007487   => URL after prev. preconditions - https://capital.com/es
2024-04-16 20:47:09.007497   => flag_of_bug - True
2024-04-16 20:47:09.007507   => Current URL - https://capital.com/es/guia-de-estrategias
2024-04-16 20:47:09.013068   Current page URL = https://capital.com/es/guia-de-estrategias
2024-04-16 20:47:09.015630   self.link = https://capital.com/es
2024-04-16 20:47:09.015643   driver.get(https://capital.com/es) =>
2024-04-16 20:47:10.875728   => Loaded page https://capital.com/es

2024-04-16 20:47:10.882273   => Windows size - {'width': 1280, 'height': 800}
2024-04-16 20:47:10.883602   Set windows position at (0, 0) =>
2024-04-16 20:47:10.985784   Set resolution 1280 * 800 =>
2024-04-16 20:47:11.088258   => Windows size is set to {'width': 1280, 'height': 800}

2024-04-16 20:47:12.146720   Капчи нет. Идем дальше

2024-04-16 20:47:12.146814   Работа с куками =>

2024-04-16 20:47:12.146827   => не требуется

2024-04-16 20:47:12.146837   Prev. country - 'ae'
2024-04-16 20:47:12.146846   Cur. country - 'ae'
2024-04-16 20:47:12.146856   => Country set to 'ae'

2024-04-16 20:47:12.146866   Prev. language - 'es'
2024-04-16 20:47:12.146875   Cur. language - 'es'
2024-04-16 20:47:12.146884   => Language is set to 'es'

2024-04-16 20:47:12.146893   Prev. role - 'NoAuth'
2024-04-16 20:47:12.146901   Cur. role - 'NoAuth'
2024-04-16 20:47:12.146910   => The 'NoAuth' role is set

2024-04-16 20:47:12.149717   => Current URL - https://capital.com/es

2024-04-16 20:47:12.149740   => THE END PRECONDITIONS
2024-04-16 20:47:12.658702   => Education menu is present in DOM
2024-04-16 20:47:12.669778   => Education menu is visible
2024-04-16 20:47:13.944729   => Focus moved to Education menu

2024-04-16 20:47:15.303612   1. Arrange_v0
2024-04-16 20:47:15.303658   current_page = https://capital.com/es/guia-de-estrategias
2024-04-16 20:47:15.306804   link = https://capital.com/es/guia-de-estrategias
2024-04-16 20:47:15.320818   => BUTTON_TRY_DEMO is present on this page
2024-04-16 20:47:15.320848   BUTTON_TRY_DEMO scroll =>
2024-04-16 20:47:15.325394   BUTTON_TRY_DEMO is visible? =>
2024-04-16 20:47:15.392663   => BUTTON_TRY_DEMO is visible on this page

2024-04-16 20:47:15.392924   2. Act_v0
2024-04-16 20:47:15.401195   BUTTON_TRY_DEMO is clickable? =>
2024-04-16 20:47:15.425245   => BUTTON_TRY_DEMO clicked!

2024-04-16 20:47:15.425456   3. Assert_Login_v0
2024-04-16 20:47:15.425548   Check that 'Login' form is opened
2024-04-16 20:47:18.473944   'Login' form not opened
2024-04-16 20:47:18.474125   Check that new 'Login' form is opened
2024-04-16 20:47:21.549050   => New 'Login' form not opened
2024-04-16 20:47:21.551764   'Login' page not opened
2024-04-16 20:47:24.619137   'Login' form on trading platform not opened
2024-04-16 20:47:24.619335   Start step Check that [Sign up] form is opened
2024-04-16 20:47:24.632093   'Sign up' form opened
2024-04-16 20:47:24.632116   Assert SIGNUP_HEADER =>
2024-04-16 20:47:24.645111   Assert SIGNUP_REF_LOGIN =>
2024-04-16 20:47:24.657104   Assert SIGNUP_PRIVACY_POLICY_ALL_2 =>
2024-04-16 20:47:24.669420   => SIGNUP_PRIVACY_POLICY_ALL
2024-04-16 20:47:24.669444   => 'Signup' form is checked

Bug: Bid:11.03.01.00_02-es.ae.NoAuth

2024-04-16 20:47:24.669501   Проверка бага в таблице ретеста  =>

2024-04-16 20:47:25.114833   4. Fixing one row check results into Google Sheet Bugs Report =>
1 cells updated.
2024-04-16 20:47:25.411764   => 4. One row check results into Google Sheet Bugs Report fixed

2024-04-16 20:47:26.221222   4. Fixing one row check results into Google Sheet Bugs Report =>
1 cells updated.
2024-04-16 20:47:26.533295   => 4. One row check results into Google Sheet Bugs Report fixed

2024-04-16 20:47:26.534874   Баг Bid:11.03.01.00_02-es.ae.NoAuth-05 обнаружен ранее и уже находится в 'Bugs Report Auto detect'
