{'width': 1280, 'height': 800}

2024-04-16 20:32:27.743269   worker_id = master

2024-04-16 20:32:27.743282   0. Allure grouping v4

2024-04-16 20:32:27.743461   START PRECONDITIONS =>

2024-04-16 20:32:27.743476   => URL after prev. preconditions - https://capital.com/es
2024-04-16 20:32:27.743486   => flag_of_bug - True
2024-04-16 20:32:27.743497   => Current URL - https://capital.com/es/opera-ftse-100
2024-04-16 20:32:27.752400   Current page URL = https://capital.com/es/opera-ftse-100
2024-04-16 20:32:27.755009   self.link = https://capital.com/es
2024-04-16 20:32:27.755023   driver.get(https://capital.com/es) =>
2024-04-16 20:32:29.523260   => Loaded page https://capital.com/es

2024-04-16 20:32:29.527793   => Windows size - {'width': 1280, 'height': 800}
2024-04-16 20:32:29.531155   Set windows position at (0, 0) =>
2024-04-16 20:32:29.633248   Set resolution 1280 * 800 =>
2024-04-16 20:32:29.735619   => Windows size is set to {'width': 1280, 'height': 800}

2024-04-16 20:32:30.760417   Капчи нет. Идем дальше

2024-04-16 20:32:30.760510   Работа с куками =>

2024-04-16 20:32:30.760552   => не требуется

2024-04-16 20:32:30.760564   Prev. country - 'ae'
2024-04-16 20:32:30.760574   Cur. country - 'ae'
2024-04-16 20:32:30.760583   => Country set to 'ae'

2024-04-16 20:32:30.760592   Prev. language - 'es'
2024-04-16 20:32:30.760601   Cur. language - 'es'
2024-04-16 20:32:30.760609   => Language is set to 'es'

2024-04-16 20:32:30.760618   Prev. role - 'NoAuth'
2024-04-16 20:32:30.760627   Cur. role - 'NoAuth'
2024-04-16 20:32:30.760635   => The 'NoAuth' role is set

2024-04-16 20:32:30.763450   => Current URL - https://capital.com/es

2024-04-16 20:32:30.763474   => THE END PRECONDITIONS

2024-04-16 20:32:30.763521   1. Arrange
2024-04-16 20:32:30.763536   current_page = https://capital.com/es
2024-04-16 20:32:30.766084   link = https://capital.com/es/opera-ftse-100

2024-04-16 20:32:30.768481   Open page: https://capital.com/es/opera-ftse-100
2024-04-16 20:32:30.768503   Current page URL = https://capital.com/es
2024-04-16 20:32:30.770988   self.link = https://capital.com/es/opera-ftse-100
2024-04-16 20:32:30.771001   driver.get(https://capital.com/es/opera-ftse-100) =>
2024-04-16 20:32:32.495328   => Loaded page https://capital.com/es/opera-ftse-100
2024-04-16 20:32:32.503441   BUTTON_ON_VER_BANNER is present? =>
2024-04-16 20:32:32.511838   => BUTTON_ON_VER_BANNER is present on the page!
2024-04-16 20:32:32.511875   BUTTON_ON_VER_BANNER scroll =>
2024-04-16 20:32:32.519316   BUTTON_ON_VER_BANNER is visible? =>
2024-04-16 20:32:32.564712   => BUTTON_ON_VER_BANNER is visible on the page!
2024-04-16 20:32:32.564949   Start Checking that form [Sign up] popped up on the page =>
2024-04-16 20:32:34.102687   '[Sign up]' form was not popped up

2024-04-16 20:32:34.102881   2. Act

2024-04-16 20:32:34.138075   => Button on Vertical banner clickable

2024-04-16 20:32:34.142435   data_id = 198
2024-04-16 20:32:34.824022   => BUTTON_ON_VER_BANNER clicked!

2024-04-16 20:32:34.824359   3. Assert_Login_v0
2024-04-16 20:32:34.824513   Check that 'Login' form is opened
2024-04-16 20:32:41.211238   'Login' form not opened
2024-04-16 20:32:41.211433   Check that new 'Login' form is opened
2024-04-16 20:32:44.263719   => New 'Login' form not opened
2024-04-16 20:32:44.266772   'Login' page not opened
2024-04-16 20:32:47.336727   'Login' form on trading platform not opened
2024-04-16 20:32:47.336928   Start step Check that [Sign up] form is opened
2024-04-16 20:32:50.404694   'Sign up' form not opened
2024-04-16 20:32:50.404890   Start step Check that new [Sign up] form is opened
2024-04-16 20:32:53.486041   => new 'Sign up' form not opened
2024-04-16 20:32:53.486242   Start method Check that [Sign up] page opened =>
2024-04-16 20:32:54.490905   'Sign up' page opened
2024-04-16 20:32:54.490942   Assert SIGNUP_SIGNUP_FRAME =>
2024-04-16 20:32:54.498949   Assert SIGNUP_REF_LOGIN =>
2024-04-16 20:32:54.512284   Assert SIGNUP_PRIVACY_POLICY_ALL_1 =>
2024-04-16 20:32:56.049525   Assert SIGNUP_PRIVACY_POLICY_ALL_2 =>
2024-04-16 20:32:56.064451   => SIGNUP_PRIVACY_POLICY_ALL
2024-04-16 20:32:56.064480   => 'Signup' page is checked

Bug: Bid:11.02.06.01_11-es.ae.NoAuth

2024-04-16 20:32:57.064709   Проверка бага в таблице ретеста  =>

2024-04-16 20:32:57.397038   4. Fixing one row check results into Google Sheet Bugs Report =>
1 cells updated.
2024-04-16 20:32:57.712819   => 4. One row check results into Google Sheet Bugs Report fixed

2024-04-16 20:32:58.840322   4. Fixing one row check results into Google Sheet Bugs Report =>
1 cells updated.
2024-04-16 20:32:59.020572   => 4. One row check results into Google Sheet Bugs Report fixed

2024-04-16 20:32:59.022229   Баг Bid:11.02.06.01_11-es.ae.NoAuth-06 обнаружен ранее и уже находится в 'Bugs Report Auto detect'
