{'width': 1280, 'height': 800}

2024-04-16 20:51:03.254715   worker_id = master

2024-04-16 20:51:03.254729   0. Allure grouping v4

2024-04-16 20:51:03.254914   START PRECONDITIONS =>

2024-04-16 20:51:03.254930   => URL after prev. preconditions - https://capital.com/es
2024-04-16 20:51:03.254939   => flag_of_bug - False
2024-04-16 20:51:03.254949   => Current URL - https://capital.com/es/trading-diario
2024-04-16 20:51:03.259815   Current page URL = https://capital.com/es/trading-diario
2024-04-16 20:51:03.262186   self.link = https://capital.com/es
2024-04-16 20:51:03.262199   driver.get(https://capital.com/es) =>
2024-04-16 20:51:06.038575   => Loaded page https://capital.com/es

2024-04-16 20:51:06.042947   => Windows size - {'width': 1280, 'height': 800}
2024-04-16 20:51:06.044285   Set windows position at (0, 0) =>
2024-04-16 20:51:06.146321   Set resolution 1280 * 800 =>
2024-04-16 20:51:06.248561   => Windows size is set to {'width': 1280, 'height': 800}

2024-04-16 20:51:07.277395   Капчи нет. Идем дальше

2024-04-16 20:51:07.277483   Работа с куками =>

2024-04-16 20:51:07.277497   => не требуется

2024-04-16 20:51:07.277507   Prev. country - 'ae'
2024-04-16 20:51:07.277516   Cur. country - 'ae'
2024-04-16 20:51:07.277525   => Country set to 'ae'

2024-04-16 20:51:07.277534   Prev. language - 'es'
2024-04-16 20:51:07.277543   Cur. language - 'es'
2024-04-16 20:51:07.277552   => Language is set to 'es'

2024-04-16 20:51:07.277560   Prev. role - 'NoAuth'
2024-04-16 20:51:07.277569   Cur. role - 'NoAuth'
2024-04-16 20:51:07.277577   => The 'NoAuth' role is set

2024-04-16 20:51:07.280270   => Current URL - https://capital.com/es

2024-04-16 20:51:07.280290   => THE END PRECONDITIONS

2024-04-16 20:51:07.280332   1. Arrange
2024-04-16 20:51:07.280346   current_page = https://capital.com/es
2024-04-16 20:51:07.282869   link = https://capital.com/es/trading-diario
2024-04-16 20:51:07.285301   Current page URL = https://capital.com/es
2024-04-16 20:51:07.287709   self.link = https://capital.com/es/trading-diario
2024-04-16 20:51:07.287722   driver.get(https://capital.com/es/trading-diario) =>
2024-04-16 20:51:08.851884   => Loaded page https://capital.com/es/trading-diario
2024-04-16 20:51:08.856058   Is visible BUTTON_GET_IT_ON_GOOGLE_PLAY? =>
2024-04-16 20:51:08.871034   => BUTTON_GET_IT_ON_GOOGLE_PLAY is visible on the page!

2024-04-16 20:51:08.871209   2. Act
2024-04-16 20:51:08.878605   1 checking element(s) with current CSS locator is(are) present(s) on this page
2024-04-16 20:51:08.961623   => BUTTON_GET_IT_ON_GOOGLE_PLAY IS CLICKED

2024-04-16 20:51:08.961851   3. Assert_v0
2024-04-16 20:51:08.961943   Checking that the Google Play page has opened

Bug: Bid:11.03.01.01_07-es.ae.NoAuth

2024-04-16 20:51:09.941644   Проверка бага в таблице ретеста  =>

2024-04-16 20:51:10.381976   4. Fixing one row check results into Google Sheet Bugs Report =>
1 cells updated.
2024-04-16 20:51:10.679587   => 4. One row check results into Google Sheet Bugs Report fixed

2024-04-16 20:51:11.550678   4. Fixing one row check results into Google Sheet Bugs Report =>
1 cells updated.
2024-04-16 20:51:11.855807   => 4. One row check results into Google Sheet Bugs Report fixed

2024-04-16 20:51:11.857385   Баг Bid:11.03.01.01_07-es.ae.NoAuth-03 обнаружен ранее и уже находится в 'Bugs Report Auto detect'
