


Current sort - Top fallers
{'width': 1280, 'height': 800}

2024-04-16 17:15:43.963523   worker_id = master

2024-04-16 17:15:43.963540   0. Allure grouping v4

2024-04-16 17:15:43.963764   START PRECONDITIONS =>

2024-04-16 17:15:43.963781   => URL after prev. preconditions - https://capital.com/es
2024-04-16 17:15:43.963790   => flag_of_bug - False
2024-04-16 17:15:43.963801   => Current URL - https://capital.com/es/en-vivo-acciones-precios
2024-04-16 17:15:43.969467   Current page URL = https://capital.com/es/en-vivo-acciones-precios
2024-04-16 17:15:43.972130   self.link = https://capital.com/es
2024-04-16 17:15:43.972144   driver.get(https://capital.com/es) =>
2024-04-16 17:15:47.564632   => Loaded page https://capital.com/es

2024-04-16 17:15:47.571062   => Windows size - {'width': 1280, 'height': 800}
2024-04-16 17:15:47.572381   Set windows position at (0, 0) =>
2024-04-16 17:15:47.674765   Set resolution 1280 * 800 =>
2024-04-16 17:15:47.777070   => Windows size is set to {'width': 1280, 'height': 800}

2024-04-16 17:15:48.815069   Капчи нет. Идем дальше

2024-04-16 17:15:48.815162   Работа с куками =>

2024-04-16 17:15:48.815176   => не требуется

2024-04-16 17:15:48.815186   Prev. country - 'ae'
2024-04-16 17:15:48.815195   Cur. country - 'ae'
2024-04-16 17:15:48.815204   => Country set to 'ae'

2024-04-16 17:15:48.815213   Prev. language - 'es'
2024-04-16 17:15:48.815222   Cur. language - 'es'
2024-04-16 17:15:48.815231   => Language is set to 'es'

2024-04-16 17:15:48.815239   Prev. role - 'NoAuth'
2024-04-16 17:15:48.815248   Cur. role - 'NoAuth'
2024-04-16 17:15:48.815257   => The 'NoAuth' role is set

2024-04-16 17:15:48.819680   => Current URL - https://capital.com/es

2024-04-16 17:15:48.819703   => THE END PRECONDITIONS

2024-04-16 17:15:48.819887   START Open "Markets" menu, "Shares" submenu =>
2024-04-16 17:15:48.819903   1. Cur URL = https://capital.com/es
2024-04-16 17:15:48.822456   2. Link = https://capital.com/es
2024-04-16 17:15:48.822473   current_page = https://capital.com/es
2024-04-16 17:15:48.824858   link = https://capital.com/es
2024-04-16 17:15:49.333528   => 'Markets' menu is present
2024-04-16 17:15:49.350289   => 'Markets' menu is visible
2024-04-16 17:15:50.621893   => Focus moved to 'Markets' menu
2024-04-16 17:15:52.286699   => Focus moved to 'Shares' submenu and clicked
2024-04-16 17:15:52.559540   => Focus moved to 'capital*com' logo
2024-04-16 17:15:52.559586   3. Cur URL = https://capital.com/es/en-vivo-acciones-precios

2024-04-16 17:15:52.565146   1. Arrange for TABLE_TRADING_INSTRUMENTS and 'Top fallers' cur_sort
2024-04-16 17:15:52.565174   current_page = https://capital.com/es/en-vivo-acciones-precios
2024-04-16 17:15:52.567684   link = https://capital.com/es/en-vivo-acciones-precios
2024-04-16 17:15:52.570082   TABLE_TRADING_INSTRUMENTS present on this page? =>
2024-04-16 17:15:52.575427   => TABLE_TRADING_INSTRUMENTS is present on the page!
2024-04-16 17:15:52.575450   IS FIELD_DROPDOWN_SORT present in the Live prices table? =>
2024-04-16 17:15:52.580005   =>  FIELD_DROPDOWN_SORT is present in the table!
2024-04-16 17:15:52.580027   Start scroll and click FIELD_DROPDOWN_SORT =>
2024-04-16 17:15:52.694061   Is item_sort_list visible on the FIELD_DROPDOWN_SORT ? =>
2024-04-16 17:15:52.739931   => item_sort_list is visible on the FIELD_DROPDOWN_SORT!
2024-04-16 17:15:52.739974   Is cur_sort "Top fallers" present in item_sort_list? =>
2024-04-16 17:15:52.747898   => cur_sort "Top fallers" is present in item_sort_list!
2024-04-16 17:15:52.747931   Start click cur_sort "Top fallers" =>
2024-04-16 17:15:53.428695   => End Click cur_sort "Top fallers"

2024-04-16 17:15:53.428747   Buttons [Sell] is visible and sum buttons no zero? =>
2024-04-16 17:15:53.441080   => Buttons [Sell] is visible and sum buttons no zero!

2024-04-16 17:15:53.441129   Start find 1 random buttons [Sell] on cur_sort "Top fallers"=>
2024-04-16 17:15:53.447852   => End find 1 random buttons [Sell] on the cur_sort "Top fallers"

2024-04-16 17:15:53.447885   List of random items = [4]
2024-04-16 17:15:53.448067   2. Act for trading instrument and "Top fallers" cur_sort
2024-04-16 17:15:53.461295   Start click button [Sell] =>
2024-04-16 17:15:53.487995   =>   BUTTON_SELL on item with ID = '69768638462207001' is present
2024-04-16 17:15:53.488051   BUTTON_SELL on item with ID = '69768638462207001' scroll into view =>
2024-04-16 17:15:53.491551   => BUTTON_SELL on item with ID = '69768638462207001' scrolled into view
2024-04-16 17:15:53.491586   Check that BUTTON_SELL with item '8830' clickable =>
2024-04-16 17:15:53.597857   => BUTTON_SELL is clickable
2024-04-16 17:15:54.367039   =>   BUTTON_SELL on item '8830' clicked

2024-04-16 17:15:54.367287   3. Assert_Login_v0
2024-04-16 17:15:54.367374   Check that 'Login' form is opened
2024-04-16 17:15:54.549583   'Login' form opened
2024-04-16 17:15:54.549626   Assert LOGIN_REF_SIGNUP =>
2024-04-16 17:15:54.561956   Assert LOGIN_CHECKBOX =>
2024-04-16 17:15:54.572953   Assert LOGIN_PASS_FORGOT =>
2024-04-16 17:15:54.582750   => 'Login' form is checked
2024-04-16 17:15:54.603642   Click 'Close' button on 'Login' form =>
2024-04-16 17:15:54.935128   => Focus moved to 'capital*com' logo
2024-04-16 17:15:54.935173   => 'Login' form closed
