{'width': 1280, 'height': 800}

2024-04-16 17:28:36.345404   worker_id = master

2024-04-16 17:28:36.345432   0. Allure grouping v4

2024-04-16 17:28:36.345832   START PRECONDITIONS =>

2024-04-16 17:28:36.345860   => URL after prev. preconditions - https://capital.com/es
2024-04-16 17:28:36.345878   => flag_of_bug - False
2024-04-16 17:28:36.345898   => Current URL - https://capital.com/es/aurora-cannabis-inc-precio-por-accion
2024-04-16 17:28:36.486846   Current page URL = https://capital.com/es/aurora-cannabis-inc-precio-por-accion
2024-04-16 17:28:36.493858   self.link = https://capital.com/es
2024-04-16 17:28:36.493875   driver.get(https://capital.com/es) =>
2024-04-16 17:28:38.320895   => Loaded page https://capital.com/es

2024-04-16 17:28:38.325601   => Windows size - {'width': 1280, 'height': 800}
2024-04-16 17:28:38.327159   Set windows position at (0, 0) =>
2024-04-16 17:28:38.429461   Set resolution 1280 * 800 =>
2024-04-16 17:28:38.531945   => Windows size is set to {'width': 1280, 'height': 800}

2024-04-16 17:28:39.563000   Капчи нет. Идем дальше

2024-04-16 17:28:39.563089   Работа с куками =>

2024-04-16 17:28:39.563103   => не требуется

2024-04-16 17:28:39.563113   Prev. country - 'ae'
2024-04-16 17:28:39.563122   Cur. country - 'ae'
2024-04-16 17:28:39.563131   => Country set to 'ae'

2024-04-16 17:28:39.563140   Prev. language - 'es'
2024-04-16 17:28:39.563149   Cur. language - 'es'
2024-04-16 17:28:39.563157   => Language is set to 'es'

2024-04-16 17:28:39.563166   Prev. role - 'Auth'
2024-04-16 17:28:39.563175   Cur. role - 'Auth'
2024-04-16 17:28:39.563183   => The 'Auth' role is set

2024-04-16 17:28:39.565882   => Current URL - https://capital.com/es

2024-04-16 17:28:39.565904   => THE END PRECONDITIONS

2024-04-16 17:28:39.566091   1. Arrange_v2
2024-04-16 17:28:39.566109   current_page = https://capital.com/es
2024-04-16 17:28:39.568667   link = https://capital.com/es/aurora-cannabis-inc-precio-por-accion
2024-04-16 17:28:39.571091   Current page URL = https://capital.com/es
2024-04-16 17:28:39.573572   self.link = https://capital.com/es/aurora-cannabis-inc-precio-por-accion
2024-04-16 17:28:39.573586   driver.get(https://capital.com/es/aurora-cannabis-inc-precio-por-accion) =>
2024-04-16 17:28:43.020904   => Loaded page https://capital.com/es/aurora-cannabis-inc-precio-por-accion
2024-04-16 17:28:43.025322 Is SHORT_POSITION_OVERNIGHT_FEE present on the page? =>
2024-04-16 17:28:43.033649   => SHORT_POSITION_OVERNIGHT_FEE is present on the page
2024-04-16 17:28:43.033677   SHORT_POSITION_OVERNIGHT_FEE  scroll =>
2024-04-16 17:28:43.038719   => SHORT_POSITION_OVERNIGHT_FEE  scrolled

2024-04-16 17:28:43.038878   2. Act_v2
2024-04-16 17:28:43.038894   SHORT_POSITION_OVERNIGHT_FEE open =>
2024-04-16 17:28:43.804360   Is SHORT_POSITION_OVERNIGHT_FEE open?  =>
2024-04-16 17:28:43.817855   => TOOLTIP_SHORT_POSITION_FEE is open
2024-04-16 17:28:43.817886   Move focus to button [Go to platform] and click on =>
2024-04-16 17:28:44.597322   => BUTTON_GO_TO_PLATFORM is clickable
2024-04-16 17:28:44.905929 => BUTTON_GO_TO_PLATFORM clicked

2024-04-16 17:28:44.906266   3. Assert_v4

2024-04-16 17:28:44.906294   
2024-04-16 17:28:44.906464   Checking that the trading platform page has opened (v4) =>
2024-04-16 17:28:45.417292   Checking way # 1 => 

2024-04-16 17:28:45.417482   1. Checking that the Trading platform (or TradingView site) page has valid title =>
2024-04-16 17:28:45.420054   => The title of current page is 'Trading Platform | Capital.com'

2024-04-16 17:28:45.420127   2. Checking that the LOGO is present on the page =>
2024-04-16 17:28:47.080335   => 'capital*com' logo is present on the current page

2024-04-16 17:28:47.080377   tpd = False
2024-04-16 17:28:48.075484   => Driver.backed
