{'width': 1280, 'height': 800}

2024-04-16 20:39:21.171990   worker_id = master

2024-04-16 20:39:21.172005   0. Allure grouping v4

2024-04-16 20:39:21.172191   START PRECONDITIONS =>

2024-04-16 20:39:21.172206   => URL after prev. preconditions - https://capital.com/es
2024-04-16 20:39:21.172216   => flag_of_bug - False
2024-04-16 20:39:21.172228   => Current URL - https://capital.com/es/opera-nasdaq
2024-04-16 20:39:21.177842   Current page URL = https://capital.com/es/opera-nasdaq
2024-04-16 20:39:21.184350   self.link = https://capital.com/es
2024-04-16 20:39:21.184364   driver.get(https://capital.com/es) =>
2024-04-16 20:39:22.969208   => Loaded page https://capital.com/es

2024-04-16 20:39:22.975523   => Windows size - {'width': 1280, 'height': 800}
2024-04-16 20:39:22.977050   Set windows position at (0, 0) =>
2024-04-16 20:39:23.079384   Set resolution 1280 * 800 =>
2024-04-16 20:39:23.181872   => Windows size is set to {'width': 1280, 'height': 800}

2024-04-16 20:39:24.212338   Капчи нет. Идем дальше

2024-04-16 20:39:24.212430   Работа с куками =>

2024-04-16 20:39:24.212444   => не требуется

2024-04-16 20:39:24.212454   Prev. country - 'ae'
2024-04-16 20:39:24.212463   Cur. country - 'ae'
2024-04-16 20:39:24.212472   => Country set to 'ae'

2024-04-16 20:39:24.212481   Prev. language - 'es'
2024-04-16 20:39:24.212490   Cur. language - 'es'
2024-04-16 20:39:24.212499   => Language is set to 'es'

2024-04-16 20:39:24.212507   Prev. role - 'NoReg'
2024-04-16 20:39:24.212542   Cur. role - 'NoReg'
2024-04-16 20:39:24.212557   => The 'NoReg' role is set

2024-04-16 20:39:24.215369   => Current URL - https://capital.com/es

2024-04-16 20:39:24.215390   => THE END PRECONDITIONS

2024-04-16 20:39:24.215576   1. Arrange_v0
2024-04-16 20:39:24.215594   current_page = https://capital.com/es
2024-04-16 20:39:24.218678   link = https://capital.com/es/opera-nasdaq
2024-04-16 20:39:24.221257   Current page URL = https://capital.com/es
2024-04-16 20:39:24.223819   self.link = https://capital.com/es/opera-nasdaq
2024-04-16 20:39:24.223833   driver.get(https://capital.com/es/opera-nasdaq) =>
2024-04-16 20:39:25.926011   => Loaded page https://capital.com/es/opera-nasdaq
2024-04-16 20:39:25.935413   BUTTON_CREATE_YOUR_ACCOUNT is located on the page? =>

2024-04-16 20:39:25.943812   2. Act_v0: Define of locator

2024-04-16 20:39:25.943839   2. Act_v0: Go to web element

2024-04-16 20:39:27.042566   2. Act_v0: Click web element
2024-04-16 20:39:27.078858   => BUTTON_CREATE_YOUR_ACCOUNT is clicked

2024-04-16 20:39:27.079106   3. Assert_v0
2024-04-16 20:39:27.079210   Start step Check that [Sign up] form is opened
2024-04-16 20:39:27.274166   'Sign up' form opened
2024-04-16 20:39:27.274208   Assert SIGNUP_HEADER =>
2024-04-16 20:39:27.289307   Assert SIGNUP_REF_LOGIN =>
2024-04-16 20:39:27.304200   Assert SIGNUP_PRIVACY_POLICY_ALL_2 =>
2024-04-16 20:39:27.321720   => SIGNUP_PRIVACY_POLICY_ALL
2024-04-16 20:39:27.321757   => 'Signup' form is checked
2024-04-16 20:39:27.321941   Start step Close [Sign up] form =>
2024-04-16 20:39:27.412938   => 'Signup' form closed
2024-04-16 20:39:27.682403   => Focus moved to 'capital*com' logo
