{'width': 1280, 'height': 720}

2024-01-22 11:11:50.064903   worker_id = master

2024-01-22 11:11:50.064920   0. Allure grouping v4


2024-01-22 11:11:50.065077   START PRECONDITIONS =>


2024-01-22 11:11:50.065091   {'width': 1280, 'height': 720}

2024-01-22 11:11:50.066291   Set windows position at (0, 0) =>

2024-01-22 11:11:50.168488   Set resolution 1280 * 720 =>

2024-01-22 11:11:50.273633   => Resolution seted {'width': 1280, 'height': 720}

2024-01-22 11:11:55.285881   Капчи нет. Тестим дальше

2024-01-22 11:11:55.285972   Prev. Role: NoAuth

2024-01-22 11:11:55.285984   Current role: NoAuth

2024-01-22 11:11:55.285992   Prev language: es

2024-01-22 11:11:55.286000   => Current language: es

2024-01-22 11:11:55.286008   Prev country: de

2024-01-22 11:11:55.286016   => Current country: de

2024-01-22 11:11:55.286023   => THE END PRECONDITIONS

2024-01-22 11:11:55.286051   1. Arrange_v0
2024-01-22 11:11:55.292085   BUTTON_BUY_IN_CONTENT_BLOCK is located on the page? =>
2024-01-22 11:11:55.300154   => BUTTON_BUY_IN_CONTENT_BLOCK is located on the page!
2024-01-22 11:11:55.300302   Start Checking that form [Sign up] popped up on the page =>
2024-01-22 11:11:55.313784   'Sign up' form opened
2024-01-22 11:11:55.313926   Start step Close [Sign up] form =>
2024-01-22 11:11:55.386103   => 'Signup' form closed

2024-01-22 11:11:55.386366   2. Act_v0
2024-01-22 11:11:55.400707   BUTTON_BUY_IN_CONTENT_BLOCK is present? =>
2024-01-22 11:11:55.400751   => BUTTON_BUY_IN_CONTENT_BLOCK is present on the page
2024-01-22 11:11:55.400761   BUTTON_BUY_IN_CONTENT_BLOCK scroll =>
2024-01-22 11:11:55.408638   => BUTTON_BUY_IN_CONTENT_BLOCK scrolled
2024-01-22 11:11:55.416999   BUTTON_BUY_IN_CONTENT_BLOCK is clickable? =>
2024-01-22 11:11:55.431602   BUTTON_BUY_IN_CONTENT_BLOCK CLICK =>
2024-01-22 11:11:55.468756   => BUTTON_BUY_IN_CONTENT_BLOCK clicked!

2024-01-22 11:11:55.468995   3. Assert_Login_v0
2024-01-22 11:11:55.469078   Check that 'Login' form is opened
2024-01-22 11:12:01.014076   'Login' form not opened
2024-01-22 11:12:01.016994   'Login' page not opened
2024-01-22 11:12:06.559849   'Login' form on trading platform not opened
2024-01-22 11:12:06.560106   Start step Check that [Sign up] form is opened
2024-01-22 11:12:06.578383   'Sign up' form opened
2024-01-22 11:12:06.578424   Assert SIGNUP_HEADER =>
2024-01-22 11:12:06.595100   Assert SIGNUP_REF_LOGIN =>
2024-01-22 11:12:06.610543   Assert SIGNUP_PRIVACY_POLICY_ALL_2 =>
2024-01-22 11:12:06.624266   => SIGNUP_PRIVACY_POLICY_ALL
2024-01-22 11:12:06.624306   => 'Signup' form is checked

Bug: Bid:11.02.04.01_05-es.de.NoAuth

2024-01-22 11:12:06.624366   Проверка бага в таблице ретеста  =>

2024-01-22 11:12:06.628751   4. Fixing one row check results into Google Sheet Bugs Report =>
1 cells updated.
2024-01-22 11:12:07.013785   => 4. One row check results into Google Sheet Bugs Report fixed

2024-01-22 11:12:07.351600   4. Fixing one row check results into Google Sheet Bugs Report =>
1 cells updated.
2024-01-22 11:12:07.541525   => 4. One row check results into Google Sheet Bugs Report fixed

2024-01-22 11:12:07.541588   Bug: Bid:11.02.04.01_05-es.de.NoAuth уже существует, но тип бага изменился с failed на 05

2024-01-22 11:12:07.541967   Bug: Bid:11.02.04.01_05-es.de.NoAuth-05 уже существует

2024-01-22 11:12:07.542097   4. Fixing one row check results into Google Sheet Bugs Report =>
1 cells updated.
2024-01-22 11:12:07.842768   => 4. One row check results into Google Sheet Bugs Report fixed
