{'width': 1920, 'height': 1080}

2024-12-27 23:28:00.623855   worker_id = master

2024-12-27 23:28:00.623866   0. Allure grouping for US_55


2024-12-27 23:28:00.624095   START PRECONDITIONS =>

2024-12-27 23:28:00.624110   => URL after prev. preconditions - https://capital.com/en-gb
2024-12-27 23:28:00.624117   => flag_of_bug - True
2024-12-27 23:28:00.624124   => Current URL - https://capital.com/en-gb/learn/market-guides/trade-microsoft
2024-12-27 23:28:00.629429   Current page URL = https://capital.com/en-gb/learn/market-guides/trade-microsoft
2024-12-27 23:28:00.631940   self.link = https://capital.com/en-gb
2024-12-27 23:28:00.631975   driver.get(https://capital.com/en-gb) =>
2024-12-27 23:28:03.104688   => Loaded page https://capital.com/en-gb

2024-12-27 23:28:03.171290   => Windows size: {'width': 1920, 'height': 1080}

2024-12-27 23:28:03.172753   Set windows position at (0, 0) =>

2024-12-27 23:28:03.174509   Set resolution 1920 * 1080 =>

2024-12-27 23:28:03.176246   => Resolution set {'width': 1920, 'height': 1080}

2024-12-27 23:28:03.177590   Работа с куками =>
2024-12-27 23:28:03.177601   Prev. role - 'NoReg'
2024-12-27 23:28:03.177607   Current testing role - 'Auth'

2024-12-27 23:28:03.177613   All cookies must be delete =>
2024-12-27 23:28:03.275790   => All cookies are deleted
2024-12-27 23:28:03.275821   Current page URL = https://capital.com/en-gb
2024-12-27 23:28:03.278651   self.link = https://capital.com/en-gb
2024-12-27 23:28:03.278662   driver.get(https://capital.com/en-gb) =>
2024-12-27 23:28:05.580781   => Loaded page https://capital.com/en-gb

2024-12-27 23:28:05.611525   Step 'Click button [Accept all cookies]'
2024-12-27 23:28:05.611536   Is Visible Button [Accept all cookies]? =>
2024-12-27 23:28:06.770845   => Button [Accept all cookies] is visible
2024-12-27 23:28:07.270983   Is clickable Button [Accept all cookies] =>
2024-12-27 23:28:07.285881   => Button [Accept all cookies] is clickable
2024-12-27 23:28:07.285905   Click Button [Accept all cookies] =>
2024-12-27 23:28:07.510298   => Button [Accept all cookies] is clicked
2024-12-27 23:28:07.510338   => Accepted All Cookies

2024-12-27 23:28:08.010441   Prev. role - 'NoReg'
2024-12-27 23:28:08.010500   Cur. role - 'Auth'

2024-12-27 23:28:08.010712   Start Authorization
2024-12-27 23:28:08.142592   => 'Login' form is opened
2024-12-27 23:28:08.378385   => "login" and "password" are inputted
2024-12-27 23:28:08.378424   Click [Continue] button on [Login] form =>
2024-12-27 23:28:08.477476   => [Continue] button on [Login] form is clicked
2024-12-27 23:28:08.477517   Set timeout = 30
2024-12-27 23:28:09.622833   => Page with 'Trading Platform | Capital.com' title opened

2024-12-27 23:28:09.622937   2. Checking that the LOGO is present on the page =>
2024-12-27 23:28:10.499015   => 'capital*com' logo is present on the current page

2024-12-27 23:28:11.119310   => The 'Auth' role is set

2024-12-27 23:28:11.119360   Prev. language: nl
2024-12-27 23:28:11.119374   Cur. language - 'en'

2024-12-27 23:28:11.119387   Prev. country: ua
2024-12-27 23:28:11.119398   Cur. country: ae

2024-12-27 23:28:11.119580   Set "en" language and "ae" country =>
2024-12-27 23:28:11.119607   Current page URL = https://capital.com/en-gb
2024-12-27 23:28:11.171619   self.link = https://capital.com/en-ae
2024-12-27 23:28:11.171645   driver.get(https://capital.com/en-ae) =>
2024-12-27 23:28:13.563921   => Loaded page https://capital.com/en-ae
2024-12-27 23:28:13.582631   => Language is set to 'en'
2024-12-27 23:28:13.582657   => Country is set to 'ae'
2024-12-27 23:28:13.582840   => Current URL - https://capital.com/en-ae

2024-12-27 23:28:13.590577   => Current URL - https://capital.com/en-ae

2024-12-27 23:28:13.590603   => END PRECONDITIONS

2024-12-27 23:28:13.590843   START Open "Learn" menu, "Market guides" submenu =>

2024-12-27 23:28:13.590864   1. Cur URL = https://capital.com/en-ae

2024-12-27 23:28:13.594734   2. Link = https://capital.com/en-ae
2024-12-27 23:28:13.594752   current_page = https://capital.com/en-ae
2024-12-27 23:28:13.599586   link = https://capital.com/en-ae
2024-12-27 23:28:14.115124   => 'Learn' menu is present
2024-12-27 23:28:14.138216   => 'Learn' menu is visible
2024-12-27 23:28:15.796945   => Focus moved to 'Learn' menu
2024-12-27 23:28:15.818677   => 'Market guides' submenu is visible
2024-12-27 23:28:16.598987   => 'Market guides' sub-menu clicked
2024-12-27 23:28:21.917289   => Focus moved to 'capital*com' logo
2024-12-27 23:28:21.917328   3. Cur URL = https://capital.com/en-ae/learn/market-guides

2024-12-27 23:28:21.923187   1. Start Arrange: find 'Market trading guides' block.
2024-12-27 23:28:21.923206   current_page = https://capital.com/en-ae/learn/market-guides
2024-12-27 23:28:21.925940   link = https://capital.com/en-ae/learn/market-guides

2024-12-27 23:28:21.937162   Page have block 'Market trading guides' in DOM.
2024-12-27 23:28:21.947848   Scrolled to block 'Market trading guides'
2024-12-27 23:28:21.947866   Start to check visibility block 'Market trading guides'.'
2024-12-27 23:28:21.959524   Block 'Market trading guides' visible on the current page

2024-12-27 23:28:21.967654   Page have link 'Shares trading guide' in DOM

2024-12-27 23:28:21.981924   Scrolled to link 'Shares trading guide'
2024-12-27 23:28:21.981975   Start to check visibility link 'Shares trading guide'.'
2024-12-27 23:28:21.993848   Link 'Shares trading guide' visible on the current page

2024-12-27 23:28:21.993877   Start to check clickability link 'Shares trading guide'.
2024-12-27 23:28:22.009509   Link 'Shares trading guide' is clickable.

2024-12-27 23:28:22.009536   Start to click on the link 'Shares trading guide'
2024-12-27 23:28:22.069974   Link 'Shares trading guide' is clicked


2024-12-27 23:28:22.278220   Page have block 'Popular shares to trade' in DOM.
2024-12-27 23:28:22.291378   Scrolled to block 'Popular shares to trade'
2024-12-27 23:28:22.291402   Start to check visibility block 'Popular shares to trade'.'
2024-12-27 23:28:22.302352   Block 'Popular shares to trade' visible on the current page

2024-12-27 23:28:22.313401   Page have link 'Microsoft' in DOM

2024-12-27 23:28:22.324614   Scrolled to link 'Microsoft'
2024-12-27 23:28:22.324636   Start to check visibility link 'Microsoft'.'
2024-12-27 23:28:22.336742   Link 'Microsoft' visible on the current page

2024-12-27 23:28:22.336768   Start to check clickability link 'Microsoft'.
2024-12-27 23:28:22.351662   Link 'Microsoft' is clickable.

2024-12-27 23:28:22.351840   2. Start Act.
2024-12-27 23:28:22.351854   Start to click on the link 'Microsoft'
2024-12-27 23:28:22.640645   Link 'Microsoft' is clicked

2024-12-27 23:28:22.640692   Save current screenshot into PNG file
2024-12-27 23:28:22.906580   3. Start Assert.
2024-12-27 23:28:22.906606   Do current page have 'en-gb'? =>
2024-12-27 23:28:22.906612   Current page is: https://capital.com/en-gb/learn/market-guides/trade-microsoft
2024-12-27 23:28:22.914739   => Current page opened in FCA License. Current page is: https://capital.com/en-gb/learn/market-guides/trade-microsoft

