{'width': 1280, 'height': 800}

2024-05-10 05:29:53.453654   worker_id = master

2024-05-10 05:29:53.453668   0. Allure grouping v4

2024-05-10 05:29:53.453865   START PRECONDITIONS =>

2024-05-10 05:29:53.453880   => URL after prev. preconditions - https://capital.com/pl
2024-05-10 05:29:53.453890   => flag_of_bug - False
2024-05-10 05:29:53.453900   => Current URL - https://capital.com/pl

2024-05-10 05:29:53.459017   => Windows size - {'width': 1280, 'height': 800}
2024-05-10 05:29:53.460315   Set windows position at (0, 0) =>
2024-05-10 05:29:53.461893   Set resolution 1280 * 800 =>
2024-05-10 05:29:53.463501   => Windows size is set to {'width': 1280, 'height': 800}

2024-05-10 05:29:54.509795   Капчи нет. Идем дальше

2024-05-10 05:29:54.509883   Работа с куками =>

2024-05-10 05:29:54.509896   => не требуется

2024-05-10 05:29:54.509906   Prev. country - 'de'
2024-05-10 05:29:54.509915   Cur. country - 'de'
2024-05-10 05:29:54.509924   => Country set to 'de'

2024-05-10 05:29:54.509933   Prev. language - 'pl'
2024-05-10 05:29:54.509941   Cur. language - 'pl'
2024-05-10 05:29:54.509950   => Language is set to 'pl'

2024-05-10 05:29:54.509959   Prev. role - 'NoAuth'
2024-05-10 05:29:54.509967   Cur. role - 'NoAuth'
2024-05-10 05:29:54.509976   => The 'NoAuth' role is set

2024-05-10 05:29:54.512843   => Current URL - https://capital.com/pl

2024-05-10 05:29:54.512865   => THE END PRECONDITIONS

2024-05-10 05:29:54.513051   1. Arrange_v0
2024-05-10 05:29:54.513068   current_page = https://capital.com/pl
2024-05-10 05:29:54.515626   link = https://capital.com/pl/zloty-swedish-krona-kurs
2024-05-10 05:29:54.520402   Current page URL = https://capital.com/pl
2024-05-10 05:29:54.522895   self.link = https://capital.com/pl/zloty-swedish-krona-kurs
2024-05-10 05:29:54.522908   driver.get(https://capital.com/pl/zloty-swedish-krona-kurs) =>
2024-05-10 05:29:56.276727   => Loaded page https://capital.com/pl/zloty-swedish-krona-kurs
2024-05-10 05:29:56.290677   Is button BUTTON_VIEW_DETAILED_CHART present on the page? =>
2024-05-10 05:29:56.290708   => BUTTON_VIEW_DETAILED_CHART is present on the page
2024-05-10 05:29:56.290718   BUTTON_VIEW_DETAILED_CHART scroll =>
2024-05-10 05:29:56.294369   => BUTTON_VIEW_DETAILED_CHART scrolled
2024-05-10 05:29:56.294571   Start Checking that form [Sign up] popped up on the page =>
2024-05-10 05:29:57.849318   '[Sign up]' form was not popped up

2024-05-10 05:29:57.849516   2. Act_v0
2024-05-10 05:29:57.849535   Start Click button [View Detailed Chart] =>
2024-05-10 05:29:57.864867   BUTTON_VIEW_DETAILED_CHART is clickable =>
2024-05-10 05:29:57.898947 => BUTTON_VIEW_DETAILED_CHART clicked

2024-05-10 05:29:57.899171   3. Assert_Login_v0
2024-05-10 05:29:57.899260   Check that 'Login' form is opened
2024-05-10 05:29:58.136539   'Login' form opened
2024-05-10 05:29:58.136586   Assert LOGIN_REF_SIGNUP =>
2024-05-10 05:29:58.145973   Assert LOGIN_CHECKBOX =>
2024-05-10 05:29:58.157363   Assert LOGIN_PASS_FORGOT =>
2024-05-10 05:29:58.166844   => 'Login' form is checked
2024-05-10 05:29:58.190062   Click 'Close' button on 'Login' form =>
2024-05-10 05:29:58.520477   => Focus moved to 'capital*com' logo
2024-05-10 05:29:58.520520   => 'Login' form closed
