


Current market - Commodities



Current sort - Top risers
{'width': 1280, 'height': 800}

2024-05-10 04:48:28.070252   worker_id = master

2024-05-10 04:48:28.070267   0. Allure grouping v4

2024-05-10 04:48:28.070500   START PRECONDITIONS =>

2024-05-10 04:48:28.070518   => URL after prev. preconditions - https://capital.com/pl
2024-05-10 04:48:28.070528   => flag_of_bug - True
2024-05-10 04:48:28.070538   => Current URL - https://capital.com/pl/pochodne-instrumenty-finansowe
2024-05-10 04:48:28.076372   Current page URL = https://capital.com/pl/pochodne-instrumenty-finansowe
2024-05-10 04:48:28.079071   self.link = https://capital.com/pl
2024-05-10 04:48:28.079086   driver.get(https://capital.com/pl) =>
2024-05-10 04:48:29.837538   => Loaded page https://capital.com/pl

2024-05-10 04:48:29.841970   => Windows size - {'width': 1280, 'height': 800}
2024-05-10 04:48:29.843443   Set windows position at (0, 0) =>
2024-05-10 04:48:29.845098   Set resolution 1280 * 800 =>
2024-05-10 04:48:29.846746   => Windows size is set to {'width': 1280, 'height': 800}

2024-05-10 04:48:30.885889   Капчи нет. Идем дальше

2024-05-10 04:48:30.885984   Работа с куками =>

2024-05-10 04:48:30.885997   => не требуется

2024-05-10 04:48:30.886006   Prev. country - 'de'
2024-05-10 04:48:30.886016   Cur. country - 'de'
2024-05-10 04:48:30.886025   => Country set to 'de'

2024-05-10 04:48:30.886034   Prev. language - 'pl'
2024-05-10 04:48:30.886042   Cur. language - 'pl'
2024-05-10 04:48:30.886051   => Language is set to 'pl'

2024-05-10 04:48:30.886060   Prev. role - 'NoAuth'
2024-05-10 04:48:30.886069   Cur. role - 'NoAuth'
2024-05-10 04:48:30.886077   => The 'NoAuth' role is set

2024-05-10 04:48:30.888833   => Current URL - https://capital.com/pl

2024-05-10 04:48:30.888855   => THE END PRECONDITIONS

2024-05-10 04:48:30.889038   START Open "Markets" menu, "All Markets" submenu =>

2024-05-10 04:48:30.889053   1. Cur URL = https://capital.com/pl

2024-05-10 04:48:30.891597   2. Link = https://capital.com/pl
2024-05-10 04:48:30.891613   current_page = https://capital.com/pl
2024-05-10 04:48:30.894040   link = https://capital.com/pl
2024-05-10 04:48:31.405663   => 'Markets' menu is present
2024-05-10 04:48:31.420845   => 'Markets' menu is visible
2024-05-10 04:48:32.685206   => Focus moved to 'Markets' menu
2024-05-10 04:48:32.691204   => 'Markets > All Markets' submenu is present
2024-05-10 04:48:34.486801   => Focus moved to 'capital*com' logo

2024-05-10 04:48:34.486847   3. Cur URL = https://capital.com/pl/pochodne-instrumenty-finansowe

2024-05-10 04:48:34.492343   1. Arrange for TABLE_TRADING_INSTRUMENTS and 'Top risers' cur_sort
2024-05-10 04:48:34.492366   current_page = https://capital.com/pl/pochodne-instrumenty-finansowe
2024-05-10 04:48:34.494806   link = https://capital.com/pl/pochodne-instrumenty-finansowe
2024-05-10 04:48:34.497158   TABLE_TRADING_INSTRUMENTS present on this page? =>
2024-05-10 04:48:34.502170   => TABLE_TRADING_INSTRUMENTS is present on the page!
2024-05-10 04:48:34.502193   IS MARKETS_LIST present on this page? =>
2024-05-10 04:48:34.506940   Start scroll to markets list =>
2024-05-10 04:48:34.511232   => MARKETS_LIST is present on the page!
2024-05-10 04:48:34.511269   Start scroll and click cur_market 'Commodities' =>
2024-05-10 04:48:34.561640   => End Click cur_market "Commodities"
2024-05-10 04:48:34.561701   IS FIELD_DROPDOWN_SORT present in the Live prices table? =>
2024-05-10 04:48:34.582376   =>  FIELD_DROPDOWN_SORT is present in the table!
2024-05-10 04:48:34.582442   Start scroll and click FIELD_DROPDOWN_SORT =>
2024-05-10 04:48:34.617260   Is item_sort_list visible on the FIELD_DROPDOWN_SORT ? =>
2024-05-10 04:48:34.630723   => item_sort_list is visible on the FIELD_DROPDOWN_SORT!
2024-05-10 04:48:34.630749   Is cur_sort "Top risers" present in item_sort_list? =>
2024-05-10 04:48:34.636325   => cur_sort "Top risers" is present in item_sort_list!
2024-05-10 04:48:34.636349   Start click cur_sort "Top risers" =>
2024-05-10 04:48:34.663963   => End Click cur_sort "Top risers"

2024-05-10 04:48:34.664011   Buttons [Sell] is visible and sum buttons no zero? =>
2024-05-10 04:48:34.671345   => Buttons [Sell] is visible and sum buttons no zero!

2024-05-10 04:48:34.671380   Start find 1 random buttons [Sell] on cur_sort=>
2024-05-10 04:48:34.676856   => End find 1 random buttons [Sell] on the cur_sort "Top risers"

2024-05-10 04:48:34.676884   List of random items = [0]
2024-05-10 04:48:34.677063   2. Act for trading instrument, cur_market Commodities and "Top risers" cur_sort
2024-05-10 04:48:34.688834   Start click button [Sell] =>
2024-05-10 04:48:34.951410   Check that BUTTON_SELL with item 'Gold' clickable =>
2024-05-10 04:48:34.967989   => BUTTON_SELL is clickable
2024-05-10 04:48:35.236988   =>   BUTTON_SELL on item 'Gold' clicked

2024-05-10 04:48:35.237235   3. Assert_Login_v0
2024-05-10 04:48:35.237321   Check that 'Login' form is opened
2024-05-10 04:48:41.393667   'Login' form not opened
2024-05-10 04:48:41.393861   Check that new 'Login' form is opened
2024-05-10 04:48:44.494028   => New 'Login' form not opened
2024-05-10 04:48:44.497115   'Login' page not opened
2024-05-10 04:48:47.583522   'Login' form on trading platform not opened
2024-05-10 04:48:47.583722   Start step Check that [Sign up] form is opened
2024-05-10 04:48:47.595991   'Sign up' form opened
2024-05-10 04:48:47.596017   Assert SIGNUP_HEADER =>
2024-05-10 04:48:47.605616   Assert SIGNUP_REF_LOGIN =>
2024-05-10 04:48:47.614913   Assert SIGNUP_PRIVACY_POLICY_ALL_2 =>
2024-05-10 04:48:47.623992   => SIGNUP_PRIVACY_POLICY_ALL
2024-05-10 04:48:47.624019   => 'Signup' form is checked

Bug: Bid:01.01.00_001-pl.de.NoAuth

2024-05-10 04:48:47.624089   Проверка бага в таблице ретеста  =>

2024-05-10 04:48:48.104507   4. Fixing one row check results into Google Sheet Bugs Report =>
1 cells updated.
2024-05-10 04:48:48.461431   => 4. One row check results into Google Sheet Bugs Report fixed

2024-05-10 04:48:49.994691   4. Fixing one row check results into Google Sheet Bugs Report =>
1 cells updated.
2024-05-10 04:48:50.335730   => 4. One row check results into Google Sheet Bugs Report fixed

2024-05-10 04:48:50.335979   4. Fixing one row check results into Google Sheet Bugs Report =>
1 cells updated.
2024-05-10 04:48:50.550392   => 4. One row check results into Google Sheet Bugs Report fixed

2024-05-10 04:48:50.550513   Баг Bid:01.01.00_001-pl.de.NoAuth уже существует, но у него изменился тип с  на 05

2024-05-10 04:48:50.550700   4. Fixing one row check results into Google Sheet Bugs Report =>
1 cells updated.
2024-05-10 04:48:50.755674   => 4. One row check results into Google Sheet Bugs Report fixed

2024-05-10 04:48:50.758043   Баг Bid:01.01.00_001-pl.de.NoAuth-05 обнаружен ранее и уже находится в 'Bugs Report Auto detect'
