{'width': 1920, 'height': 1080}

2024-12-28 01:40:07.074832   worker_id = master

2024-12-28 01:40:07.074842   0. Allure grouping for US_55


2024-12-28 01:40:07.075043   START PRECONDITIONS =>

2024-12-28 01:40:07.075058   => URL after prev. preconditions - https://capital.com/en-gb
2024-12-28 01:40:07.075064   => flag_of_bug - True
2024-12-28 01:40:07.075072   => Current URL - https://capital.com/de-de
2024-12-28 01:40:07.081126   Current page URL = https://capital.com/de-de
2024-12-28 01:40:07.084020   self.link = https://capital.com/en-gb
2024-12-28 01:40:07.084031   driver.get(https://capital.com/en-gb) =>
2024-12-28 01:40:09.330488   => Loaded page https://capital.com/en-gb

2024-12-28 01:40:09.339112   => Windows size: {'width': 1920, 'height': 1080}

2024-12-28 01:40:09.340563   Set windows position at (0, 0) =>

2024-12-28 01:40:09.342229   Set resolution 1920 * 1080 =>

2024-12-28 01:40:09.343853   => Resolution set {'width': 1920, 'height': 1080}

2024-12-28 01:40:09.345193   Работа с куками =>
2024-12-28 01:40:09.345204   Prev. role - 'Auth'
2024-12-28 01:40:09.345211   Current testing role - 'NoAuth'

2024-12-28 01:40:09.345216   All cookies must be delete =>
2024-12-28 01:40:09.419604   => All cookies are deleted
2024-12-28 01:40:09.419636   Current page URL = https://capital.com/en-gb
2024-12-28 01:40:09.422335   self.link = https://capital.com/en-gb
2024-12-28 01:40:09.422345   driver.get(https://capital.com/en-gb) =>
2024-12-28 01:40:11.712512   => Loaded page https://capital.com/en-gb

2024-12-28 01:40:11.719417   Step 'Click button [Accept all cookies]'
2024-12-28 01:40:11.719425   Is Visible Button [Accept all cookies]? =>
2024-12-28 01:40:12.908636   => Button [Accept all cookies] is visible
2024-12-28 01:40:13.408751   Is clickable Button [Accept all cookies] =>
2024-12-28 01:40:13.425025   => Button [Accept all cookies] is clickable
2024-12-28 01:40:13.425053   Click Button [Accept all cookies] =>
2024-12-28 01:40:13.666155   => Button [Accept all cookies] is clicked
2024-12-28 01:40:13.666195   => Accepted All Cookies

2024-12-28 01:40:14.166309   Prev. role - 'Auth'
2024-12-28 01:40:14.166363   Cur. role - 'NoAuth'

2024-12-28 01:40:14.166553   Start Authorization
2024-12-28 01:40:14.282885   => 'Login' form is opened
2024-12-28 01:40:14.506402   => "login" and "password" are inputted
2024-12-28 01:40:14.506439   Click [Continue] button on [Login] form =>
2024-12-28 01:40:14.581658   => [Continue] button on [Login] form is clicked
2024-12-28 01:40:14.581705   Set timeout = 30
2024-12-28 01:40:15.539984   => Page with 'Trading Platform | Capital.com' title opened

2024-12-28 01:40:15.540045   2. Checking that the LOGO is present on the page =>
2024-12-28 01:40:17.100185   => 'capital*com' logo is present on the current page

2024-12-28 01:40:17.100381   Start Deauthorization
2024-12-28 01:40:17.100453   Start Logout from account info menu in top bar =>
2024-12-28 01:40:17.100463   Set timeout = 15
2024-12-28 01:40:17.100472   Is visible account info icon? =>
2024-12-28 01:40:17.113388   => Account info icon is visible on this page
2024-12-28 01:40:17.113409   Account info icon is click =>
2024-12-28 01:40:17.742212   => Account info icon is clicked
2024-12-28 01:40:17.742251   Is visible logout button in account info menu? =>
2024-12-28 01:40:17.756642   => Logout button from account info menu is visible
2024-12-28 01:40:17.756671   Logout button is click =>
2024-12-28 01:40:17.808234   => Logout button from Account info menu is clicked
2024-12-28 01:40:17.808310   => Logout is OK

2024-12-28 01:40:17.808336   => The 'NoAuth' role is set

2024-12-28 01:40:17.808344   Prev. language: en
2024-12-28 01:40:17.808350   Cur. language - 'de'

2024-12-28 01:40:17.808355   Prev. country: ua
2024-12-28 01:40:17.808361   Cur. country: de

2024-12-28 01:40:17.808492   Set "de" language and "de" country =>
2024-12-28 01:40:17.808504   Current page URL = https://capital.com/trading/platform/
2024-12-28 01:40:17.811301   self.link = https://capital.com/de-de
2024-12-28 01:40:17.811311   driver.get(https://capital.com/de-de) =>
2024-12-28 01:40:20.509352   => Loaded page https://capital.com/de-de
2024-12-28 01:40:20.513994   => Language is set to 'de'
2024-12-28 01:40:20.514013   => Country is set to 'de'
2024-12-28 01:40:20.514023   => Current URL - https://capital.com/de-de

2024-12-28 01:40:20.523494   => Current URL - https://capital.com/de-de

2024-12-28 01:40:20.523515   => END PRECONDITIONS
2024-12-28 01:40:26.070654   => Education menu not present in DOM
