


Current sorting - Most traded
{'width': 1280, 'height': 800}

2024-04-01 10:45:36.974864   worker_id = master

2024-04-01 10:45:36.974882   0. Allure grouping v4

2024-04-01 10:45:36.974991   START PRECONDITIONS =>

2024-04-01 10:45:36.975004   => flag_of_bug - False

2024-04-01 10:45:36.975015   => Windows size - {'width': 1280, 'height': 800}
2024-04-01 10:45:36.976331   Set windows position at (0, 0) =>
2024-04-01 10:45:37.078599   Set resolution 1280 * 800 =>
2024-04-01 10:45:37.180845   => Windows size is set to {'width': 1280, 'height': 800}

2024-04-01 10:45:38.202515   Капчи нет. Идем дальше

2024-04-01 10:45:38.202602   Работа с куками

2024-04-01 10:45:38.202616   Prev. country - 'de'
2024-04-01 10:45:38.202626   Cur. country - 'de'
2024-04-01 10:45:38.202635   => Country set to 'de'

2024-04-01 10:45:38.202644   Prev. language - 'en'
2024-04-01 10:45:38.202653   Cur. language - 'en'
2024-04-01 10:45:38.202662   => Language is set to 'en'

2024-04-01 10:45:38.202671   Prev. role - 'NoReg'
2024-04-01 10:45:38.202679   Cur. role - 'NoReg'
2024-04-01 10:45:38.202688   => The 'NoReg' role is set

2024-04-01 10:45:38.205298   => THE END PRECONDITIONS

2024-04-01 10:45:38.205462   START Open "Markets" menu, "Indices" submenu =>

2024-04-01 10:45:38.205477   1. Cur URL = https://capital.com/major-world-indices

2024-04-01 10:45:38.208146   2. Link = https://capital.com/major-world-indices
2024-04-01 10:45:38.208161   current_page = https://capital.com/major-world-indices
2024-04-01 10:45:38.210462   link = https://capital.com/major-world-indices
2024-04-01 10:45:38.718683   => 'Markets' menu is present
2024-04-01 10:45:38.730980   => 'Markets' menu is visible
2024-04-01 10:45:39.994153   => Focus moved to 'Markets' menu


2024-04-01 10:45:41.372790   => 'Indices' submenu clicked
2024-04-01 10:45:41.668511   => Focus moved to 'capital*com' logo

2024-04-01 10:45:41.668555   3. Cur URL = https://capital.com/major-world-indices

2024-04-01 10:45:41.673892   1. Arrange for Trading instrument and "Most traded" cur_sort
2024-04-01 10:45:41.673917   current_page = https://capital.com/major-world-indices
2024-04-01 10:45:41.676319   link = https://capital.com/major-world-indices
2024-04-01 10:45:41.678707   IS TABLE_TRADING_INSTRUMENTS  present on the  page? =>
2024-04-01 10:45:41.683763   => TABLE_TRADING_INSTRUMENTS is present on the page!
2024-04-01 10:45:41.683784   IS FIELD_DROPDOWN_SORT present in the table? =>
2024-04-01 10:45:41.688315   =>  FIELD_DROPDOWN_SORT is present in the table!
2024-04-01 10:45:41.688336   Start scroll and click FIELD_DROPDOWN_SORT =>
2024-04-01 10:45:41.775476   Is item_sort_list visible on the FIELD_DROPDOWN_SORT ? =>
2024-04-01 10:45:41.803331   => item_sort_list is visible on the FIELD_DROPDOWN_SORT!
2024-04-01 10:45:41.803379   Is cur_sort "Most traded" present in item_sort_list? =>
2024-04-01 10:45:41.822485   => cur_sort "Most traded" is present in item_sort_list!
2024-04-01 10:45:41.822538   Start click cur_sort "Most traded" =>
2024-04-01 10:45:42.426092   => End Click cur_sort "Most traded"

2024-04-01 10:45:42.426139   Buttons [Buy] is visible and quantity buttons not zero? =>
2024-04-01 10:45:42.454229   => Buttons [Buy] is visible and quantity buttons not zero!

2024-04-01 10:45:42.454266   Start find two random buttons [Buy] on cur_sort "Most traded"=>
2024-04-01 10:45:42.460253   => End find 1 random buttons [Buy] on the cur_sort "Most traded"


2024-04-01 10:45:42.460280   Item_list = [5]
2024-04-01 10:45:42.460437   Start Checking that form [Sign up] popped up on the page =>
2024-04-01 10:45:43.989309   '[Sign up]' form was not popped up
2024-04-01 10:45:43.989514   2. Act for trading instrument and "Most traded" cur_sort
2024-04-01 10:45:43.989530   Start click button [Buy] =>
2024-04-01 10:45:44.000309   =>   BUTTON_BUY on item with ID = 21680337780298948
2024-04-01 10:45:44.165276   =>   BUTTON_BUY with item US 500 clicked

2024-04-01 10:45:44.165507   3. Assert_v0
2024-04-01 10:45:44.165596   Start step Check that [Sign up] form is opened
2024-04-01 10:45:44.341681   'Sign up' form opened
2024-04-01 10:45:44.341743   Assert SIGNUP_HEADER =>
2024-04-01 10:45:44.352391   Assert SIGNUP_REF_LOGIN =>
2024-04-01 10:45:44.362337   Assert SIGNUP_PRIVACY_POLICY_ALL_2 =>
2024-04-01 10:45:44.373664   => SIGNUP_PRIVACY_POLICY_ALL
2024-04-01 10:45:44.373693   => 'Signup' form is checked
2024-04-01 10:45:44.373856   Start step Close [Sign up] form =>
2024-04-01 10:45:44.447841   => 'Signup' form closed
2024-04-01 10:45:44.718170   => Focus moved to 'capital*com' logo
