{'width': 1280, 'height': 720}

2023-12-28 22:15:17.609257   worker_id = master

2023-12-28 22:15:17.609270   0. Allure grouping v4


2023-12-28 22:15:17.609404   START PRECONDITIONS =>


2023-12-28 22:15:17.609418   {'width': 1280, 'height': 720}

2023-12-28 22:15:17.610647   Set windows position at (0, 0) =>

2023-12-28 22:15:17.712774   Set resolution 1280 * 720 =>

2023-12-28 22:15:17.814805   => Resolution seted {'width': 1280, 'height': 720}

2023-12-28 22:15:21.844466   Капчи нет. Тестим дальше

2023-12-28 22:15:21.844533   Prev. Role: NoReg

2023-12-28 22:15:21.844550   Current role: NoReg

2023-12-28 22:15:21.844559   Prev language: en

2023-12-28 22:15:21.844567   => Current language: en

2023-12-28 22:15:21.844574   Prev country: gb

2023-12-28 22:15:21.844582   => Current country: gb

2023-12-28 22:15:21.844590   => THE END PRECONDITIONS
2023-12-28 22:15:21.849531   => Education menu is present
2023-12-28 22:15:21.863031   => Education menu is visible
2023-12-28 22:15:23.639852   => Education menu focus moved


2023-12-28 22:15:24.842462   => Trading Psychology Guide menu click

2023-12-28 22:15:24.882566   1. Arrange_v0
2023-12-28 22:15:25.806808   Load page https://capital.com/
2023-12-28 22:15:25.806861   BUTTON_CREATE_YOUR_ACCOUNT is located on the page? =>

2023-12-28 22:15:25.877076   2. Act_v0
2023-12-28 22:15:26.149120   => BUTTON_CREATE_YOUR_ACCOUNT is clicked

2023-12-28 22:15:26.149340   3. Assert_v0
2023-12-28 22:15:26.149417   Start step Check that [Sign up] form is opened
2023-12-28 22:15:26.453541   'Sign up' form opened
2023-12-28 22:15:26.453587   Assert SIGNUP_HEADER =>
2023-12-28 22:15:26.474882   Assert SIGNUP_REF_LOGIN =>
2023-12-28 22:15:26.493323   Assert SIGNUP_PRIVACY_POLICY_ALL_2 =>
2023-12-28 22:15:26.511820   => SIGNUP_PRIVACY_POLICY_ALL
2023-12-28 22:15:26.511857   => 'Signup' form is checked
2023-12-28 22:15:26.512009   Start step Close [Sign up] form =>
2023-12-28 22:15:26.648761   => 'Signup' form closed
