{'width': 1280, 'height': 720}

2023-12-28 21:28:05.707790   worker_id = master

2023-12-28 21:28:05.707804   0. Allure grouping v4


2023-12-28 21:28:05.707949   START PRECONDITIONS =>


2023-12-28 21:28:05.707964   {'width': 1280, 'height': 720}

2023-12-28 21:28:05.709370   Set windows position at (0, 0) =>

2023-12-28 21:28:05.818293   Set resolution 1280 * 720 =>

2023-12-28 21:28:05.920373   => Resolution seted {'width': 1280, 'height': 720}

2023-12-28 21:28:09.958545   Капчи нет. Тестим дальше

2023-12-28 21:28:09.958590   Prev. Role: NoReg

2023-12-28 21:28:09.958599   Current role: NoReg

2023-12-28 21:28:09.958608   Prev language: en

2023-12-28 21:28:09.958615   => Current language: en

2023-12-28 21:28:09.958623   Prev country: gb

2023-12-28 21:28:09.958631   => Current country: gb

2023-12-28 21:28:09.958638   => THE END PRECONDITIONS

2023-12-28 21:28:09.958695   1. Arrange_v0
2023-12-28 21:28:10.745675   Load page https://capital.com/trade-coffee
2023-12-28 21:28:10.803643   BUTTON_START_TRADING scroll =>
2023-12-28 21:28:10.908511   BUTTON_START_TRADING is visible? =>
2023-12-28 21:28:10.952118   => BUTTON_START_TRADING is visible on the page!

2023-12-28 21:28:10.952334   2. Act_v0
2023-12-28 21:28:10.952357   Start Click button [Start Trading] =>
2023-12-28 21:28:10.958833   BUTTON_START_TRADING is clickable? =>
2023-12-28 21:28:11.049434   BUTTON_START_TRADING click =>
2023-12-28 21:28:11.130184   => BUTTON_START_TRADING clicked

2023-12-28 21:28:11.130401   3. Assert_v0
2023-12-28 21:28:11.130475   Start step Check that [Sign up] form is opened
2023-12-28 21:28:11.392719   'Sign up' form opened
2023-12-28 21:28:11.392757   Assert SIGNUP_HEADER =>
2023-12-28 21:28:11.409888   Assert SIGNUP_REF_LOGIN =>
2023-12-28 21:28:11.428374   Assert SIGNUP_PRIVACY_POLICY_ALL_2 =>
2023-12-28 21:28:11.442654   => SIGNUP_PRIVACY_POLICY_ALL
2023-12-28 21:28:11.442698   => 'Signup' form is checked
2023-12-28 21:28:11.442854   Start step Close [Sign up] form =>
2023-12-28 21:28:11.526349   => 'Signup' form closed
