{'width': 1280, 'height': 720}

2023-12-28 22:06:25.819693   worker_id = master

2023-12-28 22:06:25.819715   0. Allure grouping v4


2023-12-28 22:06:25.820018   START PRECONDITIONS =>


2023-12-28 22:06:25.820041   {'width': 1280, 'height': 720}

2023-12-28 22:06:25.898445   Set windows position at (0, 0) =>

2023-12-28 22:06:26.011529   Set resolution 1280 * 720 =>

2023-12-28 22:06:26.113705   => Resolution seted {'width': 1280, 'height': 720}

2023-12-28 22:06:30.156536   Капчи нет. Тестим дальше

2023-12-28 22:06:30.156580   Prev. Role: Auth

2023-12-28 22:06:30.156590   Current role: Auth

2023-12-28 22:06:30.156599   Prev language: en

2023-12-28 22:06:30.156608   => Current language: en

2023-12-28 22:06:30.156615   Prev country: gb

2023-12-28 22:06:30.156623   => Current country: gb

2023-12-28 22:06:30.156631   => THE END PRECONDITIONS

2023-12-28 22:06:30.156688   1. Arrange_v0
2023-12-28 22:06:30.159458   BUTTON_TRY_DEMO is visible? =>
2023-12-28 22:06:30.173219   => BUTTON_TRY_DEMO is visible on the page!

2023-12-28 22:06:30.173366   2. Act_v0
2023-12-28 22:06:30.173380   BUTTON_TRY_DEMO is present? =>
2023-12-28 22:06:30.181054   => BUTTON_TRY_DEMO is present on the page!
2023-12-28 22:06:30.181085   BUTTON_TRY_DEMO scroll =>
2023-12-28 22:06:30.234910   => BUTTON_TRY_DEMO clicked!

2023-12-28 22:06:30.235107   3. Assert_v3
2023-12-28 22:06:30.235186   Checking that the trading platform page has opened (v3) =>
2023-12-28 22:06:30.238804   => Loaded page https://capital.com/swing-trading with not https://capital.com/trading/platform url
