


Current sorting - Top fallers
{'width': 1280, 'height': 800}

2024-04-01 10:42:39.020286   worker_id = master

2024-04-01 10:42:39.020305   0. Allure grouping v4

2024-04-01 10:42:39.020419   START PRECONDITIONS =>

2024-04-01 10:42:39.020431   => flag_of_bug - False

2024-04-01 10:42:39.020443   => Windows size - {'width': 1280, 'height': 800}
2024-04-01 10:42:39.021868   Set windows position at (0, 0) =>
2024-04-01 10:42:39.124226   Set resolution 1280 * 800 =>
2024-04-01 10:42:39.226301   => Windows size is set to {'width': 1280, 'height': 800}

2024-04-01 10:42:40.250670   Капчи нет. Идем дальше

2024-04-01 10:42:40.250758   Работа с куками

2024-04-01 10:42:40.250772   Prev. country - 'de'
2024-04-01 10:42:40.250782   Cur. country - 'de'
2024-04-01 10:42:40.250791   => Country set to 'de'

2024-04-01 10:42:40.250800   Prev. language - 'en'
2024-04-01 10:42:40.250808   Cur. language - 'en'
2024-04-01 10:42:40.250817   => Language is set to 'en'

2024-04-01 10:42:40.250826   Prev. role - 'NoAuth'
2024-04-01 10:42:40.250834   Cur. role - 'NoAuth'
2024-04-01 10:42:40.250843   => The 'NoAuth' role is set

2024-04-01 10:42:40.253485   => THE END PRECONDITIONS

2024-04-01 10:42:40.253650   START Open "Markets" menu, "Indices" submenu =>

2024-04-01 10:42:40.253665   1. Cur URL = https://capital.com/major-world-indices

2024-04-01 10:42:40.256076   2. Link = https://capital.com/major-world-indices
2024-04-01 10:42:40.256091   current_page = https://capital.com/major-world-indices
2024-04-01 10:42:40.258620   link = https://capital.com/major-world-indices
2024-04-01 10:42:40.769802   => 'Markets' menu is present
2024-04-01 10:42:40.784934   => 'Markets' menu is visible
2024-04-01 10:42:42.048698   => Focus moved to 'Markets' menu


2024-04-01 10:42:43.440563   => 'Indices' submenu clicked
2024-04-01 10:42:43.718357   => Focus moved to 'capital*com' logo

2024-04-01 10:42:43.718399   3. Cur URL = https://capital.com/major-world-indices

2024-04-01 10:42:43.723564   1. Arrange for TABLE_TRADING_INSTRUMENTS and 'Top fallers' cur_sort
2024-04-01 10:42:43.723586   current_page = https://capital.com/major-world-indices
2024-04-01 10:42:43.725979   link = https://capital.com/major-world-indices
2024-04-01 10:42:43.728272   TABLE_TRADING_INSTRUMENTS present on this page? =>
2024-04-01 10:42:43.736055   => TABLE_TRADING_INSTRUMENTS is present on the page!
2024-04-01 10:42:43.736081   IS FIELD_DROPDOWN_SORT present in the Live prices table? =>
2024-04-01 10:42:43.743224   =>  FIELD_DROPDOWN_SORT is present in the table!
2024-04-01 10:42:43.743245   Start scroll and click FIELD_DROPDOWN_SORT =>
2024-04-01 10:42:43.827792   Is item_sort_list visible on the FIELD_DROPDOWN_SORT ? =>
2024-04-01 10:42:43.844713   => item_sort_list is visible on the FIELD_DROPDOWN_SORT!
2024-04-01 10:42:43.844744   Is cur_sort "Top fallers" present in item_sort_list? =>
2024-04-01 10:42:43.852771   => cur_sort "Top fallers" is present in item_sort_list!
2024-04-01 10:42:43.852796   Start click cur_sort "Top fallers" =>
2024-04-01 10:42:44.493009   => End Click cur_sort "Top fallers"

2024-04-01 10:42:44.493060   Buttons [Sell] is visible and sum buttons no zero? =>
2024-04-01 10:42:44.518606   => Buttons [Sell] is visible and sum buttons no zero!

2024-04-01 10:42:44.518645   Start find 1 random buttons [Sell] on cur_sort "Top fallers"=>
2024-04-01 10:42:44.524997   => End find 1 random buttons [Sell] on the cur_sort "Top fallers"

2024-04-01 10:42:44.525031   List of random items = [6]
2024-04-01 10:42:44.525254   Start Checking that form [Sign up] popped up on the page =>
2024-04-01 10:42:46.071041   '[Sign up]' form was not popped up
2024-04-01 10:42:46.071242   2. Act for trading instrument and "Top fallers" cur_sort
2024-04-01 10:42:46.071258   Start click button [Sell] =>
2024-04-01 10:42:46.082223   =>   BUTTON_SELL on item with ID = 15989072321336658
2024-04-01 10:42:46.262155   =>   BUTTON_SELL with item Netherlands 25 clicked

2024-04-01 10:42:46.262404   3. Assert_Login_v0
2024-04-01 10:42:46.262528   Check that 'Login' form is opened
2024-04-01 10:42:49.342696   'Login' form not opened
2024-04-01 10:42:49.342942   Check that new 'Login' form is opened
2024-04-01 10:42:52.404851   => New 'Login' form not opened
2024-04-01 10:42:52.407711   'Login' page not opened
2024-04-01 10:42:55.466013   'Login' form on trading platform not opened
2024-04-01 10:42:55.466196   Start step Check that [Sign up] form is opened
2024-04-01 10:42:58.523367   'Sign up' form not opened
2024-04-01 10:42:58.523555   Start step Check that new [Sign up] form is opened
2024-04-01 10:43:01.585635   => new 'Sign up' form not opened
2024-04-01 10:43:01.585822   Start method Check that [Sign up] page opened =>
2024-04-01 10:43:02.589635   'Sign up' page not opened
2024-04-01 10:43:02.589846   Check that [Sign up] form on trading platform opened =>
2024-04-01 10:43:05.663807   'Sign up' form on trading platform page not opened

Bug: Bid:01.04.00_002-en.de.NoAuth

2024-04-01 10:43:05.663890   Проверка бага в таблице ретеста  =>

 gs = GoogleSheet() - создаем объект gs # 1: <tests.ReTestsAuto.GoogleSheets.googlesheets.GoogleSheet object at 0x7fbce253cda0>

2024-04-01 10:43:06.110428   4. Fixing one row check results into Google Sheet Bugs Report =>
1 cells updated.
2024-04-01 10:43:06.379911   => 4. One row check results into Google Sheet Bugs Report fixed

2024-04-01 10:43:07.310559   4. Fixing one row check results into Google Sheet Bugs Report =>
1 cells updated.
2024-04-01 10:43:07.568221   => 4. One row check results into Google Sheet Bugs Report fixed

2024-04-01 10:43:07.569939   Баг Bid:01.04.00_002-en.de.NoAuth-08 обнаружен ранее и уже находится в 'Bugs Report Auto detect'
