


Current market - Cryptocurrencies
{'width': 1280, 'height': 800}

2024-04-12 12:40:35.534897   worker_id = master

2024-04-12 12:40:35.534916   0. Allure grouping v4

2024-04-12 12:40:35.535178   START PRECONDITIONS =>

2024-04-12 12:40:35.535195   => URL after prev. preconditions - https://capital.com/nl
2024-04-12 12:40:35.535236   => flag_of_bug - False
2024-04-12 12:40:35.535251   => Current URL - https://capital.com/nl

2024-04-12 12:40:35.551218   => Windows size - {'width': 1280, 'height': 800}
2024-04-12 12:40:35.552514   Set windows position at (0, 0) =>
2024-04-12 12:40:35.654843   Set resolution 1280 * 800 =>
2024-04-12 12:40:35.757278   => Windows size is set to {'width': 1280, 'height': 800}

2024-04-12 12:40:36.812128   Капчи нет. Идем дальше

2024-04-12 12:40:36.812221   Работа с куками =>

2024-04-12 12:40:36.812235   => не требуется

2024-04-12 12:40:36.812244   Prev. country - 'ae'
2024-04-12 12:40:36.812254   Cur. country - 'ae'
2024-04-12 12:40:36.812262   => Country set to 'ae'

2024-04-12 12:40:36.812271   Prev. language - 'nl'
2024-04-12 12:40:36.812280   Cur. language - 'nl'
2024-04-12 12:40:36.812289   => Language is set to 'nl'

2024-04-12 12:40:36.812298   Prev. role - 'NoReg'
2024-04-12 12:40:36.812306   Cur. role - 'NoReg'
2024-04-12 12:40:36.812315   => The 'NoReg' role is set

2024-04-12 12:40:36.814998   => Current URL - https://capital.com/nl

2024-04-12 12:40:36.815019   => THE END PRECONDITIONS

2024-04-12 12:40:36.815062   1. Arrange for 'Trading instrument' widget: 'Cryptocurrencies' market
2024-04-12 12:40:36.815077   current_page = https://capital.com/nl
2024-04-12 12:40:36.817510   link = https://capital.com/nl

2024-04-12 12:40:36.819899   IS 'Trading instrument' widget present on this page? =>
2024-04-12 12:40:36.826293   => 'Trading instrument' widget present on this page!

2024-04-12 12:40:36.837934   IS 'Trading instrument' widget visible on this page? =>
2024-04-12 12:40:36.856998   => 'Trading instrument' widget is visible on this page!

2024-04-12 12:40:36.857036   IS MARKET 'Cryptocurrencies' present on this page? =>
2024-04-12 12:40:36.864862   => MARKET 'Cryptocurrencies' present on this page!

2024-04-12 12:40:36.868097   IS MARKET 'Cryptocurrencies' visible on this page? =>
2024-04-12 12:40:36.891627   => MARKET 'Cryptocurrencies' is visible on this page!

2024-04-12 12:40:36.891664   Start Click Tab 'Cryptocurrencies' MARKET =>
2024-04-12 12:40:36.891674   Check that Tab 'Cryptocurrencies' MARKET is clickable =>
2024-04-12 12:40:36.905332   => Tab 'Cryptocurrencies' MARKET is clickable
2024-04-12 12:40:36.946529   => End Click Tab 'Cryptocurrencies' MARKET

2024-04-12 12:40:36.946585   Is Instruments present? =>
2024-04-12 12:40:36.952915   => Instruments is present on this page

2024-04-12 12:40:36.952945   Is Instruments visible? =>
2024-04-12 12:40:36.962113   => Instruments is visible on this page

2024-04-12 12:40:36.962140   Start find random buttons [Trade] on the TAB 'Cryptocurrencies'=>
2024-04-12 12:40:36.962166   => End find '1' random buttons [Trade] from list [0] on the TAB 'Cryptocurrencies'
2024-04-12 12:40:36.962344   2. Act for 'Trading instrument' widget and 'Cryptocurrencies' tab 0-item from item list [0]
2024-04-12 12:40:36.962361   Start Click button TAB 'Cryptocurrencies' in METHOD: element_click =>
2024-04-12 12:40:36.971386   IS MARKET 'Cryptocurrencies' visible on this page? =>
2024-04-12 12:40:36.980539   Check that MARKET 'Cryptocurrencies' is visible on this page =>
2024-04-12 12:40:36.989396   => MARKET 'Cryptocurrencies' is visible on this page!
2024-04-12 12:40:36.989418   Tab 'Cryptocurrencies' MARKET is scroll =>
2024-04-12 12:40:36.997596   => Tab 'Cryptocurrencies' MARKET is scrolled
2024-04-12 12:40:36.997619   Check that Tab 'Cryptocurrencies' MARKET is clickable =>
2024-04-12 12:40:37.006716   => Tab 'Cryptocurrencies' MARKET is clickable
2024-04-12 12:40:37.028797   => End Click Tab 'Cryptocurrencies' MARKET

2024-04-12 12:40:37.028837   Start get name of trading instrument =>
2024-04-12 12:40:37.039929   => Name of trading instrument: Bitcoin / USD

2024-04-12 12:40:37.039967   Start click button [Trade] =>
2024-04-12 12:40:37.094171   => Button [Trade] for 0-item clicked!


2024-04-12 12:40:37.094264   1. Arrange for 'Trading instrument' widget: 'Cryptocurrencies' market

2024-04-12 12:40:37.094420   3. Assert_v0
2024-04-12 12:40:37.094510   Start step Check that [Sign up] form is opened
2024-04-12 12:40:37.689517   'Sign up' form opened
2024-04-12 12:40:37.689566   Assert SIGNUP_HEADER =>
2024-04-12 12:40:37.703082   Assert SIGNUP_REF_LOGIN =>
2024-04-12 12:40:37.715370   Assert SIGNUP_PRIVACY_POLICY_ALL_2 =>
2024-04-12 12:40:37.725512   => SIGNUP_PRIVACY_POLICY_ALL
2024-04-12 12:40:37.725542   => 'Signup' form is checked
2024-04-12 12:40:37.725719   Start step Close [Sign up] form =>
2024-04-12 12:40:37.810872   => 'Signup' form closed
2024-04-12 12:40:38.097660   => Focus moved to 'capital*com' logo
