{'width': 1280, 'height': 800}

2024-04-13 21:13:45.560472   worker_id = master

2024-04-13 21:13:45.560496   0. Allure grouping v4

2024-04-13 21:13:45.560835   START PRECONDITIONS =>

2024-04-13 21:13:45.560863   => URL after prev. preconditions - https://capital.com/
2024-04-13 21:13:45.560882   => flag_of_bug - False
2024-04-13 21:13:45.560900   => Current URL - https://capital.com/meyer-burger-technology-ag-share-price
2024-04-13 21:13:45.566317   Current page URL = https://capital.com/meyer-burger-technology-ag-share-price
2024-04-13 21:13:45.568704   self.link = https://capital.com/
2024-04-13 21:13:45.568717   driver.get(https://capital.com/) =>
2024-04-13 21:13:47.212356   => Loaded page https://capital.com/

2024-04-13 21:13:47.216609   => Windows size - {'width': 1280, 'height': 800}
2024-04-13 21:13:47.217976   Set windows position at (0, 0) =>
2024-04-13 21:13:47.320260   Set resolution 1280 * 800 =>
2024-04-13 21:13:47.422867   => Windows size is set to {'width': 1280, 'height': 800}

2024-04-13 21:13:48.448831   Капчи нет. Идем дальше

2024-04-13 21:13:48.448922   Работа с куками =>

2024-04-13 21:13:48.448935   => не требуется

2024-04-13 21:13:48.448945   Prev. country - 'ae'
2024-04-13 21:13:48.448954   Cur. country - 'ae'
2024-04-13 21:13:48.448963   => Country set to 'ae'

2024-04-13 21:13:48.448972   Prev. language - 'en'
2024-04-13 21:13:48.448980   Cur. language - 'en'
2024-04-13 21:13:48.448989   => Language is set to 'en'

2024-04-13 21:13:48.448998   Prev. role - 'NoAuth'
2024-04-13 21:13:48.449006   Cur. role - 'NoAuth'
2024-04-13 21:13:48.449015   => The 'NoAuth' role is set

2024-04-13 21:13:48.451785   => Current URL - https://capital.com/

2024-04-13 21:13:48.451806   => THE END PRECONDITIONS

2024-04-13 21:13:48.451982   1. Arrange_v2
2024-04-13 21:13:48.451999   current_page = https://capital.com/
2024-04-13 21:13:48.454412   link = https://capital.com/meyer-burger-technology-ag-share-price
2024-04-13 21:13:48.456902   Current page URL = https://capital.com/
2024-04-13 21:13:48.459370   self.link = https://capital.com/meyer-burger-technology-ag-share-price
2024-04-13 21:13:48.459383   driver.get(https://capital.com/meyer-burger-technology-ag-share-price) =>
2024-04-13 21:13:50.179358   => Loaded page https://capital.com/meyer-burger-technology-ag-share-price
2024-04-13 21:13:50.183789   Is LONG_POSITION_OVERNIGHT_FEE present on the page? =>
2024-04-13 21:13:50.193479   => LONG_POSITION_OVERNIGHT_FEE is present on the page
2024-04-13 21:13:50.193506   LONG_POSITION_OVERNIGHT_FEE scroll =>
2024-04-13 21:13:50.196783   => LONG_POSITION_OVERNIGHT_FEE scrolled

2024-04-13 21:13:50.196933   2. Act_v2
2024-04-13 21:13:50.196948   LONG_POSITION_OVERNIGHT_FEE open =>
2024-04-13 21:13:50.975250   Is LONG_POSITION_OVERNIGHT_FEE open?  =>
2024-04-13 21:13:50.988411   => LONG_POSITION_OVERNIGHT_FEE opened
2024-04-13 21:13:50.988438   Move focus to button [Go to platform] and click on=>
2024-04-13 21:13:51.770998   => BUTTON_GO_TO_PLATFORM is clickable
2024-04-13 21:13:52.507041 => BUTTON_GO_TO_PLATFORM clicked

2024-04-13 21:13:52.507315   3. Assert_Login_v0
2024-04-13 21:13:52.507445   Check that 'Login' form is opened
2024-04-13 21:13:55.750627   'Login' form not opened
2024-04-13 21:13:55.750839   Check that new 'Login' form is opened
2024-04-13 21:13:58.853801   => New 'Login' form not opened
2024-04-13 21:13:58.857995   'Login' page not opened
2024-04-13 21:14:01.939268   'Login' form on trading platform not opened
2024-04-13 21:14:01.939465   Start step Check that [Sign up] form is opened
2024-04-13 21:14:05.021845   'Sign up' form not opened
2024-04-13 21:14:05.022038   Start step Check that new [Sign up] form is opened
2024-04-13 21:14:08.112040   => new 'Sign up' form not opened
2024-04-13 21:14:08.112236   Start method Check that [Sign up] page opened =>
2024-04-13 21:14:09.115641   'Sign up' page not opened
2024-04-13 21:14:09.115835   Check that [Sign up] form on trading platform opened =>
2024-04-13 21:14:09.129119   => 'Sign up' form on trading platform page opened
2024-04-13 21:14:09.129157   Assert SIGNUP_HEADER =>
2024-04-13 21:14:09.143465   => SIGNUP_HEADER is OK
2024-04-13 21:14:09.143495   Assert SIGNUP_PRIVACY_POLICY_ALL_1 =>
2024-04-13 21:14:09.155895   => SIGNUP_PRIVACY_POLICY_ALL_1 is OK
2024-04-13 21:14:09.155921   Assert SIGNUP_REF_LOGIN =>
2024-04-13 21:14:09.167941   => SIGNUP_REF_LOGIN is OK
2024-04-13 21:14:09.167966   => 'Signup' form on trading platform page is checked

Bug: Bid:01.02.01_003-en.ae.NoAuth

2024-04-13 21:14:09.168026   Проверка бага в таблице ретеста  =>

2024-04-13 21:14:09.620619   4. Fixing one row check results into Google Sheet Bugs Report =>
1 cells updated.
2024-04-13 21:14:09.848921   => 4. One row check results into Google Sheet Bugs Report fixed

2024-04-13 21:14:11.337129   4. Fixing one row check results into Google Sheet Bugs Report =>
1 cells updated.
2024-04-13 21:14:11.560924   => 4. One row check results into Google Sheet Bugs Report fixed

2024-04-13 21:14:11.562777   Баг Bid:01.02.01_003-en.ae.NoAuth-07 обнаружен ранее и уже находится в 'Bugs Report Auto detect'
