{'width': 1280, 'height': 800}

2024-04-13 20:53:09.907779   worker_id = master

2024-04-13 20:53:09.907793   0. Allure grouping v4

2024-04-13 20:53:09.907977   START PRECONDITIONS =>

2024-04-13 20:53:09.907993   => URL after prev. preconditions - https://capital.com/
2024-04-13 20:53:09.908006   => flag_of_bug - True
2024-04-13 20:53:09.908016   => Current URL - https://capital.com/trading/platform/
2024-04-13 20:53:09.913369   Current page URL = https://capital.com/trading/platform/
2024-04-13 20:53:09.915921   self.link = https://capital.com/
2024-04-13 20:53:09.915935   driver.get(https://capital.com/) =>
2024-04-13 20:53:11.782848   => Loaded page https://capital.com/

2024-04-13 20:53:11.786242   => Windows size - {'width': 1280, 'height': 800}
2024-04-13 20:53:11.787804   Set windows position at (0, 0) =>
2024-04-13 20:53:11.890154   Set resolution 1280 * 800 =>
2024-04-13 20:53:11.992448   => Windows size is set to {'width': 1280, 'height': 800}

2024-04-13 20:53:13.021297   Капчи нет. Идем дальше

2024-04-13 20:53:13.021384   Работа с куками =>

2024-04-13 20:53:13.021397   => не требуется

2024-04-13 20:53:13.021407   Prev. country - 'ae'
2024-04-13 20:53:13.021416   Cur. country - 'ae'
2024-04-13 20:53:13.021425   => Country set to 'ae'

2024-04-13 20:53:13.021434   Prev. language - 'en'
2024-04-13 20:53:13.021443   Cur. language - 'en'
2024-04-13 20:53:13.021452   => Language is set to 'en'

2024-04-13 20:53:13.021460   Prev. role - 'NoAuth'
2024-04-13 20:53:13.021469   Cur. role - 'NoAuth'
2024-04-13 20:53:13.021478   => The 'NoAuth' role is set

2024-04-13 20:53:13.024207   => Current URL - https://capital.com/

2024-04-13 20:53:13.024229   => THE END PRECONDITIONS

2024-04-13 20:53:13.024272   1. Arrange_v0
2024-04-13 20:53:13.024286   current_page = https://capital.com/
2024-04-13 20:53:13.026711   link = https://capital.com/us-wall-street-30-index
2024-04-13 20:53:13.029105   Current page URL = https://capital.com/
2024-04-13 20:53:13.031517   self.link = https://capital.com/us-wall-street-30-index
2024-04-13 20:53:13.031531   driver.get(https://capital.com/us-wall-street-30-index) =>
2024-04-13 20:53:14.670167   => Loaded page https://capital.com/us-wall-street-30-index
2024-04-13 20:53:14.676767   BUTTON_BUY is located on the page? =>
2024-04-13 20:53:14.684832   => BUTTON_BUY is located on the page!
2024-04-13 20:53:14.685008   Start Checking that form [Sign up] popped up on the page =>
2024-04-13 20:53:16.223930   '[Sign up]' form was not popped up

2024-04-13 20:53:16.224127   2. Act_v0
2024-04-13 20:53:16.229307   BUTTON_BUY is present? =>
2024-04-13 20:53:16.229330   => BUTTON_BUY is present on the page
2024-04-13 20:53:16.229340   BUTTON_BUY scroll =>
2024-04-13 20:53:16.237104   => BUTTON_BUY scrolled
2024-04-13 20:53:16.268832   BUTTON_BUY is clickable? =>
2024-04-13 20:53:16.279474   BUTTON_BUY CLICK =>
2024-04-13 20:53:16.319390   => BUTTON_BUY clicked!

2024-04-13 20:53:16.319685   3. Assert_Login_v0
2024-04-13 20:53:16.319801   Check that 'Login' form is opened
2024-04-13 20:53:16.580599   'Login' form opened
2024-04-13 20:53:16.580636   Assert LOGIN_REF_SIGNUP =>
2024-04-13 20:53:16.596355   Assert LOGIN_CHECKBOX =>
2024-04-13 20:53:16.609548   Assert LOGIN_PASS_FORGOT =>
2024-04-13 20:53:16.626505   => 'Login' form is checked
2024-04-13 20:53:16.646359   Click 'Close' button on 'Login' form =>
2024-04-13 20:53:16.991368   => Focus moved to 'capital*com' logo
2024-04-13 20:53:16.991411   => 'Login' form closed
