{'width': 1280, 'height': 800}

2024-04-13 23:18:41.902177   worker_id = master

2024-04-13 23:18:41.902191   0. Allure grouping v4

2024-04-13 23:18:41.902374   START PRECONDITIONS =>

2024-04-13 23:18:41.902390   => URL after prev. preconditions - https://capital.com/
2024-04-13 23:18:41.902399   => flag_of_bug - True
2024-04-13 23:18:41.902410   => Current URL - https://capital.com/trade-forex
2024-04-13 23:18:41.908008   Current page URL = https://capital.com/trade-forex
2024-04-13 23:18:41.910602   self.link = https://capital.com/
2024-04-13 23:18:41.910616   driver.get(https://capital.com/) =>
2024-04-13 23:18:43.638544   => Loaded page https://capital.com/

2024-04-13 23:18:43.645180   => Windows size - {'width': 1280, 'height': 800}
2024-04-13 23:18:43.646548   Set windows position at (0, 0) =>
2024-04-13 23:18:43.748865   Set resolution 1280 * 800 =>
2024-04-13 23:18:43.851258   => Windows size is set to {'width': 1280, 'height': 800}

2024-04-13 23:18:44.872522   Капчи нет. Идем дальше

2024-04-13 23:18:44.872614   Работа с куками =>

2024-04-13 23:18:44.872628   => не требуется

2024-04-13 23:18:44.872638   Prev. country - 'ae'
2024-04-13 23:18:44.872647   Cur. country - 'ae'
2024-04-13 23:18:44.872656   => Country set to 'ae'

2024-04-13 23:18:44.872665   Prev. language - 'en'
2024-04-13 23:18:44.872674   Cur. language - 'en'
2024-04-13 23:18:44.872682   => Language is set to 'en'

2024-04-13 23:18:44.872691   Prev. role - 'NoAuth'
2024-04-13 23:18:44.872700   Cur. role - 'NoAuth'
2024-04-13 23:18:44.872708   => The 'NoAuth' role is set

2024-04-13 23:18:44.876819   => Current URL - https://capital.com/

2024-04-13 23:18:44.876844   => THE END PRECONDITIONS

2024-04-13 23:18:44.877032   1. Cur URL = https://capital.com/

2024-04-13 23:18:44.879513   2. Link = https://capital.com/
2024-04-13 23:18:44.879528   current_page = https://capital.com/
2024-04-13 23:18:44.881893   link = https://capital.com/
2024-04-13 23:18:45.390587   => Education menu is present in DOM
2024-04-13 23:18:45.395467   => Education menu is visible
2024-04-13 23:18:46.658622   => Focus moved to Education menu
2024-04-13 23:18:48.437404   => Focus moved to Forex trading sub-menu and clicked
2024-04-13 23:18:48.744379   => Focus moved to 'capital*com' logo

2024-04-13 23:18:48.744419   3. Cur URL = https://capital.com/trade-forex

2024-04-13 23:18:48.749713   1. Arrange_v0
2024-04-13 23:18:48.749736   current_page = https://capital.com/trade-forex
2024-04-13 23:18:48.752161   link = https://capital.com/trade-forex
2024-04-13 23:18:48.754521   BUTTON_BUY_IN_CONTENT_BLOCK is located on the page? =>
2024-04-13 23:18:48.765541   => BUTTON_BUY_IN_CONTENT_BLOCK is located on the page!
2024-04-13 23:18:48.765707   Start Checking that form [Sign up] popped up on the page =>
2024-04-13 23:18:50.313976   '[Sign up]' form was not popped up

2024-04-13 23:18:50.314167   2. Act_v0
2024-04-13 23:18:50.319226   BUTTON_BUY_IN_CONTENT_BLOCK is present? =>
2024-04-13 23:18:50.319249   => BUTTON_BUY_IN_CONTENT_BLOCK is present on the page
2024-04-13 23:18:50.319260   BUTTON_BUY_IN_CONTENT_BLOCK scroll =>
2024-04-13 23:18:50.324914   => BUTTON_BUY_IN_CONTENT_BLOCK scrolled
2024-04-13 23:18:50.335258   BUTTON_BUY_IN_CONTENT_BLOCK is clickable? =>
2024-04-13 23:18:50.344859   BUTTON_BUY_IN_CONTENT_BLOCK CLICK =>
2024-04-13 23:18:50.354680   => BUTTON_BUY_IN_CONTENT_BLOCK clicked!

2024-04-13 23:18:50.354920   3. Assert_Login_v0
2024-04-13 23:18:50.355005   Check that 'Login' form is opened
2024-04-13 23:18:53.468885   'Login' form not opened
2024-04-13 23:18:53.469066   Check that new 'Login' form is opened
2024-04-13 23:18:56.540394   => New 'Login' form not opened
2024-04-13 23:18:56.543244   'Login' page not opened
2024-04-13 23:18:59.610598   'Login' form on trading platform not opened
2024-04-13 23:18:59.610818   Start step Check that [Sign up] form is opened
2024-04-13 23:18:59.620875   'Sign up' form opened
2024-04-13 23:18:59.620898   Assert SIGNUP_HEADER =>
2024-04-13 23:18:59.630338   Assert SIGNUP_REF_LOGIN =>
2024-04-13 23:18:59.639551   Assert SIGNUP_PRIVACY_POLICY_ALL_2 =>
2024-04-13 23:18:59.648724   => SIGNUP_PRIVACY_POLICY_ALL
2024-04-13 23:18:59.648746   => 'Signup' form is checked

Bug: Bid:11.02.04.00_05-en.ae.NoAuth

2024-04-13 23:18:59.648796   Проверка бага в таблице ретеста  =>

2024-04-13 23:19:00.350364   4. Fixing one row check results into Google Sheet Bugs Report =>
1 cells updated.
2024-04-13 23:19:00.685756   => 4. One row check results into Google Sheet Bugs Report fixed

2024-04-13 23:19:01.932184   4. Fixing one row check results into Google Sheet Bugs Report =>
1 cells updated.
2024-04-13 23:19:02.141076   => 4. One row check results into Google Sheet Bugs Report fixed

2024-04-13 23:19:02.142560   Баг Bid:11.02.04.00_05-en.ae.NoAuth-05 обнаружен ранее и уже находится в 'Bugs Report Auto detect'
