


Current language - zh



Current country - de
{'width': 1920, 'height': 1080}

2024-10-09 22:51:44.250268   worker_id = master

2024-10-09 22:51:44.250283   0. Allure grouping for US_55

2024-10-09 22:51:45.386529   START PRECONDITIONS =>

2024-10-09 22:51:45.386570   => URL after prev. preconditions - https://capital.com/zh
2024-10-09 22:51:45.386586   => flag_of_bug - True
2024-10-09 22:51:45.386605   => Current URL - https://capital.com/zh

2024-10-09 22:51:45.435203   => Windows size: {'width': 1920, 'height': 1080}
2024-10-09 22:51:45.437118   Set windows position at (0, 0) =>
2024-10-09 22:51:45.443171   Set resolution 1920 * 1080 =>
2024-10-09 22:51:45.445319   => Windows size is set to {'width': 1920, 'height': 1080}

2024-10-09 22:51:50.473230   Капчи нет. Идем дальше

2024-10-09 22:51:50.473325   Работа с куками =>
2024-10-09 22:51:50.473339   Prev. role - 'NoAuth'
2024-10-09 22:51:50.473349   Current testing role - 'NoReg'

2024-10-09 22:51:50.473358   All cookies must be delete =>
2024-10-09 22:51:50.569806   => All cookies are deleted
2024-10-09 22:51:50.569846   Current page URL = https://capital.com/zh
2024-10-09 22:51:50.572680   self.link = https://capital.com/
2024-10-09 22:51:50.572694   driver.get(https://capital.com/) =>
2024-10-09 22:51:52.283343   => Loaded page https://capital.com/

2024-10-09 22:51:52.288938   Step 'Click button [Accept all cookies]'
2024-10-09 22:51:52.288950   Is Visible Button [Accept all cookies]? =>
2024-10-09 22:51:52.302664   => Button [Accept all cookies] is visible
2024-10-09 22:51:52.802793   Is clickable Button [Accept all cookies] =>
2024-10-09 22:51:52.818561   => Button [Accept all cookies] is clickable
2024-10-09 22:51:52.818593   Click Button [Accept all cookies] =>
2024-10-09 22:51:53.004360   => Button [Accept all cookies] is clicked
2024-10-09 22:51:53.004408   => Accepted All Cookies

2024-10-09 22:51:58.555223   Капчи нет. Идем дальше

2024-10-09 22:51:58.555331   Prev. country - '?'
2024-10-09 22:51:58.555348   Cur. country - 'de'
2024-10-09 22:51:58.555358   Set 'de' country =>
2024-10-09 22:51:58.566607   => Language and Country menu is present
2024-10-09 22:51:58.580958   => Language and Country menu is visible
2024-10-09 22:51:59.880694   => Focus is moved on Language and Country menu 
2024-10-09 22:52:02.540950   => Cur url = https://capital.com/?country=de
2024-10-09 22:52:02.549775   => Country set to 'de'

2024-10-09 22:52:07.566105   Капчи нет. Идем дальше

2024-10-09 22:52:07.566195   Prev. language - '?'
2024-10-09 22:52:07.566208   Cur. language - 'zh'
2024-10-09 22:52:07.566218   Set 'zh' language =>
2024-10-09 22:52:07.575418   => Language and Country menu is present
2024-10-09 22:52:07.585355   => Language and Country menu is visible
2024-10-09 22:52:08.857248   => Focus is moved on Language and Country menu 
2024-10-09 22:52:08.866239   Move focus on zh item and click =>
2024-10-09 22:52:10.574028   => Focus moved on zh item and clicked
2024-10-09 22:52:10.574079   => Cur url = https://capital.com/zh
2024-10-09 22:52:10.595519   => Language is set to 'zh'

2024-10-09 22:52:15.666525   Капчи нет. Идем дальше

2024-10-09 22:52:15.666621   Prev. role - 'NoAuth'
2024-10-09 22:52:15.666635   Cur. role - 'NoReg'
2024-10-09 22:52:15.666645   => The 'NoReg' role is set

2024-10-09 22:52:15.669978   => Current URL - https://capital.com/zh

2024-10-09 22:52:15.670005   => END PRECONDITIONS

2024-10-09 22:52:15.670281   1. Arrange
2024-10-09 22:52:15.670298   IS [Sign up] button present on this page? =>
2024-10-09 22:52:15.678217   => [Sign up] button present on this page!

2024-10-09 22:52:15.690689   IS [Sign up] button visible on this page? =>
2024-10-09 22:52:15.704256   => [Sign up] button is visible on this page!


2024-10-09 22:52:15.704467   2. Act_v0
2024-10-09 22:52:15.704484   IS [Sign up] clickable on the page? =>
2024-10-09 22:52:15.720819   => [Sign up] is clickable on the page!


2024-10-09 22:52:15.720857   Start Click button [Sign up] =>
2024-10-09 22:52:15.768312   => End Click button [Sign up] 
2024-10-09 22:52:15.768546   Start step Check that [Sign up] form is opened
2024-10-09 22:52:16.500335   'Sign up' form opened
2024-10-09 22:52:16.500387   Assert SIGNUP_HEADER =>
2024-10-09 22:52:16.534565   Assert SIGNUP_REF_LOGIN =>
2024-10-09 22:52:16.560945   Assert SIGNUP_PRIVACY_POLICY_ALL_2 =>
2024-10-09 22:52:16.578856   => SIGNUP_PRIVACY_POLICY_ALL
2024-10-09 22:52:16.578894   => 'Signup' form is checked
2024-10-09 22:52:16.578946   => 'Sign up' form is opened

2024-10-09 22:52:16.579111   3. Assert
2024-10-09 22:52:16.579129   Is 'Please enter a valid Email' message displayed on this page after putting invalid email? =>
2024-10-09 22:52:16.579139   => Start fill out 'Email address' field.
2024-10-09 22:52:16.691884   => 'Email address' is inputted

2024-10-09 22:52:16.850396   => Switch to 'Password' field

get_attribute:  display: block;
2024-10-09 22:52:16.873250   => 'Please enter a valid Email' message is displayed

2024-10-09 22:52:16.873282   Save current screenshot into PNG file
2024-10-09 22:52:17.063007   Is [Continue] button active after putting invalid email? =>
2024-10-09 22:52:17.063039   => Start fill out 'Password' field.
2024-10-09 22:52:17.150421   => 'Password' is inputted

continue_button:  btn btn--md btn--wide s2_btn disabled hasPointer
2024-10-09 22:52:17.172609   => '[Continue] button is not active after putting invalid email

2024-10-09 22:52:17.172646   Save current screenshot into PNG file
