{'width': 1280, 'height': 800}

2024-04-13 23:45:18.448041   worker_id = master

2024-04-13 23:45:18.448055   0. Allure grouping v4

2024-04-13 23:45:18.448237   START PRECONDITIONS =>

2024-04-13 23:45:18.448253   => URL after prev. preconditions - https://capital.com/
2024-04-13 23:45:18.448263   => flag_of_bug - False
2024-04-13 23:45:18.448273   => Current URL - https://capital.com/

2024-04-13 23:45:18.453176   => Windows size - {'width': 1280, 'height': 800}
2024-04-13 23:45:18.454414   Set windows position at (0, 0) =>
2024-04-13 23:45:18.556782   Set resolution 1280 * 800 =>
2024-04-13 23:45:18.659226   => Windows size is set to {'width': 1280, 'height': 800}

2024-04-13 23:45:19.699923   Капчи нет. Идем дальше

2024-04-13 23:45:19.700007   Работа с куками =>

2024-04-13 23:45:19.700021   => не требуется

2024-04-13 23:45:19.700031   Prev. country - 'ae'
2024-04-13 23:45:19.700041   Cur. country - 'ae'
2024-04-13 23:45:19.700050   => Country set to 'ae'

2024-04-13 23:45:19.700059   Prev. language - 'en'
2024-04-13 23:45:19.700068   Cur. language - 'en'
2024-04-13 23:45:19.700077   => Language is set to 'en'

2024-04-13 23:45:19.700086   Prev. role - 'NoReg'
2024-04-13 23:45:19.700094   Cur. role - 'NoReg'
2024-04-13 23:45:19.700103   => The 'NoReg' role is set

2024-04-13 23:45:19.702943   => Current URL - https://capital.com/

2024-04-13 23:45:19.702965   => THE END PRECONDITIONS

2024-04-13 23:45:19.703143   1. Cur URL = https://capital.com/

2024-04-13 23:45:19.705623   2. Link = https://capital.com/
2024-04-13 23:45:19.705638   current_page = https://capital.com/
2024-04-13 23:45:19.708150   link = https://capital.com/
2024-04-13 23:45:20.216881   => Education menu is present in DOM
2024-04-13 23:45:20.221823   => Education menu is visible
2024-04-13 23:45:21.494907   => Focus moved to Education menu
