{'width': 1280, 'height': 800}

2024-04-13 22:43:19.944266   worker_id = master

2024-04-13 22:43:19.944285   0. Allure grouping v4

2024-04-13 22:43:19.944554   START PRECONDITIONS =>

2024-04-13 22:43:19.944577   => URL after prev. preconditions - https://capital.com/
2024-04-13 22:43:19.944591   => flag_of_bug - False
2024-04-13 22:43:19.944607   => Current URL - https://capital.com/learn-trading-app
2024-04-13 22:43:19.950285   Current page URL = https://capital.com/learn-trading-app
2024-04-13 22:43:19.952710   self.link = https://capital.com/
2024-04-13 22:43:19.952724   driver.get(https://capital.com/) =>
2024-04-13 22:43:21.850944   => Loaded page https://capital.com/

2024-04-13 22:43:21.854530   => Windows size - {'width': 1280, 'height': 800}
2024-04-13 22:43:21.856025   Set windows position at (0, 0) =>
2024-04-13 22:43:21.958419   Set resolution 1280 * 800 =>
2024-04-13 22:43:22.063451   => Windows size is set to {'width': 1280, 'height': 800}

2024-04-13 22:43:23.095750   Капчи нет. Идем дальше

2024-04-13 22:43:23.095850   Работа с куками =>

2024-04-13 22:43:23.095866   => не требуется

2024-04-13 22:43:23.095876   Prev. country - 'ae'
2024-04-13 22:43:23.095886   Cur. country - 'ae'
2024-04-13 22:43:23.095895   => Country set to 'ae'

2024-04-13 22:43:23.095905   Prev. language - 'en'
2024-04-13 22:43:23.095914   Cur. language - 'en'
2024-04-13 22:43:23.095923   => Language is set to 'en'

2024-04-13 22:43:23.095932   Prev. role - 'Auth'
2024-04-13 22:43:23.095941   Cur. role - 'Auth'
2024-04-13 22:43:23.095951   => The 'Auth' role is set

2024-04-13 22:43:23.098764   => Current URL - https://capital.com/

2024-04-13 22:43:23.098815   => THE END PRECONDITIONS

2024-04-13 22:43:23.098871   1. Arrange
2024-04-13 22:43:23.098887   current_page = https://capital.com/
2024-04-13 22:43:23.101592   link = https://capital.com/learn-trading-app
2024-04-13 22:43:23.104075   Current page URL = https://capital.com/
2024-04-13 22:43:23.106450   self.link = https://capital.com/learn-trading-app
2024-04-13 22:43:23.106465   driver.get(https://capital.com/learn-trading-app) =>
2024-04-13 22:43:25.051072   => Loaded page https://capital.com/learn-trading-app
2024-04-13 22:43:25.054528   Is visible BUTTON_EXPLORE_WEB_PLATFORM? =>
2024-04-13 22:43:25.069295   => BUTTON_EXPLORE_WEB_PLATFORM is visible on the page!

2024-04-13 22:43:25.069459   2. Act
2024-04-13 22:43:25.076729   1 checking element(s) with current CSS locator is(are) present(s) on this page
2024-04-13 22:43:26.479413   => BUTTON_EXPLORE_WEB_PLATFORM IS CLICKED

2024-04-13 22:43:26.479787   3. Assert_v4

2024-04-13 22:43:26.479824   
2024-04-13 22:43:26.480008   Checking that the trading platform page has opened (v4) =>
2024-04-13 22:43:26.487504   Checking way # 1 => 

2024-04-13 22:43:26.487681   1. Checking that the Trading platform (or TradingView site) page has valid title =>
2024-04-13 22:43:26.495238   => The title of current page is 'Trading Platform | Capital.com'

2024-04-13 22:43:26.495351   2. Checking that the LOGO is present on the page =>
2024-04-13 22:43:28.049660   => 'capital*com' logo is present on the current page

2024-04-13 22:43:28.049702   tpd = False
2024-04-13 22:43:29.329805   => Driver.backed
