{'width': 1280, 'height': 800}

2024-04-13 20:56:02.856098   worker_id = master

2024-04-13 20:56:02.856112   0. Allure grouping v4

2024-04-13 20:56:02.856289   START PRECONDITIONS =>

2024-04-13 20:56:02.856305   => URL after prev. preconditions - https://capital.com/
2024-04-13 20:56:02.856314   => flag_of_bug - False
2024-04-13 20:56:02.856324   => Current URL - https://capital.com/margin-trading
2024-04-13 20:56:02.861418   Current page URL = https://capital.com/margin-trading
2024-04-13 20:56:02.863805   self.link = https://capital.com/
2024-04-13 20:56:02.863818   driver.get(https://capital.com/) =>
2024-04-13 20:56:04.590049   => Loaded page https://capital.com/

2024-04-13 20:56:04.594323   => Windows size - {'width': 1280, 'height': 800}
2024-04-13 20:56:04.595811   Set windows position at (0, 0) =>
2024-04-13 20:56:04.698064   Set resolution 1280 * 800 =>
2024-04-13 20:56:04.800150   => Windows size is set to {'width': 1280, 'height': 800}

2024-04-13 20:56:05.823272   Капчи нет. Идем дальше

2024-04-13 20:56:05.823357   Работа с куками =>

2024-04-13 20:56:05.823371   => не требуется

2024-04-13 20:56:05.823381   Prev. country - 'au'
2024-04-13 20:56:05.823390   Cur. country - 'au'
2024-04-13 20:56:05.823399   => Country set to 'au'

2024-04-13 20:56:05.823408   Prev. language - 'en'
2024-04-13 20:56:05.823417   Cur. language - 'en'
2024-04-13 20:56:05.823426   => Language is set to 'en'

2024-04-13 20:56:05.823434   Prev. role - 'NoReg'
2024-04-13 20:56:05.823443   Cur. role - 'NoReg'
2024-04-13 20:56:05.823451   => The 'NoReg' role is set

2024-04-13 20:56:05.826138   => Current URL - https://capital.com/

2024-04-13 20:56:05.826160   => THE END PRECONDITIONS

2024-04-13 20:56:05.826321   1. Arrange_v2
2024-04-13 20:56:05.826336   Current page URL = https://capital.com/
2024-04-13 20:56:05.828738   self.link = https://capital.com/margin-trading
2024-04-13 20:56:05.828752   driver.get(https://capital.com/margin-trading) =>
2024-04-13 20:56:07.954319   => Loaded page https://capital.com/margin-trading
2024-04-13 20:56:07.967150   => Found 5 elements in block MOST_TRADED

2024-04-13 20:56:07.967192   Testing element #1

2024-04-13 20:56:07.967337   2. Act_v2
2024-04-13 20:56:07.967352   Start Click button MOST_TRADED =>
2024-04-13 20:56:07.967362   MOST_TRADED Deleting a class that expanded items =>
2024-04-13 20:56:07.971616   MOST_TRADED scroll =>
2024-04-13 20:56:07.975026   MOST_TRADED click ver 2 =>

2024-04-13 20:56:08.012025   3. Assert_v0
2024-04-13 20:56:08.012185   Start step Check that [Sign up] form is opened
2024-04-13 20:56:08.242182   'Sign up' form opened
2024-04-13 20:56:08.242221   Assert SIGNUP_HEADER =>
2024-04-13 20:56:08.253307   Assert SIGNUP_REF_LOGIN =>
2024-04-13 20:56:08.264532   Assert SIGNUP_PRIVACY_POLICY_ALL_2 =>
2024-04-13 20:56:08.276125   => SIGNUP_PRIVACY_POLICY_ALL
2024-04-13 20:56:08.276163   => 'Signup' form is checked
2024-04-13 20:56:08.276322   Start step Close [Sign up] form =>
2024-04-13 20:56:08.343119   => 'Signup' form closed
2024-04-13 20:56:08.617994   => Focus moved to 'capital*com' logo
2024-04-13 20:56:08.618100   Current page URL = https://capital.com/margin-trading
2024-04-13 20:56:08.620895   self.link = https://capital.com/margin-trading
2024-04-13 20:56:08.620909   driver.get(https://capital.com/margin-trading) =>
2024-04-13 20:56:10.724981   => Loaded page https://capital.com/margin-trading

2024-04-13 20:56:10.735055   Testing element #2

2024-04-13 20:56:10.735215   2. Act_v2
2024-04-13 20:56:10.735231   Start Click button MOST_TRADED =>
2024-04-13 20:56:10.735240   MOST_TRADED Deleting a class that expanded items =>
2024-04-13 20:56:10.738140   MOST_TRADED scroll =>
2024-04-13 20:56:10.741518   MOST_TRADED click ver 2 =>

2024-04-13 20:56:10.775845   3. Assert_v0
2024-04-13 20:56:10.775989   Start step Check that [Sign up] form is opened
2024-04-13 20:56:11.003288   'Sign up' form opened
2024-04-13 20:56:11.003340   Assert SIGNUP_HEADER =>
2024-04-13 20:56:11.013354   Assert SIGNUP_REF_LOGIN =>
2024-04-13 20:56:11.024843   Assert SIGNUP_PRIVACY_POLICY_ALL_2 =>
2024-04-13 20:56:11.035754   => SIGNUP_PRIVACY_POLICY_ALL
2024-04-13 20:56:11.035793   => 'Signup' form is checked
2024-04-13 20:56:11.035959   Start step Close [Sign up] form =>
2024-04-13 20:56:11.100836   => 'Signup' form closed
2024-04-13 20:56:11.384649   => Focus moved to 'capital*com' logo
2024-04-13 20:56:11.384759   Current page URL = https://capital.com/margin-trading
2024-04-13 20:56:11.387567   self.link = https://capital.com/margin-trading
2024-04-13 20:56:11.387582   driver.get(https://capital.com/margin-trading) =>
2024-04-13 20:56:13.473892   => Loaded page https://capital.com/margin-trading
