{'width': 1280, 'height': 800}

2024-04-13 20:21:43.176238   worker_id = master

2024-04-13 20:21:43.176252   0. Allure grouping v4

2024-04-13 20:21:43.176445   START PRECONDITIONS =>

2024-04-13 20:21:43.176461   => URL after prev. preconditions - https://capital.com/
2024-04-13 20:21:43.176470   => flag_of_bug - False
2024-04-13 20:21:43.176481   => Current URL - https://capital.com/trade-etfs
2024-04-13 20:21:43.181751   Current page URL = https://capital.com/trade-etfs
2024-04-13 20:21:43.186161   self.link = https://capital.com/
2024-04-13 20:21:43.186176   driver.get(https://capital.com/) =>
2024-04-13 20:21:44.832440   => Loaded page https://capital.com/

2024-04-13 20:21:44.838094   => Windows size - {'width': 1280, 'height': 800}
2024-04-13 20:21:44.839444   Set windows position at (0, 0) =>
2024-04-13 20:21:44.941744   Set resolution 1280 * 800 =>
2024-04-13 20:21:45.044243   => Windows size is set to {'width': 1280, 'height': 800}

2024-04-13 20:21:46.072288   Капчи нет. Идем дальше

2024-04-13 20:21:46.072377   Работа с куками =>

2024-04-13 20:21:46.072391   => не требуется

2024-04-13 20:21:46.072400   Prev. country - 'au'
2024-04-13 20:21:46.072409   Cur. country - 'au'
2024-04-13 20:21:46.072418   => Country set to 'au'

2024-04-13 20:21:46.072427   Prev. language - 'en'
2024-04-13 20:21:46.072436   Cur. language - 'en'
2024-04-13 20:21:46.072445   => Language is set to 'en'

2024-04-13 20:21:46.072453   Prev. role - 'NoReg'
2024-04-13 20:21:46.072462   Cur. role - 'NoReg'
2024-04-13 20:21:46.072471   => The 'NoReg' role is set

2024-04-13 20:21:46.075242   => Current URL - https://capital.com/

2024-04-13 20:21:46.075264   => THE END PRECONDITIONS
2024-04-13 20:21:46.581509   => Education menu is present in DOM
2024-04-13 20:21:46.586425   => Education menu is visible
2024-04-13 20:21:47.850342   => Focus moved to Education menu

2024-04-13 20:21:49.626188   1. Arrange_v4
2024-04-13 20:21:49.626225   current_page = https://capital.com/trade-etfs
2024-04-13 20:21:49.629947   link = https://capital.com/trade-etfs
2024-04-13 20:21:49.634041   MOST_TRADED is present? =>
2024-04-13 20:21:49.642347   => MOST_TRADED widget is present on this page
2024-04-13 20:21:49.642370   => Found 5 elements in block MOST_TRADED
2024-04-13 20:21:49.642381   Most traded widget is scroll =>
2024-04-13 20:21:49.645631   => Most traded widget is scrolled into screen center

2024-04-13 20:21:49.645668   Random indexes = [1]

2024-04-13 20:21:49.645682   Testing Most traded 1 random element with 1 index

2024-04-13 20:21:49.645818   2. Act_v4
2024-04-13 20:21:49.645911   Start Checking that form [Sign up] popped up on the page =>
2024-04-13 20:21:51.190188   '[Sign up]' form was not popped up
2024-04-13 20:21:51.203265   instrument_title = 'NVIDIA Corp'
2024-04-13 20:21:51.208553   Selected Trade button on Most traded widget is scroll =>
2024-04-13 20:21:51.213027   Selected Trade button click for 'NVIDIA Corp' trading instrument =>
2024-04-13 20:21:52.260232   => Selected Trade button clicked!

2024-04-13 20:21:52.260458   3. Assert_v0
2024-04-13 20:21:52.260548   Start step Check that [Sign up] form is opened
2024-04-13 20:21:52.486616   'Sign up' form opened
2024-04-13 20:21:52.486658   Assert SIGNUP_HEADER =>
2024-04-13 20:21:52.496999   Assert SIGNUP_REF_LOGIN =>
2024-04-13 20:21:52.508666   Assert SIGNUP_PRIVACY_POLICY_ALL_2 =>
2024-04-13 20:21:52.518956   => SIGNUP_PRIVACY_POLICY_ALL
2024-04-13 20:21:52.518999   => 'Signup' form is checked
2024-04-13 20:21:52.519211   Start step Close [Sign up] form =>
2024-04-13 20:21:52.590285   => 'Signup' form closed
2024-04-13 20:21:52.867372   => Focus moved to 'capital*com' logo
