{'width': 1280, 'height': 800}

2024-04-13 18:26:37.334337   worker_id = master

2024-04-13 18:26:37.334351   0. Allure grouping v4

2024-04-13 18:26:37.334530   START PRECONDITIONS =>

2024-04-13 18:26:37.334546   => URL after prev. preconditions - https://capital.com/
2024-04-13 18:26:37.334556   => flag_of_bug - True
2024-04-13 18:26:37.334566   => Current URL - https://capital.com/trading/platform/charting/374675767046212?side=buy&ids=15839732013552836,426090820621508,93810675766468,12241936693896217,1387370618105648466,389605073441988,374675767088654,23381802001433,1658839089815835844,22855552501634244,27041281599427780,1496662958757060,21680337780298948,3644116541985988,374675767046662,21182778791108,123763777688772,1679716659553719492,322264281208004,10500838556456274,93810675692038,53068615951385,18425409712196,27045129890124996,93810675713350,6003982027805892,55001351234585,253454610158788,2604592722433220,427748677997764,374675767067974,123763777643545,23381802018436,123763777606980,5983666832495812,508931114652423506,93810675721241,93810675708048,23381801971780,69768638462207001,70913517829530649,22770954530804932,16150730595456196,20337752478405828,318914206651730,374675767075865,23381802046660,305243519000335556,2306899949212868,3315714839748,7096862226076868,422839530378436,7096896585815236,27342779713672388,145998823326404,14677440848736774,3594075878020292,7096810686469316,14659243072378052,93810675684676,7090488494609604,7094972440466628,374675767046212
2024-04-13 18:26:37.340095   Current page URL = https://capital.com/trading/platform/charting/374675767046212?side=buy&ids=15839732013552836,426090820621508,93810675766468,12241936693896217,1387370618105648466,389605073441988,374675767088654,23381802001433,1658839089815835844,22855552501634244,27041281599427780,1496662958757060,21680337780298948,3644116541985988,374675767046662,21182778791108,123763777688772,1679716659553719492,322264281208004,10500838556456274,93810675692038,53068615951385,18425409712196,27045129890124996,93810675713350,6003982027805892,55001351234585,253454610158788,2604592722433220,427748677997764,374675767067974,123763777643545,23381802018436,123763777606980,5983666832495812,508931114652423506,93810675721241,93810675708048,23381801971780,69768638462207001,70913517829530649,22770954530804932,16150730595456196,20337752478405828,318914206651730,374675767075865,23381802046660,305243519000335556,2306899949212868,3315714839748,7096862226076868,422839530378436,7096896585815236,27342779713672388,145998823326404,14677440848736774,3594075878020292,7096810686469316,14659243072378052,93810675684676,7090488494609604,7094972440466628,374675767046212
2024-04-13 18:26:37.342684   self.link = https://capital.com/
2024-04-13 18:26:37.342698   driver.get(https://capital.com/) =>
2024-04-13 18:26:39.291267   => Loaded page https://capital.com/

2024-04-13 18:26:39.297624   => Windows size - {'width': 1280, 'height': 800}
2024-04-13 18:26:39.298982   Set windows position at (0, 0) =>
2024-04-13 18:26:39.401173   Set resolution 1280 * 800 =>
2024-04-13 18:26:39.503677   => Windows size is set to {'width': 1280, 'height': 800}

2024-04-13 18:26:40.533682   Капчи нет. Идем дальше

2024-04-13 18:26:40.533773   Работа с куками =>

2024-04-13 18:26:40.533788   => не требуется

2024-04-13 18:26:40.533798   Prev. country - 'au'
2024-04-13 18:26:40.533807   Cur. country - 'au'
2024-04-13 18:26:40.533816   => Country set to 'au'

2024-04-13 18:26:40.533826   Prev. language - 'en'
2024-04-13 18:26:40.533835   Cur. language - 'en'
2024-04-13 18:26:40.533844   => Language is set to 'en'

2024-04-13 18:26:40.533852   Prev. role - 'Auth'
2024-04-13 18:26:40.533861   Cur. role - 'Auth'
2024-04-13 18:26:40.533870   => The 'Auth' role is set

2024-04-13 18:26:40.536533   => Current URL - https://capital.com/

2024-04-13 18:26:40.536554   => THE END PRECONDITIONS

2024-04-13 18:26:40.536737   1. Arrange_v0
2024-04-13 18:26:40.536755   current_page = https://capital.com/
2024-04-13 18:26:40.539216   link = https://capital.com/usd-cad-rate
2024-04-13 18:26:40.541675   Current page URL = https://capital.com/
2024-04-13 18:26:40.544091   self.link = https://capital.com/usd-cad-rate
2024-04-13 18:26:40.544104   driver.get(https://capital.com/usd-cad-rate) =>
2024-04-13 18:26:42.328605   => Loaded page https://capital.com/usd-cad-rate
2024-04-13 18:26:42.332790   IS 'Trading calculator' widget present on this page? =>
2024-04-13 18:26:42.340906   => 'Trading calculator' widget present on this page!

2024-04-13 18:26:42.340933   IS 'Trading calculator' widget present on this page? =>
2024-04-13 18:26:42.355499   => 'Trading calculator' widget is visible on this page!

2024-04-13 18:26:42.355529   IS [Start Trading] button present on this page? =>
2024-04-13 18:26:42.365183   => [Start Trading] button present on this page!

2024-04-13 18:26:42.365212   IS [Start Trading] button present on this page? =>
2024-04-13 18:26:42.379301   => [Start Trading] button is visible on this page!

2024-04-13 18:26:42.379332   [Start Trading] button scroll =>

2024-04-13 18:26:42.382775   2. Act_v0
2024-04-13 18:26:42.382796   [Start Trading] button is clickable? =>
2024-04-13 18:26:42.412773   => [Start Trading] button is clickable!

2024-04-13 18:26:42.700976   => [Start Trading] button clicked!

2024-04-13 18:26:42.701374   3. Assert_v4

2024-04-13 18:26:42.701410   
2024-04-13 18:26:42.701593   Checking that the trading platform page has opened (v4) =>
2024-04-13 18:26:42.709896   Checking way # 1 => 

2024-04-13 18:26:42.710090   1. Checking that the Trading platform (or TradingView site) page has valid title =>
2024-04-13 18:26:42.714567   => The title of current page is 'Trading Platform | Capital.com'

2024-04-13 18:26:42.714674   2. Checking that the LOGO is present on the page =>
2024-04-13 18:26:44.381515   => 'capital*com' logo is present on the current page

2024-04-13 18:26:44.381560   tpd = False
2024-04-13 18:26:45.240244   => Driver.backed
