{'width': 1280, 'height': 800}

2024-04-13 18:52:07.889999   worker_id = master

2024-04-13 18:52:07.890014   0. Allure grouping v4

2024-04-13 18:52:07.890190   START PRECONDITIONS =>

2024-04-13 18:52:07.890205   => URL after prev. preconditions - https://capital.com/
2024-04-13 18:52:07.890215   => flag_of_bug - True
2024-04-13 18:52:07.890225   => Current URL - https://capital.com/trading/platform/charting/357105055839112?side=buy&ids=15839732013552836,426090820621508,93810675766468,12241936693896217,1387370618105648466,389605073441988,374675767088654,23381802001433,1658839089815835844,22855552501634244,27041281599427780,1496662958757060,21680337780298948,3644116541985988,374675767046662,21182778791108,123763777688772,1679716659553719492,322264281208004,10500838556456274,93810675692038,53068615951385,18425409712196,27045129890124996,93810675713350,6003982027805892,55001351234585,253454610158788,2604592722433220,427748677997764,374675767067974,123763777643545,23381802018436,123763777606980,5983666832495812,508931114652423506,93810675721241,93810675708048,23381801971780,69768638462207001,70913517829530649,22770954530804932,16150730595456196,20337752478405828,318914206651730,374675767075865,23381802046660,305243519000335556,2306899949212868,3315714839748,7096862226076868,422839530378436,7096896585815236,27342779713672388,145998823326404,14677440848736774,3594075878020292,7096810686469316,14659243072378052,93810675684676,7090488494609604,7094972440466628,374675767046212,7090561509053636,357105055839112
2024-04-13 18:52:07.895836   Current page URL = https://capital.com/trading/platform/charting/357105055839112?side=buy&ids=15839732013552836,426090820621508,93810675766468,12241936693896217,1387370618105648466,389605073441988,374675767088654,23381802001433,1658839089815835844,22855552501634244,27041281599427780,1496662958757060,21680337780298948,3644116541985988,374675767046662,21182778791108,123763777688772,1679716659553719492,322264281208004,10500838556456274,93810675692038,53068615951385,18425409712196,27045129890124996,93810675713350,6003982027805892,55001351234585,253454610158788,2604592722433220,427748677997764,374675767067974,123763777643545,23381802018436,123763777606980,5983666832495812,508931114652423506,93810675721241,93810675708048,23381801971780,69768638462207001,70913517829530649,22770954530804932,16150730595456196,20337752478405828,318914206651730,374675767075865,23381802046660,305243519000335556,2306899949212868,3315714839748,7096862226076868,422839530378436,7096896585815236,27342779713672388,145998823326404,14677440848736774,3594075878020292,7096810686469316,14659243072378052,93810675684676,7090488494609604,7094972440466628,374675767046212,7090561509053636,357105055839112
2024-04-13 18:52:07.898421   self.link = https://capital.com/
2024-04-13 18:52:07.898434   driver.get(https://capital.com/) =>
2024-04-13 18:52:09.862525   => Loaded page https://capital.com/

2024-04-13 18:52:09.869047   => Windows size - {'width': 1280, 'height': 800}
2024-04-13 18:52:09.870387   Set windows position at (0, 0) =>
2024-04-13 18:52:09.972570   Set resolution 1280 * 800 =>
2024-04-13 18:52:10.074974   => Windows size is set to {'width': 1280, 'height': 800}

2024-04-13 18:52:11.100069   Капчи нет. Идем дальше

2024-04-13 18:52:11.100158   Работа с куками =>

2024-04-13 18:52:11.100172   => не требуется

2024-04-13 18:52:11.100181   Prev. country - 'au'
2024-04-13 18:52:11.100191   Cur. country - 'au'
2024-04-13 18:52:11.100200   => Country set to 'au'

2024-04-13 18:52:11.100209   Prev. language - 'en'
2024-04-13 18:52:11.100217   Cur. language - 'en'
2024-04-13 18:52:11.100226   => Language is set to 'en'

2024-04-13 18:52:11.100235   Prev. role - 'Auth'
2024-04-13 18:52:11.100243   Cur. role - 'Auth'
2024-04-13 18:52:11.100252   => The 'Auth' role is set

2024-04-13 18:52:11.102981   => Current URL - https://capital.com/

2024-04-13 18:52:11.103003   => THE END PRECONDITIONS

2024-04-13 18:52:11.103044   1. Arrange_v0
2024-04-13 18:52:11.103058   current_page = https://capital.com/
2024-04-13 18:52:11.105553   link = https://capital.com/iron-ore-spot-commodity
2024-04-13 18:52:11.107955   Current page URL = https://capital.com/
2024-04-13 18:52:11.110393   self.link = https://capital.com/iron-ore-spot-commodity
2024-04-13 18:52:11.110407   driver.get(https://capital.com/iron-ore-spot-commodity) =>
2024-04-13 18:52:12.944193   => Loaded page https://capital.com/iron-ore-spot-commodity
2024-04-13 18:52:12.950835   BUTTON_SELL is located on the page? =>
2024-04-13 18:52:12.958966   => BUTTON_SELL is located on the page!
2024-04-13 18:52:12.959147   Start Checking that form [Sign up] popped up on the page =>
2024-04-13 18:52:14.490846   '[Sign up]' form was not popped up

2024-04-13 18:52:14.491039   2. Act_v0
2024-04-13 18:52:14.496370   BUTTON_SELL is present? =>
2024-04-13 18:52:14.496392   => BUTTON_SELL is present on the page
2024-04-13 18:52:14.496402   BUTTON_SELL scroll =>
2024-04-13 18:52:14.500595   => BUTTON_SELL scrolled
2024-04-13 18:52:14.505258   BUTTON_SELL is clickable? =>
2024-04-13 18:52:14.515060   BUTTON_SELL CLICK =>
2024-04-13 18:52:14.799600   => BUTTON_SELL clicked!

2024-04-13 18:52:14.799960   3. Assert_v4

2024-04-13 18:52:14.799994   
2024-04-13 18:52:14.800180   Checking that the trading platform page has opened (v4) =>
2024-04-13 18:52:14.827384   Checking way # 1 => 

2024-04-13 18:52:14.827642   1. Checking that the Trading platform (or TradingView site) page has valid title =>
2024-04-13 18:52:14.834241   => The title of current page is 'Trading Platform | Capital.com'

2024-04-13 18:52:14.834363   2. Checking that the LOGO is present on the page =>
2024-04-13 18:52:16.385412   => 'capital*com' logo is present on the current page

2024-04-13 18:52:16.385451   tpd = False

2024-04-13 18:52:16.385463   4. Check that opened page with https://capital.com/trading/platform/charting/357105055839112?side=sell&ids=15839732013552836,426090820621508,93810675766468,12241936693896217,1387370618105648466,389605073441988,374675767088654,23381802001433,1658839089815835844,22855552501634244,27041281599427780,1496662958757060,21680337780298948,3644116541985988,374675767046662,21182778791108,123763777688772,1679716659553719492,322264281208004,10500838556456274,93810675692038,53068615951385,18425409712196,27045129890124996,93810675713350,6003982027805892,55001351234585,253454610158788,2604592722433220,427748677997764,374675767067974,123763777643545,23381802018436,123763777606980,5983666832495812,508931114652423506,93810675721241,93810675708048,23381801971780,69768638462207001,70913517829530649,22770954530804932,16150730595456196,20337752478405828,318914206651730,374675767075865,23381802046660,305243519000335556,2306899949212868,3315714839748,7096862226076868,422839530378436,7096896585815236,27342779713672388,145998823326404,14677440848736774,3594075878020292,7096810686469316,14659243072378052,93810675684676,7090488494609604,7094972440466628,374675767046212,7090561509053636,357105055839112 url
with selected corresponding trading instrument 'apital.com/iron-ore-spot-commodity' =>

2024-04-13 18:52:16.388231   trade_instrument = 'apital.com/iron-ore-spot-commodity'

2024-04-13 18:52:16.388243   4.1. Check that Trading Platform is opened in Chart mode
2024-04-13 18:52:16.662556   => Trading Platform opened in Chart mode

2024-04-13 18:52:16.662604   4.2. Check that Top Charts List of Trading Platform not empty =>

2024-04-13 18:52:16.694029   4.3. Check that opened trade instrument info page =>
2024-04-13 18:52:17.713982   => Trading platform was opened, but does not contain any trading info

Bug: Bid:01.05.01_006-en.au.Auth

2024-04-13 18:52:17.714034   Проверка бага в таблице ретеста  =>

2024-04-13 18:52:18.061473   4. Fixing one row check results into Google Sheet Bugs Report =>
1 cells updated.
2024-04-13 18:52:18.270342   => 4. One row check results into Google Sheet Bugs Report fixed

2024-04-13 18:52:19.473012   4. Fixing one row check results into Google Sheet Bugs Report =>
1 cells updated.
2024-04-13 18:52:19.704330   => 4. One row check results into Google Sheet Bugs Report fixed

2024-04-13 18:52:19.705769   Баг Bid:01.05.01_006-en.au.Auth-16 обнаружен ранее и уже находится в 'Bugs Report Auto detect'
