{'width': 1280, 'height': 800}

2024-04-13 19:08:58.212358   worker_id = master

2024-04-13 19:08:58.212372   0. Allure grouping v4

2024-04-13 19:08:58.212558   START PRECONDITIONS =>

2024-04-13 19:08:58.212573   => URL after prev. preconditions - https://capital.com/
2024-04-13 19:08:58.212583   => flag_of_bug - True
2024-04-13 19:08:58.212594   => Current URL - https://capital.com/

2024-04-13 19:08:58.217690   => Windows size - {'width': 1280, 'height': 800}
2024-04-13 19:08:58.218975   Set windows position at (0, 0) =>
2024-04-13 19:08:58.321216   Set resolution 1280 * 800 =>
2024-04-13 19:08:58.423485   => Windows size is set to {'width': 1280, 'height': 800}

2024-04-13 19:08:59.456090   Капчи нет. Идем дальше

2024-04-13 19:08:59.456173   Работа с куками =>

2024-04-13 19:08:59.456186   => не требуется

2024-04-13 19:08:59.456196   Prev. country - 'au'
2024-04-13 19:08:59.456205   Cur. country - 'au'
2024-04-13 19:08:59.456214   => Country set to 'au'

2024-04-13 19:08:59.456223   Prev. language - 'en'
2024-04-13 19:08:59.456232   Cur. language - 'en'
2024-04-13 19:08:59.456241   => Language is set to 'en'

2024-04-13 19:08:59.456249   Prev. role - 'NoAuth'
2024-04-13 19:08:59.456258   Cur. role - 'NoAuth'
2024-04-13 19:08:59.456267   => The 'NoAuth' role is set

2024-04-13 19:08:59.459165   => Current URL - https://capital.com/

2024-04-13 19:08:59.459189   => THE END PRECONDITIONS

2024-04-13 19:08:59.461873   START Open "Education" menu, "Spread betting guide" submenu =>

2024-04-13 19:08:59.461895   1. Cur URL = https://capital.com/

2024-04-13 19:08:59.464306   2. Link = https://capital.com/
2024-04-13 19:08:59.464322   current_page = https://capital.com/
2024-04-13 19:08:59.466713   link = https://capital.com/
2024-04-13 19:08:59.975320   => Education menu is present in DOM
2024-04-13 19:08:59.980394   => Education menu is visible
2024-04-13 19:09:01.258224   => Focus moved to Education menu
