{'width': 1280, 'height': 800}

2024-04-13 17:19:47.641803   worker_id = master

2024-04-13 17:19:47.641817   0. Allure grouping v4

2024-04-13 17:19:47.642002   START PRECONDITIONS =>

2024-04-13 17:19:47.642018   => URL after prev. preconditions - https://capital.com/
2024-04-13 17:19:47.642028   => flag_of_bug - False
2024-04-13 17:19:47.642038   => Current URL - https://capital.com/

2024-04-13 17:19:47.647490   => Windows size - {'width': 1280, 'height': 800}
2024-04-13 17:19:47.648784   Set windows position at (0, 0) =>
2024-04-13 17:19:47.750951   Set resolution 1280 * 800 =>
2024-04-13 17:19:47.853405   => Windows size is set to {'width': 1280, 'height': 800}

2024-04-13 17:19:48.878862   Капчи нет. Идем дальше

2024-04-13 17:19:48.878948   Работа с куками =>

2024-04-13 17:19:48.878962   => не требуется

2024-04-13 17:19:48.878972   Prev. country - 'au'
2024-04-13 17:19:48.878981   Cur. country - 'au'
2024-04-13 17:19:48.878991   => Country set to 'au'

2024-04-13 17:19:48.879000   Prev. language - 'en'
2024-04-13 17:19:48.879009   Cur. language - 'en'
2024-04-13 17:19:48.879018   => Language is set to 'en'

2024-04-13 17:19:48.879026   Prev. role - 'NoAuth'
2024-04-13 17:19:48.879035   Cur. role - 'NoAuth'
2024-04-13 17:19:48.879044   => The 'NoAuth' role is set

2024-04-13 17:19:48.881905   => Current URL - https://capital.com/

2024-04-13 17:19:48.881926   => THE END PRECONDITIONS

2024-04-13 17:19:48.881972   1. Arrange for 'Trade CFDs on Capital.com via TradingView' block
2024-04-13 17:19:48.881987   current_page = https://capital.com/
2024-04-13 17:19:48.884504   link = https://capital.com/

2024-04-13 17:19:48.887220   IS 'Trade CFDs on Capital.com via TradingView' block present on this page? =>
2024-04-13 17:19:48.896459   => 'Trade CFDs on Capital.com via TradingView' block present on this page!

2024-04-13 17:19:48.904384   IS 'Trade CFDs on Capital.com via TradingView' block visible on this page? =>
2024-04-13 17:19:48.916174   => 'Trade CFDs on Capital.com via TradingView' block is visible on this page!

2024-04-13 17:19:48.916199   IS [Explore features] button present on this page? =>
2024-04-13 17:19:48.943133   => [Explore features] button present on this page!

2024-04-13 17:19:48.956477   IS [Explore features] button visible on this page? =>
2024-04-13 17:19:48.971426   => [Explore features] button is visible on this page!
2024-04-13 17:19:48.971610   2. Act for [Explore features] button on 'Trade CFDs on Capital.com via TradingView' block 
2024-04-13 17:19:48.971626   Start Click [Explore features] button =>
2024-04-13 17:19:49.070378   => [Explore features] button clicked!


2024-04-13 17:19:49.765447   3. Assert_v0
2024-04-13 17:19:49.765568   Checking that the TradingView page has opened =>
2024-04-13 17:19:49.768446   => TradingView page has opened


2024-04-13 17:19:49.768561   Checking that the page has expected title =>
2024-04-13 17:19:49.772951   The title of current page is 'Capital.com — Reviews and Terms — TradingView'
2024-04-13 17:19:49.772980   The expected title is 'Capital.com'
2024-04-13 17:19:49.775596   => The page has expected title.

2024-04-13 17:19:49.775766   Checking that the TradingView site has expected app title =>
2024-04-13 17:19:49.793943   The app title of current page is 'Capital.com'
2024-04-13 17:19:49.793974   The expected app title is 'Capital.com'
2024-04-13 17:19:49.796511   => The app title has expected title.

