{'width': 1280, 'height': 720}

2024-01-18 09:36:32.692551   worker_id = master

2024-01-18 09:36:32.692568   0. Allure grouping v4


2024-01-18 09:36:32.692747   START PRECONDITIONS =>


2024-01-18 09:36:32.692762   {'width': 1280, 'height': 720}

2024-01-18 09:36:32.694072   Set windows position at (0, 0) =>

2024-01-18 09:36:32.796306   Set resolution 1280 * 720 =>

2024-01-18 09:36:32.898672   => Resolution seted {'width': 1280, 'height': 720}

2024-01-18 09:36:37.928767   Капчи нет. Тестим дальше

2024-01-18 09:36:37.928857   Prev. Role: NoAuth

2024-01-18 09:36:37.928869   Current role: NoAuth

2024-01-18 09:36:37.928877   Prev language: fr

2024-01-18 09:36:37.928885   => Current language: fr

2024-01-18 09:36:37.928893   Prev country: de

2024-01-18 09:36:37.928901   => Current country: de

2024-01-18 09:36:37.928909   => THE END PRECONDITIONS

2024-01-18 09:36:37.928937   1. Arrange_v0

2024-01-18 09:36:37.940004   2. Act_v0
2024-01-18 09:36:37.940027   BUTTON_GET_STARTED_ON_STICKY_BAR is present? =>
2024-01-18 09:36:37.944952   => BUTTON_GET_STARTED_ON_STICKY_BAR is present on the page!
2024-01-18 09:36:37.944974   BUTTON_GET_STARTED_ON_STICKY_BAR scroll =>
2024-01-18 09:36:38.025416   => BUTTON_GET_STARTED_ON_STICKY_BAR clicked!

2024-01-18 09:36:38.025680   3. Assert_Login_v0
2024-01-18 09:36:38.025773   Check that 'Login' form is opened
2024-01-18 09:36:43.582705   'Login' form not opened
2024-01-18 09:36:43.585658   'Login' page not opened
2024-01-18 09:36:49.102572   'Login' form on trading platform not opened
2024-01-18 09:36:49.102738   Start step Check that [Sign up] form is opened
2024-01-18 09:36:49.114478   'Sign up' form opened
2024-01-18 09:36:49.114504   Assert SIGNUP_HEADER =>
2024-01-18 09:36:49.128322   Assert SIGNUP_REF_LOGIN =>
2024-01-18 09:36:49.141984   Assert SIGNUP_PRIVACY_POLICY_ALL_2 =>
2024-01-18 09:36:49.155654   => SIGNUP_PRIVACY_POLICY_ALL
2024-01-18 09:36:49.155681   => 'Signup' form is checked

Bug: Bid:11.02.02.01_07-fr.de.NoAuth

2024-01-18 09:36:49.155739   Проверка бага в таблице ретеста  =>

2024-01-18 09:36:49.160012   4. Fixing one row check results into Google Sheet Bugs Report =>
1 cells updated.
2024-01-18 09:36:49.637559   => 4. One row check results into Google Sheet Bugs Report fixed

2024-01-18 09:36:50.136362   Bug: Bid:11.02.02.01_07-fr.de.NoAuth-05 уже существует

2024-01-18 09:36:50.136553   4. Fixing one row check results into Google Sheet Bugs Report =>
1 cells updated.
2024-01-18 09:36:50.406912   => 4. One row check results into Google Sheet Bugs Report fixed
