{'width': 1280, 'height': 800}

2024-04-13 18:11:52.190011   worker_id = master

2024-04-13 18:11:52.190025   0. Allure grouping v4

2024-04-13 18:11:52.190206   START PRECONDITIONS =>

2024-04-13 18:11:52.190221   => URL after prev. preconditions - https://capital.com/
2024-04-13 18:11:52.190231   => flag_of_bug - False
2024-04-13 18:11:52.190241   => Current URL - https://capital.com/usd-cad-rate
2024-04-13 18:11:52.198305   Current page URL = https://capital.com/usd-cad-rate
2024-04-13 18:11:52.202098   self.link = https://capital.com/
2024-04-13 18:11:52.202111   driver.get(https://capital.com/) =>
2024-04-13 18:11:53.973068   => Loaded page https://capital.com/

2024-04-13 18:11:53.977431   => Windows size - {'width': 1280, 'height': 800}
2024-04-13 18:11:53.980131   Set windows position at (0, 0) =>
2024-04-13 18:11:54.082268   Set resolution 1280 * 800 =>
2024-04-13 18:11:54.184589   => Windows size is set to {'width': 1280, 'height': 800}

2024-04-13 18:11:55.211366   Капчи нет. Идем дальше

2024-04-13 18:11:55.211454   Работа с куками =>

2024-04-13 18:11:55.211468   => не требуется

2024-04-13 18:11:55.211477   Prev. country - 'au'
2024-04-13 18:11:55.211486   Cur. country - 'au'
2024-04-13 18:11:55.211495   => Country set to 'au'

2024-04-13 18:11:55.211504   Prev. language - 'en'
2024-04-13 18:11:55.211513   Cur. language - 'en'
2024-04-13 18:11:55.211522   => Language is set to 'en'

2024-04-13 18:11:55.211530   Prev. role - 'Auth'
2024-04-13 18:11:55.211539   Cur. role - 'Auth'
2024-04-13 18:11:55.211548   => The 'Auth' role is set

2024-04-13 18:11:55.214217   => Current URL - https://capital.com/

2024-04-13 18:11:55.214239   => THE END PRECONDITIONS

2024-04-13 18:11:55.214418   1. Arrange_v0
2024-04-13 18:11:55.214435   current_page = https://capital.com/
2024-04-13 18:11:55.216889   link = https://capital.com/usd-cad-rate
2024-04-13 18:11:55.219304   Current page URL = https://capital.com/
2024-04-13 18:11:55.221735   self.link = https://capital.com/usd-cad-rate
2024-04-13 18:11:55.221748   driver.get(https://capital.com/usd-cad-rate) =>
2024-04-13 18:11:57.060103   => Loaded page https://capital.com/usd-cad-rate
2024-04-13 18:11:57.066700   BUTTON_CREATE_YOUR_ACCOUNT is located on the page? =>

2024-04-13 18:11:57.075031   2. Act_v0: Define of locator

2024-04-13 18:11:57.075055   2. Act_v0: Go to web element

2024-04-13 18:11:58.124845   2. Act_v0: Click web element
2024-04-13 18:11:58.390638   => BUTTON_CREATE_YOUR_ACCOUNT is clicked

2024-04-13 18:11:58.390963   3. Assert_v4

2024-04-13 18:11:58.390989   
2024-04-13 18:11:58.391132   Checking that the trading platform page has opened (v4) =>
2024-04-13 18:11:58.903448   Checking way # 1 => 

2024-04-13 18:11:58.903619   1. Checking that the Trading platform (or TradingView site) page has valid title =>
2024-04-13 18:11:58.906121   => The title of current page is 'Trading Platform | Capital.com'

2024-04-13 18:11:58.906190   2. Checking that the LOGO is present on the page =>
2024-04-13 18:11:59.730283   => 'capital*com' logo is present on the current page

2024-04-13 18:11:59.730321   tpd = False
2024-04-13 18:12:00.583647   => Driver.backed
