{'width': 1280, 'height': 800}

2024-04-13 19:24:41.722487   worker_id = master

2024-04-13 19:24:41.722500   0. Allure grouping v4

2024-04-13 19:24:41.722699   START PRECONDITIONS =>

2024-04-13 19:24:41.722716   => URL after prev. preconditions - https://capital.com/
2024-04-13 19:24:41.722726   => flag_of_bug - False
2024-04-13 19:24:41.722736   => Current URL - https://capital.com/trade-stocks
2024-04-13 19:24:41.727865   Current page URL = https://capital.com/trade-stocks
2024-04-13 19:24:41.730379   self.link = https://capital.com/
2024-04-13 19:24:41.730397   driver.get(https://capital.com/) =>
2024-04-13 19:24:43.570569   => Loaded page https://capital.com/

2024-04-13 19:24:43.574906   => Windows size - {'width': 1280, 'height': 800}
2024-04-13 19:24:43.576217   Set windows position at (0, 0) =>
2024-04-13 19:24:43.678397   Set resolution 1280 * 800 =>
2024-04-13 19:24:43.780824   => Windows size is set to {'width': 1280, 'height': 800}

2024-04-13 19:24:44.809765   Капчи нет. Идем дальше

2024-04-13 19:24:44.809852   Работа с куками =>

2024-04-13 19:24:44.809866   => не требуется

2024-04-13 19:24:44.809876   Prev. country - 'au'
2024-04-13 19:24:44.809885   Cur. country - 'au'
2024-04-13 19:24:44.809894   => Country set to 'au'

2024-04-13 19:24:44.809903   Prev. language - 'en'
2024-04-13 19:24:44.809912   Cur. language - 'en'
2024-04-13 19:24:44.809921   => Language is set to 'en'

2024-04-13 19:24:44.809929   Prev. role - 'Auth'
2024-04-13 19:24:44.809938   Cur. role - 'Auth'
2024-04-13 19:24:44.809947   => The 'Auth' role is set

2024-04-13 19:24:44.813100   => Current URL - https://capital.com/

2024-04-13 19:24:44.813122   => THE END PRECONDITIONS

2024-04-13 19:24:44.813336   1. Cur URL = https://capital.com/

2024-04-13 19:24:44.816409   2. Link = https://capital.com/
2024-04-13 19:24:44.816431   current_page = https://capital.com/
2024-04-13 19:24:44.820073   link = https://capital.com/
2024-04-13 19:24:45.328510   => Education menu is present in DOM
2024-04-13 19:24:45.333289   => Education menu is visible
2024-04-13 19:24:46.605542   => Focus moved to Education menu


2024-04-13 19:24:48.752408   => Shares trading sub-menu clicked
2024-04-13 19:24:49.028283   => Focus moved to 'capital*com' logo

2024-04-13 19:24:49.028323   3. Cur URL = https://capital.com/trade-stocks
2024-04-13 19:24:49.042785
2024-04-13 19:24:49.042812   Shares trading include 23 child items for random select
2024-04-13 19:24:49.046354   k = 3 - https://capital.com/trade-amazon
2024-04-13 19:24:49.049410   k = 13 - https://capital.com/trade-google
2024-04-13 19:24:49.049511   The file of hrefs contains the following URLs:
2024-04-13 19:24:49.049528   https://capital.com/trade-amazon
2024-04-13 19:24:49.049538   https://capital.com/trade-google
2024-04-13 19:24:49.049575   Test data include 2 item(s)
2024-04-13 19:24:49.049586   The test coverage = 8.695652173913043 %
