{'width': 1280, 'height': 800}

2024-04-13 19:35:23.019657   worker_id = master

2024-04-13 19:35:23.019671   0. Allure grouping v4

2024-04-13 19:35:23.019848   START PRECONDITIONS =>

2024-04-13 19:35:23.019863   => URL after prev. preconditions - https://capital.com/
2024-04-13 19:35:23.019873   => flag_of_bug - False
2024-04-13 19:35:23.019884   => Current URL - https://capital.com/trade-google
2024-04-13 19:35:23.024892   Current page URL = https://capital.com/trade-google
2024-04-13 19:35:23.031710   self.link = https://capital.com/
2024-04-13 19:35:23.031725   driver.get(https://capital.com/) =>
2024-04-13 19:35:24.719046   => Loaded page https://capital.com/

2024-04-13 19:35:24.723155   => Windows size - {'width': 1280, 'height': 800}
2024-04-13 19:35:24.724473   Set windows position at (0, 0) =>
2024-04-13 19:35:24.826664   Set resolution 1280 * 800 =>
2024-04-13 19:35:24.930220   => Windows size is set to {'width': 1280, 'height': 800}

2024-04-13 19:35:25.954368   Капчи нет. Идем дальше

2024-04-13 19:35:25.954459   Работа с куками =>

2024-04-13 19:35:25.954473   => не требуется

2024-04-13 19:35:25.954483   Prev. country - 'au'
2024-04-13 19:35:25.954492   Cur. country - 'au'
2024-04-13 19:35:25.954501   => Country set to 'au'

2024-04-13 19:35:25.954510   Prev. language - 'en'
2024-04-13 19:35:25.954519   Cur. language - 'en'
2024-04-13 19:35:25.954528   => Language is set to 'en'

2024-04-13 19:35:25.954537   Prev. role - 'NoReg'
2024-04-13 19:35:25.954546   Cur. role - 'NoReg'
2024-04-13 19:35:25.954554   => The 'NoReg' role is set

2024-04-13 19:35:25.957321   => Current URL - https://capital.com/

2024-04-13 19:35:25.957345   => THE END PRECONDITIONS

2024-04-13 19:35:25.957530   1. Arrange_v0
2024-04-13 19:35:25.957547   current_page = https://capital.com/
2024-04-13 19:35:25.960033   link = https://capital.com/trade-amazon
2024-04-13 19:35:25.963390   => current_url != cur_item_link
2024-04-13 19:35:26.963522   Current page URL = https://capital.com/
2024-04-13 19:35:26.966812   self.link = https://capital.com/trade-amazon
2024-04-13 19:35:26.966827   driver.get(https://capital.com/trade-amazon) =>
2024-04-13 19:35:28.762089   => Loaded page https://capital.com/trade-amazon
2024-04-13 19:35:28.774795   BUTTON_START_TRADING scroll =>
2024-04-13 19:35:28.781294   BUTTON_START_TRADING is visible? =>
2024-04-13 19:35:28.800170   => BUTTON_START_TRADING is visible on the page!

2024-04-13 19:35:28.800372   2. Act_v0
2024-04-13 19:35:28.800395   Start Click button [Start Trading] =>
2024-04-13 19:35:28.814607   BUTTON_START_TRADING is clickable? =>
2024-04-13 19:35:28.824388   BUTTON_START_TRADING click =>
2024-04-13 19:35:28.866520   => BUTTON_START_TRADING clicked

2024-04-13 19:35:28.866791   3. Assert_v0
2024-04-13 19:35:28.866884   Start step Check that [Sign up] form is opened
2024-04-13 19:35:29.201398   'Sign up' form opened
2024-04-13 19:35:29.201439   Assert SIGNUP_HEADER =>
2024-04-13 19:35:29.211712   Assert SIGNUP_REF_LOGIN =>
2024-04-13 19:35:29.222386   Assert SIGNUP_PRIVACY_POLICY_ALL_2 =>
2024-04-13 19:35:29.233584   => SIGNUP_PRIVACY_POLICY_ALL
2024-04-13 19:35:29.233622   => 'Signup' form is checked
2024-04-13 19:35:29.233829   Start step Close [Sign up] form =>
2024-04-13 19:35:29.286237   => 'Signup' form closed
2024-04-13 19:35:29.580502   => Focus moved to 'capital*com' logo
