{'width': 1280, 'height': 800}

2024-05-06 07:51:23.819787   worker_id = master

2024-05-06 07:51:23.819807   0. Allure grouping v4

2024-05-06 07:51:23.820068   START PRECONDITIONS =>

2024-05-06 07:51:23.820089   => URL after prev. preconditions - https://capital.com/hu
2024-05-06 07:51:23.820104   => flag_of_bug - False
2024-05-06 07:51:23.820119   => Current URL - https://capital.com/hu/elo-valutaarfolyamok
2024-05-06 07:51:23.826622   Current page URL = https://capital.com/hu/elo-valutaarfolyamok
2024-05-06 07:51:23.829076   self.link = https://capital.com/hu
2024-05-06 07:51:23.829089   driver.get(https://capital.com/hu) =>
2024-05-06 07:51:31.444114   => Loaded page https://capital.com/hu

2024-05-06 07:51:31.448718   => Windows size - {'width': 1280, 'height': 800}
2024-05-06 07:51:31.450108   Set windows position at (0, 0) =>
2024-05-06 07:51:31.451733   Set resolution 1280 * 800 =>
2024-05-06 07:51:31.453360   => Windows size is set to {'width': 1280, 'height': 800}

2024-05-06 07:51:32.492492   Капчи нет. Идем дальше

2024-05-06 07:51:32.492581   Работа с куками =>

2024-05-06 07:51:32.492594   => не требуется

2024-05-06 07:51:32.492604   Prev. country - 'au'
2024-05-06 07:51:32.492613   Cur. country - 'au'
2024-05-06 07:51:32.492622   => Country set to 'au'

2024-05-06 07:51:32.492631   Prev. language - 'hu'
2024-05-06 07:51:32.492640   Cur. language - 'hu'
2024-05-06 07:51:32.492649   => Language is set to 'hu'

2024-05-06 07:51:32.492657   Prev. role - 'NoAuth'
2024-05-06 07:51:32.492666   Cur. role - 'NoAuth'
2024-05-06 07:51:32.492674   => The 'NoAuth' role is set

2024-05-06 07:51:32.495307   => Current URL - https://capital.com/hu

2024-05-06 07:51:32.495328   => THE END PRECONDITIONS

2024-05-06 07:51:32.495507   START Open "Markets" menu, "Forex" submenu =>

2024-05-06 07:51:32.495522   1. Cur URL = https://capital.com/hu

2024-05-06 07:51:32.497942   2. Link = https://capital.com/hu
2024-05-06 07:51:32.497957   current_page = https://capital.com/hu
2024-05-06 07:51:32.500341   link = https://capital.com/hu
2024-05-06 07:51:33.009308   => 'Markets' menu is present
2024-05-06 07:51:33.022345   => 'Markets' menu is visible
2024-05-06 07:51:34.292708   => Focus moved to 'Markets' menu


2024-05-06 07:51:35.702207   => 'Forex' sub-menu clicked
2024-05-06 07:51:35.977343   => Focus moved to 'capital*com' logo

2024-05-06 07:51:35.977386   3. Cur URL = https://capital.com/hu/elo-valutaarfolyamok

2024-05-06 07:51:35.982661   1. Arrange_v0
2024-05-06 07:51:35.982684   current_page = https://capital.com/hu/elo-valutaarfolyamok
2024-05-06 07:51:35.985106   link = https://capital.com/hu/elo-valutaarfolyamok
2024-05-06 07:51:35.987480   BUTTON_CREATE_YOUR_ACCOUNT is located on the page? =>

2024-05-06 07:51:35.995382   2. Act_v0: Define of locator

2024-05-06 07:51:35.995405   2. Act_v0: Go to web element

2024-05-06 07:51:37.050252   2. Act_v0: Click web element
2024-05-06 07:51:37.077681   => BUTTON_CREATE_YOUR_ACCOUNT is clicked

2024-05-06 07:51:37.077910   3. Assert_v0
2024-05-06 07:51:37.078000   Start step Check that [Sign up] form is opened
2024-05-06 07:51:37.292345   'Sign up' form opened
2024-05-06 07:51:37.292385   Assert SIGNUP_HEADER =>
2024-05-06 07:51:37.305142   Assert SIGNUP_REF_LOGIN =>
2024-05-06 07:51:37.319812   Assert SIGNUP_PRIVACY_POLICY_ALL_2 =>
2024-05-06 07:51:37.334071   => SIGNUP_PRIVACY_POLICY_ALL
2024-05-06 07:51:37.334113   => 'Signup' form is checked
2024-05-06 07:51:37.334278   Start step Close [Sign up] form =>
2024-05-06 07:51:37.400093   => 'Signup' form closed
2024-05-06 07:51:37.691770   => Focus moved to 'capital*com' logo
