{'width': 1280, 'height': 720}

2024-02-19 22:33:21.196721   worker_id = master

2024-02-19 22:33:21.196739   0. Allure grouping v4


2024-02-19 22:33:21.196934   START PRECONDITIONS =>


2024-02-19 22:33:21.196950   {'width': 1280, 'height': 720}

2024-02-19 22:33:21.198276   Set windows position at (0, 0) =>

2024-02-19 22:33:21.300596   Set resolution 1280 * 720 =>

2024-02-19 22:33:21.403318   => Resolution seted {'width': 1280, 'height': 720}

2024-02-19 22:33:22.446725   Капчи нет. Идем дальше

2024-02-19 22:33:22.446815   Prev. Role: NoAuth

2024-02-19 22:33:22.446829   Current role: NoAuth

2024-02-19 22:33:23.487778   Капчи нет. Идем дальше

2024-02-19 22:33:23.487875   Prev language: ru

2024-02-19 22:33:23.487888   => Current language: ru

2024-02-19 22:33:24.532849   Капчи нет. Идем дальше

2024-02-19 22:33:24.532937   Prev country: de
2024-02-19 22:33:24.532951   => Current country: de

2024-02-19 22:33:24.532960   => THE END PRECONDITIONS

2024-02-19 22:33:24.533133   1. Arrange_v0
2024-02-19 22:33:24.543889   => BUTTON_TRY_DEMO is present on this page
2024-02-19 22:33:24.543913   BUTTON_TRY_DEMO scroll =>
2024-02-19 22:33:24.547416   BUTTON_TRY_DEMO is visible? =>
2024-02-19 22:33:24.564515   => BUTTON_TRY_DEMO is visible on this page

2024-02-19 22:33:24.564668   2. Act_v0
2024-02-19 22:33:24.569979   BUTTON_TRY_DEMO is clickable? =>
2024-02-19 22:33:24.602111   => BUTTON_TRY_DEMO clicked!

2024-02-19 22:33:24.602334   3. Assert_Login_v0
2024-02-19 22:33:24.602419   Check that 'Login' form is opened
2024-02-19 22:33:27.697333   'Login' form not opened
2024-02-19 22:33:27.697520   Check that new 'Login' form is opened
2024-02-19 22:33:30.795348   => New 'Login' form not opened
2024-02-19 22:33:30.798149   'Login' page not opened
2024-02-19 22:33:33.880482   'Login' form on trading platform not opened
2024-02-19 22:33:33.880673   Start step Check that [Sign up] form is opened
2024-02-19 22:33:33.892442   'Sign up' form opened
2024-02-19 22:33:33.892471   Assert SIGNUP_HEADER =>
2024-02-19 22:33:33.903582   Assert SIGNUP_REF_LOGIN =>
2024-02-19 22:33:33.915016   Assert SIGNUP_PRIVACY_POLICY_ALL_2 =>
2024-02-19 22:33:33.926450   => SIGNUP_PRIVACY_POLICY_ALL
2024-02-19 22:33:33.926481   => 'Signup' form is checked

Bug: Bid:11.02.06.01_02-ru.de.NoAuth

2024-02-19 22:33:33.926542   Проверка бага в таблице ретеста  =>

2024-02-19 22:33:33.936320   4. Fixing one row check results into Google Sheet Bugs Report =>
1 cells updated.
2024-02-19 22:33:34.217930   => 4. One row check results into Google Sheet Bugs Report fixed

2024-02-19 22:33:34.569372   4. Fixing one row check results into Google Sheet Bugs Report =>
1 cells updated.
2024-02-19 22:33:34.722464   => 4. One row check results into Google Sheet Bugs Report fixed

2024-02-19 22:33:34.722533   Bug: Bid:11.02.06.01_02-ru.de.NoAuth уже существует, но тип бага изменился с 19/02/24 на 05

2024-02-19 22:33:34.723889   Bug: Bid:11.02.06.01_02-ru.de.NoAuth-05 уже существует

2024-02-19 22:33:34.724043   4. Fixing one row check results into Google Sheet Bugs Report =>
1 cells updated.
2024-02-19 22:33:34.881532   => 4. One row check results into Google Sheet Bugs Report fixed
