
2023-12-14 00:54:26.589671   Работает obj <us_11-02-03_commodities_trading_test.TestCommoditiesTrading object at 0x7fbe065a9050> с именем TC_11.02.03_08
{'width': 1280, 'height': 720}

2023-12-14 00:54:26.591109   browser = chrome

2023-12-14 00:54:26.591124   worker_id = master

2023-12-14 00:54:26.591132   Start TC_11.02.03_08

2023-12-14 00:54:26.591140   <us_11-02-03_commodities_trading_test.TestCommoditiesTrading object at 0x7fbe065a9050>.None

2023-12-14 00:54:26.591149   0. Arrange


2023-12-14 00:54:26.591295   START PRECONDITIONS =>


2023-12-14 00:54:26.591309   {'width': 1280, 'height': 720}

2023-12-14 00:54:26.592571   Set windows position at (320, 180) =>

2023-12-14 00:54:26.694738   Set resolution 1280 * 720 =>

2023-12-14 00:54:26.796987   => Resolution seted {'width': 1280, 'height': 720}

2023-12-14 00:54:30.834180   Капчи нет. Тестим дальше

2023-12-14 00:54:30.834258   Prev. Role: NoReg

2023-12-14 00:54:30.834275   Current role: NoReg

2023-12-14 00:54:30.834289   Prev language: pl

2023-12-14 00:54:30.834301   => Current language: pl

2023-12-14 00:54:30.834313   Prev country: au

2023-12-14 00:54:30.834325   => Current country: au

2023-12-14 00:54:30.834337   => THE END PRECONDITIONS

2023-12-14 00:54:30.834401   1. Arrange_v0
2023-12-14 00:54:30.837354   BUTTON_CREATE_YOUR_ACCOUNT is located on the page? =>

2023-12-14 00:54:30.845234   2. Act_v0
2023-12-14 00:54:31.053021   => BUTTON_CREATE_YOUR_ACCOUNT is clicked

2023-12-14 00:54:31.053291   3. Assert_v0
2023-12-14 00:54:31.053402   Start step Check that [Sign up] form is opened
2023-12-14 00:54:31.075861   'Sign up' form opened
2023-12-14 00:54:31.075903   Assert SIGNUP_HEADER =>
2023-12-14 00:54:31.095557   Assert SIGNUP_REF_LOGIN =>
2023-12-14 00:54:31.110058   Assert SIGNUP_PRIVACY_POLICY_ALL_2 =>
2023-12-14 00:54:31.124615   => SIGNUP_PRIVACY_POLICY_ALL
2023-12-14 00:54:31.124647   => 'Signup' form is checked
2023-12-14 00:54:31.124797   Start step Close [Sign up] form =>
2023-12-14 00:54:31.197353   => 'Signup' form closed
