Current test role - NoReg

{'width': 1280, 'height': 720}

2024-03-08 16:50:12.417905   worker_id = master

2024-03-08 16:50:12.417922   0. Allure grouping v4


2024-03-08 16:50:12.418119   START PRECONDITIONS =>


2024-03-08 16:50:12.418135   => Windows size - {'width': 1280, 'height': 720}
2024-03-08 16:50:12.419438   Set windows position at (0, 0) =>
2024-03-08 16:50:12.521789   Set resolution 1280 * 720 =>
2024-03-08 16:50:12.624312   => Windows size is set to {'width': 1280, 'height': 720}

2024-03-08 16:50:13.654715   Капчи нет. Идем дальше

2024-03-08 16:50:13.654806   Работа с куками
2024-03-08 16:50:13.654819   => Prev. role - 'NoAuth'
2024-03-08 16:50:13.654828   => Current testing role - 'NoReg'
2024-03-08 16:50:13.654837   All cookies must be delete =>
2024-03-08 16:50:13.654847   Current page URL = https://capital.com/fr/prix-des-matieres-premieres-en-direct
2024-03-08 16:50:14.490899   => Loaded page https://capital.com/

2024-03-08 16:50:14.590689   => All cookies are deleted
2024-03-08 16:50:14.590727   Current page URL = https://capital.com/
2024-03-08 16:50:15.241704   => Loaded page https://capital.com/

2024-03-08 16:50:15.244480   Step 'Click button [Accept all cookies]'
2024-03-08 16:50:15.244504   Is Visible Button [Accept all cookies]? =>
2024-03-08 16:50:15.267869   => Button [Accept all cookies] is visible
2024-03-08 16:50:15.767997   Is clickable Button [Accept all cookies] =>
2024-03-08 16:50:15.787240   => Button [Accept all cookies] is clickable
2024-03-08 16:50:15.787275   Click Button [Accept all cookies] =>
2024-03-08 16:50:15.992047   => Button [Accept all cookies] is clicked
2024-03-08 16:50:15.992094   => Accepted All Cookies

2024-03-08 16:50:16.492282   => Prev. country - '?'
2024-03-08 16:50:16.492338   Set 'au' country =>
2024-03-08 16:50:16.506932   => Language and Country menu is present
2024-03-08 16:50:16.522434   => Language and Country menu is visible
2024-03-08 16:50:17.798897   => Focus is moved on Language and Country menu 
2024-03-08 16:50:20.321755   => Cur url = https://capital.com/?country=au
2024-03-08 16:50:20.349784   => Country set to 'au'

2024-03-08 16:50:20.349813   => Prev. language - '?'
2024-03-08 16:50:20.349823   Set 'fr' language =>
2024-03-08 16:50:20.357873   => Language and Country menu is present
2024-03-08 16:50:20.376559   => Language and Country menu is visible
2024-03-08 16:50:21.648736   => Focus is moved on Language and Country menu 
2024-03-08 16:50:21.657644   Move focus on fr item and click =>
2024-03-08 16:50:23.253222   => Focus moved on fr item and clicked
2024-03-08 16:50:23.253271   => Cur url = https://capital.com/fr
2024-03-08 16:50:23.297548   => Language is set to 'fr'

2024-03-08 16:50:23.297578   => Prev. role - 'NoAuth'
2024-03-08 16:50:23.297588   => The 'NoReg' role is set

2024-03-08 16:50:23.300101   => THE END PRECONDITIONS
2024-03-08 16:50:23.806806   => 'Markets' menu is present
2024-03-08 16:50:23.823336   element = <selenium.webdriver.remote.webelement.WebElement (session="0eebb5c21ddc4c81b9acd9052c7f97c2", element="f.C360FE2995683CCF5AA79246449D4BE9.d.C906EB3471AFAF3CF04B33E6EE492F8E.e.1178")>
2024-03-08 16:50:23.823369   => 'Markets' menu is visible
2024-03-08 16:50:25.097722   => Focus moved to 'Markets' menu

2024-03-08 16:50:26.529392   1. Arrange_v0
2024-03-08 16:50:26.540394   BUTTON_START_TRADING_NOW scroll =>
2024-03-08 16:50:26.543894   BUTTON_START_TRADING_NOW is visible? =>
2024-03-08 16:50:26.569576   => BUTTON_START_TRADING is visible on the page!

2024-03-08 16:50:26.569765   2. Act_v0
2024-03-08 16:50:26.569781   Start Click button [Start Trading Now] =>
2024-03-08 16:50:26.575206   BUTTON_START_TRADING_NOW is clickable? =>
2024-03-08 16:50:26.587242   BUTTON_START_TRADING_NOW click =>
2024-03-08 16:50:26.616755   => BUTTON_START_TRADING_NOW clicked

2024-03-08 16:50:26.617051   3. Assert_v0
2024-03-08 16:50:26.617171   Start step Check that [Sign up] form is opened
2024-03-08 16:50:26.782456   'Sign up' form opened
2024-03-08 16:50:26.782497   Assert SIGNUP_HEADER =>
2024-03-08 16:50:26.793321   Assert SIGNUP_REF_LOGIN =>
2024-03-08 16:50:26.805874   Assert SIGNUP_PRIVACY_POLICY_ALL_2 =>
2024-03-08 16:50:26.818320   => SIGNUP_PRIVACY_POLICY_ALL
2024-03-08 16:50:26.818358   => 'Signup' form is checked
2024-03-08 16:50:26.818572   Start step Close [Sign up] form =>
2024-03-08 16:50:26.903281   => 'Signup' form closed
