
2023-12-14 00:32:36.775857   Работает obj <US_11-02-02-01_Shares_trading_test.TestSharesTradingItems object at 0x7f5a20189810> с именем TC_11.02.02.01_07
{'width': 1280, 'height': 720}

2023-12-14 00:32:36.777362   worker_id = master

2023-12-14 00:32:36.777374   0. Allure grouping


2023-12-14 00:32:36.777517   START PRECONDITIONS =>


2023-12-14 00:32:36.777531   {'width': 1280, 'height': 720}

2023-12-14 00:32:36.778794   Set windows position at (320, 180) =>

2023-12-14 00:32:36.889463   Set resolution 1280 * 720 =>

2023-12-14 00:32:36.999842   => Resolution seted {'width': 1280, 'height': 720}

2023-12-14 00:32:41.040908   Капчи нет. Тестим дальше

2023-12-14 00:32:41.040954   Prev. Role: Auth

2023-12-14 00:32:41.040964   Current role: Auth

2023-12-14 00:32:41.040972   Prev language: pl

2023-12-14 00:32:41.040980   => Current language: pl

2023-12-14 00:32:41.040988   Prev country: au

2023-12-14 00:32:41.040996   => Current country: au

2023-12-14 00:32:41.041003   => THE END PRECONDITIONS

2023-12-14 00:32:41.041059   1. Arrange_v0
2023-12-14 00:32:41.847591   Load page https://capital.com/pl/handlovac-amd

2023-12-14 00:32:41.896896   2. Act_v0
2023-12-14 00:32:41.896939   BUTTON_GET_STARTED_ON_STICKY_BAR is present? =>
2023-12-14 00:32:42.095139   => BUTTON_GET_STARTED_ON_STICKY_BAR is present on the page!
2023-12-14 00:32:42.095187   BUTTON_GET_STARTED_ON_STICKY_BAR scroll =>
2023-12-14 00:32:42.581740   => BUTTON_GET_STARTED_ON_STICKY_BAR clicked!

2023-12-14 00:32:42.582061   3. Assert_v4
2023-12-14 00:32:42.582215   Checking that the trading platform page has opened (v4) =>
2023-12-14 00:32:43.141063   => Current page title: Trading Platform | Capital.com
2023-12-14 00:32:43.141190   Checking that the Trading platform LOGO is present on the page =>
2023-12-14 00:32:44.484704   Checking that the Trading platform opened in LIVE mode =>
2023-12-14 00:32:44.496122   => The page with https://capital.com/trading/platform url was opened in lIVE mode
2023-12-14 00:32:45.200543   Load page https://capital.com/pl/handlovac-amd
