


Current test role - NoReg
{'width': 1280, 'height': 720}

2024-01-12 00:57:09.853486   worker_id = master

2024-01-12 00:57:09.853500   0. Allure grouping v4


2024-01-12 00:57:09.853641   START PRECONDITIONS =>


2024-01-12 00:57:09.853655   {'width': 1280, 'height': 720}

2024-01-12 00:57:09.854944   Set windows position at (0, 0) =>

2024-01-12 00:57:09.957032   Set resolution 1280 * 720 =>

2024-01-12 00:57:10.059414   => Resolution seted {'width': 1280, 'height': 720}

2024-01-12 00:57:14.083416   Капчи нет. Тестим дальше

2024-01-12 00:57:14.083464   Prev. Role: NoAuth

2024-01-12 00:57:14.083475   Run preconditions: set "NoReg" Role =>
2024-01-12 00:57:14.534969   Load page https://capital.com

2024-01-12 00:57:14.853033   => All cookies are deleted
2024-01-12 00:57:15.246144   Load page https://capital.com

2024-01-12 00:57:15.246344   Step 'Click button [Accept all cookies]'
2024-01-12 00:57:19.409622   Is Visible Button [Accept all cookies]? =>
2024-01-12 00:57:19.427498   => Button [Accept all cookies] is visible
2024-01-12 00:57:20.427614   Is clickable Button [Accept all cookies] =>
2024-01-12 00:57:20.439955   => Button [Accept all cookies] is clickable
2024-01-12 00:57:20.439987   Click Button [Accept all cookies] =>
2024-01-12 00:57:20.485638   => Button [Accept all cookies] is clicked
2024-01-12 00:57:20.485679   => Accepted All Cookies

2024-01-12 00:57:20.985858   Current role: NoReg

2024-01-12 00:57:20.985912   Prev language: ?

2024-01-12 00:57:20.985925   Run preconditions: set "en" language =>


2024-01-12 00:57:20.995434   => Language and Country menu is present


2024-01-12 00:57:21.009735   => Language and Country menu is visible


2024-01-12 00:57:22.785525   => Focus is moved on Language and Country menu 

2024-01-12 00:57:24.153941   => Current language: en

2024-01-12 00:57:24.153981   Prev country: ?

2024-01-12 00:57:24.153991   Run preconditions: set "de" country =>


2024-01-12 00:57:24.191399   => Language and Country menu is present


2024-01-12 00:57:24.209349   => Language and Country menu is visible


2024-01-12 00:57:25.984377   => Focus is moved on Language and Country menu 

2024-01-12 00:57:29.334362   => Current country: de

2024-01-12 00:57:29.334409   => THE END PRECONDITIONS

2024-01-12 00:57:29.334462   1. Arrange_v0
2024-01-12 00:57:30.377299   Load page https://capital.com/margin-trading
2024-01-12 00:57:30.430202   BUTTON_START_TRADING scroll =>
2024-01-12 00:57:30.579323   BUTTON_START_TRADING is visible? =>
2024-01-12 00:57:30.658577   => BUTTON_START_TRADING is visible on the page!

2024-01-12 00:57:30.658739   2. Act_v0
2024-01-12 00:57:30.658754   Start Click button [Start Trading] =>
2024-01-12 00:57:30.665295   BUTTON_START_TRADING is clickable? =>
2024-01-12 00:57:30.676744   BUTTON_START_TRADING click =>
2024-01-12 00:57:30.725725   => BUTTON_START_TRADING clicked

2024-01-12 00:57:30.725974   3. Assert_v0
2024-01-12 00:57:30.726094   Start step Check that [Sign up] form is opened
2024-01-12 00:57:30.891747   'Sign up' form opened
2024-01-12 00:57:30.891787   Assert SIGNUP_HEADER =>
2024-01-12 00:57:30.909520   Assert SIGNUP_REF_LOGIN =>
2024-01-12 00:57:30.926399   Assert SIGNUP_PRIVACY_POLICY_ALL_2 =>
2024-01-12 00:57:30.976784   => SIGNUP_PRIVACY_POLICY_ALL
2024-01-12 00:57:30.976827   => 'Signup' form is checked
2024-01-12 00:57:30.977022   Start step Close [Sign up] form =>
2024-01-12 00:57:31.045767   => 'Signup' form closed
