


Current sorting - Most traded
{'width': 1280, 'height': 800}

2024-04-09 18:33:29.909181   worker_id = master

2024-04-09 18:33:29.909195   0. Allure grouping v4

2024-04-09 18:33:29.909384   START PRECONDITIONS =>

2024-04-09 18:33:29.909400   => URL after prev. preconditions - https://capital.com/zh
2024-04-09 18:33:29.909409   => flag_of_bug - True
2024-04-09 18:33:29.909419   => Current URL - https://capital.com/zh/major-world-indices?t=volatile
2024-04-09 18:33:29.914939   Current page URL = https://capital.com/zh/major-world-indices?t=volatile
2024-04-09 18:33:29.917542   self.link = https://capital.com/zh
2024-04-09 18:33:29.917556   driver.get(https://capital.com/zh) =>
2024-04-09 18:33:31.956800   => Loaded page https://capital.com/zh

2024-04-09 18:33:31.964040   => Windows size - {'width': 1280, 'height': 800}
2024-04-09 18:33:31.965527   Set windows position at (0, 0) =>
2024-04-09 18:33:32.068399   Set resolution 1280 * 800 =>
2024-04-09 18:33:32.171143   => Windows size is set to {'width': 1280, 'height': 800}

2024-04-09 18:33:33.208327   Капчи нет. Идем дальше

2024-04-09 18:33:33.208419   Работа с куками =>

2024-04-09 18:33:33.208432   => не требуется

2024-04-09 18:33:33.208442   Prev. country - 'ae'
2024-04-09 18:33:33.208451   Cur. country - 'ae'
2024-04-09 18:33:33.208460   => Country set to 'ae'

2024-04-09 18:33:33.208469   Prev. language - 'zh'
2024-04-09 18:33:33.208478   Cur. language - 'zh'
2024-04-09 18:33:33.208486   => Language is set to 'zh'

2024-04-09 18:33:33.208495   Prev. role - 'NoAuth'
2024-04-09 18:33:33.208504   Cur. role - 'NoAuth'
2024-04-09 18:33:33.208512   => The 'NoAuth' role is set

2024-04-09 18:33:33.211261   => Current URL - https://capital.com/zh

2024-04-09 18:33:33.211284   => THE END PRECONDITIONS

2024-04-09 18:33:33.211458   START Open "Markets" menu, "Indices" submenu =>

2024-04-09 18:33:33.211473   1. Cur URL = https://capital.com/zh

2024-04-09 18:33:33.214006   2. Link = https://capital.com/zh
2024-04-09 18:33:33.214021   current_page = https://capital.com/zh
2024-04-09 18:33:33.216473   link = https://capital.com/zh
2024-04-09 18:33:33.729713   => 'Markets' menu is present
2024-04-09 18:33:33.747904   => 'Markets' menu is visible
2024-04-09 18:33:35.029513   => Focus moved to 'Markets' menu


2024-04-09 18:33:36.569057   => 'Indices' submenu clicked
2024-04-09 18:33:36.846819   => Focus moved to 'capital*com' logo

2024-04-09 18:33:36.846863   3. Cur URL = https://capital.com/zh/major-world-indices

2024-04-09 18:33:36.852513   1. Arrange for Trading instrument table and "Most traded" cur_sort
2024-04-09 18:33:36.852539   current_page = https://capital.com/zh/major-world-indices
2024-04-09 18:33:36.855065   link = https://capital.com/zh/major-world-indices
2024-04-09 18:33:36.857759   IS TABLE_TRADING_INSTRUMENTS  present on the  page? =>
2024-04-09 18:33:36.865882   => TABLE_TRADING_INSTRUMENTS is present on the page!
2024-04-09 18:33:36.865914   IS FIELD_DROPDOWN_SORT present in the table? =>
2024-04-09 18:33:36.873333   =>  FIELD_DROPDOWN_SORT is present in the table!
2024-04-09 18:33:36.873374   Start scroll and click FIELD_DROPDOWN_SORT =>
2024-04-09 18:33:36.989054   Is item_sort_list visible on the FIELD_DROPDOWN_SORT ? =>
2024-04-09 18:33:37.050430   => item_sort_list is visible on the FIELD_DROPDOWN_SORT!
2024-04-09 18:33:37.050467   Is cur_sort "Most traded" present in item_sort_list? =>
2024-04-09 18:33:37.061077   => cur_sort "Most traded" is present in item_sort_list!
2024-04-09 18:33:37.061133   Start click cur_sort "Most traded" =>
2024-04-09 18:33:37.882720   => End Click cur_sort "Most traded"

2024-04-09 18:33:37.882766   Buttons [Buy] is visible and quantity buttons not zero? =>
2024-04-09 18:33:37.898219   => Buttons [Buy] is visible and quantity buttons not zero!

2024-04-09 18:33:37.898256   Start find two random buttons [Buy] on cur_sort "Most traded"=>
2024-04-09 18:33:37.904964   => End find 1 random buttons [Buy] on the cur_sort "Most traded"


2024-04-09 18:33:37.904998   Item_list = [6]
2024-04-09 18:33:37.905158   Start Checking that form [Sign up] popped up on the page =>
2024-04-09 18:33:39.463706   '[Sign up]' form was not popped up
2024-04-09 18:33:39.463921   2. Act for trading instrument and "Most traded" cur_sort
2024-04-09 18:33:39.485402   Start click button [Buy] =>
2024-04-09 18:33:39.496176   =>   BUTTON_BUY on item with ID = 1526559147980517520
2024-04-09 18:33:39.496210   BUTTON_BUY on item with ID = '1526559147980517520' scroll into view =>
2024-04-09 18:33:39.499531   => BUTTON_SELL on item with ID = '1526559147980517520' scrolled into view
2024-04-09 18:33:39.499557   Check that BUTTON_BUY with item UK 100 clickable =>
2024-04-09 18:33:39.658251   => BUTTON_BUY is clickable
2024-04-09 18:33:40.433443   =>   BUTTON_BUY with item UK 100 clicked

2024-04-09 18:33:40.433680   3. Assert_Login_v0
2024-04-09 18:33:40.433761   Check that 'Login' form is opened
2024-04-09 18:33:42.433004   'Login' form opened
2024-04-09 18:33:42.433050   Assert LOGIN_REF_SIGNUP =>
2024-04-09 18:33:42.449374   Assert LOGIN_CHECKBOX =>
2024-04-09 18:33:42.464999   Assert LOGIN_PASS_FORGOT =>
2024-04-09 18:33:42.481783   => 'Login' form is checked
2024-04-09 18:33:42.513280   Click 'Close' button on 'Login' form =>
2024-04-09 18:33:42.841960   => Focus moved to 'capital*com' logo
2024-04-09 18:33:42.842015   => 'Login' form closed
