{'width': 1280, 'height': 800}

2024-04-09 19:46:19.228715   worker_id = master

2024-04-09 19:46:19.228729   0. Allure grouping v4

2024-04-09 19:46:19.228952   START PRECONDITIONS =>

2024-04-09 19:46:19.228970   => URL after prev. preconditions - https://capital.com/zh
2024-04-09 19:46:19.228980   => flag_of_bug - True
2024-04-09 19:46:19.228991   => Current URL - https://capital.com/trading/platform/charting/426090820621508?popup=questionnaire-low-skilled
2024-04-09 19:46:19.234330   Current page URL = https://capital.com/trading/platform/charting/426090820621508?popup=questionnaire-low-skilled
2024-04-09 19:46:19.236824   self.link = https://capital.com/zh
2024-04-09 19:46:19.236839   driver.get(https://capital.com/zh) =>
2024-04-09 19:46:21.479438   => Loaded page https://capital.com/zh

2024-04-09 19:46:21.486160   => Windows size - {'width': 1280, 'height': 800}
2024-04-09 19:46:21.487841   Set windows position at (0, 0) =>
2024-04-09 19:46:21.589821   Set resolution 1280 * 800 =>
2024-04-09 19:46:21.691987   => Windows size is set to {'width': 1280, 'height': 800}

2024-04-09 19:46:22.721158   Капчи нет. Идем дальше

2024-04-09 19:46:22.721244   Работа с куками =>

2024-04-09 19:46:22.721258   => не требуется

2024-04-09 19:46:22.721268   Prev. country - 'ae'
2024-04-09 19:46:22.721278   Cur. country - 'ae'
2024-04-09 19:46:22.721287   => Country set to 'ae'

2024-04-09 19:46:22.721296   Prev. language - 'zh'
2024-04-09 19:46:22.721305   Cur. language - 'zh'
2024-04-09 19:46:22.721314   => Language is set to 'zh'

2024-04-09 19:46:22.721323   Prev. role - 'Auth'
2024-04-09 19:46:22.721332   Cur. role - 'Auth'
2024-04-09 19:46:22.721340   => The 'Auth' role is set

2024-04-09 19:46:22.724102   => Current URL - https://capital.com/zh

2024-04-09 19:46:22.724124   => THE END PRECONDITIONS

2024-04-09 19:46:22.724308   1. Cur URL = https://capital.com/zh

2024-04-09 19:46:22.726836   2. Link = https://capital.com/zh
2024-04-09 19:46:22.726853   current_page = https://capital.com/zh
2024-04-09 19:46:22.729325   link = https://capital.com/zh
2024-04-09 19:46:23.238626   => Education menu is present in DOM
2024-04-09 19:46:23.243503   => Education menu is visible
2024-04-09 19:46:24.517648   => Focus moved to Education menu
2024-04-09 19:46:27.137127   => Focus moved to 'capital*com' logo

2024-04-09 19:46:27.137168   3. Cur URL = https://capital.com/zh/trade-commodities

2024-04-09 19:46:27.142597   1. Arrange_v0
2024-04-09 19:46:27.142621   current_page = https://capital.com/zh/trade-commodities
2024-04-09 19:46:27.145074   link = https://capital.com/zh/trade-commodities
2024-04-09 19:46:27.147455   BUTTON_CREATE_YOUR_ACCOUNT is located on the page? =>

2024-04-09 19:46:27.156935   2. Act_v0: Define of locator

2024-04-09 19:46:27.156958   2. Act_v0: Go to web element

2024-04-09 19:46:28.195517   2. Act_v0: Click web element
2024-04-09 19:46:28.710271   => BUTTON_CREATE_YOUR_ACCOUNT is clicked

2024-04-09 19:46:28.710575   3. Assert_v4

2024-04-09 19:46:28.710601   
2024-04-09 19:46:28.710745   Checking that the trading platform page has opened (v4) =>
2024-04-09 19:46:29.222995   Checking way # 1 => 

2024-04-09 19:46:29.223169   1. Checking that the Trading platform (or TradingView site) page has valid title =>
2024-04-09 19:46:29.225685   => The title of current page is 'Trading Platform | Capital.com'

2024-04-09 19:46:29.225758   2. Checking that the LOGO is present on the page =>
2024-04-09 19:46:31.029003   => 'capital*com' logo is present on the current page

2024-04-09 19:46:31.029055   tpd = False
2024-04-09 19:46:32.653434   => Driver.backed
