


Current tab - top_risers
{'width': 1280, 'height': 800}

2024-04-09 20:17:46.806248   worker_id = master

2024-04-09 20:17:46.806262   0. Allure grouping v4

2024-04-09 20:17:46.806441   START PRECONDITIONS =>

2024-04-09 20:17:46.806456   => URL after prev. preconditions - https://capital.com/zh
2024-04-09 20:17:46.806466   => flag_of_bug - False
2024-04-09 20:17:46.806477   => Current URL - https://capital.com/zh/trade-hangseng
2024-04-09 20:17:46.811295   Current page URL = https://capital.com/zh/trade-hangseng
2024-04-09 20:17:46.813662   self.link = https://capital.com/zh
2024-04-09 20:17:46.813675   driver.get(https://capital.com/zh) =>
2024-04-09 20:17:48.986820   => Loaded page https://capital.com/zh

2024-04-09 20:17:48.991497   => Windows size - {'width': 1280, 'height': 800}
2024-04-09 20:17:48.992916   Set windows position at (0, 0) =>
2024-04-09 20:17:49.094813   Set resolution 1280 * 800 =>
2024-04-09 20:17:49.196940   => Windows size is set to {'width': 1280, 'height': 800}

2024-04-09 20:17:50.219589   Капчи нет. Идем дальше

2024-04-09 20:17:50.219679   Работа с куками =>

2024-04-09 20:17:50.219693   => не требуется

2024-04-09 20:17:50.219703   Prev. country - 'ae'
2024-04-09 20:17:50.219712   Cur. country - 'ae'
2024-04-09 20:17:50.219721   => Country set to 'ae'

2024-04-09 20:17:50.219730   Prev. language - 'zh'
2024-04-09 20:17:50.219739   Cur. language - 'zh'
2024-04-09 20:17:50.219748   => Language is set to 'zh'

2024-04-09 20:17:50.219756   Prev. role - 'Auth'
2024-04-09 20:17:50.219765   Cur. role - 'Auth'
2024-04-09 20:17:50.219774   => The 'Auth' role is set

2024-04-09 20:17:50.222526   => Current URL - https://capital.com/zh

2024-04-09 20:17:50.222548   => THE END PRECONDITIONS

2024-04-09 20:17:50.222591   1. Arrange for Indices finance instrument and "top_risers" tab
2024-04-09 20:17:50.222605   current_page = https://capital.com/zh
2024-04-09 20:17:50.225060   link = https://capital.com/zh/trade-hangseng
2024-04-09 20:17:50.227491   Current page URL = https://capital.com/zh
2024-04-09 20:17:50.229964   self.link = https://capital.com/zh/trade-hangseng
2024-04-09 20:17:50.229978   driver.get(https://capital.com/zh/trade-hangseng) =>
2024-04-09 20:17:53.140921   => Loaded page https://capital.com/zh/trade-hangseng
2024-04-09 20:17:53.145529   Save current screenshot into PNG file
2024-04-09 20:17:53.206745   IS CFDs TABLE visible on the page? =>
2024-04-09 20:17:54.232340   => CFDs TABLE is NOT visible on the page!

