{'width': 1280, 'height': 800}

2024-04-09 19:21:46.771163   worker_id = master

2024-04-09 19:21:46.771177   0. Allure grouping v4

2024-04-09 19:21:46.771372   START PRECONDITIONS =>

2024-04-09 19:21:46.771388   => URL after prev. preconditions - https://capital.com/zh
2024-04-09 19:21:46.771398   => flag_of_bug - False
2024-04-09 19:21:46.771408   => Current URL - https://capital.com/zh/how-to-trade-cfds
2024-04-09 19:21:46.778351   Current page URL = https://capital.com/zh/how-to-trade-cfds
2024-04-09 19:21:46.780869   self.link = https://capital.com/zh
2024-04-09 19:21:46.780882   driver.get(https://capital.com/zh) =>
2024-04-09 19:21:48.984804   => Loaded page https://capital.com/zh

2024-04-09 19:21:48.989224   => Windows size - {'width': 1280, 'height': 800}
2024-04-09 19:21:48.990560   Set windows position at (0, 0) =>
2024-04-09 19:21:49.092988   Set resolution 1280 * 800 =>
2024-04-09 19:21:49.195194   => Windows size is set to {'width': 1280, 'height': 800}

2024-04-09 19:21:50.217458   Капчи нет. Идем дальше

2024-04-09 19:21:50.217550   Работа с куками =>

2024-04-09 19:21:50.217564   => не требуется

2024-04-09 19:21:50.217574   Prev. country - 'ae'
2024-04-09 19:21:50.217583   Cur. country - 'ae'
2024-04-09 19:21:50.217593   => Country set to 'ae'

2024-04-09 19:21:50.217602   Prev. language - 'zh'
2024-04-09 19:21:50.217610   Cur. language - 'zh'
2024-04-09 19:21:50.217619   => Language is set to 'zh'

2024-04-09 19:21:50.217628   Prev. role - 'Auth'
2024-04-09 19:21:50.217637   Cur. role - 'Auth'
2024-04-09 19:21:50.217645   => The 'Auth' role is set

2024-04-09 19:21:50.220358   => Current URL - https://capital.com/zh

2024-04-09 19:21:50.220378   => THE END PRECONDITIONS

2024-04-09 19:21:50.220564   1. Arrange_v3
2024-04-09 19:21:50.220581   current_page = https://capital.com/zh
2024-04-09 19:21:50.223033   link = https://capital.com/zh/how-to-trade-cfds
2024-04-09 19:21:50.226847   Current page URL = https://capital.com/zh
2024-04-09 19:21:50.229270   self.link = https://capital.com/zh/how-to-trade-cfds
2024-04-09 19:21:50.229283   driver.get(https://capital.com/zh/how-to-trade-cfds) =>
2024-04-09 19:21:52.154636   => Loaded page https://capital.com/zh/how-to-trade-cfds
2024-04-09 19:21:52.159067   Is visible BUTTON_START_TRADING_IN_ARTICLE? =>
2024-04-09 19:21:52.159081   => BUTTON_START_TRADING_IN_ARTICLE =>
2024-04-09 19:21:53.181479   => BUTTON_START_TRADING_IN_ARTICLE2 =>

2024-04-09 19:21:53.188982   2. Act_v3
2024-04-09 19:21:53.189009   Start Click button BUTTON_START_TRADING_IN_ARTICLE =>
2024-04-09 19:21:54.465503   => BUTTON_START_TRADING_IN_ARTICLE is clicked

2024-04-09 19:21:54.465865   3. Assert_v4

2024-04-09 19:21:54.465896   
2024-04-09 19:21:54.466075   Checking that the trading platform page has opened (v4) =>
2024-04-09 19:21:54.474106   Checking way # 1 => 

2024-04-09 19:21:54.474291   1. Checking that the Trading platform (or TradingView site) page has valid title =>
2024-04-09 19:21:54.479231   => The title of current page is 'Trading Platform | Capital.com'

2024-04-09 19:21:54.479334   2. Checking that the LOGO is present on the page =>
2024-04-09 19:21:56.804044   => 'capital*com' logo is present on the current page

2024-04-09 19:21:56.804081   tpd = False
2024-04-09 19:21:57.786460   => Driver.backed
