


Current test role - NoReg
{'width': 1280, 'height': 720}

2024-01-11 23:18:25.082881   worker_id = master

2024-01-11 23:18:25.082901   0. Allure grouping v4


2024-01-11 23:18:25.083137   START PRECONDITIONS =>


2024-01-11 23:18:25.083155   {'width': 1280, 'height': 720}

2024-01-11 23:18:25.097127   Set windows position at (0, 0) =>

2024-01-11 23:18:25.199391   Set resolution 1280 * 720 =>

2024-01-11 23:18:25.301803   => Resolution seted {'width': 1280, 'height': 720}

2024-01-11 23:18:29.320953   Капчи нет. Тестим дальше

2024-01-11 23:18:29.320996   Prev. Role: NoAuth

2024-01-11 23:18:29.321006   Run preconditions: set "NoReg" Role =>
2024-01-11 23:18:29.732282   Load page https://capital.com

2024-01-11 23:18:30.000157   => All cookies are deleted
2024-01-11 23:18:30.377815   Load page https://capital.com

2024-01-11 23:18:30.378018   Step 'Click button [Accept all cookies]'
2024-01-11 23:18:34.576448   Is Visible Button [Accept all cookies]? =>
2024-01-11 23:18:34.593423   => Button [Accept all cookies] is visible
2024-01-11 23:18:35.593547   Is clickable Button [Accept all cookies] =>
2024-01-11 23:18:35.605910   => Button [Accept all cookies] is clickable
2024-01-11 23:18:35.605942   Click Button [Accept all cookies] =>
2024-01-11 23:18:35.653793   => Button [Accept all cookies] is clicked
2024-01-11 23:18:35.653835   => Accepted All Cookies

2024-01-11 23:18:36.153996   Current role: NoReg

2024-01-11 23:18:36.154047   Prev language: ?

2024-01-11 23:18:36.154058   Run preconditions: set "en" language =>


2024-01-11 23:18:36.163152   => Language and Country menu is present


2024-01-11 23:18:36.176097   => Language and Country menu is visible


2024-01-11 23:18:37.955298   => Focus is moved on Language and Country menu 

2024-01-11 23:18:39.288940   => Current language: en

2024-01-11 23:18:39.288984   Prev country: ?

2024-01-11 23:18:39.288996   Run preconditions: set "de" country =>


2024-01-11 23:18:39.341475   => Language and Country menu is present


2024-01-11 23:18:39.356533   => Language and Country menu is visible


2024-01-11 23:18:41.138113   => Focus is moved on Language and Country menu 

2024-01-11 23:18:44.304646   => Current country: de

2024-01-11 23:18:44.304705   => THE END PRECONDITIONS

2024-01-11 23:18:44.304907   1. Cur URL = https://capital.com/?country=de

2024-01-11 23:18:44.332689   2. Link = https://capital.com/
2024-01-11 23:18:44.710732   Load page https://capital.com/
2024-01-11 23:18:44.916986   => Education menu is present
2024-01-11 23:18:44.933171   => Education menu is visible
2024-01-11 23:18:46.701911   => Education menu focus moved


2024-01-11 23:18:48.236402   => Forex trading sub-menu clicked

2024-01-11 23:18:48.288694   3. Cur URL = https://capital.com/trade-forex

2024-01-11 23:18:48.498097   1. Arrange_v0
2024-01-11 23:18:48.512889   BUTTON_START_TRADING scroll =>
2024-01-11 23:18:48.516589   BUTTON_START_TRADING is visible? =>
2024-01-11 23:18:48.562342   => BUTTON_START_TRADING is visible on the page!

2024-01-11 23:18:48.562514   2. Act_v0
2024-01-11 23:18:48.562563   Start Click button [Start Trading] =>
2024-01-11 23:18:48.571617   BUTTON_START_TRADING is clickable? =>
2024-01-11 23:18:48.582068   BUTTON_START_TRADING click =>
2024-01-11 23:18:48.649509   => BUTTON_START_TRADING clicked

2024-01-11 23:18:48.649769   3. Assert_v0
2024-01-11 23:18:48.649880   Start step Check that [Sign up] form is opened
2024-01-11 23:18:49.013034   'Sign up' form opened
2024-01-11 23:18:49.013074   Assert SIGNUP_HEADER =>
2024-01-11 23:18:49.042577   Assert SIGNUP_REF_LOGIN =>
2024-01-11 23:18:49.061441   Assert SIGNUP_PRIVACY_POLICY_ALL_2 =>
2024-01-11 23:18:49.083644   => SIGNUP_PRIVACY_POLICY_ALL
2024-01-11 23:18:49.083686   => 'Signup' form is checked
2024-01-11 23:18:49.083885   Start step Close [Sign up] form =>
2024-01-11 23:18:49.177278   => 'Signup' form closed
