{'width': 1280, 'height': 720}

2024-01-31 00:49:15.268739   worker_id = master

2024-01-31 00:49:15.268756   0. Allure grouping v4


2024-01-31 00:49:15.268921   START PRECONDITIONS =>


2024-01-31 00:49:15.268935   {'width': 1280, 'height': 720}

2024-01-31 00:49:15.270157   Set windows position at (0, 0) =>

2024-01-31 00:49:15.372237   Set resolution 1280 * 720 =>

2024-01-31 00:49:15.474367   => Resolution seted {'width': 1280, 'height': 720}

2024-01-31 00:49:16.502707   Капчи нет. Идем дальше

2024-01-31 00:49:16.502796   Prev. Role: NoAuth

2024-01-31 00:49:16.502809   Current role: NoAuth

2024-01-31 00:49:17.529014   Капчи нет. Идем дальше

2024-01-31 00:49:17.529098   Prev language: fr

2024-01-31 00:49:17.529110   => Current language: fr

2024-01-31 00:49:18.554512   Капчи нет. Идем дальше

2024-01-31 00:49:18.554599   Prev country: au

2024-01-31 00:49:18.554611   => Current country: au

2024-01-31 00:49:18.554620   => THE END PRECONDITIONS

2024-01-31 00:49:18.554648   1. Arrange_v4
2024-01-31 00:49:18.557453   MOST_TRADED is present? =>
2024-01-31 00:49:18.565335   => MOST_TRADED widget is present on this page
2024-01-31 00:49:18.565356   => Found 5 elements in block MOST_TRADED

2024-01-31 00:49:18.565382   Testing Most traded random element #1

2024-01-31 00:49:18.565506   2. Act_v4
2024-01-31 00:49:18.565519   MOST_TRADED delete js-mostTraded class =>
2024-01-31 00:49:18.589047   Start Checking that form [Sign up] popped up on the page =>
2024-01-31 00:49:18.599872   'Sign up' form opened
2024-01-31 00:49:18.599964   Start step Close [Sign up] form =>
2024-01-31 00:49:18.660606   => 'Signup' form closed
2024-01-31 00:49:18.660723   MOST_TRADED scroll =>
2024-01-31 00:49:18.669422   MOST_TRADED click for 'US Crude Oil Spot' trading instrument =>
2024-01-31 00:49:18.749045   => MOST_TRADED clicked!

2024-01-31 00:49:18.749335   3. Assert_Login_v0
2024-01-31 00:49:18.749432   Check that 'Login' form is opened
2024-01-31 00:49:18.761564   'Login' form opened
2024-01-31 00:49:18.761595   Assert LOGIN_REF_SIGNUP =>
2024-01-31 00:49:18.777462   Assert LOGIN_CHECKBOX =>
2024-01-31 00:49:18.792254   Assert LOGIN_PASS_FORGOT =>
2024-01-31 00:49:18.806363   => 'Login' form is checked
2024-01-31 00:49:18.826065   Click 'Close' button on 'Login' form =>
2024-01-31 00:49:18.876778   => 'Login' form closed

2024-01-31 00:49:18.876881   1. Arrange_v4
2024-01-31 00:49:18.883096   MOST_TRADED is present? =>
2024-01-31 00:49:18.889514   => MOST_TRADED widget is present on this page
2024-01-31 00:49:18.889538   => Found 5 elements in block MOST_TRADED

2024-01-31 00:49:18.889548   Testing Most traded random element #2

2024-01-31 00:49:18.889686   2. Act_v4
2024-01-31 00:49:18.889699   MOST_TRADED delete js-mostTraded class =>
