{'width': 1280, 'height': 720}

2024-01-31 00:48:18.019199   worker_id = master

2024-01-31 00:48:18.019221   0. Allure grouping v4


2024-01-31 00:48:18.019477   START PRECONDITIONS =>


2024-01-31 00:48:18.019499   {'width': 1280, 'height': 720}

2024-01-31 00:48:18.020981   Set windows position at (0, 0) =>

2024-01-31 00:48:18.123269   Set resolution 1280 * 720 =>

2024-01-31 00:48:18.225483   => Resolution seted {'width': 1280, 'height': 720}

2024-01-31 00:48:19.255025   Капчи нет. Идем дальше

2024-01-31 00:48:19.255113   Prev. Role: NoReg

2024-01-31 00:48:19.255125   Current role: NoReg

2024-01-31 00:48:20.280983   Капчи нет. Идем дальше

2024-01-31 00:48:20.281074   Prev language: fr

2024-01-31 00:48:20.281086   => Current language: fr

2024-01-31 00:48:21.309893   Капчи нет. Идем дальше

2024-01-31 00:48:21.309979   Prev country: au

2024-01-31 00:48:21.309991   => Current country: au

2024-01-31 00:48:21.309999   => THE END PRECONDITIONS

2024-01-31 00:48:21.310030   1. Arrange_v0
2024-01-31 00:48:21.312635   BUTTON_TRY_DEMO is visible? =>
2024-01-31 00:48:21.323076   => BUTTON_TRY_DEMO is visible on the page!

2024-01-31 00:48:21.323202   2. Act_v0
2024-01-31 00:48:21.323216   BUTTON_TRY_DEMO is present? =>
2024-01-31 00:48:21.328682   => BUTTON_TRY_DEMO is present on the page!
2024-01-31 00:48:21.328704   BUTTON_TRY_DEMO scroll =>
2024-01-31 00:48:21.371502   => BUTTON_TRY_DEMO clicked!

2024-01-31 00:48:21.371765   3. Assert_v0
2024-01-31 00:48:21.371863   Start step Check that [Sign up] form is opened
2024-01-31 00:48:21.403773   'Sign up' form opened
2024-01-31 00:48:21.403822   Assert SIGNUP_HEADER =>
2024-01-31 00:48:21.451658   Assert SIGNUP_REF_LOGIN =>
2024-01-31 00:48:21.466353   Assert SIGNUP_PRIVACY_POLICY_ALL_2 =>
2024-01-31 00:48:21.503870   => SIGNUP_PRIVACY_POLICY_ALL
2024-01-31 00:48:21.503916   => 'Signup' form is checked
2024-01-31 00:48:21.504117   Start step Close [Sign up] form =>
2024-01-31 00:48:21.557911   => 'Signup' form closed
