{'width': 1280, 'height': 800}

2024-05-06 04:59:21.221355   worker_id = master

2024-05-06 04:59:21.221369   0. Allure grouping v4

2024-05-06 04:59:21.221551   START PRECONDITIONS =>

2024-05-06 04:59:21.221567   => URL after prev. preconditions - https://capital.com/cn
2024-05-06 04:59:21.221577   => flag_of_bug - False
2024-05-06 04:59:21.221587   => Current URL - https://capital.com/cn/trade-etfs
2024-05-06 04:59:21.226715   Current page URL = https://capital.com/cn/trade-etfs
2024-05-06 04:59:21.229140   self.link = https://capital.com/cn
2024-05-06 04:59:21.229153   driver.get(https://capital.com/cn) =>
2024-05-06 04:59:23.310623   => Loaded page https://capital.com/cn

2024-05-06 04:59:23.316945   => Windows size - {'width': 1280, 'height': 800}
2024-05-06 04:59:23.318361   Set windows position at (0, 0) =>
2024-05-06 04:59:23.320077   Set resolution 1280 * 800 =>
2024-05-06 04:59:23.321660   => Windows size is set to {'width': 1280, 'height': 800}

2024-05-06 04:59:24.358306   Капчи нет. Идем дальше

2024-05-06 04:59:24.358413   Работа с куками =>

2024-05-06 04:59:24.358427   => не требуется

2024-05-06 04:59:24.358437   Prev. country - 'ae'
2024-05-06 04:59:24.358446   Cur. country - 'ae'
2024-05-06 04:59:24.358455   => Country set to 'ae'

2024-05-06 04:59:24.358464   Prev. language - 'cn'
2024-05-06 04:59:24.358472   Cur. language - 'cn'
2024-05-06 04:59:24.358481   => Language is set to 'cn'

2024-05-06 04:59:24.358489   Prev. role - 'NoAuth'
2024-05-06 04:59:24.358498   Cur. role - 'NoAuth'
2024-05-06 04:59:24.358506   => The 'NoAuth' role is set

2024-05-06 04:59:24.361270   => Current URL - https://capital.com/cn

2024-05-06 04:59:24.361293   => THE END PRECONDITIONS
2024-05-06 04:59:24.867625   => Education menu is present in DOM
2024-05-06 04:59:24.872459   => Education menu is visible
2024-05-06 04:59:26.149576   => Focus moved to Education menu

2024-05-06 04:59:28.418156   1. Arrange_v0
2024-05-06 04:59:28.418205   current_page = https://capital.com/cn/trade-etfs
2024-05-06 04:59:28.421774   link = https://capital.com/cn/trade-etfs
2024-05-06 04:59:28.424716   BUTTON_CREATE_YOUR_ACCOUNT is located on the page? =>

2024-05-06 04:59:28.435760   2. Act_v0: Define of locator

2024-05-06 04:59:28.435786   2. Act_v0: Go to web element

2024-05-06 04:59:29.638318   2. Act_v0: Click web element
2024-05-06 04:59:29.664566   => BUTTON_CREATE_YOUR_ACCOUNT is clicked

2024-05-06 04:59:29.664787   3. Assert_v0
2024-05-06 04:59:29.664875   Start step Check that [Sign up] form is opened
2024-05-06 04:59:29.861165   'Sign up' form opened
2024-05-06 04:59:29.861202   Assert SIGNUP_HEADER =>
2024-05-06 04:59:29.872617   Assert SIGNUP_REF_LOGIN =>
2024-05-06 04:59:29.882553   Assert SIGNUP_PRIVACY_POLICY_ALL_2 =>
2024-05-06 04:59:29.892510   => SIGNUP_PRIVACY_POLICY_ALL
2024-05-06 04:59:29.892551   => 'Signup' form is checked
2024-05-06 04:59:29.892788   Start step Close [Sign up] form =>
2024-05-06 04:59:29.965083   => 'Signup' form closed
2024-05-06 04:59:30.231679   => Focus moved to 'capital*com' logo
