


Current tab - most_traded
{'width': 1280, 'height': 800}

2024-04-24 16:03:51.446852   worker_id = master

2024-04-24 16:03:51.446867   0. Allure grouping v4

2024-04-24 16:03:51.447057   START PRECONDITIONS =>

2024-04-24 16:03:51.447072   => URL after prev. preconditions - https://capital.com/zh
2024-04-24 16:03:51.447082   => flag_of_bug - False
2024-04-24 16:03:51.447093   => Current URL - https://capital.com/zh/trade-ftsemib
2024-04-24 16:03:51.451835   Current page URL = https://capital.com/zh/trade-ftsemib
2024-04-24 16:03:51.454275   self.link = https://capital.com/zh
2024-04-24 16:03:51.454289   driver.get(https://capital.com/zh) =>
2024-04-24 16:03:53.412582   => Loaded page https://capital.com/zh

2024-04-24 16:03:53.417280   => Windows size - {'width': 1280, 'height': 800}
2024-04-24 16:03:53.418656   Set windows position at (0, 0) =>
2024-04-24 16:03:53.420242   Set resolution 1280 * 800 =>
2024-04-24 16:03:53.423710   => Windows size is set to {'width': 1280, 'height': 800}

2024-04-24 16:03:54.462984   Капчи нет. Идем дальше

2024-04-24 16:03:54.463073   Работа с куками =>

2024-04-24 16:03:54.463087   => не требуется

2024-04-24 16:03:54.463097   Prev. country - 'au'
2024-04-24 16:03:54.463106   Cur. country - 'au'
2024-04-24 16:03:54.463115   => Country set to 'au'

2024-04-24 16:03:54.463124   Prev. language - 'zh'
2024-04-24 16:03:54.463133   Cur. language - 'zh'
2024-04-24 16:03:54.463142   => Language is set to 'zh'

2024-04-24 16:03:54.463150   Prev. role - 'Auth'
2024-04-24 16:03:54.463159   Cur. role - 'Auth'
2024-04-24 16:03:54.463168   => The 'Auth' role is set

2024-04-24 16:03:54.465892   => Current URL - https://capital.com/zh

2024-04-24 16:03:54.465915   => THE END PRECONDITIONS

2024-04-24 16:03:54.465965   1. Arrange for Indices finance instrument and "most_traded" tab
2024-04-24 16:03:54.465979   current_page = https://capital.com/zh
2024-04-24 16:03:54.468463   link = https://capital.com/zh/trade-ftsemib
2024-04-24 16:03:54.470922   Current page URL = https://capital.com/zh
2024-04-24 16:03:54.475420   self.link = https://capital.com/zh/trade-ftsemib
2024-04-24 16:03:54.475435   driver.get(https://capital.com/zh/trade-ftsemib) =>
2024-04-24 16:03:56.612934   => Loaded page https://capital.com/zh/trade-ftsemib
2024-04-24 16:03:56.617448   Save current screenshot into PNG file
2024-04-24 16:03:56.689731   IS CFDs TABLE visible on the page? =>
2024-04-24 16:03:57.727089   => CFDs TABLE is NOT visible on the page!

