


Current tab - top_fallers
{'width': 1280, 'height': 800}

2024-04-24 16:06:46.942385   worker_id = master

2024-04-24 16:06:46.942399   0. Allure grouping v4

2024-04-24 16:06:46.942579   START PRECONDITIONS =>

2024-04-24 16:06:46.942594   => URL after prev. preconditions - https://capital.com/zh
2024-04-24 16:06:46.942604   => flag_of_bug - False
2024-04-24 16:06:46.942614   => Current URL - https://capital.com/zh/trade-ftsemib
2024-04-24 16:06:46.947632   Current page URL = https://capital.com/zh/trade-ftsemib
2024-04-24 16:06:46.950052   self.link = https://capital.com/zh
2024-04-24 16:06:46.950067   driver.get(https://capital.com/zh) =>
2024-04-24 16:06:48.803167   => Loaded page https://capital.com/zh

2024-04-24 16:06:48.807563   => Windows size - {'width': 1280, 'height': 800}
2024-04-24 16:06:48.808926   Set windows position at (0, 0) =>
2024-04-24 16:06:48.810540   Set resolution 1280 * 800 =>
2024-04-24 16:06:48.812087   => Windows size is set to {'width': 1280, 'height': 800}

2024-04-24 16:06:49.860779   Капчи нет. Идем дальше

2024-04-24 16:06:49.860866   Работа с куками =>

2024-04-24 16:06:49.860880   => не требуется

2024-04-24 16:06:49.860890   Prev. country - 'au'
2024-04-24 16:06:49.860899   Cur. country - 'au'
2024-04-24 16:06:49.860908   => Country set to 'au'

2024-04-24 16:06:49.860917   Prev. language - 'zh'
2024-04-24 16:06:49.860926   Cur. language - 'zh'
2024-04-24 16:06:49.860934   => Language is set to 'zh'

2024-04-24 16:06:49.860943   Prev. role - 'NoAuth'
2024-04-24 16:06:49.860952   Cur. role - 'NoAuth'
2024-04-24 16:06:49.860960   => The 'NoAuth' role is set

2024-04-24 16:06:49.863704   => Current URL - https://capital.com/zh

2024-04-24 16:06:49.863727   => THE END PRECONDITIONS

2024-04-24 16:06:49.863769   1. Arrange for Indices finance instrument and "top_fallers" tab
2024-04-24 16:06:49.863783   current_page = https://capital.com/zh
2024-04-24 16:06:49.868649   link = https://capital.com/zh/trade-ftsemib
2024-04-24 16:06:49.871164   Current page URL = https://capital.com/zh
2024-04-24 16:06:49.873844   self.link = https://capital.com/zh/trade-ftsemib
2024-04-24 16:06:49.873858   driver.get(https://capital.com/zh/trade-ftsemib) =>
2024-04-24 16:06:51.924587   => Loaded page https://capital.com/zh/trade-ftsemib
2024-04-24 16:06:51.929227   Save current screenshot into PNG file
2024-04-24 16:06:51.999955   IS CFDs TABLE visible on the page? =>
2024-04-24 16:06:53.038967   => CFDs TABLE is NOT visible on the page!

