{'width': 1280, 'height': 800}

2024-03-26 20:20:22.626022   worker_id = master

2024-03-26 20:20:22.626039   0. Allure grouping v4


2024-03-26 20:20:22.626240   START PRECONDITIONS =>


2024-03-26 20:20:22.626255   => flag_of_bug - True
2024-03-26 20:20:22.626268   Current page URL = https://capital.com/zh/trade-cryptocurrency
2024-03-26 20:20:22.629114   self.link = https://capital.com
2024-03-26 20:20:22.629127   link = https://capital.com
2024-03-26 20:20:24.412830   => Loaded page https://capital.com/

2024-03-26 20:20:24.417142   => Windows size - {'width': 1280, 'height': 800}
2024-03-26 20:20:24.418521   Set windows position at (0, 0) =>
2024-03-26 20:20:24.522269   Set resolution 1280 * 800 =>
2024-03-26 20:20:24.624941   => Windows size is set to {'width': 1280, 'height': 800}

2024-03-26 20:20:25.667650   Капчи нет. Идем дальше

2024-03-26 20:20:25.667742   Работа с куками

2024-03-26 20:20:25.667755   => Prev. country - 'de'
2024-03-26 20:20:25.667765   => Country set to 'de'

2024-03-26 20:20:25.667774   => Prev. language - 'zh'
2024-03-26 20:20:25.667784   Set 'zh' language =>
2024-03-26 20:20:25.680303   => Language and Country menu is present
2024-03-26 20:20:25.695684   => Language and Country menu is visible
2024-03-26 20:20:26.972744   => Focus is moved on Language and Country menu 
2024-03-26 20:20:26.981030   Move focus on zh item and click =>
2024-03-26 20:20:28.562661   => Focus moved on zh item and clicked
2024-03-26 20:20:28.562714   => Cur url = https://capital.com/zh
2024-03-26 20:20:28.597343   => Language is set to 'zh'

2024-03-26 20:20:28.597388   => Prev. role - 'NoAuth'
2024-03-26 20:20:28.597401   => The 'NoAuth' role is set

2024-03-26 20:20:28.600057   => THE END PRECONDITIONS

2024-03-26 20:20:28.600132   1. Cur URL = https://capital.com/zh

2024-03-26 20:20:28.607597   2. Link = https://capital.com/zh
2024-03-26 20:20:28.607616   current_page = https://capital.com/zh
2024-03-26 20:20:28.610531   link = https://capital.com/zh
2024-03-26 20:20:29.124251   => Education menu is present in DOM
2024-03-26 20:20:29.130961   => Education menu is visible
2024-03-26 20:20:30.403259   => Focus moved to Education menu
2024-03-26 20:20:31.943884   => Cryptocurrency trading submenu focus moved and clicked
2024-03-26 20:20:32.236795   => Focus moved to 'capital*com' logo

2024-03-26 20:20:32.237028   1. Arrange_v0
2024-03-26 20:20:32.237048   current_page = https://capital.com/zh/trade-cryptocurrency
2024-03-26 20:20:32.239987   link = https://capital.com/zh/trade-cryptocurrency
2024-03-26 20:20:32.242558   BUTTON_CREATE_YOUR_ACCOUNT is located on the page? =>

2024-03-26 20:20:32.250955   2. Act_v0: Define of locator

2024-03-26 20:20:32.250985   2. Act_v0: Go to web element

2024-03-26 20:20:33.348507   2. Act_v0: Click web element
2024-03-26 20:20:33.375546   => BUTTON_CREATE_YOUR_ACCOUNT is clicked

2024-03-26 20:20:33.375779   3. Assert_v0
2024-03-26 20:20:33.375869   Start step Check that [Sign up] form is opened
2024-03-26 20:20:33.573143   'Sign up' form opened
2024-03-26 20:20:33.573188   Assert SIGNUP_HEADER =>
2024-03-26 20:20:33.594923   Assert SIGNUP_REF_LOGIN =>
2024-03-26 20:20:33.614726   Assert SIGNUP_PRIVACY_POLICY_ALL_2 =>
2024-03-26 20:20:33.631949   => SIGNUP_PRIVACY_POLICY_ALL
2024-03-26 20:20:33.632000   => 'Signup' form is checked
2024-03-26 20:20:33.632186   Start step Close [Sign up] form =>
2024-03-26 20:20:33.733162   => 'Signup' form closed
2024-03-26 20:20:34.003488   => Focus moved to 'capital*com' logo
