{'width': 1280, 'height': 800}

2024-03-26 20:28:22.457181   worker_id = master

2024-03-26 20:28:22.457199   0. Allure grouping v4


2024-03-26 20:28:22.457436   START PRECONDITIONS =>


2024-03-26 20:28:22.457463   => flag_of_bug - False

2024-03-26 20:28:22.457476   => Windows size - {'width': 1280, 'height': 800}
2024-03-26 20:28:22.459260   Set windows position at (0, 0) =>
2024-03-26 20:28:22.561879   Set resolution 1280 * 800 =>
2024-03-26 20:28:22.664692   => Windows size is set to {'width': 1280, 'height': 800}

2024-03-26 20:28:23.701690   Капчи нет. Идем дальше

2024-03-26 20:28:23.701786   Работа с куками

2024-03-26 20:28:23.701800   => Prev. country - 'de'
2024-03-26 20:28:23.701810   => Country set to 'de'

2024-03-26 20:28:23.701818   => Prev. language - 'zh'
2024-03-26 20:28:23.701828   => Language is set to 'zh'

2024-03-26 20:28:23.701837   => Prev. role - 'NoReg'
2024-03-26 20:28:23.701846   => The 'NoReg' role is set

2024-03-26 20:28:23.704875   => THE END PRECONDITIONS
2024-03-26 20:28:24.211972   => Education menu is present in DOM
2024-03-26 20:28:24.218459   => Education menu is visible
2024-03-26 20:28:25.482896   => Focus moved to Education menu

2024-03-26 20:28:26.257221   1. Arrange_v4
2024-03-26 20:28:26.257270   current_page = https://capital.com/zh/trade-indices
2024-03-26 20:28:26.260285   link = https://capital.com/zh/trade-indices
2024-03-26 20:28:26.263010   MOST_TRADED is present? =>
2024-03-26 20:28:26.271592   => MOST_TRADED widget is present on this page
2024-03-26 20:28:26.271627   => Found 5 elements in block MOST_TRADED
2024-03-26 20:28:26.271637   Most traded widget is scroll =>
2024-03-26 20:28:26.278455   => Most traded widget is scrolled into screen center

2024-03-26 20:28:26.278534   Random indexes = [3]

2024-03-26 20:28:26.278564   Testing Most traded 1 random element with 3 index

2024-03-26 20:28:26.278800   2. Act_v4
2024-03-26 20:28:26.278947   Start Checking that form [Sign up] popped up on the page =>
2024-03-26 20:28:27.808451   '[Sign up]' form was not popped up
2024-03-26 20:28:27.823802   instrument_title = 'Hong Kong 50'
2024-03-26 20:28:27.829731   Selected Trade button on Most traded widget is scroll =>
2024-03-26 20:28:27.834832   Selected Trade button click for 'Hong Kong 50' trading instrument =>
2024-03-26 20:28:28.902535   => Selected Trade button clicked!

2024-03-26 20:28:28.902840   3. Assert_v0
2024-03-26 20:28:28.902960   Start step Check that [Sign up] form is opened
2024-03-26 20:28:28.918810   'Sign up' form opened
2024-03-26 20:28:28.918859   Assert SIGNUP_HEADER =>
2024-03-26 20:28:28.931391   Assert SIGNUP_REF_LOGIN =>
2024-03-26 20:28:28.946164   Assert SIGNUP_PRIVACY_POLICY_ALL_2 =>
2024-03-26 20:28:28.959696   => SIGNUP_PRIVACY_POLICY_ALL
2024-03-26 20:28:28.959737   => 'Signup' form is checked
2024-03-26 20:28:28.959914   Start step Close [Sign up] form =>
2024-03-26 20:28:29.041210   => 'Signup' form closed
2024-03-26 20:28:29.317993   => Focus moved to 'capital*com' logo
