{'width': 1280, 'height': 800}

2024-03-26 19:46:06.785954   worker_id = master

2024-03-26 19:46:06.785974   0. Allure grouping v4


2024-03-26 19:46:06.786249   START PRECONDITIONS =>


2024-03-26 19:46:06.786265   => flag_of_bug - False

2024-03-26 19:46:06.786278   => Windows size - {'width': 1280, 'height': 800}
2024-03-26 19:46:06.787755   Set windows position at (0, 0) =>
2024-03-26 19:46:06.890031   Set resolution 1280 * 800 =>
2024-03-26 19:46:06.993018   => Windows size is set to {'width': 1280, 'height': 800}

2024-03-26 19:46:08.031332   Капчи нет. Идем дальше

2024-03-26 19:46:08.031423   Работа с куками

2024-03-26 19:46:08.031437   => Prev. country - 'de'
2024-03-26 19:46:08.031447   => Country set to 'de'

2024-03-26 19:46:08.031456   => Prev. language - 'zh'
2024-03-26 19:46:08.031466   => Language is set to 'zh'

2024-03-26 19:46:08.031474   => Prev. role - 'Auth'
2024-03-26 19:46:08.031483   => The 'Auth' role is set

2024-03-26 19:46:08.034231   => THE END PRECONDITIONS

2024-03-26 19:46:08.034434   1. Arrange_v3
2024-03-26 19:46:08.034453   current_page = https://capital.com/zh/how-to-trade-cfds
2024-03-26 19:46:08.036997   link = https://capital.com/zh/how-to-trade-cfds
2024-03-26 19:46:08.039455   Is visible BUTTON_START_TRADING_IN_ARTICLE? =>
2024-03-26 19:46:08.039477   => BUTTON_START_TRADING_IN_ARTICLE =>
2024-03-26 19:46:09.073041   => BUTTON_START_TRADING_IN_ARTICLE2 =>

2024-03-26 19:46:09.081029   2. Act_v3
2024-03-26 19:46:09.081059   Start Click button BUTTON_START_TRADING_IN_ARTICLE =>
2024-03-26 19:46:10.471782   => BUTTON_START_TRADING_IN_ARTICLE is clicked

2024-03-26 19:46:10.472163   3. Assert_v4
2024-03-26 19:46:10.472351   Checking that the trading platform page has opened (v4) =>
2024-03-26 19:46:10.480042   Checking way # 1 => 

2024-03-26 19:46:10.480197   Checking that the Trading platform page has valid title =>
2024-03-26 19:46:10.483548   => The title of current page is 'Trading Platform | Capital.com'

2024-03-26 19:46:10.483737   Checking that the Trading platform LOGO is present on the page =>
2024-03-26 19:46:12.018478   => Trading platform 'capital*com' logo is present on the current page

2024-03-26 19:46:12.018564   tpd = False
2024-03-26 19:46:12.018716   Checking that the Trading platform opened in LIVE mode =>
2024-03-26 19:46:12.029432   => The page with https://capital.com/trading/platform/ url was opened in lIVE mode
2024-03-26 19:46:12.867946   => Driver.backed
