{'width': 1920, 'height': 1080}

2024-08-15 23:19:26.394539   worker_id = master

2024-08-15 23:19:26.394559   0. Allure grouping for US_55


2024-08-15 23:19:26.394818   START NEW PRECONDITIONS =>

2024-08-15 23:19:26.394841   => URL after prev. preconditions - https://capital.com/ar-ae
2024-08-15 23:19:26.394856   => flag_of_bug - True
2024-08-15 23:19:26.394872   => Current URL - https://capital.com/tradingview
2024-08-15 23:19:26.400193   Current page URL = https://capital.com/tradingview
2024-08-15 23:19:26.402588   self.link = https://capital.com/ar-ae
2024-08-15 23:19:26.402602   driver.get(https://capital.com/ar-ae) =>
2024-08-15 23:19:27.678830   => Loaded page https://capital.com/ar-ae

2024-08-15 23:19:27.683506   => Windows size: {'width': 1920, 'height': 1080}

2024-08-15 23:19:27.684902   Set windows position at (0, 0) =>

2024-08-15 23:19:27.686570   Set resolution 1920 * 1080 =>

2024-08-15 23:19:27.688203   => Resolution set {'width': 1920, 'height': 1080}

2024-08-15 23:19:27.689525   Работа с куками =>
2024-08-15 23:19:27.689539   Prev. role - 'Auth'
2024-08-15 23:19:27.689549   Current testing role - 'NoAuth'

2024-08-15 23:19:27.689558   All cookies must be delete =>
2024-08-15 23:19:27.779048   => All cookies are deleted
2024-08-15 23:19:27.779094   Current page URL = https://capital.com/ar-ae
2024-08-15 23:19:27.782959   self.link = https://capital.com/ar-ae
2024-08-15 23:19:27.782978   driver.get(https://capital.com/ar-ae) =>
2024-08-15 23:19:29.068266   => Loaded page https://capital.com/ar-ae

2024-08-15 23:19:29.073107   Step 'Click button [Accept all cookies]'
2024-08-15 23:19:29.073126   Is Visible Button [Accept all cookies]? =>
2024-08-15 23:19:30.304317   => Button [Accept all cookies] is visible
2024-08-15 23:19:30.804467   Is clickable Button [Accept all cookies] =>
2024-08-15 23:19:30.819650   => Button [Accept all cookies] is clickable
2024-08-15 23:19:30.819680   Click Button [Accept all cookies] =>
2024-08-15 23:19:30.916851   => Button [Accept all cookies] is clicked
2024-08-15 23:19:30.916897   => Accepted All Cookies

2024-08-15 23:19:31.417000   Prev. role - 'Auth'
2024-08-15 23:19:31.417057   Cur. role - 'NoAuth'

2024-08-15 23:19:31.417291   Start Autorization
2024-08-15 23:19:31.498215   => 'Login' form is opened
2024-08-15 23:19:31.758753   => "login" and "password" are inputted
2024-08-15 23:19:31.758802   Click [Continue] button on [Login] form =>
2024-08-15 23:19:31.821687   => [Continue] button on [Login] form is clicked
2024-08-15 23:19:31.821743   Set timeout = 30
2024-08-15 23:19:32.816056   => Page with 'Trading Platform | Capital.com' title opened

2024-08-15 23:19:32.816131   2. Checking that the LOGO is present on the page =>
2024-08-15 23:19:34.590669   => 'capital*com' logo is present on the current page

2024-08-15 23:19:34.590996   Start DeAuthorisation
2024-08-15 23:19:34.591117   Start Logout from account info menu in top bar =>
2024-08-15 23:19:34.591140   Set timeout = 15
2024-08-15 23:19:34.591160   Is visible account info icon? =>
2024-08-15 23:19:34.611954   => Account info icon is visible on this page
2024-08-15 23:19:34.612002   Account info icon is click =>
2024-08-15 23:19:35.186874   => Account info icon is clicked
2024-08-15 23:19:35.186912   Is visible logout button in account info menu? =>
2024-08-15 23:19:35.271939   => Logout button from account info menu is visible
2024-08-15 23:19:35.271979   Logout button is click =>
2024-08-15 23:19:35.310517   => Logout button from Account info menu is clicked
2024-08-15 23:19:35.310626   => Logout is OK

2024-08-15 23:19:35.310678   => The 'NoAuth' role is set

2024-08-15 23:19:35.310698   Prev. language: ?
2024-08-15 23:19:35.310714   Cur. language - 'ar'

2024-08-15 23:19:35.310731   Prev. country: ?

2024-08-15 23:19:35.310746   Cur. country: ae
2024-08-15 23:19:35.310760   Set 'ar' language and 'ae' country =>
2024-08-15 23:19:35.310959   Set "ar" language and "ae" country =>
2024-08-15 23:19:35.310985   Current page URL = https://capital.com/trading/platform/
2024-08-15 23:19:35.314555   self.link = https://capital.com/ar-ae
2024-08-15 23:19:35.314593   driver.get(https://capital.com/ar-ae) =>
2024-08-15 23:19:36.596831   => Loaded page https://capital.com/ar-ae
2024-08-15 23:19:36.601346   => Language is set to 'ar'
2024-08-15 23:19:36.601363   => Country is set to 'ae'
2024-08-15 23:19:36.601372   => Current URL - https://capital.com/ar-ae

2024-08-15 23:19:36.610025   => Current URL - https://capital.com/ar-ae

2024-08-15 23:19:36.610049   => THE END PRECONDITIONS

2024-08-15 23:19:36.610272   START Open "Trading" menu, "Web platform" submenu =>

2024-08-15 23:19:36.610290   1. Cur URL = https://capital.com/ar-ae

2024-08-15 23:19:36.612737   2. Link = https://capital.com/ar-ae
2024-08-15 23:19:36.612753   current_page = https://capital.com/ar-ae
2024-08-15 23:19:36.615130   link = https://capital.com/ar-ae
2024-08-15 23:19:37.128603   => 'Trading' menu is present
2024-08-15 23:19:37.146750   => 'Trading' menu is visible
2024-08-15 23:19:38.510175   => Focus moved to 'Trading' menu
2024-08-15 23:19:38.529981   => 'Web platform' submenu is visible
2024-08-15 23:19:39.309123   => 'Web platform' sub-menu clicked
2024-08-15 23:19:49.663470   => Focus moved to 'capital*com' logo
2024-08-15 23:19:49.663516   3. Cur URL = https://capital.com/ar-ae/trading-platforms/web-platform
2024-08-15 23:19:49.668906   1. Start Arrange.
2024-08-15 23:19:49.668927   current_page = https://capital.com/ar-ae/trading-platforms/web-platform
2024-08-15 23:19:49.671433   link = https://capital.com/ar-ae/trading-platforms/web-platform
2024-08-15 23:19:49.673895   => current_url == cur_item_link
2024-08-15 23:19:49.673915   Check presenting [Explore features] button.
2024-08-15 23:19:49.673925   IS [Explore features] button present on this page? =>
2024-08-15 23:19:49.681472   => [Explore features] button present on this page!

2024-08-15 23:19:49.695396   IS [Explore features] button visible on this page? =>
2024-08-15 23:19:49.730979   => [Explore features] button is visible on this page!

2024-08-15 23:19:49.731019   IS [Explore features] button clickable on this page? =>
2024-08-15 23:19:49.744708   => [Explore features] button is clickable on this page!

2024-08-15 23:19:49.744740   Save current screenshot into PNG file
2024-08-15 23:19:49.867634   2. Start Act.
2024-08-15 23:19:49.867661   Start click on [Explore features] button =>
2024-08-15 23:19:50.648207   => [Explore features] button clicked!

2024-08-15 23:19:50.648258   Save current screenshot into PNG file
2024-08-15 23:19:50.812154   3. Start Assert.
2024-08-15 23:19:50.812182   Check language version of page 'TradingView'. 
2024-08-15 23:19:50.812192   IS page 'TradingView' opened EN-language version? =>
2024-08-15 23:19:50.812201   Current page is: https://capital.com/tradingview
2024-08-15 23:19:50.819852   => Page 'TradingView' opened in EN-language version instead AR-language.

