{'width': 1280, 'height': 720}

2023-12-23 18:28:27.487887   worker_id = master

2023-12-23 18:28:27.487905   0. Allure grouping v4


2023-12-23 18:28:27.488103   START PRECONDITIONS =>


2023-12-23 18:28:27.488117   {'width': 1280, 'height': 720}

2023-12-23 18:28:27.489530   Set windows position at (320, 180) =>

2023-12-23 18:28:27.595493   Set resolution 1280 * 720 =>

2023-12-23 18:28:27.697611   => Resolution seted {'width': 1280, 'height': 720}

2023-12-23 18:28:31.747597   Капчи нет. Тестим дальше

2023-12-23 18:28:31.747640   Prev. Role: NoReg

2023-12-23 18:28:31.747650   Current role: NoReg

2023-12-23 18:28:31.747658   Prev language: pl

2023-12-23 18:28:31.747666   => Current language: pl

2023-12-23 18:28:31.747674   Prev country: ae

2023-12-23 18:28:31.747682   => Current country: ae

2023-12-23 18:28:31.747689   => THE END PRECONDITIONS

2023-12-23 18:28:31.747743   1. Arrange_v0
2023-12-23 18:28:32.156044   Load page https://capital.com/pl/objasnienie-handlu-CFD
2023-12-23 18:28:32.304807   BUTTON_START_TRADING scroll =>
2023-12-23 18:28:32.310128   BUTTON_START_TRADING is visible? =>
2023-12-23 18:28:32.325816   => BUTTON_START_TRADING is visible on the page!

2023-12-23 18:28:32.325987   2. Act_v0
2023-12-23 18:28:32.326011   Start Click button [Start Trading] =>
2023-12-23 18:28:32.416776   BUTTON_START_TRADING is clickable? =>
2023-12-23 18:28:32.430564   BUTTON_START_TRADING click =>
2023-12-23 18:28:32.498329   => BUTTON_START_TRADING clicked

2023-12-23 18:28:32.498578   3. Assert_v0
2023-12-23 18:28:32.498677   Start step Check that [Sign up] form is opened
2023-12-23 18:28:32.709506   'Sign up' form opened
2023-12-23 18:28:32.709602   Assert SIGNUP_HEADER =>
2023-12-23 18:28:32.721538   Assert SIGNUP_REF_LOGIN =>
2023-12-23 18:28:32.734098   Assert SIGNUP_PRIVACY_POLICY_ALL_2 =>
2023-12-23 18:28:32.759326   => SIGNUP_PRIVACY_POLICY_ALL
2023-12-23 18:28:32.759362   => 'Signup' form is checked
2023-12-23 18:28:32.759538   Start step Close [Sign up] form =>
2023-12-23 18:28:32.818664   => 'Signup' form closed
