{'width': 1280, 'height': 720}

2024-02-27 06:13:47.624293   worker_id = master

2024-02-27 06:13:47.624306   0. Allure grouping v4


2024-02-27 06:13:47.624493   START PRECONDITIONS =>


2024-02-27 06:13:47.624509   {'width': 1280, 'height': 720}

2024-02-27 06:13:47.625770   Set windows position at (0, 0) =>

2024-02-27 06:13:47.727711   Set resolution 1280 * 720 =>

2024-02-27 06:13:47.829929   => Resolution seted {'width': 1280, 'height': 720}

2024-02-27 06:13:48.865721   Капчи нет. Идем дальше

2024-02-27 06:13:48.865810   Prev. Role: NoAuth

2024-02-27 06:13:48.865824   Current role: NoAuth

2024-02-27 06:13:49.894186   Капчи нет. Идем дальше

2024-02-27 06:13:49.894290   Prev language: es

2024-02-27 06:13:49.894303   => Current language: es

2024-02-27 06:13:50.926084   Капчи нет. Идем дальше

2024-02-27 06:13:50.926172   Prev country: au
2024-02-27 06:13:50.926185   => Current country: au

2024-02-27 06:13:50.926195   => THE END PRECONDITIONS

2024-02-27 06:13:50.926227   1. Arrange_v0
2024-02-27 06:13:50.929405   BUTTON_BUY_IN_CONTENT_BLOCK is located on the page? =>
2024-02-27 06:13:50.934363   => BUTTON_BUY_IN_CONTENT_BLOCK is located on the page!
2024-02-27 06:13:50.934512   Start Checking that form [Sign up] popped up on the page =>
2024-02-27 06:13:50.945569   'Sign up' form opened
2024-02-27 06:13:50.945669   Start step Close [Sign up] form =>
2024-02-27 06:13:50.995911   => 'Signup' form closed

2024-02-27 06:13:51.273570   2. Act_v0
2024-02-27 06:13:51.279252   BUTTON_BUY_IN_CONTENT_BLOCK is present? =>
2024-02-27 06:13:51.279275   => BUTTON_BUY_IN_CONTENT_BLOCK is present on the page
2024-02-27 06:13:51.279285   BUTTON_BUY_IN_CONTENT_BLOCK scroll =>
2024-02-27 06:13:51.282569   => BUTTON_BUY_IN_CONTENT_BLOCK scrolled
2024-02-27 06:13:51.287334   BUTTON_BUY_IN_CONTENT_BLOCK is clickable? =>
2024-02-27 06:13:51.298899   BUTTON_BUY_IN_CONTENT_BLOCK CLICK =>
2024-02-27 06:13:51.323710   => BUTTON_BUY_IN_CONTENT_BLOCK clicked!

2024-02-27 06:13:51.324035   3. Assert_Login_v0
2024-02-27 06:13:51.324163   Check that 'Login' form is opened
2024-02-27 06:13:54.404035   'Login' form not opened
2024-02-27 06:13:54.404215   Check that new 'Login' form is opened
2024-02-27 06:13:57.489537   => New 'Login' form not opened
2024-02-27 06:13:57.492395   'Login' page not opened
2024-02-27 06:14:00.567726   'Login' form on trading platform not opened
2024-02-27 06:14:00.567924   Start step Check that [Sign up] form is opened
2024-02-27 06:14:00.580116   'Sign up' form opened
2024-02-27 06:14:00.580142   Assert SIGNUP_HEADER =>
2024-02-27 06:14:00.590824   Assert SIGNUP_REF_LOGIN =>
2024-02-27 06:14:00.601981   Assert SIGNUP_PRIVACY_POLICY_ALL_2 =>
2024-02-27 06:14:00.612868   => SIGNUP_PRIVACY_POLICY_ALL
2024-02-27 06:14:00.612891   => 'Signup' form is checked
