{'width': 1280, 'height': 720}

2024-02-27 06:16:46.171730   worker_id = master

2024-02-27 06:16:46.171747   0. Allure grouping v4


2024-02-27 06:16:46.171936   START PRECONDITIONS =>


2024-02-27 06:16:46.171952   {'width': 1280, 'height': 720}

2024-02-27 06:16:46.173265   Set windows position at (0, 0) =>

2024-02-27 06:16:46.275202   Set resolution 1280 * 720 =>

2024-02-27 06:16:46.377373   => Resolution seted {'width': 1280, 'height': 720}

2024-02-27 06:16:47.405483   Капчи нет. Идем дальше

2024-02-27 06:16:47.405569   Prev. Role: NoReg

2024-02-27 06:16:47.405583   Current role: NoReg

2024-02-27 06:16:48.443735   Капчи нет. Идем дальше

2024-02-27 06:16:48.443823   Prev language: es

2024-02-27 06:16:48.443836   => Current language: es

2024-02-27 06:16:49.479247   Капчи нет. Идем дальше

2024-02-27 06:16:49.479334   Prev country: au
2024-02-27 06:16:49.479348   => Current country: au

2024-02-27 06:16:49.479357   => THE END PRECONDITIONS

2024-02-27 06:16:49.479389   1. Arrange_v0
2024-02-27 06:16:49.482479   BUTTON_BUY_IN_CONTENT_BLOCK is located on the page? =>
2024-02-27 06:16:49.490053   => BUTTON_BUY_IN_CONTENT_BLOCK is located on the page!
2024-02-27 06:16:49.490207   Start Checking that form [Sign up] popped up on the page =>
2024-02-27 06:16:51.023890   '[Sign up]' form was not popped up

2024-02-27 06:16:51.024081   2. Act_v0
2024-02-27 06:16:51.029737   BUTTON_BUY_IN_CONTENT_BLOCK is present? =>
2024-02-27 06:16:51.029759   => BUTTON_BUY_IN_CONTENT_BLOCK is present on the page
2024-02-27 06:16:51.029769   BUTTON_BUY_IN_CONTENT_BLOCK scroll =>
2024-02-27 06:16:51.033112   => BUTTON_BUY_IN_CONTENT_BLOCK scrolled
2024-02-27 06:16:51.036928   BUTTON_BUY_IN_CONTENT_BLOCK is clickable? =>
2024-02-27 06:16:51.048139   BUTTON_BUY_IN_CONTENT_BLOCK CLICK =>
2024-02-27 06:16:51.064173   => BUTTON_BUY_IN_CONTENT_BLOCK clicked!

2024-02-27 06:16:51.064418   3. Assert_v0
2024-02-27 06:16:51.064507   Start step Check that [Sign up] form is opened
2024-02-27 06:16:51.085843   'Sign up' form opened
2024-02-27 06:16:51.085882   Assert SIGNUP_HEADER =>
2024-02-27 06:16:51.097456   Assert SIGNUP_REF_LOGIN =>
2024-02-27 06:16:51.109938   Assert SIGNUP_PRIVACY_POLICY_ALL_2 =>
2024-02-27 06:16:51.125443   => SIGNUP_PRIVACY_POLICY_ALL
2024-02-27 06:16:51.125479   => 'Signup' form is checked
2024-02-27 06:16:51.125644   Start step Close [Sign up] form =>
2024-02-27 06:16:51.176112   => 'Signup' form closed
