{'width': 1280, 'height': 800}

2024-04-22 16:29:27.378899   worker_id = master

2024-04-22 16:29:27.378918   0. Allure grouping v4

2024-04-22 16:29:27.379175   START PRECONDITIONS =>

2024-04-22 16:29:27.379190   => URL after prev. preconditions - https://capital.com/fr
2024-04-22 16:29:27.379200   => flag_of_bug - False
2024-04-22 16:29:27.379211   => Current URL - https://capital.com/fr/apple-inc-prix-d-une-action
2024-04-22 16:29:27.384211   Current page URL = https://capital.com/fr/apple-inc-prix-d-une-action
2024-04-22 16:29:27.386496   self.link = https://capital.com/fr
2024-04-22 16:29:27.386510   driver.get(https://capital.com/fr) =>
2024-04-22 16:29:29.147783   => Loaded page https://capital.com/fr

2024-04-22 16:29:29.152137   => Windows size - {'width': 1280, 'height': 800}
2024-04-22 16:29:29.153514   Set windows position at (0, 0) =>
2024-04-22 16:29:29.257396   Set resolution 1280 * 800 =>
2024-04-22 16:29:29.359886   => Windows size is set to {'width': 1280, 'height': 800}

2024-04-22 16:29:30.400115   Капчи нет. Идем дальше

2024-04-22 16:29:30.400211   Работа с куками =>

2024-04-22 16:29:30.400225   => не требуется

2024-04-22 16:29:30.400234   Prev. country - 'au'
2024-04-22 16:29:30.400243   Cur. country - 'au'
2024-04-22 16:29:30.400253   => Country set to 'au'

2024-04-22 16:29:30.400261   Prev. language - 'fr'
2024-04-22 16:29:30.400270   Cur. language - 'fr'
2024-04-22 16:29:30.400279   => Language is set to 'fr'

2024-04-22 16:29:30.400287   Prev. role - 'NoReg'
2024-04-22 16:29:30.400296   Cur. role - 'NoReg'
2024-04-22 16:29:30.400304   => The 'NoReg' role is set

2024-04-22 16:29:30.403046   => Current URL - https://capital.com/fr

2024-04-22 16:29:30.403073   => THE END PRECONDITIONS

2024-04-22 16:29:30.403268   1. Arrange_v2
2024-04-22 16:29:30.403286   current_page = https://capital.com/fr
2024-04-22 16:29:30.409050   link = https://capital.com/fr/apple-inc-prix-d-une-action
2024-04-22 16:29:30.412047   Current page URL = https://capital.com/fr
2024-04-22 16:29:30.414540   self.link = https://capital.com/fr/apple-inc-prix-d-une-action
2024-04-22 16:29:30.414553   driver.get(https://capital.com/fr/apple-inc-prix-d-une-action) =>
2024-04-22 16:29:32.368201   => Loaded page https://capital.com/fr/apple-inc-prix-d-une-action
2024-04-22 16:29:32.375060   Is LONG_POSITION_OVERNIGHT_FEE present on the page? =>
2024-04-22 16:29:32.383488   => LONG_POSITION_OVERNIGHT_FEE is present on the page
2024-04-22 16:29:32.383521   LONG_POSITION_OVERNIGHT_FEE scroll =>
2024-04-22 16:29:32.386881   => LONG_POSITION_OVERNIGHT_FEE scrolled

2024-04-22 16:29:32.387069   2. Act_v2
2024-04-22 16:29:32.387087   LONG_POSITION_OVERNIGHT_FEE open =>
2024-04-22 16:29:33.174131   Is LONG_POSITION_OVERNIGHT_FEE open?  =>
2024-04-22 16:29:33.191801   => LONG_POSITION_OVERNIGHT_FEE opened
2024-04-22 16:29:33.191834   Move focus to button [Go to platform] and click on=>
2024-04-22 16:29:33.967868   => BUTTON_GO_TO_PLATFORM is clickable
2024-04-22 16:29:34.494755 => BUTTON_GO_TO_PLATFORM clicked

2024-04-22 16:29:34.495062   3. Assert_v0
2024-04-22 16:29:34.495189   Start step Check that [Sign up] form is opened
2024-04-22 16:29:37.590539   'Sign up' form not opened
2024-04-22 16:29:37.590732   Start step Check that new [Sign up] form is opened
2024-04-22 16:29:40.691027   => new 'Sign up' form not opened
2024-04-22 16:29:40.691229   Start method Check that [Sign up] page opened =>
2024-04-22 16:29:41.694775   'Sign up' page not opened
2024-04-22 16:29:41.694976   Check that [Sign up] form on trading platform opened =>
2024-04-22 16:29:41.708237   => 'Sign up' form on trading platform page opened
2024-04-22 16:29:41.708263   Assert SIGNUP_HEADER =>
2024-04-22 16:29:41.720139   => SIGNUP_HEADER is OK
2024-04-22 16:29:41.720164   Assert SIGNUP_PRIVACY_POLICY_ALL_1 =>
2024-04-22 16:29:41.732174   => SIGNUP_PRIVACY_POLICY_ALL_1 is OK
2024-04-22 16:29:41.732208   Assert SIGNUP_REF_LOGIN =>
2024-04-22 16:29:41.752118   => SIGNUP_REF_LOGIN is OK
2024-04-22 16:29:41.752156   => 'Signup' form on trading platform page is checked
2024-04-22 16:29:41.752336   Close [Sign up] form with trading platform page =>
2024-04-22 16:29:42.576075   => [Sign up] form with trading platform page is closed
