{'width': 1280, 'height': 800}

2024-04-22 17:07:47.470150   worker_id = master

2024-04-22 17:07:47.470165   0. Allure grouping v4

2024-04-22 17:07:47.470389   START PRECONDITIONS =>

2024-04-22 17:07:47.470408   => URL after prev. preconditions - https://capital.com/fr
2024-04-22 17:07:47.470418   => flag_of_bug - False
2024-04-22 17:07:47.470428   => Current URL - https://capital.com/fr/aud-usd-taux
2024-04-22 17:07:47.475803   Current page URL = https://capital.com/fr/aud-usd-taux
2024-04-22 17:07:47.478380   self.link = https://capital.com/fr
2024-04-22 17:07:47.478395   driver.get(https://capital.com/fr) =>
2024-04-22 17:07:49.251412   => Loaded page https://capital.com/fr

2024-04-22 17:07:49.255804   => Windows size - {'width': 1280, 'height': 800}
2024-04-22 17:07:49.257211   Set windows position at (0, 0) =>
2024-04-22 17:07:49.359418   Set resolution 1280 * 800 =>
2024-04-22 17:07:49.461555   => Windows size is set to {'width': 1280, 'height': 800}

2024-04-22 17:07:50.503878   Капчи нет. Идем дальше

2024-04-22 17:07:50.503969   Работа с куками =>

2024-04-22 17:07:50.503983   => не требуется

2024-04-22 17:07:50.503992   Prev. country - 'au'
2024-04-22 17:07:50.504001   Cur. country - 'au'
2024-04-22 17:07:50.504011   => Country set to 'au'

2024-04-22 17:07:50.504019   Prev. language - 'fr'
2024-04-22 17:07:50.504028   Cur. language - 'fr'
2024-04-22 17:07:50.504037   => Language is set to 'fr'

2024-04-22 17:07:50.504046   Prev. role - 'NoAuth'
2024-04-22 17:07:50.504054   Cur. role - 'NoAuth'
2024-04-22 17:07:50.504063   => The 'NoAuth' role is set

2024-04-22 17:07:50.506817   => Current URL - https://capital.com/fr

2024-04-22 17:07:50.506839   => THE END PRECONDITIONS

2024-04-22 17:07:50.507018   1. Arrange_v0
2024-04-22 17:07:50.507035   current_page = https://capital.com/fr
2024-04-22 17:07:50.509447   link = https://capital.com/fr/aud-usd-taux
2024-04-22 17:07:50.511813   Current page URL = https://capital.com/fr
2024-04-22 17:07:50.516247   self.link = https://capital.com/fr/aud-usd-taux
2024-04-22 17:07:50.516261   driver.get(https://capital.com/fr/aud-usd-taux) =>
2024-04-22 17:07:52.178556   => Loaded page https://capital.com/fr/aud-usd-taux
2024-04-22 17:07:52.184740   IS 'Trading calculator' widget present on this page? =>
2024-04-22 17:07:52.192632   => 'Trading calculator' widget present on this page!

2024-04-22 17:07:52.192656   IS 'Trading calculator' widget visible on this page? =>
2024-04-22 17:07:52.206478   => 'Trading calculator' widget is visible on this page!

2024-04-22 17:07:52.206502   IS [Start Trading] button present on this page? =>
2024-04-22 17:07:52.216123   => [Start Trading] button present on this page!

2024-04-22 17:07:52.216147   IS [Start Trading] button visible on this page? =>
2024-04-22 17:07:52.228074   => [Start Trading] button is visible on this page!

2024-04-22 17:07:52.228098   [Start Trading] button scroll =>

2024-04-22 17:07:52.234600   2. Act_v0
2024-04-22 17:07:52.234623   [Start Trading] button is clickable? =>
2024-04-22 17:07:52.271588   => [Start Trading] button is clickable!

2024-04-22 17:07:52.315983   => [Start Trading] button clicked!

2024-04-22 17:07:52.316209   3. Assert_Login_v0
2024-04-22 17:07:52.316295   Check that 'Login' form is opened
2024-04-22 17:07:53.869827   'Login' form opened
2024-04-22 17:07:53.869871   Assert LOGIN_REF_SIGNUP =>
2024-04-22 17:07:53.880898   Assert LOGIN_CHECKBOX =>
2024-04-22 17:07:53.890847   Assert LOGIN_PASS_FORGOT =>
2024-04-22 17:07:53.902636   => 'Login' form is checked
2024-04-22 17:07:53.917692   Click 'Close' button on 'Login' form =>
2024-04-22 17:07:54.247199   => Focus moved to 'capital*com' logo
2024-04-22 17:07:54.247244   => 'Login' form closed
