


Current market - Commodities



Current sort - Top fallers
{'width': 1280, 'height': 800}

2024-04-22 15:49:08.792599   worker_id = master

2024-04-22 15:49:08.792617   0. Allure grouping v4

2024-04-22 15:49:08.792867   START PRECONDITIONS =>

2024-04-22 15:49:08.792883   => URL after prev. preconditions - https://capital.com/fr
2024-04-22 15:49:08.792893   => flag_of_bug - False
2024-04-22 15:49:08.792904   => Current URL - https://capital.com/fr/instruments-financiers-derives
2024-04-22 15:49:08.798333   Current page URL = https://capital.com/fr/instruments-financiers-derives
2024-04-22 15:49:08.800709   self.link = https://capital.com/fr
2024-04-22 15:49:08.800722   driver.get(https://capital.com/fr) =>
2024-04-22 15:49:10.510539   => Loaded page https://capital.com/fr

2024-04-22 15:49:10.515047   => Windows size - {'width': 1280, 'height': 800}
2024-04-22 15:49:10.516464   Set windows position at (0, 0) =>
2024-04-22 15:49:10.620802   Set resolution 1280 * 800 =>
2024-04-22 15:49:10.723400   => Windows size is set to {'width': 1280, 'height': 800}

2024-04-22 15:49:11.766858   Капчи нет. Идем дальше

2024-04-22 15:49:11.766947   Работа с куками =>

2024-04-22 15:49:11.766962   => не требуется

2024-04-22 15:49:11.766971   Prev. country - 'au'
2024-04-22 15:49:11.766981   Cur. country - 'au'
2024-04-22 15:49:11.766990   => Country set to 'au'

2024-04-22 15:49:11.766999   Prev. language - 'fr'
2024-04-22 15:49:11.767008   Cur. language - 'fr'
2024-04-22 15:49:11.767016   => Language is set to 'fr'

2024-04-22 15:49:11.767025   Prev. role - 'NoReg'
2024-04-22 15:49:11.767034   Cur. role - 'NoReg'
2024-04-22 15:49:11.767042   => The 'NoReg' role is set

2024-04-22 15:49:11.772646   => Current URL - https://capital.com/fr

2024-04-22 15:49:11.772681   => THE END PRECONDITIONS

2024-04-22 15:49:11.772882   START Open "Markets" menu, "All Markets" submenu =>

2024-04-22 15:49:11.772898   1. Cur URL = https://capital.com/fr

2024-04-22 15:49:11.775660   2. Link = https://capital.com/fr
2024-04-22 15:49:11.775676   current_page = https://capital.com/fr
2024-04-22 15:49:11.778346   link = https://capital.com/fr
2024-04-22 15:49:12.294501   => 'Markets' menu is present
2024-04-22 15:49:12.312291   => 'Markets' menu is visible
2024-04-22 15:49:13.589649   => Focus moved to 'Markets' menu
2024-04-22 15:49:13.595818   => 'Markets > All Markets' submenu is present
2024-04-22 15:49:15.254635   => Focus moved to 'capital*com' logo

2024-04-22 15:49:15.254681   3. Cur URL = https://capital.com/fr/instruments-financiers-derives

2024-04-22 15:49:15.260083   1. Arrange for TABLE_TRADING_INSTRUMENTS and 'Top fallers' cur_sort
2024-04-22 15:49:15.260106   current_page = https://capital.com/fr/instruments-financiers-derives
2024-04-22 15:49:15.262502   link = https://capital.com/fr/instruments-financiers-derives
2024-04-22 15:49:15.264855   TABLE_TRADING_INSTRUMENTS present on this page? =>
2024-04-22 15:49:15.270139   => TABLE_TRADING_INSTRUMENTS is present on the page!
2024-04-22 15:49:15.270163   IS MARKETS_LIST present on this page? =>
2024-04-22 15:49:15.276129   => MARKETS_LIST is present on the page!
2024-04-22 15:49:15.276152   Start scroll and click cur_market 'Commodities' =>
2024-04-22 15:49:15.324684   => End Click cur_market "Commodities"
2024-04-22 15:49:15.324743   IS FIELD_DROPDOWN_SORT present in the Live prices table? =>
2024-04-22 15:49:15.334492   =>  FIELD_DROPDOWN_SORT is present in the table!
2024-04-22 15:49:15.334531   Start scroll and click FIELD_DROPDOWN_SORT =>
2024-04-22 15:49:15.386348   Is item_sort_list visible on the FIELD_DROPDOWN_SORT ? =>
2024-04-22 15:49:15.399518   => item_sort_list is visible on the FIELD_DROPDOWN_SORT!
2024-04-22 15:49:15.399549   Is cur_sort "Top fallers" present in item_sort_list? =>
2024-04-22 15:49:15.408228   => cur_sort "Top fallers" is present in item_sort_list!
2024-04-22 15:49:15.408259   Start click cur_sort "Top fallers" =>
2024-04-22 15:49:15.454387   => End Click cur_sort "Top fallers"

2024-04-22 15:49:15.454432   Buttons [Sell] is visible and sum buttons no zero? =>
2024-04-22 15:49:15.460556   => Buttons [Sell] is visible and sum buttons no zero!

2024-04-22 15:49:15.460597   Start find 1 random buttons [Sell] on cur_sort "Top fallers"=>
2024-04-22 15:49:15.465727   => End find 1 random buttons [Sell] on the cur_sort "Top fallers"

2024-04-22 15:49:15.465756   List of random items = [4]
2024-04-22 15:49:15.465925   2. Act for trading instrument, "Top fallers" cur_sort and "Commodities" cur_market
2024-04-22 15:49:15.477209   Start click button [Sell] =>
2024-04-22 15:49:15.486347   =>   BUTTON_SELL on item with ID = 'None' is present
2024-04-22 15:49:15.486376   BUTTON_SELL on item with ID = 'None' scroll into view =>
2024-04-22 15:49:15.489628   => BUTTON_SELL on item with ID = 'None' scrolled into view
2024-04-22 15:49:15.489650   Check that BUTTON_SELL with item 'Natural Gas' clickable =>
2024-04-22 15:49:15.507613   => BUTTON_SELL is clickable
2024-04-22 15:49:16.272167   =>   BUTTON_SELL on item 'Natural Gas' clicked

2024-04-22 15:49:16.272421   3. Assert_v0
2024-04-22 15:49:16.272506   Start step Check that [Sign up] form is opened
2024-04-22 15:49:19.358129   'Sign up' form not opened
2024-04-22 15:49:19.358359   Start step Check that new [Sign up] form is opened
2024-04-22 15:49:22.458191   => new 'Sign up' form not opened
2024-04-22 15:49:22.458418   Start method Check that [Sign up] page opened =>
2024-04-22 15:49:23.462121   'Sign up' page not opened
2024-04-22 15:49:23.462364   Check that [Sign up] form on trading platform opened =>
2024-04-22 15:49:26.530815   'Sign up' form on trading platform page not opened

Bug: Bid:01.01.00_001-fr.au.NoReg

2024-04-22 15:49:26.530899   Проверка бага в таблице ретеста  =>

2024-04-22 15:49:26.830807   4. Fixing one row check results into Google Sheet Bugs Report =>
1 cells updated.
2024-04-22 15:49:27.012016   => 4. One row check results into Google Sheet Bugs Report fixed

2024-04-22 15:49:28.525231   4. Fixing one row check results into Google Sheet Bugs Report =>
1 cells updated.
2024-04-22 15:49:28.710728   => 4. One row check results into Google Sheet Bugs Report fixed

2024-04-22 15:49:28.713809   Баг Bid:01.01.00_001-fr.au.NoReg-04 обнаружен ранее и уже находится в 'Bugs Report Auto detect'
