


Current sort - Most traded
{'width': 1280, 'height': 800}

2024-04-22 16:34:19.607254   worker_id = master

2024-04-22 16:34:19.607267   0. Allure grouping v4

2024-04-22 16:34:19.607449   START PRECONDITIONS =>

2024-04-22 16:34:19.607464   => URL after prev. preconditions - https://capital.com/fr
2024-04-22 16:34:19.607474   => flag_of_bug - True
2024-04-22 16:34:19.607485   => Current URL - https://capital.com/fr/autres-instruments
2024-04-22 16:34:19.613561   Current page URL = https://capital.com/fr/autres-instruments
2024-04-22 16:34:19.616145   self.link = https://capital.com/fr
2024-04-22 16:34:19.616158   driver.get(https://capital.com/fr) =>
2024-04-22 16:34:21.458363   => Loaded page https://capital.com/fr

2024-04-22 16:34:21.465673   => Windows size - {'width': 1280, 'height': 800}
2024-04-22 16:34:21.467207   Set windows position at (0, 0) =>
2024-04-22 16:34:21.569753   Set resolution 1280 * 800 =>
2024-04-22 16:34:21.672327   => Windows size is set to {'width': 1280, 'height': 800}

2024-04-22 16:34:22.728945   Капчи нет. Идем дальше

2024-04-22 16:34:22.729039   Работа с куками =>

2024-04-22 16:34:22.729053   => не требуется

2024-04-22 16:34:22.729063   Prev. country - 'au'
2024-04-22 16:34:22.729072   Cur. country - 'au'
2024-04-22 16:34:22.729081   => Country set to 'au'

2024-04-22 16:34:22.729090   Prev. language - 'fr'
2024-04-22 16:34:22.729098   Cur. language - 'fr'
2024-04-22 16:34:22.729107   => Language is set to 'fr'

2024-04-22 16:34:22.729116   Prev. role - 'NoAuth'
2024-04-22 16:34:22.729124   Cur. role - 'NoAuth'
2024-04-22 16:34:22.729133   => The 'NoAuth' role is set

2024-04-22 16:34:22.736006   => Current URL - https://capital.com/fr

2024-04-22 16:34:22.736032   => THE END PRECONDITIONS

2024-04-22 16:34:22.736229   START Open "Markets" menu, "Forex" submenu =>

2024-04-22 16:34:22.736245   1. Cur URL = https://capital.com/fr

2024-04-22 16:34:22.738839   2. Link = https://capital.com/fr
2024-04-22 16:34:22.738855   current_page = https://capital.com/fr
2024-04-22 16:34:22.741329   link = https://capital.com/fr
2024-04-22 16:34:23.252923   => 'Markets' menu is present
2024-04-22 16:34:23.268993   => 'Markets' menu is visible
2024-04-22 16:34:24.546458   => Focus moved to 'Markets' menu


2024-04-22 16:34:25.998415   => 'Forex' sub-menu clicked
2024-04-22 16:34:26.294193   => Focus moved to 'capital*com' logo

2024-04-22 16:34:26.294266   3. Cur URL = https://capital.com/fr/autres-instruments

2024-04-22 16:34:26.299776   1. Arrange for TABLE_TRADING_INSTRUMENTS and 'Most traded' cur_sort
2024-04-22 16:34:26.299800   current_page = https://capital.com/fr/autres-instruments
2024-04-22 16:34:26.302183   link = https://capital.com/fr/autres-instruments
2024-04-22 16:34:26.304549   TABLE_TRADING_INSTRUMENTS present on this page? =>
2024-04-22 16:34:26.312542   => TABLE_TRADING_INSTRUMENTS is present on the page!
2024-04-22 16:34:26.312566   IS FIELD_DROPDOWN_SORT present in the Live prices table? =>
2024-04-22 16:34:26.319622   =>  FIELD_DROPDOWN_SORT is present in the table!
2024-04-22 16:34:26.319644   Start scroll and click FIELD_DROPDOWN_SORT =>
2024-04-22 16:34:26.415854   Is item_sort_list visible on the FIELD_DROPDOWN_SORT ? =>
2024-04-22 16:34:26.465397   => item_sort_list is visible on the FIELD_DROPDOWN_SORT!
2024-04-22 16:34:26.465438   Is cur_sort "Most traded" present in item_sort_list? =>
2024-04-22 16:34:26.473852   => cur_sort "Most traded" is present in item_sort_list!
2024-04-22 16:34:26.473893   Start click cur_sort "Most traded" =>
2024-04-22 16:34:27.108009   => End Click cur_sort "Most traded"

2024-04-22 16:34:27.108053   Buttons [Sell] is visible and sum buttons no zero? =>
2024-04-22 16:34:27.138600   => Buttons [Sell] is visible and sum buttons no zero!

2024-04-22 16:34:27.138638   Start find 1 random buttons [Sell] on cur_sort "Most traded"=>
2024-04-22 16:34:27.145496   => End find 1 random buttons [Sell] on the cur_sort "Most traded"

2024-04-22 16:34:27.145531   List of random items = [18]
2024-04-22 16:34:27.145709   2. Act for trading instrument and "Most traded" cur_sort
2024-04-22 16:34:27.163945   Start click button [Sell] =>
2024-04-22 16:34:27.174684   =>   BUTTON_SELL on item with ID = '93810675692038' is present
2024-04-22 16:34:27.174713   BUTTON_SELL on item with ID = '93810675692038' scroll into view =>
2024-04-22 16:34:27.182640   => BUTTON_SELL on item with ID = '93810675692038' scrolled into view
2024-04-22 16:34:27.182677   Check that BUTTON_SELL with item 'EUR/CHF' clickable =>
2024-04-22 16:34:27.263768   => BUTTON_SELL is clickable
2024-04-22 16:34:28.040939   =>   BUTTON_SELL on item 'EUR/CHF' clicked

2024-04-22 16:34:28.041181   3. Assert_Login_v0
2024-04-22 16:34:28.041266   Check that 'Login' form is opened
2024-04-22 16:34:28.228858   'Login' form opened
2024-04-22 16:34:28.228911   Assert LOGIN_REF_SIGNUP =>
2024-04-22 16:34:28.242376   Assert LOGIN_CHECKBOX =>
2024-04-22 16:34:28.258796   Assert LOGIN_PASS_FORGOT =>
2024-04-22 16:34:28.275832   => 'Login' form is checked
2024-04-22 16:34:28.296120   Click 'Close' button on 'Login' form =>
2024-04-22 16:34:28.645634   => Focus moved to 'capital*com' logo
2024-04-22 16:34:28.645678   => 'Login' form closed
