{'width': 1280, 'height': 800}

2024-04-22 18:23:28.742096   worker_id = master

2024-04-22 18:23:28.742110   0. Allure grouping v4

2024-04-22 18:23:28.742318   START PRECONDITIONS =>

2024-04-22 18:23:28.742336   => URL after prev. preconditions - https://capital.com/fr
2024-04-22 18:23:28.742346   => flag_of_bug - False
2024-04-22 18:23:28.742356   => Current URL - https://capital.com/fr/trade-commodities
2024-04-22 18:23:28.747532   Current page URL = https://capital.com/fr/trade-commodities
2024-04-22 18:23:28.750001   self.link = https://capital.com/fr
2024-04-22 18:23:28.750015   driver.get(https://capital.com/fr) =>
2024-04-22 18:23:30.486885   => Loaded page https://capital.com/fr

2024-04-22 18:23:30.491582   => Windows size - {'width': 1280, 'height': 800}
2024-04-22 18:23:30.492940   Set windows position at (0, 0) =>
2024-04-22 18:23:30.595237   Set resolution 1280 * 800 =>
2024-04-22 18:23:30.697749   => Windows size is set to {'width': 1280, 'height': 800}

2024-04-22 18:23:31.744173   Капчи нет. Идем дальше

2024-04-22 18:23:31.744267   Работа с куками =>

2024-04-22 18:23:31.744281   => не требуется

2024-04-22 18:23:31.744290   Prev. country - 'au'
2024-04-22 18:23:31.744300   Cur. country - 'au'
2024-04-22 18:23:31.744309   => Country set to 'au'

2024-04-22 18:23:31.744318   Prev. language - 'fr'
2024-04-22 18:23:31.744327   Cur. language - 'fr'
2024-04-22 18:23:31.744336   => Language is set to 'fr'

2024-04-22 18:23:31.744344   Prev. role - 'NoAuth'
2024-04-22 18:23:31.744353   Cur. role - 'NoAuth'
2024-04-22 18:23:31.744362   => The 'NoAuth' role is set

2024-04-22 18:23:31.747228   => Current URL - https://capital.com/fr

2024-04-22 18:23:31.747253   => THE END PRECONDITIONS

2024-04-22 18:23:31.747507   1. Cur URL = https://capital.com/fr

2024-04-22 18:23:31.751540   2. Link = https://capital.com/fr
2024-04-22 18:23:31.751556   current_page = https://capital.com/fr
2024-04-22 18:23:31.753980   link = https://capital.com/fr
2024-04-22 18:23:32.263022   => Education menu is present in DOM
2024-04-22 18:23:32.268323   => Education menu is visible
2024-04-22 18:23:33.550490   => Focus moved to Education menu
2024-04-22 18:23:35.599285   => Focus moved to 'capital*com' logo

2024-04-22 18:23:35.599333   3. Cur URL = https://capital.com/fr/trade-commodities

2024-04-22 18:23:35.605259   1. Arrange_v0
2024-04-22 18:23:35.605284   current_page = https://capital.com/fr/trade-commodities
2024-04-22 18:23:35.607869   link = https://capital.com/fr/trade-commodities
2024-04-22 18:23:35.610397   BUTTON_CREATE_YOUR_ACCOUNT is located on the page? =>

2024-04-22 18:23:35.619918   2. Act_v0: Define of locator

2024-04-22 18:23:35.619946   2. Act_v0: Go to web element

2024-04-22 18:23:36.752381   2. Act_v0: Click web element
2024-04-22 18:23:36.780125   => BUTTON_CREATE_YOUR_ACCOUNT is clicked

2024-04-22 18:23:36.780341   3. Assert_v0
2024-04-22 18:23:36.780463   Start step Check that [Sign up] form is opened
2024-04-22 18:23:37.843691   'Sign up' form opened
2024-04-22 18:23:37.843746   Assert SIGNUP_HEADER =>
2024-04-22 18:23:37.860180   Assert SIGNUP_REF_LOGIN =>
2024-04-22 18:23:37.874921   Assert SIGNUP_PRIVACY_POLICY_ALL_2 =>
2024-04-22 18:23:37.889783   => SIGNUP_PRIVACY_POLICY_ALL
2024-04-22 18:23:37.889821   => 'Signup' form is checked
2024-04-22 18:23:37.889990   Start step Close [Sign up] form =>
2024-04-22 18:23:37.980607   => 'Signup' form closed
2024-04-22 18:23:38.265792   => Focus moved to 'capital*com' logo
