


Current language - pl



Current country - de
{'width': 1920, 'height': 1080}

2024-10-30 04:44:03.288694   worker_id = master

2024-10-30 04:44:03.288708   0. Allure grouping for US_55


2024-10-30 04:44:03.650707   START PRECONDITIONS =>

2024-10-30 04:44:03.650747   => URL after prev. preconditions - https://capital.com/en-gb
2024-10-30 04:44:03.650763   => flag_of_bug - True
2024-10-30 04:44:03.650780   => Current URL - https://capital.com/en-gb

2024-10-30 04:44:03.676476   => Windows size: {'width': 1920, 'height': 1080}

2024-10-30 04:44:03.679401   Set windows position at (0, 0) =>

2024-10-30 04:44:03.682336   Set resolution 1920 * 1080 =>

2024-10-30 04:44:03.684446   => Resolution set {'width': 1920, 'height': 1080}

2024-10-30 04:44:03.686514   Работа с куками =>
2024-10-30 04:44:03.686530   Prev. role - 'NoReg'
2024-10-30 04:44:03.686539   Current testing role - 'NoAuth'

2024-10-30 04:44:03.686548   All cookies must be delete =>
2024-10-30 04:44:03.736857   => All cookies are deleted
2024-10-30 04:44:03.736902   Current page URL = https://capital.com/en-gb
2024-10-30 04:44:03.748389   self.link = https://capital.com/en-gb
2024-10-30 04:44:03.748412   driver.get(https://capital.com/en-gb) =>
2024-10-30 04:44:04.950085   => Loaded page https://capital.com/en-gb

2024-10-30 04:44:05.000990   Step 'Click button [Accept all cookies]'
2024-10-30 04:44:05.001003   Is Visible Button [Accept all cookies]? =>
2024-10-30 04:44:06.118871   => Button [Accept all cookies] is visible
2024-10-30 04:44:06.619051   Is clickable Button [Accept all cookies] =>
2024-10-30 04:44:06.633770   => Button [Accept all cookies] is clickable
2024-10-30 04:44:06.633795   Click Button [Accept all cookies] =>
2024-10-30 04:44:06.830585   => Button [Accept all cookies] is clicked
2024-10-30 04:44:06.830627   => Accepted All Cookies

2024-10-30 04:44:07.330731   Prev. role - 'NoReg'
2024-10-30 04:44:07.330791   Cur. role - 'NoAuth'

2024-10-30 04:44:07.331040   Start Authorization
2024-10-30 04:44:07.409134   => 'Login' form is opened
2024-10-30 04:44:07.601314   => "login" and "password" are inputted
2024-10-30 04:44:07.601357   Click [Continue] button on [Login] form =>
2024-10-30 04:44:07.664205   => [Continue] button on [Login] form is clicked
2024-10-30 04:44:07.664250   Set timeout = 30
2024-10-30 04:44:08.707680   => Page with 'Trading Platform | Capital.com' title opened

2024-10-30 04:44:08.707772   2. Checking that the LOGO is present on the page =>
2024-10-30 04:44:10.060369   => 'capital*com' logo is present on the current page

2024-10-30 04:44:10.060597   Start Deauthorization
2024-10-30 04:44:10.060686   Start Logout from account info menu in top bar =>
2024-10-30 04:44:10.060700   Set timeout = 15
2024-10-30 04:44:10.060714   Is visible account info icon? =>
2024-10-30 04:44:10.071981   => Account info icon is visible on this page
2024-10-30 04:44:10.072004   Account info icon is click =>
2024-10-30 04:44:10.113908   => Account info icon is clicked
2024-10-30 04:44:10.113945   Is visible logout button in account info menu? =>
2024-10-30 04:44:10.125029   => Logout button from account info menu is visible
2024-10-30 04:44:10.125064   Logout button is click =>
2024-10-30 04:44:10.340826   => Logout button from Account info menu is clicked
2024-10-30 04:44:10.340914   => Logout is OK

2024-10-30 04:44:10.340954   => The 'NoAuth' role is set

2024-10-30 04:44:10.340968   Prev. language: ?
2024-10-30 04:44:10.340977   Cur. language - 'pl'

2024-10-30 04:44:10.340986   Prev. country: ?
2024-10-30 04:44:10.340995   Cur. country: de

2024-10-30 04:44:10.341147   Set "pl" language and "de" country =>
2024-10-30 04:44:10.341163   Stop! Указанный язык 'pl' не обрабатывается. Stop running
