{'width': 1280, 'height': 800}

2024-04-22 17:27:26.472748   worker_id = master

2024-04-22 17:27:26.472762   0. Allure grouping v4

2024-04-22 17:27:26.472955   START PRECONDITIONS =>

2024-04-22 17:27:26.472971   => URL after prev. preconditions - https://capital.com/fr
2024-04-22 17:27:26.472981   => flag_of_bug - False
2024-04-22 17:27:26.472991   => Current URL - https://capital.com/fr/produit-de-base-platinum-spot
2024-04-22 17:27:26.478413   Current page URL = https://capital.com/fr/produit-de-base-platinum-spot
2024-04-22 17:27:26.480957   self.link = https://capital.com/fr
2024-04-22 17:27:26.480971   driver.get(https://capital.com/fr) =>
2024-04-22 17:27:28.831693   => Loaded page https://capital.com/fr

2024-04-22 17:27:28.837942   => Windows size - {'width': 1280, 'height': 800}
2024-04-22 17:27:28.839297   Set windows position at (0, 0) =>
2024-04-22 17:27:28.941709   Set resolution 1280 * 800 =>
2024-04-22 17:27:29.044397   => Windows size is set to {'width': 1280, 'height': 800}

2024-04-22 17:27:30.087246   Капчи нет. Идем дальше

2024-04-22 17:27:30.087340   Работа с куками =>

2024-04-22 17:27:30.087354   => не требуется

2024-04-22 17:27:30.087364   Prev. country - 'au'
2024-04-22 17:27:30.087374   Cur. country - 'au'
2024-04-22 17:27:30.087383   => Country set to 'au'

2024-04-22 17:27:30.087392   Prev. language - 'fr'
2024-04-22 17:27:30.087400   Cur. language - 'fr'
2024-04-22 17:27:30.087409   => Language is set to 'fr'

2024-04-22 17:27:30.087418   Prev. role - 'NoAuth'
2024-04-22 17:27:30.087427   Cur. role - 'NoAuth'
2024-04-22 17:27:30.087435   => The 'NoAuth' role is set

2024-04-22 17:27:30.090169   => Current URL - https://capital.com/fr

2024-04-22 17:27:30.090190   => THE END PRECONDITIONS

2024-04-22 17:27:30.090404 1.Arrange_v0
2024-04-22 17:27:30.090423   current_page = https://capital.com/fr
2024-04-22 17:27:30.092996   link = https://capital.com/fr/produit-de-base-platinum-spot
2024-04-22 17:27:30.095481   Current page URL = https://capital.com/fr
2024-04-22 17:27:30.097895   self.link = https://capital.com/fr/produit-de-base-platinum-spot
2024-04-22 17:27:30.097909   driver.get(https://capital.com/fr/produit-de-base-platinum-spot) =>
2024-04-22 17:27:31.760799   => Loaded page https://capital.com/fr/produit-de-base-platinum-spot
2024-04-22 17:27:31.765741 BUTTON_NOTIFICATION is located on the page? =>
2024-04-22 17:27:31.775857   Is BUTTON_NOTIFICATION present on the page? =>
2024-04-22 17:27:31.775901 => BUTTON_NOTIFICATION is present on the page
2024-04-22 17:27:31.775911   [Notification] button scroll =>
2024-04-22 17:27:31.779614   Start Checking that form [Sign up] popped up on the page =>
2024-04-22 17:27:33.318127   '[Sign up]' form was not popped up

2024-04-22 17:27:33.318357   2. Act_v0
2024-04-22 17:27:33.318376   Start Click 'Notification' button =>
2024-04-22 17:27:33.347512 BUTTON_NOTIFICATION is clickable =>
2024-04-22 17:27:33.381197 => BUTTON_NOTIFICATION clicked
Trade instrument from Full test is Trader Platinum Spot CFD
Test element is <pages.Elements.AssertClass.AssertClass object at 0x7f3c4c6fede0>

2024-04-22 17:27:33.381448   3. Assert_Login_v0
2024-04-22 17:27:33.381542   Check that 'Login' form is opened
2024-04-22 17:27:33.585032   'Login' form opened
2024-04-22 17:27:33.585082   Assert LOGIN_REF_SIGNUP =>
2024-04-22 17:27:33.597482   Assert LOGIN_CHECKBOX =>
2024-04-22 17:27:33.610300   Assert LOGIN_PASS_FORGOT =>
2024-04-22 17:27:33.626913   => 'Login' form is checked
2024-04-22 17:27:33.645000   Click 'Close' button on 'Login' form =>
2024-04-22 17:27:33.983718   => Focus moved to 'capital*com' logo
2024-04-22 17:27:33.983760   => 'Login' form closed
