{'width': 1920, 'height': 1080}

2024-10-30 06:32:11.044294   worker_id = master

2024-10-30 06:32:11.044307   0. Allure grouping for US_55


2024-10-30 06:32:11.044501   START NEW PRECONDITIONS =>

2024-10-30 06:32:11.044517   => URL after prev. preconditions - https://capital.com/en-gb
2024-10-30 06:32:11.044527   => flag_of_bug - True
2024-10-30 06:32:11.044538   => Current URL - https://capital.com/trading/platform/
2024-10-30 06:32:11.050208   Current page URL = https://capital.com/trading/platform/
2024-10-30 06:32:11.053052   self.link = https://capital.com/en-gb
2024-10-30 06:32:11.053066   driver.get(https://capital.com/en-gb) =>
2024-10-30 06:32:12.408951   => Loaded page https://capital.com/en-gb

2024-10-30 06:32:12.488184   => Windows size: {'width': 1920, 'height': 1080}

2024-10-30 06:32:12.489701   Set windows position at (0, 0) =>

2024-10-30 06:32:12.491611   Set resolution 1920 * 1080 =>

2024-10-30 06:32:12.493318   => Resolution set {'width': 1920, 'height': 1080}

2024-10-30 06:32:12.494677   Работа с куками =>
2024-10-30 06:32:12.494691   Prev. role - 'Auth'
2024-10-30 06:32:12.494701   Current testing role - 'NoAuth'

2024-10-30 06:32:12.494710   All cookies must be delete =>
2024-10-30 06:32:12.552597   => All cookies are deleted
2024-10-30 06:32:12.552629   Current page URL = https://capital.com/en-gb
2024-10-30 06:32:12.555291   self.link = https://capital.com/en-gb
2024-10-30 06:32:12.555304   driver.get(https://capital.com/en-gb) =>
2024-10-30 06:32:13.903465   => Loaded page https://capital.com/en-gb

2024-10-30 06:32:13.907925   Step 'Click button [Accept all cookies]'
2024-10-30 06:32:13.907937   Is Visible Button [Accept all cookies]? =>
2024-10-30 06:32:15.171104   => Button [Accept all cookies] is visible
2024-10-30 06:32:15.671224   Is clickable Button [Accept all cookies] =>
2024-10-30 06:32:15.686703   => Button [Accept all cookies] is clickable
2024-10-30 06:32:15.686728   Click Button [Accept all cookies] =>
2024-10-30 06:32:15.887407   => Button [Accept all cookies] is clicked
2024-10-30 06:32:15.887441   => Accepted All Cookies

2024-10-30 06:32:16.387562   Prev. role - 'Auth'
2024-10-30 06:32:16.387617   Cur. role - 'NoAuth'

2024-10-30 06:32:16.387855   Start Autorization
2024-10-30 06:32:16.476121   => 'Login' form is opened
2024-10-30 06:32:16.661449   => "login" and "password" are inputted
2024-10-30 06:32:16.661489   Click [Continue] button on [Login] form =>
2024-10-30 06:32:16.722238   => [Continue] button on [Login] form is clicked
2024-10-30 06:32:16.722281   Set timeout = 30
2024-10-30 06:32:17.788959   => Page with 'Trading Platform | Capital.com' title opened

2024-10-30 06:32:17.789024   2. Checking that the LOGO is present on the page =>
2024-10-30 06:32:20.037944   => 'capital*com' logo is present on the current page

2024-10-30 06:32:20.038167   Start DeAuthorisation
2024-10-30 06:32:20.038255   Start Logout from account info menu in top bar =>
2024-10-30 06:32:20.038269   Set timeout = 15
2024-10-30 06:32:20.038281   Is visible account info icon? =>
2024-10-30 06:32:20.053428   => Account info icon is visible on this page
2024-10-30 06:32:20.053453   Account info icon is click =>
2024-10-30 06:32:20.103753   => Account info icon is clicked
2024-10-30 06:32:20.103801   Is visible logout button in account info menu? =>
2024-10-30 06:32:20.162065   => Logout button from account info menu is visible
2024-10-30 06:32:20.162129   Logout button is click =>
2024-10-30 06:32:20.198668   => Logout button from Account info menu is clicked
2024-10-30 06:32:20.198741   => Logout is OK

2024-10-30 06:32:20.198775   => The 'NoAuth' role is set

2024-10-30 06:32:20.198792   Prev. language: ?
2024-10-30 06:32:20.198809   Cur. language - 'en'

2024-10-30 06:32:20.198826   Prev. country: ?

2024-10-30 06:32:20.198842   Cur. country: au
2024-10-30 06:32:20.198858   Set 'en' language and 'au' country =>
2024-10-30 06:32:20.199071   Set "en" language and "au" country =>
2024-10-30 06:32:20.199107   Current page URL = https://capital.com/trading/platform/
2024-10-30 06:32:20.203137   self.link = https://capital.com/en-au
2024-10-30 06:32:20.203162   driver.get(https://capital.com/en-au) =>
2024-10-30 06:32:21.587849   => Loaded page https://capital.com/en-au
2024-10-30 06:32:21.592264   => Language is set to 'en'
2024-10-30 06:32:21.592280   => Country is set to 'au'
2024-10-30 06:32:21.592290   => Current URL - https://capital.com/en-au

2024-10-30 06:32:21.597338   => Current URL - https://capital.com/en-au

2024-10-30 06:32:21.597359   => THE END PRECONDITIONS

2024-10-30 06:32:21.597539   START Open "About us" menu, "Why Capital.com?" submenu =>

2024-10-30 06:32:21.597555   1. Cur URL = https://capital.com/en-au

2024-10-30 06:32:21.600157   2. Link = https://capital.com/en-au
2024-10-30 06:32:21.600172   current_page = https://capital.com/en-au
2024-10-30 06:32:21.602765   link = https://capital.com/en-au
2024-10-30 06:32:22.121172   => 'About us' menu is present
2024-10-30 06:32:22.137181   => 'About us' menu is visible
2024-10-30 06:32:23.686141   => Focus moved to 'About us' menu
2024-10-30 06:32:23.728151   => 'Why Capital.com?' submenu is visible
2024-10-30 06:32:24.514376   => 'Why Capital.com?' sub-menu clicked
2024-10-30 06:32:29.800719   => Focus moved to 'capital*com' logo
2024-10-30 06:32:29.800756   3. Cur URL = https://capital.com/en-au/why-capital

2024-10-30 06:32:29.805941   1. Arrange
2024-10-30 06:32:29.805961   current_page = https://capital.com/en-au/why-capital
2024-10-30 06:32:29.808388   link = https://capital.com/en-au/why-capital
2024-10-30 06:32:29.810704   Scroll to tile 'Fast account opening' in the block 'Why choose Capital.com?'

2024-10-30 06:32:29.818745   2. Act for link'
2024-10-30 06:32:29.818765   Start clicking link

2024-10-30 06:32:30.130991   3. Assert
2024-10-30 06:32:30.131041   Is the “CFD trading” page opened?
2024-10-30 06:32:30.141127   The “CFD trading” page is not opened
