


Current sort - Most traded
{'width': 1280, 'height': 800}

2024-04-22 17:20:32.830723   worker_id = master

2024-04-22 17:20:32.830737   0. Allure grouping v4

2024-04-22 17:20:32.830914   START PRECONDITIONS =>

2024-04-22 17:20:32.830929   => URL after prev. preconditions - https://capital.com/fr
2024-04-22 17:20:32.830938   => flag_of_bug - True
2024-04-22 17:20:32.830949   => Current URL - https://capital.com/fr/prix-des-matieres-premieres-en-direct?t=volatile
2024-04-22 17:20:32.836812   Current page URL = https://capital.com/fr/prix-des-matieres-premieres-en-direct?t=volatile
2024-04-22 17:20:32.839358   self.link = https://capital.com/fr
2024-04-22 17:20:32.839371   driver.get(https://capital.com/fr) =>
2024-04-22 17:20:34.800443   => Loaded page https://capital.com/fr

2024-04-22 17:20:34.804794   => Windows size - {'width': 1280, 'height': 800}
2024-04-22 17:20:34.806117   Set windows position at (0, 0) =>
2024-04-22 17:20:34.908443   Set resolution 1280 * 800 =>
2024-04-22 17:20:35.010890   => Windows size is set to {'width': 1280, 'height': 800}

2024-04-22 17:20:36.052726   Капчи нет. Идем дальше

2024-04-22 17:20:36.052820   Работа с куками =>

2024-04-22 17:20:36.052834   => не требуется

2024-04-22 17:20:36.052844   Prev. country - 'au'
2024-04-22 17:20:36.052853   Cur. country - 'au'
2024-04-22 17:20:36.052863   => Country set to 'au'

2024-04-22 17:20:36.052872   Prev. language - 'fr'
2024-04-22 17:20:36.052880   Cur. language - 'fr'
2024-04-22 17:20:36.052889   => Language is set to 'fr'

2024-04-22 17:20:36.052898   Prev. role - 'NoReg'
2024-04-22 17:20:36.052907   Cur. role - 'NoReg'
2024-04-22 17:20:36.052915   => The 'NoReg' role is set

2024-04-22 17:20:36.055726   => Current URL - https://capital.com/fr

2024-04-22 17:20:36.055751   => THE END PRECONDITIONS

2024-04-22 17:20:36.055944   START Open "Markets" menu, "Commodities" submenu =>

2024-04-22 17:20:36.055959   1. Cur URL = https://capital.com/fr

2024-04-22 17:20:36.058557   2. Link = https://capital.com/fr
2024-04-22 17:20:36.058572   current_page = https://capital.com/fr
2024-04-22 17:20:36.061016   link = https://capital.com/fr
2024-04-22 17:20:36.580487   => 'Markets' menu is present
2024-04-22 17:20:36.604376   => 'Markets' menu is visible
2024-04-22 17:20:37.885412   => Focus moved to 'Markets' menu
2024-04-22 17:20:37.894134   => 'Markets > Commodities' submenu is present
2024-04-22 17:20:39.605965   => Focus moved to 'capital*com' logo

2024-04-22 17:20:39.606012   3. Cur URL = https://capital.com/fr/prix-des-matieres-premieres-en-direct

2024-04-22 17:20:39.611754   1. Arrange for Trading instrument table and "Most traded" cur_sort
2024-04-22 17:20:39.611781   current_page = https://capital.com/fr/prix-des-matieres-premieres-en-direct
2024-04-22 17:20:39.614288   link = https://capital.com/fr/prix-des-matieres-premieres-en-direct
2024-04-22 17:20:39.616959   IS TABLE_TRADING_INSTRUMENTS  present on the  page? =>
2024-04-22 17:20:39.625131   => TABLE_TRADING_INSTRUMENTS is present on the page!
2024-04-22 17:20:39.625159   IS FIELD_DROPDOWN_SORT present in the table? =>
2024-04-22 17:20:39.632583   =>  FIELD_DROPDOWN_SORT is present in the table!
2024-04-22 17:20:39.632615   Start scroll and click FIELD_DROPDOWN_SORT =>
2024-04-22 17:20:39.731024   Is item_sort_list visible on the FIELD_DROPDOWN_SORT ? =>
2024-04-22 17:20:39.771312   => item_sort_list is visible on the FIELD_DROPDOWN_SORT!
2024-04-22 17:20:39.771365   Is cur_sort "Most traded" present in item_sort_list? =>
2024-04-22 17:20:39.793817   => cur_sort "Most traded" is present in item_sort_list!
2024-04-22 17:20:39.793869   Start click cur_sort "Most traded" =>
2024-04-22 17:20:40.404696   => End Click cur_sort "Most traded"

2024-04-22 17:20:40.404742   Buttons [Buy] is visible and quantity buttons not zero? =>
2024-04-22 17:20:40.433219   => Buttons [Buy] is visible and quantity buttons not zero!

2024-04-22 17:20:40.433267   Start find two random buttons [Buy] on cur_sort "Most traded"=>
2024-04-22 17:20:40.441293   => End find 1 random buttons [Buy] on the cur_sort "Most traded"


2024-04-22 17:20:40.441336   Item_list = [7]
2024-04-22 17:20:40.441496   Start Checking that form [Sign up] popped up on the page =>
2024-04-22 17:20:41.984170   '[Sign up]' form was not popped up
2024-04-22 17:20:41.984374   2. Act for trading instrument and "Most traded" cur_sort
2024-04-22 17:20:42.003500   Start click button [Buy] =>
2024-04-22 17:20:42.014140   =>   BUTTON_BUY on item with ID = 426627691533508
2024-04-22 17:20:42.014171   BUTTON_BUY on item with ID = '426627691533508' scroll into view =>
2024-04-22 17:20:42.017800   => BUTTON_SELL on item with ID = '426627691533508' scrolled into view
2024-04-22 17:20:42.017825   Check that BUTTON_BUY with item Palladium clickable =>
2024-04-22 17:20:42.147041   => BUTTON_BUY is clickable
2024-04-22 17:20:42.922799   =>   BUTTON_BUY with item Palladium clicked

2024-04-22 17:20:42.923034   3. Assert_v0
2024-04-22 17:20:42.923123   Start step Check that [Sign up] form is opened
2024-04-22 17:20:43.099704   'Sign up' form opened
2024-04-22 17:20:43.099746   Assert SIGNUP_HEADER =>
2024-04-22 17:20:43.113265   Assert SIGNUP_REF_LOGIN =>
2024-04-22 17:20:43.128063   Assert SIGNUP_PRIVACY_POLICY_ALL_2 =>
2024-04-22 17:20:43.141485   => SIGNUP_PRIVACY_POLICY_ALL
2024-04-22 17:20:43.141521   => 'Signup' form is checked
2024-04-22 17:20:43.141683   Start step Close [Sign up] form =>
2024-04-22 17:20:43.239150   => 'Signup' form closed
2024-04-22 17:20:43.516426   => Focus moved to 'capital*com' logo
