


Current market - Commodities



Current sort - Most volatile
{'width': 1280, 'height': 800}

2024-04-22 15:41:15.120215   worker_id = master

2024-04-22 15:41:15.120228   0. Allure grouping v4

2024-04-22 15:41:15.120406   START PRECONDITIONS =>

2024-04-22 15:41:15.120422   => URL after prev. preconditions - https://capital.com/fr
2024-04-22 15:41:15.120431   => flag_of_bug - True
2024-04-22 15:41:15.120441   => Current URL - https://capital.com/fr/trading-products
2024-04-22 15:41:15.125937   Current page URL = https://capital.com/fr/trading-products
2024-04-22 15:41:15.128496   self.link = https://capital.com/fr
2024-04-22 15:41:15.128509   driver.get(https://capital.com/fr) =>
2024-04-22 15:41:16.904690   => Loaded page https://capital.com/fr

2024-04-22 15:41:16.909500   => Windows size - {'width': 1280, 'height': 800}
2024-04-22 15:41:16.910857   Set windows position at (0, 0) =>
2024-04-22 15:41:17.013130   Set resolution 1280 * 800 =>
2024-04-22 15:41:17.115521   => Windows size is set to {'width': 1280, 'height': 800}

2024-04-22 15:41:18.157129   Капчи нет. Идем дальше

2024-04-22 15:41:18.157217   Работа с куками =>

2024-04-22 15:41:18.157230   => не требуется

2024-04-22 15:41:18.157240   Prev. country - 'au'
2024-04-22 15:41:18.157249   Cur. country - 'au'
2024-04-22 15:41:18.157259   => Country set to 'au'

2024-04-22 15:41:18.157268   Prev. language - 'fr'
2024-04-22 15:41:18.157276   Cur. language - 'fr'
2024-04-22 15:41:18.157285   => Language is set to 'fr'

2024-04-22 15:41:18.157294   Prev. role - 'NoAuth'
2024-04-22 15:41:18.157302   Cur. role - 'NoAuth'
2024-04-22 15:41:18.157311   => The 'NoAuth' role is set

2024-04-22 15:41:18.160010   => Current URL - https://capital.com/fr

2024-04-22 15:41:18.160034   => THE END PRECONDITIONS

2024-04-22 15:41:18.160218   START Open "Markets" menu, "All Markets" submenu =>

2024-04-22 15:41:18.160233   1. Cur URL = https://capital.com/fr

2024-04-22 15:41:18.162906   2. Link = https://capital.com/fr
2024-04-22 15:41:18.162922   current_page = https://capital.com/fr
2024-04-22 15:41:18.165386   link = https://capital.com/fr
2024-04-22 15:41:18.677036   => 'Markets' menu is present
2024-04-22 15:41:18.698712   => 'Markets' menu is visible
2024-04-22 15:41:19.973345   => Focus moved to 'Markets' menu
2024-04-22 15:41:19.982810   => 'Markets > All Markets' submenu is present
2024-04-22 15:41:21.672316   => Focus moved to 'capital*com' logo

2024-04-22 15:41:21.672360   3. Cur URL = https://capital.com/fr/instruments-financiers-derives

2024-04-22 15:41:21.677780   1. Arrange for TABLE_TRADING_INSTRUMENTS and 'Most volatile' cur_sort
2024-04-22 15:41:21.677806   current_page = https://capital.com/fr/instruments-financiers-derives
2024-04-22 15:41:21.680282   link = https://capital.com/fr/instruments-financiers-derives
2024-04-22 15:41:21.682688   TABLE_TRADING_INSTRUMENTS present on this page? =>
2024-04-22 15:41:21.690427   => TABLE_TRADING_INSTRUMENTS is present on the page!
2024-04-22 15:41:21.690449   IS MARKETS_LIST present on this page? =>
2024-04-22 15:41:21.697200   => MARKETS_LIST is present on the page!
2024-04-22 15:41:21.697226   Start scroll and click cur_market 'Commodities' =>
2024-04-22 15:41:21.754869   => End Click cur_market "Commodities"
2024-04-22 15:41:21.754924   IS FIELD_DROPDOWN_SORT present in the Live prices table? =>
2024-04-22 15:41:21.767695   =>  FIELD_DROPDOWN_SORT is present in the table!
2024-04-22 15:41:21.767732   Start scroll and click FIELD_DROPDOWN_SORT =>
2024-04-22 15:41:21.823690   Is item_sort_list visible on the FIELD_DROPDOWN_SORT ? =>
2024-04-22 15:41:21.840142   => item_sort_list is visible on the FIELD_DROPDOWN_SORT!
2024-04-22 15:41:21.840174   Is cur_sort "Most volatile" present in item_sort_list? =>
2024-04-22 15:41:21.847912   => cur_sort "Most volatile" is present in item_sort_list!
2024-04-22 15:41:21.847944   Start click cur_sort "Most volatile" =>
2024-04-22 15:41:21.892366   => End Click cur_sort "Most volatile"

2024-04-22 15:41:21.892408   Buttons [Buy] is visible and sum buttons no zero? =>
2024-04-22 15:41:21.900616   => Buttons [Buy] is visible and sum buttons no zero!

2024-04-22 15:41:21.900656   Start find 1 random buttons [Buy] on cur_sort "Most volatile"=>
2024-04-22 15:41:21.906942   => End find 1 random buttons [Buy] on the cur_sort "Most volatile"

2024-04-22 15:41:21.906984   List of random items = [8]
2024-04-22 15:41:21.907202   2. Act for trading instrument, "Most volatile" cur_sort and "Commodities" cur_market
2024-04-22 15:41:21.924245   Start click button [Buy] =>
2024-04-22 15:41:21.933796   =>   BUTTON_BUY on item with ID = 'None' is present
2024-04-22 15:41:21.933822   BUTTON_BUY on item with ID = 'None' scroll into view =>
2024-04-22 15:41:21.939775   => BUTTON_BUY on item with ID = 'None' scrolled into view
2024-04-22 15:41:21.939808   Check that BUTTON_BUY with item 'Gasoil' clickable =>
2024-04-22 15:41:21.958356   => BUTTON_BUY is clickable
2024-04-22 15:41:22.724463   =>   BUTTON_BUY on item 'Gasoil' clicked

2024-04-22 15:41:22.724704   3. Assert_Login_v0
2024-04-22 15:41:22.724784   Check that 'Login' form is opened
2024-04-22 15:41:25.849083   'Login' form not opened
2024-04-22 15:41:25.849265   Check that new 'Login' form is opened
2024-04-22 15:41:28.957373   => New 'Login' form not opened
2024-04-22 15:41:28.960286   'Login' page not opened
2024-04-22 15:41:32.052483   'Login' form on trading platform not opened
2024-04-22 15:41:32.052667   Start step Check that [Sign up] form is opened
2024-04-22 15:41:35.141171   'Sign up' form not opened
2024-04-22 15:41:35.141371   Start step Check that new [Sign up] form is opened
2024-04-22 15:41:38.226426   => new 'Sign up' form not opened
2024-04-22 15:41:38.226631   Start method Check that [Sign up] page opened =>
2024-04-22 15:41:39.230153   'Sign up' page not opened
2024-04-22 15:41:39.230388   Check that [Sign up] form on trading platform opened =>
2024-04-22 15:41:42.324575   'Sign up' form on trading platform page not opened

Bug: Bid:01.01.00_002-fr.au.NoAuth

2024-04-22 15:41:42.324660   Проверка бага в таблице ретеста  =>

2024-04-22 15:41:44.514446   4. Fixing one row check results into Google Sheet Bugs Report =>
1 cells updated.
2024-04-22 15:41:44.711723   => 4. One row check results into Google Sheet Bugs Report fixed

2024-04-22 15:41:46.096675   4. Fixing one row check results into Google Sheet Bugs Report =>
1 cells updated.
2024-04-22 15:41:46.267641   => 4. One row check results into Google Sheet Bugs Report fixed

2024-04-22 15:41:46.269828   Баг Bid:01.01.00_002-fr.au.NoAuth-08 обнаружен ранее и уже находится в 'Bugs Report Auto detect'
