


Current market - Most_traded



Current instrument - Last
{'width': 1280, 'height': 800}

2024-05-11 09:49:26.224111   worker_id = master

2024-05-11 09:49:26.224124   0. Allure grouping v4


2024-05-11 09:49:26.224304   START NEW PRECONDITIONS =>

2024-05-11 09:49:26.224320   Current page URL = https://capital.com/trading/platform/
2024-05-11 09:49:26.227061   self.link = https://capital.com/en-gb
2024-05-11 09:49:26.227075   driver.get(https://capital.com/en-gb) =>
2024-05-11 09:49:27.477397   => Loaded page https://capital.com/en-gb

2024-05-11 09:49:27.485637   {'width': 1280, 'height': 800}

2024-05-11 09:49:27.486991   Set windows position at (0, 0) =>

2024-05-11 09:49:27.488633   Set resolution 1280 * 800 =>

2024-05-11 09:49:27.490177   => Resolution seted {'width': 1280, 'height': 800}

2024-05-11 09:49:28.537017   Капчи нет. Идем дальше

2024-05-11 09:49:28.537122   Prev. Role: NoAuth

2024-05-11 09:49:28.537139   Current role: NoAuth

2024-05-11 09:49:28.537152   => Current language: ?

2024-05-11 09:49:29.577868   Капчи нет. Идем дальше
2024-05-11 09:49:29.577957   => Current country: gb

2024-05-11 09:49:29.577970   => THE END PRECONDITIONS

2024-05-11 09:49:29.578007   1. Arrange for Our Markets block: 'Most_traded' market, 'Last' instrument
2024-05-11 09:49:29.578021   current_page = https://capital.com/en-gb
2024-05-11 09:49:29.580802   link = https://capital.com/en-gb
2024-05-11 09:49:29.583261   IS Our markets block present on this page? =>
2024-05-11 09:49:29.588039   => Our markets block present on this page!

2024-05-11 09:49:29.588063   IS Our markets block visible on this page? =>
2024-05-11 09:49:29.597749   => Our markets block is visible on this page!

2024-05-11 09:49:29.597774   IS MARKET 'Most_traded' present on this page? =>
2024-05-11 09:49:29.602744   => MARKET 'Most_traded' present on this page!

2024-05-11 09:49:29.602767   IS MARKET 'Most_traded' visible on this page? =>
2024-05-11 09:49:29.611735   => MARKET 'Most_traded' is visible on this page!

2024-05-11 09:49:29.611758   Start Click button 'Most_traded' MARKET =>
2024-05-11 09:49:29.663892   => End Click button 'Most_traded' MARKET

2024-05-11 09:49:29.663941   Is Instruments present? =>
2024-05-11 09:49:29.670581   => Instruments is present on this page!

2024-05-11 09:49:29.670605   Is Instruments visible? =>
2024-05-11 09:49:29.679677   => Instruments is visible on this page!

2024-05-11 09:49:29.679700   => Start Find and Click button 'Last' instrument=>
2024-05-11 09:49:32.819406   => End Click button 'Last' instrument=>

2024-05-11 09:49:32.819698   2. Act for 'Most_traded' Market and 'Last' Instrument
2024-05-11 09:49:32.819723   IS button [Buy] for 'Most_traded' Market and 'Last' Instrumentpresent on this page? =>
2024-05-11 09:49:32.828224   => Button [Buy] for 'Most_traded' Market and 'Last' Instrument present on this page!

2024-05-11 09:49:32.828263   IS button [Buy] for 'Most_traded' Market and 'Last' Instrument visible on this page? =>
2024-05-11 09:49:32.839321   => Button [Buy] for 'Most_traded' Market and 'Last' Instrument visible on this page!

2024-05-11 09:49:32.839350   Start click button [Buy] =>
2024-05-11 09:49:33.631325   => End Click button [Buy]

2024-05-11 09:49:33.631636   3. Assert_Login_v0
2024-05-11 09:49:33.631763   Check that 'Login' form is opened
2024-05-11 09:49:39.833849   'Login' form not opened
2024-05-11 09:49:39.834033   Check that new 'Login' form is opened
2024-05-11 09:49:42.925256   => New 'Login' form not opened
2024-05-11 09:49:42.928060   'Login' page not opened
2024-05-11 09:49:46.009478   'Login' form on trading platform not opened
2024-05-11 09:49:46.009684   Start step Check that [Sign up] form is opened
2024-05-11 09:49:49.092016   'Sign up' form not opened
2024-05-11 09:49:49.092225   Start step Check that new [Sign up] form is opened
2024-05-11 09:49:52.176855   => new 'Sign up' form not opened
2024-05-11 09:49:52.177054   Start method Check that [Sign up] page opened =>
2024-05-11 09:49:53.180910   'Sign up' page not opened
2024-05-11 09:49:53.181124   Check that [Sign up] form on trading platform opened =>
2024-05-11 09:49:56.258477   'Sign up' form on trading platform page not opened

Bug: 

2024-05-11 09:49:56.258567   Проверка бага в таблице ретеста  =>

2024-05-11 09:49:56.261282  Для бага: Bid-08 необходимо использовать проверку на ретест!!!
