


Current test role - NoReg
{'width': 1280, 'height': 720}

2024-02-20 11:52:53.574783   worker_id = master

2024-02-20 11:52:53.574798   0. Allure grouping v4


2024-02-20 11:52:53.574982   START PRECONDITIONS =>


2024-02-20 11:52:53.574998   {'width': 1280, 'height': 720}

2024-02-20 11:52:53.576299   Set windows position at (0, 0) =>

2024-02-20 11:52:53.678558   Set resolution 1280 * 720 =>

2024-02-20 11:52:53.780708   => Resolution seted {'width': 1280, 'height': 720}

2024-02-20 11:52:54.804295   Капчи нет. Идем дальше

2024-02-20 11:52:54.804380   Prev. Role: NoAuth

2024-02-20 11:52:54.804392   Run preconditions: set NoReg Role =>
2024-02-20 11:52:54.804403   Current page URL = https://capital.com/nl/financieel-woordenboek
2024-02-20 11:52:55.473406   => Loaded page https://capital.com/

2024-02-20 11:52:55.572105   => All cookies are deleted
2024-02-20 11:52:55.572141   Current page URL = https://capital.com/
2024-02-20 11:52:56.036469   => Loaded page https://capital.com/

2024-02-20 11:52:56.039116   Step 'Click button [Accept all cookies]'
2024-02-20 11:53:02.158943   Is Visible Button [Accept all cookies]? =>
2024-02-20 11:53:02.172886   => Button [Accept all cookies] is visible
2024-02-20 11:53:02.673020   Is clickable Button [Accept all cookies] =>
2024-02-20 11:53:02.689837   => Button [Accept all cookies] is clickable
2024-02-20 11:53:02.689866   Click Button [Accept all cookies] =>
2024-02-20 11:53:02.762818   => Button [Accept all cookies] is clicked
2024-02-20 11:53:02.762866   => Accepted All Cookies

2024-02-20 11:53:03.263075   Current role: NoReg

2024-02-20 11:53:04.299405   Капчи нет. Идем дальше

2024-02-20 11:53:04.299514   Prev language: ?

2024-02-20 11:53:04.299530   Run preconditions: set nl language =>


2024-02-20 11:53:04.304386   => Language and Country menu is present


2024-02-20 11:53:04.316657   => Language and Country menu is visible


2024-02-20 11:53:05.582675   => Focus is moved on Language and Country menu 
2024-02-20 11:53:05.588449   Move focus on nl item and click =>
2024-02-20 11:53:06.756250   => Focus moved on nl item and clicked
2024-02-20 11:53:06.756303   => Cur url = https://capital.com/nl

2024-02-20 11:53:06.992907   => Current language: nl

2024-02-20 11:53:08.041180   Капчи нет. Идем дальше

2024-02-20 11:53:08.041271   Prev country: ?
2024-02-20 11:53:08.041285   Run preconditions: set "au" country =>


2024-02-20 11:53:08.048613   => Language and Country menu is present


2024-02-20 11:53:08.070433   => Language and Country menu is visible


2024-02-20 11:53:09.349730   => Focus is moved on Language and Country menu 
2024-02-20 11:53:12.077572   => Cur url = https://capital.com/nl?country=au
2024-02-20 11:53:12.103735   => Current country: au

2024-02-20 11:53:12.103774   => THE END PRECONDITIONS
2024-02-20 11:53:12.617232   => Education menu is present
2024-02-20 11:53:12.644177   element = <selenium.webdriver.remote.webelement.WebElement (session="0d56d15b020c4ea4393349db13b0f230", element="DAC6DF212CE612242967F028774F037A_element_1097")>
2024-02-20 11:53:12.644228   => Education menu is visible
2024-02-20 11:53:13.914945   => Focus moved to Education menu


2024-02-20 11:53:15.529904   => Glossary sub-menu clicked

2024-02-20 11:53:15.534726   1. Arrange_v0
2024-02-20 11:53:15.537636   BUTTON_CREATE_YOUR_ACCOUNT is located on the page? =>

2024-02-20 11:53:15.550646   2. Act_v0: Define of locator

2024-02-20 11:53:15.550677   2. Act_v0: Go to web element

2024-02-20 11:53:16.596070   2. Act_v0: Click web element
2024-02-20 11:53:16.620999   => BUTTON_CREATE_YOUR_ACCOUNT is clicked

2024-02-20 11:53:16.621214   3. Assert_v0
2024-02-20 11:53:16.621302   Start step Check that [Sign up] form is opened
2024-02-20 11:53:16.772769   'Sign up' form opened
2024-02-20 11:53:16.772810   Assert SIGNUP_HEADER =>
2024-02-20 11:53:16.787074   Assert SIGNUP_REF_LOGIN =>
2024-02-20 11:53:16.798577   Assert SIGNUP_PRIVACY_POLICY_ALL_2 =>
2024-02-20 11:53:16.809986   => SIGNUP_PRIVACY_POLICY_ALL
2024-02-20 11:53:16.810012   => 'Signup' form is checked
2024-02-20 11:53:16.810188   Start step Close [Sign up] form =>
2024-02-20 11:53:16.887906   => 'Signup' form closed
