{'width': 1280, 'height': 720}

2023-12-18 03:15:47.551505   worker_id = master

2023-12-18 03:15:47.551522   0. Allure grouping


2023-12-18 03:15:47.551668   START PRECONDITIONS =>


2023-12-18 03:15:47.551683   {'width': 1280, 'height': 720}

2023-12-18 03:15:47.552878   Set windows position at (320, 180) =>

2023-12-18 03:15:47.655026   Set resolution 1280 * 720 =>

2023-12-18 03:15:47.758860   => Resolution seted {'width': 1280, 'height': 720}

2023-12-18 03:15:51.808745   Капчи нет. Тестим дальше

2023-12-18 03:15:51.808789   Prev. Role: NoAuth

2023-12-18 03:15:51.808799   Current role: NoAuth

2023-12-18 03:15:51.808807   Prev language: it

2023-12-18 03:15:51.808815   => Current language: it

2023-12-18 03:15:51.808823   Prev country: ae

2023-12-18 03:15:51.808831   => Current country: ae

2023-12-18 03:15:51.808838   => THE END PRECONDITIONS

2023-12-18 03:15:51.808894   1. Arrange_v0
2023-12-18 03:15:51.811665   BUTTON_CREATE_YOUR_ACCOUNT is located on the page? =>

2023-12-18 03:15:51.819633   2. Act_v0
2023-12-18 03:15:51.933049   => BUTTON_CREATE_YOUR_ACCOUNT is clicked

2023-12-18 03:15:51.933261   3. Assert_v0
2023-12-18 03:15:51.933341   Start step Check that [Sign up] form is opened
2023-12-18 03:15:52.135281   'Sign up' form opened
2023-12-18 03:15:52.135324   Assert SIGNUP_HEADER =>
2023-12-18 03:15:52.151185   Assert SIGNUP_REF_LOGIN =>
2023-12-18 03:15:52.167449   Assert SIGNUP_PRIVACY_POLICY_ALL_2 =>
2023-12-18 03:15:52.217053   => SIGNUP_PRIVACY_POLICY_ALL
2023-12-18 03:15:52.217094   => 'Signup' form is checked
2023-12-18 03:15:52.217251   Start step Close [Sign up] form =>
2023-12-18 03:15:52.286996   => 'Signup' form closed
