{'width': 1280, 'height': 800}

2024-03-19 17:43:10.069495   worker_id = master

2024-03-19 17:43:10.069514   0. Allure grouping v4


2024-03-19 17:43:10.069728   START PRECONDITIONS =>


2024-03-19 17:43:10.069743   => flag_of_bug - True
2024-03-19 17:43:10.069756   Current page URL = https://capital.com/pl/handlovac-kawa
2024-03-19 17:43:12.829810   => Loaded page https://capital.com/

2024-03-19 17:43:12.832644   => Windows size - {'width': 1280, 'height': 800}
2024-03-19 17:43:12.834067   Set windows position at (0, 0) =>
2024-03-19 17:43:12.936499   Set resolution 1280 * 800 =>
2024-03-19 17:43:13.039310   => Windows size is set to {'width': 1280, 'height': 800}

2024-03-19 17:43:14.055796   Капчи нет. Идем дальше

2024-03-19 17:43:14.055889   Работа с куками

2024-03-19 17:43:14.055905   => Prev. country - 'au'
2024-03-19 17:43:14.055915   => Country set to 'au'

2024-03-19 17:43:14.055924   => Prev. language - 'pl'
2024-03-19 17:43:14.055934   Set 'pl' language =>
2024-03-19 17:43:14.069134   => Language and Country menu is present
2024-03-19 17:43:14.083417   => Language and Country menu is visible
2024-03-19 17:43:15.362076   => Focus is moved on Language and Country menu 
2024-03-19 17:43:15.368440   Move focus on pl item and click =>
2024-03-19 17:43:17.273146   => Focus moved on pl item and clicked
2024-03-19 17:43:17.273191   => Cur url = https://capital.com/pl
2024-03-19 17:43:17.284565   => Language is set to 'pl'

2024-03-19 17:43:17.284595   => Prev. role - 'NoReg'
2024-03-19 17:43:17.284606   => The 'NoReg' role is set

2024-03-19 17:43:17.287650   => THE END PRECONDITIONS

2024-03-19 17:43:17.287875   1. Arrange_v0
2024-03-19 17:43:17.290590   Current page URL = https://capital.com/pl
2024-03-19 17:43:18.253190   => Loaded page https://capital.com/pl/handlovac-kawa
2024-03-19 17:43:18.256073   BUTTON_CREATE_YOUR_ACCOUNT is located on the page? =>

2024-03-19 17:43:18.269545   2. Act_v0: Define of locator

2024-03-19 17:43:18.269583   2. Act_v0: Go to web element

2024-03-19 17:43:19.383721   2. Act_v0: Click web element
2024-03-19 17:43:19.417456   => BUTTON_CREATE_YOUR_ACCOUNT is clicked

2024-03-19 17:43:19.417694   3. Assert_v0
2024-03-19 17:43:19.417792   Start step Check that [Sign up] form is opened
2024-03-19 17:43:19.579817   'Sign up' form opened
2024-03-19 17:43:19.579860   Assert SIGNUP_HEADER =>
2024-03-19 17:43:19.594734   Assert SIGNUP_REF_LOGIN =>
2024-03-19 17:43:19.606377   Assert SIGNUP_PRIVACY_POLICY_ALL_2 =>
2024-03-19 17:43:19.620039   => SIGNUP_PRIVACY_POLICY_ALL
2024-03-19 17:43:19.620102   => 'Signup' form is checked
2024-03-19 17:43:19.620332   Start step Close [Sign up] form =>
2024-03-19 17:43:19.705965   => 'Signup' form closed
