{'width': 1280, 'height': 800}

2024-06-10 11:42:24.907413   worker_id = master

2024-06-10 11:42:24.907413   0. Allure grouping v4

2024-06-10 11:42:24.908422   START PRECONDITIONS =>

2024-06-10 11:42:24.908422   => URL after prev. preconditions - https://capital.com/ro
2024-06-10 11:42:24.908422   => flag_of_bug - False
2024-06-10 11:42:24.908422   => Current URL - https://capital.com/ro

2024-06-10 11:42:24.918026   => Windows size: {'width': 1280, 'height': 800}
2024-06-10 11:42:24.920030   Set windows position at (0, 0) =>
2024-06-10 11:42:24.922721   Set resolution 1280 * 800 =>
2024-06-10 11:42:24.925730   => Windows size is set to {'width': 1280, 'height': 800}

2024-06-10 11:42:25.935486   Капчи нет. Идем дальше

2024-06-10 11:42:25.935486   Работа с куками =>

2024-06-10 11:42:25.935486   => не требуется

2024-06-10 11:42:26.939740   Капчи нет. Идем дальше

2024-06-10 11:42:26.939740   Prev. country - 'au'
2024-06-10 11:42:26.939740   Cur. country - 'au'
2024-06-10 11:42:26.939740   => Country set to 'au'

2024-06-10 11:42:27.994572   Капчи нет. Идем дальше

2024-06-10 11:42:27.995577   Prev. language - 'ro'
2024-06-10 11:42:27.995577   Cur. language - 'ro'
2024-06-10 11:42:27.995577   => Language is set to 'ro'

2024-06-10 11:42:29.003790   Капчи нет. Идем дальше

2024-06-10 11:42:29.003790   Prev. role - 'NoReg'
2024-06-10 11:42:29.003790   Cur. role - 'NoReg'
2024-06-10 11:42:29.003790   => The 'NoReg' role is set

2024-06-10 11:42:29.007781   => Current URL - https://capital.com/ro

2024-06-10 11:42:29.007781   => THE END PRECONDITIONS

2024-06-10 11:42:29.007781   1. Arrange_v0
2024-06-10 11:42:29.007781   current_page = https://capital.com/ro
2024-06-10 11:42:29.010780   link = https://capital.com/ro
2024-06-10 11:42:29.014778   IS 'Main page banner' block present on this page? =>
2024-06-10 11:42:29.019778   => 'Main page banner' block present on this page!

2024-06-10 11:42:29.031332   IS 'Main page banner' block visible on this page? =>
2024-06-10 11:42:29.042716   => 'Main page banner' block is visible on this page!

2024-06-10 11:42:29.042716   IS 'Get involved. Become a trader.' tab present on this page? =>
2024-06-10 11:42:29.047711   => 'Get involved. Become a trader.' tab present on this page!

2024-06-10 11:42:29.058853   IS 'Get involved. Become a trader.' tab visible on this page? =>
2024-06-10 11:42:29.073191   => 'Get involved. Become a trader.' tab is visible on this page!

2024-06-10 11:42:29.073191   IS 'Get involved. Become a trader.' tab clickable on this page? =>
2024-06-10 11:42:29.090196   => 'Get involved. Become a trader.' tab is clickable on this page!

2024-06-10 11:42:29.090196   Start 'Get involved. Become a trader.' tab click.
2024-06-10 11:42:29.132973   'Get involved. Become a trader.' tab is clicked.


2024-06-10 11:42:29.132973   2. Act_v0
2024-06-10 11:42:29.132973   IS '[Try free demo]' button present on this page? =>
2024-06-10 11:42:29.143969   => '[Try free demo]' button present on this page!

2024-06-10 11:42:29.159143   IS '[Try free demo]' button visible on this page? =>
2024-06-10 11:42:29.177105   => '[Try free demo]' button is visible on this page!

2024-06-10 11:42:29.177105   IS '[Try free demo]' button clickable on this page? =>
2024-06-10 11:42:29.196299   => '[Try free demo]' button is clickable on this page!

2024-06-10 11:42:29.290637   => '[Try free demo]' button clicked!

2024-06-10 11:42:29.290637   3. Assert_Signup_v0
2024-06-10 11:42:29.290637   Start step Check that [Sign up] form is opened
2024-06-10 11:42:29.306613   'Sign up' form opened
2024-06-10 11:42:29.306613   Assert SIGNUP_HEADER =>
2024-06-10 11:42:29.319552   Assert SIGNUP_REF_LOGIN =>
2024-06-10 11:42:29.334837   Assert SIGNUP_PRIVACY_POLICY_ALL_2 =>
2024-06-10 11:42:29.372658   => SIGNUP_PRIVACY_POLICY_ALL
2024-06-10 11:42:29.372658   => 'Signup' form is checked
2024-06-10 11:42:29.372658   Start step Close [Sign up] form =>
2024-06-10 11:42:29.459209   => 'Signup' form closed
2024-06-10 11:42:29.734573   => Focus moved to 'capital*com' logo
