{'width': 1280, 'height': 720}

2023-12-18 02:48:13.768112   worker_id = master

2023-12-18 02:48:13.768129   0. Allure grouping


2023-12-18 02:48:13.768271   START PRECONDITIONS =>


2023-12-18 02:48:13.768286   {'width': 1280, 'height': 720}

2023-12-18 02:48:13.769529   Set windows position at (320, 180) =>

2023-12-18 02:48:13.871496   Set resolution 1280 * 720 =>

2023-12-18 02:48:13.973528   => Resolution seted {'width': 1280, 'height': 720}

2023-12-18 02:48:18.014034   Капчи нет. Тестим дальше

2023-12-18 02:48:18.014079   Prev. Role: NoAuth

2023-12-18 02:48:18.014088   Current role: NoAuth

2023-12-18 02:48:18.014096   Prev language: it

2023-12-18 02:48:18.014104   => Current language: it

2023-12-18 02:48:18.014112   Prev country: ae

2023-12-18 02:48:18.014120   => Current country: ae

2023-12-18 02:48:18.014127   => THE END PRECONDITIONS

2023-12-18 02:48:18.014186   1. Arrange_v0
2023-12-18 02:48:18.017049   BUTTON_BUY_IN_CONTENT_BLOCK is located on the page? =>
2023-12-18 02:48:18.024763   => BUTTON_BUY_IN_CONTENT_BLOCK is located on the page!
2023-12-18 02:48:18.024901   Start Checking that form [Sign up] popped up on the page =>
2023-12-18 02:48:18.035514   'Sign up' form opened
2023-12-18 02:48:18.035611   Start step Close [Sign up] form =>
2023-12-18 02:48:18.089065   => 'Signup' form closed

2023-12-18 02:48:18.089302   2. Act_v0
2023-12-18 02:48:18.096766   BUTTON_BUY_IN_CONTENT_BLOCK is present? =>
2023-12-18 02:48:18.096798   => BUTTON_BUY_IN_CONTENT_BLOCK is present on the page
2023-12-18 02:48:18.096814   BUTTON_BUY_IN_CONTENT_BLOCK scroll =>
2023-12-18 02:48:18.101016   => BUTTON_BUY_IN_CONTENT_BLOCK scrolled
2023-12-18 02:48:18.109134   BUTTON_BUY_IN_CONTENT_BLOCK is clickable? =>
2023-12-18 02:48:18.119851   BUTTON_BUY_IN_CONTENT_BLOCK CLICK =>
2023-12-18 02:48:18.151271   => BUTTON_BUY_IN_CONTENT_BLOCK clicked!

2023-12-18 02:48:18.151545   3. Assert_Login_v0
2023-12-18 02:48:22.662026   'Login' form not opened
2023-12-18 02:48:22.665579   'Login' page not opened
2023-12-18 02:48:27.203188   'Login' form on trading platform not opened
2023-12-18 02:48:27.203396   Start step Check that [Sign up] form is opened
2023-12-18 02:48:27.215488   'Sign up' form opened
2023-12-18 02:48:27.215510   Assert SIGNUP_HEADER =>
2023-12-18 02:48:27.226230   Assert SIGNUP_REF_LOGIN =>
2023-12-18 02:48:27.237793   Assert SIGNUP_PRIVACY_POLICY_ALL_2 =>
2023-12-18 02:48:27.248704   => SIGNUP_PRIVACY_POLICY_ALL
2023-12-18 02:48:27.248726   => 'Signup' form is checked
