{'width': 1280, 'height': 800}

2024-03-19 16:53:01.502902   worker_id = master

2024-03-19 16:53:01.502919   0. Allure grouping v4


2024-03-19 16:53:01.503118   START PRECONDITIONS =>


2024-03-19 16:53:01.503136   => flag_of_bug - True
2024-03-19 16:53:01.503148   Current page URL = https://capital.com/pl/objasnienie-handlu-CFD
2024-03-19 16:53:02.303192   => Loaded page https://capital.com/

2024-03-19 16:53:02.305952   => Windows size - {'width': 1280, 'height': 800}
2024-03-19 16:53:02.307282   Set windows position at (0, 0) =>
2024-03-19 16:53:02.409734   Set resolution 1280 * 800 =>
2024-03-19 16:53:02.515799   => Windows size is set to {'width': 1280, 'height': 800}

2024-03-19 16:53:03.570241   Капчи нет. Идем дальше

2024-03-19 16:53:03.570337   Работа с куками

2024-03-19 16:53:03.570350   => Prev. country - 'au'
2024-03-19 16:53:03.570361   => Country set to 'au'

2024-03-19 16:53:03.570370   => Prev. language - 'pl'
2024-03-19 16:53:03.570379   Set 'pl' language =>
2024-03-19 16:53:03.578567   => Language and Country menu is present
2024-03-19 16:53:03.589895   => Language and Country menu is visible
2024-03-19 16:53:04.866734   => Focus is moved on Language and Country menu 
2024-03-19 16:53:04.873518   Move focus on pl item and click =>
2024-03-19 16:53:06.344272   => Focus moved on pl item and clicked
2024-03-19 16:53:06.344317   => Cur url = https://capital.com/pl
2024-03-19 16:53:06.391904   => Language is set to 'pl'

2024-03-19 16:53:06.391945   => Prev. role - 'NoReg'
2024-03-19 16:53:06.391956   => The 'NoReg' role is set

2024-03-19 16:53:06.394726   => THE END PRECONDITIONS

2024-03-19 16:53:06.395020   1. Arrange_v0
2024-03-19 16:53:06.402322   Current page URL = https://capital.com/pl
2024-03-19 16:53:07.162283   => Loaded page https://capital.com/pl/objasnienie-handlu-CFD
2024-03-19 16:53:07.165794   BUTTON_CREATE_YOUR_ACCOUNT is located on the page? =>

2024-03-19 16:53:07.174772   2. Act_v0: Define of locator

2024-03-19 16:53:07.174811   2. Act_v0: Go to web element

2024-03-19 16:53:08.249487   2. Act_v0: Click web element
2024-03-19 16:53:08.276204   => BUTTON_CREATE_YOUR_ACCOUNT is clicked

2024-03-19 16:53:08.276435   3. Assert_v0
2024-03-19 16:53:08.276523   Start step Check that [Sign up] form is opened
2024-03-19 16:53:09.947862   'Sign up' form opened
2024-03-19 16:53:09.947907   Assert SIGNUP_HEADER =>
2024-03-19 16:53:09.960241   Assert SIGNUP_REF_LOGIN =>
2024-03-19 16:53:09.974573   Assert SIGNUP_PRIVACY_POLICY_ALL_2 =>
2024-03-19 16:53:09.987894   => SIGNUP_PRIVACY_POLICY_ALL
2024-03-19 16:53:09.987937   => 'Signup' form is checked
2024-03-19 16:53:09.988111   Start step Close [Sign up] form =>
2024-03-19 16:53:10.058772   => 'Signup' form closed
