
2023-12-18 02:16:48.051903   Работает obj <US_11-02-02-01_Shares_trading_test.TestSharesTradingItems object at 0x7f87dbe87f10> с именем TC_11.02.02.01_07
{'width': 1280, 'height': 720}

2023-12-18 02:16:48.053492   worker_id = master

2023-12-18 02:16:48.053505   0. Allure grouping


2023-12-18 02:16:48.053679   START PRECONDITIONS =>


2023-12-18 02:16:48.053701   {'width': 1280, 'height': 720}

2023-12-18 02:16:48.056030   Set windows position at (320, 180) =>

2023-12-18 02:16:48.158285   Set resolution 1280 * 720 =>

2023-12-18 02:16:48.260324   => Resolution seted {'width': 1280, 'height': 720}

2023-12-18 02:16:52.312087   Капчи нет. Тестим дальше

2023-12-18 02:16:52.312130   Prev. Role: NoAuth

2023-12-18 02:16:52.312140   Current role: NoAuth

2023-12-18 02:16:52.312148   Prev language: it

2023-12-18 02:16:52.312156   => Current language: it

2023-12-18 02:16:52.312163   Prev country: ae

2023-12-18 02:16:52.312171   => Current country: ae

2023-12-18 02:16:52.312179   => THE END PRECONDITIONS

2023-12-18 02:16:52.312232   1. Arrange_v0

2023-12-18 02:16:52.323065   2. Act_v0
2023-12-18 02:16:52.323090   BUTTON_GET_STARTED_ON_STICKY_BAR is present? =>
2023-12-18 02:16:52.327949   => BUTTON_GET_STARTED_ON_STICKY_BAR is present on the page!
2023-12-18 02:16:52.327970   BUTTON_GET_STARTED_ON_STICKY_BAR scroll =>
2023-12-18 02:16:52.417916   => BUTTON_GET_STARTED_ON_STICKY_BAR clicked!

2023-12-18 02:16:52.418155   3. Assert_Login_v0
2023-12-18 02:16:56.950444   'Login' form not opened
2023-12-18 02:16:56.954379   'Login' page not opened
2023-12-18 02:17:01.514025   'Login' form on trading platform not opened
2023-12-18 02:17:01.514227   Start step Check that [Sign up] form is opened
2023-12-18 02:17:01.526843   'Sign up' form opened
2023-12-18 02:17:01.526868   Assert SIGNUP_HEADER =>
2023-12-18 02:17:01.551536   Assert SIGNUP_REF_LOGIN =>
2023-12-18 02:17:01.565678   Assert SIGNUP_PRIVACY_POLICY_ALL_2 =>
2023-12-18 02:17:01.578967   => SIGNUP_PRIVACY_POLICY_ALL
2023-12-18 02:17:01.578990   => 'Signup' form is checked
