{'width': 1280, 'height': 720}

2024-02-15 12:31:35.923659   worker_id = master

2024-02-15 12:31:35.923674   0. Allure grouping v4


2024-02-15 12:31:35.923857   START PRECONDITIONS =>


2024-02-15 12:31:35.923873   {'width': 1280, 'height': 720}

2024-02-15 12:31:35.925156   Set windows position at (0, 0) =>

2024-02-15 12:31:36.027232   Set resolution 1280 * 720 =>

2024-02-15 12:31:36.129644   => Resolution seted {'width': 1280, 'height': 720}

2024-02-15 12:31:37.163519   Капчи нет. Идем дальше

2024-02-15 12:31:37.163609   Prev. Role: NoReg

2024-02-15 12:31:37.163622   Current role: NoReg

2024-02-15 12:31:38.195513   Капчи нет. Идем дальше

2024-02-15 12:31:38.195601   Prev language: ro

2024-02-15 12:31:38.195614   => Current language: ro

2024-02-15 12:31:39.227472   Капчи нет. Идем дальше

2024-02-15 12:31:39.227556   Prev country: gb
2024-02-15 12:31:39.227570   => Current country: gb

2024-02-15 12:31:39.227579   => THE END PRECONDITIONS

2024-02-15 12:31:39.227755   1. Arrange_v0
2024-02-15 12:31:39.230668   BUTTON_CREATE_YOUR_ACCOUNT is located on the page? =>

2024-02-15 12:31:39.238631   2. Act_v0: Define of locator

2024-02-15 12:31:39.238654   2. Act_v0: Go to web element

2024-02-15 12:31:40.331732   2. Act_v0: Click web element
2024-02-15 12:31:40.380022   => BUTTON_CREATE_YOUR_ACCOUNT is clicked

2024-02-15 12:31:40.380328   3. Assert_v0
2024-02-15 12:31:40.380456   Start step Check that [Sign up] form is opened
2024-02-15 12:31:40.399631   'Sign up' form opened
2024-02-15 12:31:40.399669   Assert SIGNUP_HEADER =>
2024-02-15 12:31:40.412158   Assert SIGNUP_REF_LOGIN =>
2024-02-15 12:31:40.424667   Assert SIGNUP_PRIVACY_POLICY_ALL_2 =>
2024-02-15 12:31:40.436619   => SIGNUP_PRIVACY_POLICY_ALL
2024-02-15 12:31:40.436648   => 'Signup' form is checked
2024-02-15 12:31:40.436811   Start step Close [Sign up] form =>
2024-02-15 12:31:40.500800   => 'Signup' form closed
