{'width': 1280, 'height': 720}

2024-02-15 14:24:38.209814   worker_id = master

2024-02-15 14:24:38.209831   0. Allure grouping v4


2024-02-15 14:24:38.210025   START PRECONDITIONS =>


2024-02-15 14:24:38.210041   {'width': 1280, 'height': 720}

2024-02-15 14:24:38.211389   Set windows position at (0, 0) =>

2024-02-15 14:24:38.313676   Set resolution 1280 * 720 =>

2024-02-15 14:24:38.418880   => Resolution seted {'width': 1280, 'height': 720}

2024-02-15 14:24:39.463341   Капчи нет. Идем дальше

2024-02-15 14:24:39.463435   Prev. Role: NoAuth

2024-02-15 14:24:39.463448   Current role: NoAuth

2024-02-15 14:24:40.510287   Капчи нет. Идем дальше

2024-02-15 14:24:40.510378   Prev language: ro

2024-02-15 14:24:40.510391   => Current language: ro

2024-02-15 14:24:41.559183   Капчи нет. Идем дальше

2024-02-15 14:24:41.559274   Prev country: ae
2024-02-15 14:24:41.559288   => Current country: ae

2024-02-15 14:24:41.559297   => THE END PRECONDITIONS

2024-02-15 14:24:41.559482   1. Arrange_v4
2024-02-15 14:24:41.562471   MOST_TRADED is present? =>
2024-02-15 14:24:41.573163   => MOST_TRADED widget is present on this page
2024-02-15 14:24:41.573187   => Found 5 elements in block MOST_TRADED
2024-02-15 14:24:41.573197   Most traded widget is scroll =>
2024-02-15 14:24:41.576615   => Most traded widget is scrolled into screen center

2024-02-15 14:24:41.576655   Random indexes = [4, 0]

2024-02-15 14:24:41.576670   Testing Most traded 1 random element with 4 index

2024-02-15 14:24:41.576794   2. Act_v4
2024-02-15 14:24:41.576889   Start Checking that form [Sign up] popped up on the page =>
2024-02-15 14:24:41.622133   'Sign up' form opened
2024-02-15 14:24:41.622384   Start step Close [Sign up] form =>
2024-02-15 14:24:41.708004   => 'Signup' form closed
2024-02-15 14:24:42.004950   Selected Trade button on Most traded widget is scroll =>
2024-02-15 14:24:42.008379   Selected Trade button click for 'SOL to US Dollar' trading instrument =>
2024-02-15 14:24:43.105669   => Selected Trade button clicked!

2024-02-15 14:24:43.105995   3. Assert_Login_v0
2024-02-15 14:24:43.106123   Check that 'Login' form is opened
2024-02-15 14:24:43.124498   'Login' form opened
2024-02-15 14:24:43.124538   Assert LOGIN_REF_SIGNUP =>
2024-02-15 14:24:43.143788   Assert LOGIN_CHECKBOX =>
2024-02-15 14:24:43.188427   Assert LOGIN_PASS_FORGOT =>
2024-02-15 14:24:43.208213   => 'Login' form is checked
2024-02-15 14:24:43.236372   Click 'Close' button on 'Login' form =>
2024-02-15 14:24:43.280513   => 'Login' form closed

2024-02-15 14:24:43.280650   Testing Most traded 2 random element with 0 index

2024-02-15 14:24:43.280849   2. Act_v4
2024-02-15 14:24:43.280984   Start Checking that form [Sign up] popped up on the page =>
2024-02-15 14:24:44.845408   '[Sign up]' form was not popped up
2024-02-15 14:24:44.863440   Selected Trade button on Most traded widget is scroll =>
2024-02-15 14:24:44.869317   Selected Trade button click for 'Bitcoin to US Dollar' trading instrument =>
2024-02-15 14:24:45.953580   => Selected Trade button clicked!

2024-02-15 14:24:45.953881   3. Assert_Login_v0
2024-02-15 14:24:45.954003   Check that 'Login' form is opened
2024-02-15 14:24:45.969310   'Login' form opened
2024-02-15 14:24:45.969340   Assert LOGIN_REF_SIGNUP =>
2024-02-15 14:24:45.984317   Assert LOGIN_CHECKBOX =>
2024-02-15 14:24:46.004756   Assert LOGIN_PASS_FORGOT =>
2024-02-15 14:24:46.021884   => 'Login' form is checked
2024-02-15 14:24:46.042396   Click 'Close' button on 'Login' form =>
2024-02-15 14:24:46.110851   => 'Login' form closed
