{'width': 1280, 'height': 800}

2024-05-16 19:23:32.896666   worker_id = master

2024-05-16 19:23:32.896680   0. Allure grouping v4

2024-05-16 19:23:32.896865   START PRECONDITIONS =>

2024-05-16 19:23:32.896881   => URL after prev. preconditions - https://capital.com/ru
2024-05-16 19:23:32.896890   => flag_of_bug - False
2024-05-16 19:23:32.896900   => Current URL - https://capital.com/ru/cotton-no-2-cash-tovar
2024-05-16 19:23:32.901897   Current page URL = https://capital.com/ru/cotton-no-2-cash-tovar
2024-05-16 19:23:32.904280   self.link = https://capital.com/ru
2024-05-16 19:23:32.904294   driver.get(https://capital.com/ru) =>
2024-05-16 19:23:35.059986   => Loaded page https://capital.com/ru

2024-05-16 19:23:35.063476   => Windows size - {'width': 1280, 'height': 800}
2024-05-16 19:23:35.064874   Set windows position at (0, 0) =>
2024-05-16 19:23:35.066559   Set resolution 1280 * 800 =>
2024-05-16 19:23:35.068178   => Windows size is set to {'width': 1280, 'height': 800}

2024-05-16 19:23:36.104546   Капчи нет. Идем дальше

2024-05-16 19:23:36.104636   Работа с куками =>

2024-05-16 19:23:36.104650   => не требуется

2024-05-16 19:23:36.104660   Prev. country - 'de'
2024-05-16 19:23:36.104669   Cur. country - 'de'
2024-05-16 19:23:36.104678   => Country set to 'de'

2024-05-16 19:23:36.104687   Prev. language - 'ru'
2024-05-16 19:23:36.104696   Cur. language - 'ru'
2024-05-16 19:23:36.104705   => Language is set to 'ru'

2024-05-16 19:23:36.104713   Prev. role - 'NoAuth'
2024-05-16 19:23:36.104722   Cur. role - 'NoAuth'
2024-05-16 19:23:36.104731   => The 'NoAuth' role is set

2024-05-16 19:23:36.107473   => Current URL - https://capital.com/ru

2024-05-16 19:23:36.107495   => THE END PRECONDITIONS
Trade instrument from Full test is <pages.Elements.AssertClass.AssertClass object at 0x7f7d0f645b20>

2024-05-16 19:23:36.107773   3. Assert_v0
2024-05-16 19:23:36.107856   Start step Check that [Sign up] form is opened
2024-05-16 19:23:39.212730   'Sign up' form not opened
2024-05-16 19:23:39.212925   Start step Check that new [Sign up] form is opened
2024-05-16 19:23:42.312920   => new 'Sign up' form not opened
2024-05-16 19:23:42.313117   Start method Check that [Sign up] page opened =>
2024-05-16 19:23:43.316694   'Sign up' page not opened
2024-05-16 19:23:43.316905   Check that [Sign up] form on trading platform opened =>
2024-05-16 19:23:46.420972   'Sign up' form on trading platform page not opened

Bug: Bid:01.05.01_010-ru.de.NoAuth

2024-05-16 19:23:46.421061   Проверка бага в таблице ретеста  =>

2024-05-16 19:23:46.939595   4. Fixing one row check results into Google Sheet Bugs Report =>
1 cells updated.
2024-05-16 19:23:47.188801   => 4. One row check results into Google Sheet Bugs Report fixed

2024-05-16 19:23:50.641702   4. Fixing one row check results into Google Sheet Bugs Report =>
1 cells updated.
2024-05-16 19:23:50.904679   => 4. One row check results into Google Sheet Bugs Report fixed

2024-05-16 19:23:50.904896   4. Fixing one row check results into Google Sheet Bugs Report =>
1 cells updated.
2024-05-16 19:23:51.155402   => 4. One row check results into Google Sheet Bugs Report fixed

2024-05-16 19:23:51.155485   Баг Bid:01.05.01_010-ru.de.NoAuth уже существует, но у него изменился тип с  на 04

2024-05-16 19:23:51.155674   4. Fixing one row check results into Google Sheet Bugs Report =>
1 cells updated.
2024-05-16 19:23:51.414966   => 4. One row check results into Google Sheet Bugs Report fixed

2024-05-16 19:23:51.417033   Баг Bid:01.05.01_010-ru.de.NoAuth-04 обнаружен ранее и уже находится в 'Bugs Report Auto detect'
