{'width': 1280, 'height': 800}

2024-05-16 18:51:13.524133   worker_id = master

2024-05-16 18:51:13.524147   0. Allure grouping v4

2024-05-16 18:51:13.524328   START PRECONDITIONS =>

2024-05-16 18:51:13.524344   => URL after prev. preconditions - https://capital.com/ru
2024-05-16 18:51:13.524353   => flag_of_bug - False
2024-05-16 18:51:13.524363   => Current URL - https://capital.com/ru/eur-jpy-stavka
2024-05-16 18:51:13.529369   Current page URL = https://capital.com/ru/eur-jpy-stavka
2024-05-16 18:51:13.531804   self.link = https://capital.com/ru
2024-05-16 18:51:13.531817   driver.get(https://capital.com/ru) =>
2024-05-16 18:51:15.269898   => Loaded page https://capital.com/ru

2024-05-16 18:51:15.274096   => Windows size - {'width': 1280, 'height': 800}
2024-05-16 18:51:15.275403   Set windows position at (0, 0) =>
2024-05-16 18:51:15.276959   Set resolution 1280 * 800 =>
2024-05-16 18:51:15.278565   => Windows size is set to {'width': 1280, 'height': 800}

2024-05-16 18:51:16.318501   Капчи нет. Идем дальше

2024-05-16 18:51:16.318587   Работа с куками =>

2024-05-16 18:51:16.318601   => не требуется

2024-05-16 18:51:16.318611   Prev. country - 'de'
2024-05-16 18:51:16.318620   Cur. country - 'de'
2024-05-16 18:51:16.318629   => Country set to 'de'

2024-05-16 18:51:16.318638   Prev. language - 'ru'
2024-05-16 18:51:16.318647   Cur. language - 'ru'
2024-05-16 18:51:16.318656   => Language is set to 'ru'

2024-05-16 18:51:16.318664   Prev. role - 'NoAuth'
2024-05-16 18:51:16.318673   Cur. role - 'NoAuth'
2024-05-16 18:51:16.318681   => The 'NoAuth' role is set

2024-05-16 18:51:16.321297   => Current URL - https://capital.com/ru

2024-05-16 18:51:16.321319   => THE END PRECONDITIONS

2024-05-16 18:51:16.321500   1. Arrange_v0
2024-05-16 18:51:16.321517   current_page = https://capital.com/ru
2024-05-16 18:51:16.323907   link = https://capital.com/ru/eur-jpy-stavka
2024-05-16 18:51:16.326306   Current page URL = https://capital.com/ru
2024-05-16 18:51:16.328730   self.link = https://capital.com/ru/eur-jpy-stavka
2024-05-16 18:51:16.328743   driver.get(https://capital.com/ru/eur-jpy-stavka) =>
2024-05-16 18:51:18.130672   => Loaded page https://capital.com/ru/eur-jpy-stavka
2024-05-16 18:51:18.137100   IS "Why choose Capital.com?" block present on this page? =>
2024-05-16 18:51:18.145330   => "Why choose Capital.com?" block present on this page!

2024-05-16 18:51:18.155577   IS "Why choose Capital.com?" block visible on this page? =>
2024-05-16 18:51:18.173702   => "Why choose Capital.com?" block is visible on this page!

2024-05-16 18:51:18.173748   IS [Try now] button present on this page? =>
2024-05-16 18:51:18.199983   => [Try now] button present on this page!

2024-05-16 18:51:18.217046   IS [Try now] button visible on this page? =>
2024-05-16 18:51:18.238942   => [Try now] button is visible on this page!

2024-05-16 18:51:18.238989   [Try now] button scroll =>

2024-05-16 18:51:18.242942   2. Act_v0
2024-05-16 18:51:18.242964   [Try now] button is clickable? =>
2024-05-16 18:51:18.260193   => [Try now] button is clickable!

2024-05-16 18:51:18.298737   => [Try now] button clicked!

2024-05-16 18:51:18.298959   3. Assert_Login_v0
2024-05-16 18:51:18.299044   Check that 'Login' form is opened
2024-05-16 18:51:24.465783   'Login' form not opened
2024-05-16 18:51:24.465988   Check that new 'Login' form is opened
2024-05-16 18:51:27.547005   => New 'Login' form not opened
2024-05-16 18:51:27.549759   'Login' page not opened
2024-05-16 18:51:30.675518   'Login' form on trading platform not opened
2024-05-16 18:51:30.675708   Start step Check that [Sign up] form is opened
2024-05-16 18:51:30.690831   'Sign up' form opened
2024-05-16 18:51:30.690857   Assert SIGNUP_HEADER =>
2024-05-16 18:51:30.706066   Assert SIGNUP_REF_LOGIN =>
2024-05-16 18:51:30.720334   Assert SIGNUP_PRIVACY_POLICY_ALL_2 =>
2024-05-16 18:51:30.736177   => SIGNUP_PRIVACY_POLICY_ALL
2024-05-16 18:51:30.736221   => 'Signup' form is checked

Bug: Bid:01.03.01_008-ru.de.NoAuth

2024-05-16 18:51:30.736316   Проверка бага в таблице ретеста  =>

2024-05-16 18:51:31.097429   4. Fixing one row check results into Google Sheet Bugs Report =>
1 cells updated.
2024-05-16 18:51:31.354244   => 4. One row check results into Google Sheet Bugs Report fixed

2024-05-16 18:51:32.939606   4. Fixing one row check results into Google Sheet Bugs Report =>
1 cells updated.
2024-05-16 18:51:33.196596   => 4. One row check results into Google Sheet Bugs Report fixed

2024-05-16 18:51:34.730084   4. Fixing one row check results into Google Sheet Bugs Report =>
1 cells updated.
2024-05-16 18:51:34.986492   => 4. One row check results into Google Sheet Bugs Report fixed

2024-05-16 18:51:34.989047   Добавление новой строки =>

2024-05-16 18:51:37.831583   => Новая строка добавлена

2024-05-16 18:51:39.860312   4. Fixing one row check results into Google Sheet Bugs Report =>
1 cells updated.
2024-05-16 18:51:40.118020   => 4. One row check results into Google Sheet Bugs Report fixed

2024-05-16 18:51:40.120832   4. Fixing one row check results into Google Sheet Bugs Report =>
7 cells updated.
2024-05-16 18:51:40.482071   => 4. One row check results into Google Sheet Bugs Report fixed

2024-05-16 18:51:40.482323   4. Fixing one row check results into Google Sheet Bugs Report =>
2 cells updated.
2024-05-16 18:51:40.725803   => 4. One row check results into Google Sheet Bugs Report fixed

2024-05-16 18:51:40.726066   4. Fixing one row check results into Google Sheet Bugs Report =>
1 cells updated.
2024-05-16 18:51:40.958563   => 4. One row check results into Google Sheet Bugs Report fixed

2024-05-16 18:51:40.958777   4. Fixing one row check results into Google Sheet Bugs Report =>
1 cells updated.
2024-05-16 18:51:41.222496   => 4. One row check results into Google Sheet Bugs Report fixed

2024-05-16 18:51:41.222583   Баг Bid:01.03.01_008-ru.de.NoAuth-05 добавлен в таблицу 'Bugs Report Auto detect' (для ретестов)
