{'width': 1920, 'height': 1080}

2025-03-18 00:35:43.055605   worker_id = master

2025-03-18 00:35:43.055616   0. Allure grouping for US_55


2025-03-18 00:35:43.055795   START PRECONDITIONS =>

2025-03-18 00:35:43.055806   => URL after prev. preconditions - https://capital.com/en-gb
2025-03-18 00:35:43.055813   => flag_of_bug - True
2025-03-18 00:35:43.055819   => Current URL - https://capital.com/en-gb

2025-03-18 00:35:43.061271   => Windows size: {'width': 1920, 'height': 1080}

2025-03-18 00:35:43.062660   Set windows position at (0, 0) =>

2025-03-18 00:35:43.064362   Set resolution 1920 * 1080 =>

2025-03-18 00:35:43.066017   => Resolution set {'width': 1920, 'height': 1080}

2025-03-18 00:35:43.067338   Работа с куками =>

2025-03-18 00:35:43.067348   => не требуется

2025-03-18 00:35:43.067354   Prev. role - 'NoReg'
2025-03-18 00:35:43.067360   Cur. role - 'NoReg'

2025-03-18 00:35:43.067366   => The 'NoReg' role is set

2025-03-18 00:35:43.067371   Prev. language: pl
2025-03-18 00:35:43.067377   Cur. language - 'ar'

2025-03-18 00:35:43.067382   Prev. country: ua
2025-03-18 00:35:43.067387   Cur. country: ae

2025-03-18 00:35:43.067487   Set "ar" language and "ae" country =>
2025-03-18 00:35:43.067499   Current page URL = https://capital.com/en-gb
2025-03-18 00:35:43.070521   self.link = https://capital.com/ar-ae
2025-03-18 00:35:43.070530   driver.get(https://capital.com/ar-ae) =>
2025-03-18 00:35:45.419845   => Loaded page https://capital.com/ar-ae
2025-03-18 00:35:45.427614   => Language is set to 'ar'
2025-03-18 00:35:45.427627   => Country is set to 'ae'
2025-03-18 00:35:45.427633   => Current URL - https://capital.com/ar-ae

2025-03-18 00:35:45.432733   => Current URL - https://capital.com/ar-ae

2025-03-18 00:35:45.432752   => END PRECONDITIONS

2025-03-18 00:35:45.432935   START Open "Trading" menu, "CFD trading calculator" submenu =>

2025-03-18 00:35:45.432947   1. Cur URL = https://capital.com/ar-ae

2025-03-18 00:35:45.435425   2. Link = https://capital.com/ar-ae
2025-03-18 00:35:45.435437   current_page = https://capital.com/ar-ae
2025-03-18 00:35:45.440572   link = https://capital.com/ar-ae
2025-03-18 00:35:45.951835   => 'Trading' menu is present
2025-03-18 00:35:45.972357   => 'Trading' menu is visible
2025-03-18 00:35:47.687606   => Focus moved to 'Trading' menu
2025-03-18 00:35:52.826228   => 'CFD trading calculator' submenu not visible
2025-03-18 00:35:52.826257   Save current screenshot into PNG file
