{'width': 1920, 'height': 1080}

2025-03-18 00:39:41.545437   worker_id = master

2025-03-18 00:39:41.545447   0. Allure grouping for US_55


2025-03-18 00:39:41.545627   START PRECONDITIONS =>

2025-03-18 00:39:41.545639   => URL after prev. preconditions - https://capital.com/en-gb
2025-03-18 00:39:41.545645   => flag_of_bug - True
2025-03-18 00:39:41.545651   => Current URL - https://capital.com/en-gb

2025-03-18 00:39:41.551196   => Windows size: {'width': 1920, 'height': 1080}

2025-03-18 00:39:41.552516   Set windows position at (0, 0) =>

2025-03-18 00:39:41.554181   Set resolution 1920 * 1080 =>

2025-03-18 00:39:41.555815   => Resolution set {'width': 1920, 'height': 1080}

2025-03-18 00:39:41.557110   Работа с куками =>

2025-03-18 00:39:41.557120   => не требуется

2025-03-18 00:39:41.557127   Prev. role - 'NoReg'
2025-03-18 00:39:41.557132   Cur. role - 'NoReg'

2025-03-18 00:39:41.557138   => The 'NoReg' role is set

2025-03-18 00:39:41.557144   Prev. language: pl
2025-03-18 00:39:41.557149   Cur. language - 'ar'

2025-03-18 00:39:41.557154   Prev. country: ua
2025-03-18 00:39:41.557159   Cur. country: ae

2025-03-18 00:39:41.557252   Set "ar" language and "ae" country =>
2025-03-18 00:39:41.557264   Current page URL = https://capital.com/en-gb
2025-03-18 00:39:41.559786   self.link = https://capital.com/ar-ae
2025-03-18 00:39:41.559796   driver.get(https://capital.com/ar-ae) =>
2025-03-18 00:39:43.928995   => Loaded page https://capital.com/ar-ae
2025-03-18 00:39:43.936278   => Language is set to 'ar'
2025-03-18 00:39:43.936305   => Country is set to 'ae'
2025-03-18 00:39:43.936315   => Current URL - https://capital.com/ar-ae

2025-03-18 00:39:43.941826   => Current URL - https://capital.com/ar-ae

2025-03-18 00:39:43.941850   => END PRECONDITIONS

2025-03-18 00:39:43.942064   START Open "Trading" menu, "Demo" submenu =>

2025-03-18 00:39:43.942085   1. Cur URL = https://capital.com/ar-ae

2025-03-18 00:39:43.947302   2. Link = https://capital.com/ar-ae
2025-03-18 00:39:43.947324   current_page = https://capital.com/ar-ae
2025-03-18 00:39:43.950979   link = https://capital.com/ar-ae
2025-03-18 00:39:44.499721   => 'Trading' menu is present
2025-03-18 00:39:44.555211   => 'Trading' menu is visible
2025-03-18 00:39:46.278820   => Focus moved to 'Trading' menu
2025-03-18 00:39:51.418384   => 'Demo' submenu not visible
2025-03-18 00:39:51.418420   Save current screenshot into PNG file
