{'width': 1280, 'height': 800}

2024-05-03 06:31:50.261825   worker_id = master

2024-05-03 06:31:50.261840   0. Allure grouping v4

2024-05-03 06:31:50.262030   START PRECONDITIONS =>

2024-05-03 06:31:50.262046   => URL after prev. preconditions - https://capital.com/it
2024-05-03 06:31:50.262056   => flag_of_bug - False
2024-05-03 06:31:50.262067   => Current URL - https://capital.com/it/investmate
2024-05-03 06:31:50.267468   Current page URL = https://capital.com/it/investmate
2024-05-03 06:31:50.270432   self.link = https://capital.com/it
2024-05-03 06:31:50.270452   driver.get(https://capital.com/it) =>
2024-05-03 06:31:52.307844   => Loaded page https://capital.com/it

2024-05-03 06:31:52.313697   => Windows size - {'width': 1280, 'height': 800}
2024-05-03 06:31:52.315158   Set windows position at (0, 0) =>
2024-05-03 06:31:52.316870   Set resolution 1280 * 800 =>
2024-05-03 06:31:52.318501   => Windows size is set to {'width': 1280, 'height': 800}

2024-05-03 06:31:53.355737   Капчи нет. Идем дальше

2024-05-03 06:31:53.355827   Работа с куками =>

2024-05-03 06:31:53.355842   => не требуется

2024-05-03 06:31:53.355852   Prev. country - 'de'
2024-05-03 06:31:53.355862   Cur. country - 'de'
2024-05-03 06:31:53.355871   => Country set to 'de'

2024-05-03 06:31:53.355881   Prev. language - 'it'
2024-05-03 06:31:53.355890   Cur. language - 'it'
2024-05-03 06:31:53.355900   => Language is set to 'it'

2024-05-03 06:31:53.355909   Prev. role - 'Auth'
2024-05-03 06:31:53.355918   Cur. role - 'Auth'
2024-05-03 06:31:53.355958   => The 'Auth' role is set

2024-05-03 06:31:53.359675   => Current URL - https://capital.com/it

2024-05-03 06:31:53.359698   => THE END PRECONDITIONS

2024-05-03 06:31:53.359750   1. Arrange
2024-05-03 06:31:53.359766   current_page = https://capital.com/it
2024-05-03 06:31:53.362363   link = https://capital.com/it/investmate
2024-05-03 06:31:53.364936   Current page URL = https://capital.com/it
2024-05-03 06:31:53.367317   self.link = https://capital.com/it/investmate
2024-05-03 06:31:53.367332   driver.get(https://capital.com/it/investmate) =>
2024-05-03 06:31:55.326976   => Loaded page https://capital.com/it/investmate
2024-05-03 06:31:55.331451   CREATE_ACCOUNT_BUTTON is visible? =>
2024-05-03 06:31:55.346783   => CREATE_ACCOUNT_BUTTON is visible on the page!

2024-05-03 06:31:55.346964   2. Act
2024-05-03 06:31:55.346981   CREATE_ACCOUNT_BUTTON is present? =>
2024-05-03 06:31:55.354511   => CREATE_ACCOUNT_BUTTON is present on the page!
2024-05-03 06:31:55.354536   CREATE_ACCOUNT_BUTTON scroll =>
2024-05-03 06:31:56.014613   => CREATE_ACCOUNT_BUTTON clicked!

2024-05-03 06:31:56.014965   3. Assert_v4

2024-05-03 06:31:56.014996   
2024-05-03 06:31:56.015158   Checking that the trading platform page has opened (v4) =>
2024-05-03 06:31:56.539132   Checking way # 1 => 

2024-05-03 06:31:56.539327   1. Checking that the Trading platform (or TradingView site) page has valid title =>
2024-05-03 06:31:56.542347   => The title of current page is 'Trading Platform | Capital.com'

2024-05-03 06:31:56.542419   2. Checking that the LOGO is present on the page =>
2024-05-03 06:31:56.843076   => 'capital*com' logo is present on the current page

2024-05-03 06:31:56.843125   tpd = False
2024-05-03 06:31:57.998686   => Driver.backed
