{'width': 1280, 'height': 800}

2024-05-03 07:29:51.609498   worker_id = master

2024-05-03 07:29:51.609513   0. Allure grouping v4

2024-05-03 07:29:51.609722   START PRECONDITIONS =>

2024-05-03 07:29:51.609738   => URL after prev. preconditions - https://capital.com/it
2024-05-03 07:29:51.609748   => flag_of_bug - False
2024-05-03 07:29:51.609759   => Current URL - https://capital.com/it/negozia-nasdaq-100
2024-05-03 07:29:51.614648   Current page URL = https://capital.com/it/negozia-nasdaq-100
2024-05-03 07:29:51.616932   self.link = https://capital.com/it
2024-05-03 07:29:51.616945   driver.get(https://capital.com/it) =>
2024-05-03 07:29:53.807336   => Loaded page https://capital.com/it

2024-05-03 07:29:53.811367   => Windows size - {'width': 1280, 'height': 800}
2024-05-03 07:29:53.812735   Set windows position at (0, 0) =>
2024-05-03 07:29:53.814310   Set resolution 1280 * 800 =>
2024-05-03 07:29:53.815859   => Windows size is set to {'width': 1280, 'height': 800}

2024-05-03 07:29:54.871720   Капчи нет. Идем дальше

2024-05-03 07:29:54.871823   Работа с куками =>

2024-05-03 07:29:54.871839   => не требуется

2024-05-03 07:29:54.871849   Prev. country - 'de'
2024-05-03 07:29:54.871858   Cur. country - 'de'
2024-05-03 07:29:54.871868   => Country set to 'de'

2024-05-03 07:29:54.871878   Prev. language - 'it'
2024-05-03 07:29:54.871887   Cur. language - 'it'
2024-05-03 07:29:54.871896   => Language is set to 'it'

2024-05-03 07:29:54.871905   Prev. role - 'Auth'
2024-05-03 07:29:54.871913   Cur. role - 'Auth'
2024-05-03 07:29:54.871955   => The 'Auth' role is set

2024-05-03 07:29:54.875003   => Current URL - https://capital.com/it

2024-05-03 07:29:54.875027   => THE END PRECONDITIONS

2024-05-03 07:29:54.875245   1. Arrange_v0
2024-05-03 07:29:54.875265   current_page = https://capital.com/it
2024-05-03 07:29:54.878052   link = https://capital.com/it/negozia-nasdaq-100
2024-05-03 07:29:54.880606   Current page URL = https://capital.com/it
2024-05-03 07:29:54.883069   self.link = https://capital.com/it/negozia-nasdaq-100
2024-05-03 07:29:54.883084   driver.get(https://capital.com/it/negozia-nasdaq-100) =>
2024-05-03 07:29:56.856255   => Loaded page https://capital.com/it/negozia-nasdaq-100
2024-05-03 07:29:56.874356   => BUTTON_TRY_DEMO is present on this page
2024-05-03 07:29:56.874398   BUTTON_TRY_DEMO scroll =>
2024-05-03 07:29:56.878152   BUTTON_TRY_DEMO is visible? =>
2024-05-03 07:29:56.923342   => BUTTON_TRY_DEMO is visible on this page

2024-05-03 07:29:56.923532   2. Act_v0
2024-05-03 07:29:56.929420   BUTTON_TRY_DEMO is clickable? =>
2024-05-03 07:29:56.962462   => BUTTON_TRY_DEMO clicked!

2024-05-03 07:29:56.962718   3. Assert_v4

2024-05-03 07:29:56.962740   
2024-05-03 07:29:56.962845   Checking that the trading platform page has opened (v4) =>
2024-05-03 07:29:57.982650   Checking way # 1 => 

2024-05-03 07:29:57.982852   1. Checking that the Trading platform (or TradingView site) page has valid title =>
2024-05-03 07:29:57.985719   => The title of current page is 'Trading Platform | Capital.com'

2024-05-03 07:29:57.985804   2. Checking that the LOGO is present on the page =>
2024-05-03 07:29:58.231185   => 'capital*com' logo is present on the current page

2024-05-03 07:29:58.231237   tpd = True
2024-05-03 07:29:58.231293   3.1. Checking that the Trading platform opened in DEMO mode =>
2024-05-03 07:29:58.556086   => The page with https://capital.com/trading/platform/?mode=demo url was opened in DEMO mode
2024-05-03 07:29:59.515967   => Driver.backed
