{'width': 1280, 'height': 800}

2024-05-03 07:35:48.298316   worker_id = master

2024-05-03 07:35:48.298332   0. Allure grouping v4

2024-05-03 07:35:48.298543   START PRECONDITIONS =>

2024-05-03 07:35:48.298559   => URL after prev. preconditions - https://capital.com/it
2024-05-03 07:35:48.298569   => flag_of_bug - False
2024-05-03 07:35:48.298579   => Current URL - https://capital.com/it/negozia-nasdaq-100
2024-05-03 07:35:48.309472   Current page URL = https://capital.com/it/negozia-nasdaq-100
2024-05-03 07:35:48.312354   self.link = https://capital.com/it
2024-05-03 07:35:48.312369   driver.get(https://capital.com/it) =>
2024-05-03 07:35:50.306051   => Loaded page https://capital.com/it

2024-05-03 07:35:50.311275   => Windows size - {'width': 1280, 'height': 800}
2024-05-03 07:35:50.312794   Set windows position at (0, 0) =>
2024-05-03 07:35:50.314485   Set resolution 1280 * 800 =>
2024-05-03 07:35:50.316195   => Windows size is set to {'width': 1280, 'height': 800}

2024-05-03 07:35:51.368581   Капчи нет. Идем дальше

2024-05-03 07:35:51.368676   Работа с куками =>

2024-05-03 07:35:51.368690   => не требуется

2024-05-03 07:35:51.368700   Prev. country - 'de'
2024-05-03 07:35:51.368709   Cur. country - 'de'
2024-05-03 07:35:51.368718   => Country set to 'de'

2024-05-03 07:35:51.368727   Prev. language - 'it'
2024-05-03 07:35:51.368736   Cur. language - 'it'
2024-05-03 07:35:51.368745   => Language is set to 'it'

2024-05-03 07:35:51.368753   Prev. role - 'NoReg'
2024-05-03 07:35:51.368762   Cur. role - 'NoReg'
2024-05-03 07:35:51.368771   => The 'NoReg' role is set

2024-05-03 07:35:51.379082   => Current URL - https://capital.com/it

2024-05-03 07:35:51.379113   => THE END PRECONDITIONS

2024-05-03 07:35:51.379309   1. Arrange_v0
2024-05-03 07:35:51.379327   current_page = https://capital.com/it
2024-05-03 07:35:51.381948   link = https://capital.com/it/negozia-nasdaq-100
2024-05-03 07:35:51.384713   Current page URL = https://capital.com/it
2024-05-03 07:35:51.387234   self.link = https://capital.com/it/negozia-nasdaq-100
2024-05-03 07:35:51.387249   driver.get(https://capital.com/it/negozia-nasdaq-100) =>
2024-05-03 07:35:53.271439   => Loaded page https://capital.com/it/negozia-nasdaq-100
2024-05-03 07:35:53.276306   BUTTON_CREATE_YOUR_ACCOUNT is located on the page? =>

2024-05-03 07:35:53.285525   2. Act_v0: Define of locator

2024-05-03 07:35:53.285561   2. Act_v0: Go to web element

2024-05-03 07:35:54.370469   2. Act_v0: Click web element
2024-05-03 07:35:54.398406   => BUTTON_CREATE_YOUR_ACCOUNT is clicked

2024-05-03 07:35:54.398640   3. Assert_v0
2024-05-03 07:35:54.398738   Start step Check that [Sign up] form is opened
2024-05-03 07:35:54.916263   'Sign up' form opened
2024-05-03 07:35:54.916314   Assert SIGNUP_HEADER =>
2024-05-03 07:35:54.932801   Assert SIGNUP_REF_LOGIN =>
2024-05-03 07:35:54.952756   Assert SIGNUP_PRIVACY_POLICY_ALL_2 =>
2024-05-03 07:35:54.970928   => SIGNUP_PRIVACY_POLICY_ALL
2024-05-03 07:35:54.970978   => 'Signup' form is checked
2024-05-03 07:35:54.971195   Start step Close [Sign up] form =>
2024-05-03 07:35:55.084507   => 'Signup' form closed
2024-05-03 07:35:55.359631   => Focus moved to 'capital*com' logo
