{'width': 1280, 'height': 800}

2024-04-03 16:40:36.326693   worker_id = master

2024-04-03 16:40:36.326708   0. Allure grouping v4

2024-04-03 16:40:36.326891   START PRECONDITIONS =>

2024-04-03 16:40:36.326907   => Current URL - https://capital.com/ru/indeks-otnositelnoj-sily

2024-04-03 16:40:36.329886   => URL after prev. preconditions - https://capital.com/ru/indeks-otnositelnoj-sily

2024-04-03 16:40:36.329900   => flag_of_bug - False

2024-04-03 16:40:36.329910   => Windows size - {'width': 1280, 'height': 800}
2024-04-03 16:40:36.331177   Set windows position at (0, 0) =>
2024-04-03 16:40:36.433332   Set resolution 1280 * 800 =>
2024-04-03 16:40:36.535650   => Windows size is set to {'width': 1280, 'height': 800}

2024-04-03 16:40:37.558348   Капчи нет. Идем дальше

2024-04-03 16:40:37.558430   Работа с куками

2024-04-03 16:40:37.558444   Prev. country - 'ae'
2024-04-03 16:40:37.558454   Cur. country - 'ae'
2024-04-03 16:40:37.558463   => Country set to 'ae'

2024-04-03 16:40:37.558472   Prev. language - 'ru'
2024-04-03 16:40:37.558480   Cur. language - 'ru'
2024-04-03 16:40:37.558489   => Language is set to 'ru'

2024-04-03 16:40:37.558498   Prev. role - 'NoAuth'
2024-04-03 16:40:37.558507   Cur. role - 'NoAuth'
2024-04-03 16:40:37.558515   => The 'NoAuth' role is set

2024-04-03 16:40:37.561520   => Current URL - https://capital.com/ru/indeks-otnositelnoj-sily

2024-04-03 16:40:37.561543   => THE END PRECONDITIONS

2024-04-03 16:40:37.561584   1. Arrange
2024-04-03 16:40:37.561598   current_page = https://capital.com/ru/indeks-otnositelnoj-sily
2024-04-03 16:40:37.564237   link = https://capital.com/ru/indeks-otnositelnoj-sily
2024-04-03 16:40:37.566886   Is visible BUTTON_GET_IT_ON_GOOGLE_PLAY? =>
2024-04-03 16:40:39.095075   => BUTTON_GET_IT_ON_GOOGLE_PLAY is not visible on the page!
