{'width': 1280, 'height': 800}

2024-04-03 16:36:38.794732   worker_id = master

2024-04-03 16:36:38.794746   0. Allure grouping v4

2024-04-03 16:36:38.794934   START PRECONDITIONS =>

2024-04-03 16:36:38.794950   => Current URL - https://capital.com/ru/torgovye-strategii

2024-04-03 16:36:38.797619   => URL after prev. preconditions - https://capital.com/ru

2024-04-03 16:36:38.797632   => flag_of_bug - False

2024-04-03 16:36:38.797644   => Windows size - {'width': 1280, 'height': 800}
2024-04-03 16:36:38.798946   Set windows position at (0, 0) =>
2024-04-03 16:36:38.901336   Set resolution 1280 * 800 =>
2024-04-03 16:36:39.003656   => Windows size is set to {'width': 1280, 'height': 800}

2024-04-03 16:36:40.057512   Капчи нет. Идем дальше

2024-04-03 16:36:40.057604   Работа с куками

2024-04-03 16:36:40.057618   Prev. country - 'ae'
2024-04-03 16:36:40.057627   Cur. country - 'ae'
2024-04-03 16:36:40.057637   => Country set to 'ae'

2024-04-03 16:36:40.057646   Prev. language - 'ru'
2024-04-03 16:36:40.057654   Cur. language - 'ru'
2024-04-03 16:36:40.057663   => Language is set to 'ru'

2024-04-03 16:36:40.057672   Prev. role - 'NoAuth'
2024-04-03 16:36:40.057680   Cur. role - 'NoAuth'
2024-04-03 16:36:40.057689   => The 'NoAuth' role is set

2024-04-03 16:36:40.060578   => Current URL - https://capital.com/ru/torgovye-strategii

2024-04-03 16:36:40.060600   => THE END PRECONDITIONS
2024-04-03 16:36:40.566626   => Education menu is present in DOM
2024-04-03 16:36:40.571510   => Education menu is visible
2024-04-03 16:36:41.835067   => Focus moved to Education menu

2024-04-03 16:36:43.258193   1. Arrange_v0
2024-04-03 16:36:43.258236   current_page = https://capital.com/ru/torgovye-strategii
2024-04-03 16:36:43.262506   link = https://capital.com/ru/torgovye-strategii
2024-04-03 16:36:43.265539   BUTTON_CREATE_YOUR_ACCOUNT is located on the page? =>

2024-04-03 16:36:43.274858   2. Act_v0: Define of locator

2024-04-03 16:36:43.274882   2. Act_v0: Go to web element

2024-04-03 16:36:44.347167   2. Act_v0: Click web element
2024-04-03 16:36:44.373770   => BUTTON_CREATE_YOUR_ACCOUNT is clicked

2024-04-03 16:36:44.373994   3. Assert_v0
2024-04-03 16:36:44.374083   Start step Check that [Sign up] form is opened
2024-04-03 16:36:44.653685   'Sign up' form opened
2024-04-03 16:36:44.653722   Assert SIGNUP_HEADER =>
2024-04-03 16:36:44.667860   Assert SIGNUP_REF_LOGIN =>
2024-04-03 16:36:44.681475   Assert SIGNUP_PRIVACY_POLICY_ALL_2 =>
2024-04-03 16:36:44.695251   => SIGNUP_PRIVACY_POLICY_ALL
2024-04-03 16:36:44.695280   => 'Signup' form is checked
2024-04-03 16:36:44.695494   Start step Close [Sign up] form =>
2024-04-03 16:36:44.774739   => 'Signup' form closed
2024-04-03 16:36:45.038506   => Focus moved to 'capital*com' logo
