{'width': 1280, 'height': 800}

2024-04-03 15:34:44.704329   worker_id = master

2024-04-03 15:34:44.704342   0. Allure grouping v4

2024-04-03 15:34:44.704525   START PRECONDITIONS =>

2024-04-03 15:34:44.704540   => Current URL - https://capital.com/trading/platform/

2024-04-03 15:34:44.707348   => URL after prev. preconditions - https://capital.com/ru/togrovlya-amazon-amzn-cfd

2024-04-03 15:34:44.707388   => flag_of_bug - True
2024-04-03 15:34:44.707400   Current page URL = https://capital.com/trading/platform/
2024-04-03 15:34:44.709883   self.link = https://capital.com/ru/togrovlya-amazon-amzn-cfd
2024-04-03 15:34:44.709897   link = https://capital.com/ru/togrovlya-amazon-amzn-cfd
2024-04-03 15:34:46.687785   => Loaded page https://capital.com/ru/togrovlya-amazon-amzn-cfd

2024-04-03 15:34:46.693969   => Windows size - {'width': 1280, 'height': 800}
2024-04-03 15:34:46.695407   Set windows position at (0, 0) =>
2024-04-03 15:34:46.797649   Set resolution 1280 * 800 =>
2024-04-03 15:34:46.899802   => Windows size is set to {'width': 1280, 'height': 800}

2024-04-03 15:34:47.922745   Капчи нет. Идем дальше

2024-04-03 15:34:47.922834   Работа с куками

2024-04-03 15:34:47.922848   Prev. country - 'ae'
2024-04-03 15:34:47.922858   Cur. country - 'ae'
2024-04-03 15:34:47.922867   => Country set to 'ae'

2024-04-03 15:34:47.922876   Prev. language - 'ru'
2024-04-03 15:34:47.922885   Cur. language - 'ru'
2024-04-03 15:34:47.922893   => Language is set to 'ru'

2024-04-03 15:34:47.922902   Prev. role - 'Auth'
2024-04-03 15:34:47.922911   Cur. role - 'Auth'
2024-04-03 15:34:47.922920   => The 'Auth' role is set

2024-04-03 15:34:47.925580   => Current URL - https://capital.com/ru/togrovlya-amazon-amzn-cfd

2024-04-03 15:34:47.925602   => THE END PRECONDITIONS

2024-04-03 15:34:47.925782   1. Arrange_v3
2024-04-03 15:34:47.925799   current_page = https://capital.com/ru/togrovlya-amazon-amzn-cfd
2024-04-03 15:34:47.928284   link = https://capital.com/ru/togrovlya-amazon-amzn-cfd
2024-04-03 15:34:47.930662   Is visible BUTTON_START_TRADING_IN_ARTICLE? =>
2024-04-03 15:34:47.930682   => BUTTON_START_TRADING_IN_ARTICLE =>
2024-04-03 15:34:48.956387   => BUTTON_START_TRADING_IN_ARTICLE2 =>
2024-04-03 15:34:49.992535   => BUTTON_START_TRADING_IN_ARTICLE3 =>
