{'width': 1280, 'height': 720}

2024-01-04 23:17:51.297738   worker_id = master

2024-01-04 23:17:51.297759   0. Allure grouping v4


2024-01-04 23:17:51.297979   START PRECONDITIONS =>


2024-01-04 23:17:51.297996   {'width': 1280, 'height': 720}

2024-01-04 23:17:51.362002   Set windows position at (0, 0) =>

2024-01-04 23:17:51.850649   Set resolution 1280 * 720 =>

2024-01-04 23:17:51.960332   => Resolution seted {'width': 1280, 'height': 720}

2024-01-04 23:17:55.976567   Капчи нет. Тестим дальше

2024-01-04 23:17:55.976614   Prev. Role: NoReg

2024-01-04 23:17:55.976624   Current role: NoReg

2024-01-04 23:17:55.976632   Prev language: en

2024-01-04 23:17:55.976640   => Current language: en

2024-01-04 23:17:55.976648   Prev country: au

2024-01-04 23:17:55.976656   => Current country: au

2024-01-04 23:17:55.976664   => THE END PRECONDITIONS

2024-01-04 23:17:55.976721   1. Arrange_v0
2024-01-04 23:17:55.979809   BUTTON_CREATE_YOUR_ACCOUNT is located on the page? =>

2024-01-04 23:17:55.987923   2. Act_v0
2024-01-04 23:17:56.069409   => BUTTON_CREATE_YOUR_ACCOUNT is clicked

2024-01-04 23:17:56.069689   3. Assert_v0
2024-01-04 23:17:56.069809   Start step Check that [Sign up] form is opened
2024-01-04 23:17:56.319638   'Sign up' form opened
2024-01-04 23:17:56.319679   Assert SIGNUP_HEADER =>
2024-01-04 23:17:56.336431   Assert SIGNUP_REF_LOGIN =>
2024-01-04 23:17:56.353406   Assert SIGNUP_PRIVACY_POLICY_ALL_2 =>
2024-01-04 23:17:56.369580   => SIGNUP_PRIVACY_POLICY_ALL
2024-01-04 23:17:56.369611   => 'Signup' form is checked
2024-01-04 23:17:56.369761   Start step Close [Sign up] form =>
2024-01-04 23:17:56.464482   => 'Signup' form closed
