{'width': 1280, 'height': 720}

2024-02-23 19:41:04.807981   worker_id = master

2024-02-23 19:41:04.807999   0. Allure grouping v4


2024-02-23 19:41:04.808191   START PRECONDITIONS =>


2024-02-23 19:41:04.808207   {'width': 1280, 'height': 720}

2024-02-23 19:41:04.809495   Set windows position at (0, 0) =>

2024-02-23 19:41:04.911565   Set resolution 1280 * 720 =>

2024-02-23 19:41:05.013693   => Resolution seted {'width': 1280, 'height': 720}

2024-02-23 19:41:06.042675   Капчи нет. Идем дальше

2024-02-23 19:41:06.042761   Prev. Role: NoReg

2024-02-23 19:41:06.042774   Current role: NoReg

2024-02-23 19:41:07.070103   Капчи нет. Идем дальше

2024-02-23 19:41:07.070189   Prev language: en

2024-02-23 19:41:07.070202   => Current language: en

2024-02-23 19:41:08.099794   Капчи нет. Идем дальше

2024-02-23 19:41:08.099884   Prev country: de
2024-02-23 19:41:08.099897   => Current country: de

2024-02-23 19:41:08.099907   => THE END PRECONDITIONS

2024-02-23 19:41:08.099951   1. Cur URL = https://capital.com/trade-commodities

2024-02-23 19:41:08.102934   2. Link = https://capital.com/
2024-02-23 19:41:08.105580   Current page URL = https://capital.com/trade-commodities
2024-02-23 19:41:09.106557   => Loaded page https://capital.com/
2024-02-23 19:41:09.620385   => Education menu is present
2024-02-23 19:41:09.649337   element = <selenium.webdriver.remote.webelement.WebElement (session="5559dec2be4a5338d2012d2c9f7eb1e2", element="D65430092BDADE5589556A20B3BBB48A_element_2562")>
2024-02-23 19:41:09.649383   => Education menu is visible
2024-02-23 19:41:10.914803   => Focus moved to Education menu

2024-02-23 19:41:12.993932   1. Arrange_v0
2024-02-23 19:41:13.000398   BUTTON_CREATE_YOUR_ACCOUNT is located on the page? =>

2024-02-23 19:41:13.008671   2. Act_v0: Define of locator

2024-02-23 19:41:13.008694   2. Act_v0: Go to web element

2024-02-23 19:41:14.099083   2. Act_v0: Click web element
2024-02-23 19:41:14.125582   => BUTTON_CREATE_YOUR_ACCOUNT is clicked

2024-02-23 19:41:14.125783   3. Assert_v0
2024-02-23 19:41:14.125870   Start step Check that [Sign up] form is opened
2024-02-23 19:41:14.682855   'Sign up' form opened
2024-02-23 19:41:14.682895   Assert SIGNUP_HEADER =>
2024-02-23 19:41:14.694173   Assert SIGNUP_REF_LOGIN =>
2024-02-23 19:41:14.706592   Assert SIGNUP_PRIVACY_POLICY_ALL_2 =>
2024-02-23 19:41:14.718552   => SIGNUP_PRIVACY_POLICY_ALL
2024-02-23 19:41:14.718579   => 'Signup' form is checked
2024-02-23 19:41:14.718738   Start step Close [Sign up] form =>
2024-02-23 19:41:14.805199   => 'Signup' form closed
