{'width': 1280, 'height': 720}

2024-02-23 19:50:03.451235   worker_id = master

2024-02-23 19:50:03.451251   0. Allure grouping v4


2024-02-23 19:50:03.451440   START PRECONDITIONS =>


2024-02-23 19:50:03.451456   {'width': 1280, 'height': 720}

2024-02-23 19:50:03.452736   Set windows position at (0, 0) =>

2024-02-23 19:50:03.554722   Set resolution 1280 * 720 =>

2024-02-23 19:50:03.656714   => Resolution seted {'width': 1280, 'height': 720}

2024-02-23 19:50:04.715717   Капчи нет. Идем дальше

2024-02-23 19:50:04.715805   Prev. Role: NoReg

2024-02-23 19:50:04.715818   Current role: NoReg

2024-02-23 19:50:05.730800   Капчи нет. Идем дальше

2024-02-23 19:50:05.730890   Prev language: en

2024-02-23 19:50:05.730903   => Current language: en

2024-02-23 19:50:06.772280   Капчи нет. Идем дальше

2024-02-23 19:50:06.772367   Prev country: de
2024-02-23 19:50:06.772380   => Current country: de

2024-02-23 19:50:06.772390   => THE END PRECONDITIONS

2024-02-23 19:50:06.772565   1. Arrange_v0
2024-02-23 19:50:06.785597   => BUTTON_TRY_DEMO is present on this page
2024-02-23 19:50:06.785622   BUTTON_TRY_DEMO scroll =>
2024-02-23 19:50:06.788888   BUTTON_TRY_DEMO is visible? =>
2024-02-23 19:50:06.803368   => BUTTON_TRY_DEMO is visible on this page

2024-02-23 19:50:06.803503   2. Act_v0
2024-02-23 19:50:06.815236   BUTTON_TRY_DEMO is clickable? =>
2024-02-23 19:50:06.862125   => BUTTON_TRY_DEMO clicked!

2024-02-23 19:50:06.862407   3. Assert_v0
2024-02-23 19:50:06.862522   Start step Check that [Sign up] form is opened
2024-02-23 19:50:06.899698   'Sign up' form opened
2024-02-23 19:50:06.899739   Assert SIGNUP_HEADER =>
2024-02-23 19:50:06.918064   Assert SIGNUP_REF_LOGIN =>
2024-02-23 19:50:06.937986   Assert SIGNUP_PRIVACY_POLICY_ALL_2 =>
2024-02-23 19:50:06.957287   => SIGNUP_PRIVACY_POLICY_ALL
2024-02-23 19:50:06.957323   => 'Signup' form is checked
2024-02-23 19:50:06.957511   Start step Close [Sign up] form =>
2024-02-23 19:50:07.068897   => 'Signup' form closed
