{'width': 1280, 'height': 720}

2024-02-23 20:12:41.562251   worker_id = master

2024-02-23 20:12:41.562268   0. Allure grouping v4


2024-02-23 20:12:41.562461   START PRECONDITIONS =>


2024-02-23 20:12:41.562477   {'width': 1280, 'height': 720}

2024-02-23 20:12:41.563796   Set windows position at (0, 0) =>

2024-02-23 20:12:41.666052   Set resolution 1280 * 720 =>

2024-02-23 20:12:41.768348   => Resolution seted {'width': 1280, 'height': 720}

2024-02-23 20:12:42.796429   Капчи нет. Идем дальше

2024-02-23 20:12:42.796513   Prev. Role: NoAuth

2024-02-23 20:12:42.796526   Current role: NoAuth

2024-02-23 20:12:43.823391   Капчи нет. Идем дальше

2024-02-23 20:12:43.823480   Prev language: en

2024-02-23 20:12:43.823493   => Current language: en

2024-02-23 20:12:44.851431   Капчи нет. Идем дальше

2024-02-23 20:12:44.851523   Prev country: de
2024-02-23 20:12:44.851536   => Current country: de

2024-02-23 20:12:44.851546   => THE END PRECONDITIONS

2024-02-23 20:12:44.851725   1. Arrange_v4
2024-02-23 20:12:44.855305   MOST_TRADED is present? =>
2024-02-23 20:12:44.863365   => MOST_TRADED widget is present on this page
2024-02-23 20:12:44.863388   => Found 5 elements in block MOST_TRADED
2024-02-23 20:12:44.863399   Most traded widget is scroll =>
2024-02-23 20:12:44.866685   => Most traded widget is scrolled into screen center

2024-02-23 20:12:44.866725   Random indexes = [4]

2024-02-23 20:12:44.866739   Testing Most traded 1 random element with 4 index

2024-02-23 20:12:44.866865   2. Act_v4
2024-02-23 20:12:44.866959   Start Checking that form [Sign up] popped up on the page =>
2024-02-23 20:12:44.879589   'Sign up' form opened
2024-02-23 20:12:44.879741   Start step Close [Sign up] form =>
2024-02-23 20:12:44.942078   => 'Signup' form closed
2024-02-23 20:12:45.240664   Selected Trade button on Most traded widget is scroll =>
2024-02-23 20:12:45.243932   Selected Trade button click for 'Ripple to US Dollar' trading instrument =>
2024-02-23 20:12:46.312027   => Selected Trade button clicked!

2024-02-23 20:12:46.312272   3. Assert_Login_v0
2024-02-23 20:12:46.312409   Check that 'Login' form is opened
2024-02-23 20:12:46.326873   'Login' form opened
2024-02-23 20:12:46.326909   Assert LOGIN_REF_SIGNUP =>
2024-02-23 20:12:46.343740   Assert LOGIN_CHECKBOX =>
2024-02-23 20:12:46.360169   Assert LOGIN_PASS_FORGOT =>
2024-02-23 20:12:46.375210   => 'Login' form is checked
2024-02-23 20:12:46.415036   Click 'Close' button on 'Login' form =>
2024-02-23 20:12:46.452264   => 'Login' form closed
