{'width': 1280, 'height': 720}

2024-02-23 19:54:53.235524   worker_id = master

2024-02-23 19:54:53.235545   0. Allure grouping v4


2024-02-23 19:54:53.235825   START PRECONDITIONS =>


2024-02-23 19:54:53.235847   {'width': 1280, 'height': 720}

2024-02-23 19:54:53.237790   Set windows position at (0, 0) =>

2024-02-23 19:54:53.340250   Set resolution 1280 * 720 =>

2024-02-23 19:54:53.442399   => Resolution seted {'width': 1280, 'height': 720}

2024-02-23 19:54:54.469794   Капчи нет. Идем дальше

2024-02-23 19:54:54.469882   Prev. Role: NoAuth

2024-02-23 19:54:54.469895   Current role: NoAuth

2024-02-23 19:54:55.493471   Капчи нет. Идем дальше

2024-02-23 19:54:55.493555   Prev language: en

2024-02-23 19:54:55.493568   => Current language: en

2024-02-23 19:54:56.518178   Капчи нет. Идем дальше

2024-02-23 19:54:56.518268   Prev country: de
2024-02-23 19:54:56.518281   => Current country: de

2024-02-23 19:54:56.518290   => THE END PRECONDITIONS

2024-02-23 19:54:56.518460   1. Cur URL = https://capital.com/trade-forex

2024-02-23 19:54:56.521381   2. Link = https://capital.com/
2024-02-23 19:54:56.525353   Current page URL = https://capital.com/trade-forex
2024-02-23 19:54:57.542945   => Loaded page https://capital.com/
2024-02-23 19:54:58.059324   => Education menu is present
2024-02-23 19:54:58.077160   element = <selenium.webdriver.remote.webelement.WebElement (session="8f55cc5f821ef720c380c18cf862e154", element="144823A35DCA91C4DDF5B9C7D300ABFF_element_2340")>
2024-02-23 19:54:58.077197   => Education menu is visible
2024-02-23 19:54:59.348594   => Focus moved to Education menu


2024-02-23 19:55:01.293112   => Forex trading sub-menu clicked

2024-02-23 19:55:01.306057   3. Cur URL = https://capital.com/trade-forex

2024-02-23 19:55:01.311487   1. Arrange_v0
2024-02-23 19:55:01.317963   BUTTON_CREATE_YOUR_ACCOUNT is located on the page? =>

2024-02-23 19:55:01.350725   2. Act_v0: Define of locator

2024-02-23 19:55:01.350763   2. Act_v0: Go to web element

2024-02-23 19:55:02.494836   2. Act_v0: Click web element
2024-02-23 19:55:02.521337   => BUTTON_CREATE_YOUR_ACCOUNT is clicked

2024-02-23 19:55:02.521552   3. Assert_v0
2024-02-23 19:55:02.521644   Start step Check that [Sign up] form is opened
2024-02-23 19:55:03.024969   'Sign up' form opened
2024-02-23 19:55:03.025008   Assert SIGNUP_HEADER =>
2024-02-23 19:55:03.037669   Assert SIGNUP_REF_LOGIN =>
2024-02-23 19:55:03.049649   Assert SIGNUP_PRIVACY_POLICY_ALL_2 =>
2024-02-23 19:55:03.061445   => SIGNUP_PRIVACY_POLICY_ALL
2024-02-23 19:55:03.061469   => 'Signup' form is checked
2024-02-23 19:55:03.061630   Start step Close [Sign up] form =>
2024-02-23 19:55:03.147745   => 'Signup' form closed
