{'width': 1280, 'height': 720}

2024-02-23 20:04:48.945915   worker_id = master

2024-02-23 20:04:48.945932   0. Allure grouping v4


2024-02-23 20:04:48.946125   START PRECONDITIONS =>


2024-02-23 20:04:48.946141   {'width': 1280, 'height': 720}

2024-02-23 20:04:48.947457   Set windows position at (0, 0) =>

2024-02-23 20:04:49.049323   Set resolution 1280 * 720 =>

2024-02-23 20:04:49.151622   => Resolution seted {'width': 1280, 'height': 720}

2024-02-23 20:04:50.183177   Капчи нет. Идем дальше

2024-02-23 20:04:50.183273   Prev. Role: NoReg

2024-02-23 20:04:50.183287   Current role: NoReg

2024-02-23 20:04:51.214453   Капчи нет. Идем дальше

2024-02-23 20:04:51.214543   Prev language: en

2024-02-23 20:04:51.214557   => Current language: en

2024-02-23 20:04:52.242896   Капчи нет. Идем дальше

2024-02-23 20:04:52.242984   Prev country: de
2024-02-23 20:04:52.242998   => Current country: de

2024-02-23 20:04:52.243007   => THE END PRECONDITIONS

2024-02-23 20:04:52.243216   1. Arrange_v0
2024-02-23 20:04:52.246194   BUTTON_CREATE_YOUR_ACCOUNT is located on the page? =>

2024-02-23 20:04:52.251420   2. Act_v0: Define of locator

2024-02-23 20:04:52.251442   2. Act_v0: Go to web element

2024-02-23 20:04:53.320793   2. Act_v0: Click web element
2024-02-23 20:04:53.362796   => BUTTON_CREATE_YOUR_ACCOUNT is clicked

2024-02-23 20:04:53.363057   3. Assert_v0
2024-02-23 20:04:53.363220   Start step Check that [Sign up] form is opened
2024-02-23 20:04:53.379322   'Sign up' form opened
2024-02-23 20:04:53.379360   Assert SIGNUP_HEADER =>
2024-02-23 20:04:53.391823   Assert SIGNUP_REF_LOGIN =>
2024-02-23 20:04:53.403549   Assert SIGNUP_PRIVACY_POLICY_ALL_2 =>
2024-02-23 20:04:53.416351   => SIGNUP_PRIVACY_POLICY_ALL
2024-02-23 20:04:53.416385   => 'Signup' form is checked
2024-02-23 20:04:53.416548   Start step Close [Sign up] form =>
2024-02-23 20:04:53.484221   => 'Signup' form closed
