{'width': 1280, 'height': 720}

2024-02-22 18:01:51.770261   worker_id = master

2024-02-22 18:01:51.770278   0. Allure grouping v4


2024-02-22 18:01:51.770478   START PRECONDITIONS =>


2024-02-22 18:01:51.770494   {'width': 1280, 'height': 720}

2024-02-22 18:01:51.771856   Set windows position at (0, 0) =>

2024-02-22 18:01:51.874062   Set resolution 1280 * 720 =>

2024-02-22 18:01:51.977085   => Resolution seted {'width': 1280, 'height': 720}

2024-02-22 18:01:53.013855   Капчи нет. Идем дальше

2024-02-22 18:01:53.013949   Prev. Role: NoReg

2024-02-22 18:01:53.013962   Current role: NoReg

2024-02-22 18:01:54.047327   Капчи нет. Идем дальше

2024-02-22 18:01:54.047425   Prev language: pl

2024-02-22 18:01:54.047438   => Current language: pl

2024-02-22 18:01:55.074838   Капчи нет. Идем дальше

2024-02-22 18:01:55.074948   Prev country: ae
2024-02-22 18:01:55.074962   => Current country: ae

2024-02-22 18:01:55.074972   => THE END PRECONDITIONS

2024-02-22 18:01:55.075012   1. Arrange_v0

2024-02-22 18:01:55.086057   2. Act_v0
2024-02-22 18:01:55.086082   BUTTON_GET_STARTED_ON_STICKY_BAR is present? =>
2024-02-22 18:01:55.090686   => BUTTON_GET_STARTED_ON_STICKY_BAR is present on the page!
2024-02-22 18:01:55.090710   BUTTON_GET_STARTED_ON_STICKY_BAR scroll =>
2024-02-22 18:01:55.151117   => BUTTON_GET_STARTED_ON_STICKY_BAR clicked!

2024-02-22 18:01:55.151363   3. Assert_v0
2024-02-22 18:01:55.151452   Start step Check that [Sign up] form is opened
2024-02-22 18:01:55.168969   'Sign up' form opened
2024-02-22 18:01:55.169008   Assert SIGNUP_HEADER =>
2024-02-22 18:01:55.181883   Assert SIGNUP_REF_LOGIN =>
2024-02-22 18:01:55.193845   Assert SIGNUP_PRIVACY_POLICY_ALL_2 =>
2024-02-22 18:01:55.205748   => SIGNUP_PRIVACY_POLICY_ALL
2024-02-22 18:01:55.205780   => 'Signup' form is checked
2024-02-22 18:01:55.205950   Start step Close [Sign up] form =>
2024-02-22 18:01:55.281005   => 'Signup' form closed
