{'width': 1280, 'height': 800}

2024-04-23 22:31:19.909836   worker_id = master

2024-04-23 22:31:19.909851   0. Allure grouping v4

2024-04-23 22:31:19.910054   START PRECONDITIONS =>

2024-04-23 22:31:19.910070   => URL after prev. preconditions - https://capital.com/hu
2024-04-23 22:31:19.910080   => flag_of_bug - False
2024-04-23 22:31:19.910091   => Current URL - https://capital.com/hu/chf-jpy-arfolyam
2024-04-23 22:31:19.916660   Current page URL = https://capital.com/hu/chf-jpy-arfolyam
2024-04-23 22:31:19.920518   self.link = https://capital.com/hu
2024-04-23 22:31:19.920532   driver.get(https://capital.com/hu) =>
2024-04-23 22:31:22.942725   => Loaded page https://capital.com/hu

2024-04-23 22:31:22.950363   => Windows size - {'width': 1280, 'height': 800}
2024-04-23 22:31:22.951851   Set windows position at (0, 0) =>
2024-04-23 22:31:23.054192   Set resolution 1280 * 800 =>
2024-04-23 22:31:23.156693   => Windows size is set to {'width': 1280, 'height': 800}

2024-04-23 22:31:24.214598   Капчи нет. Идем дальше

2024-04-23 22:31:24.214693   Работа с куками =>

2024-04-23 22:31:24.214707   => не требуется

2024-04-23 22:31:24.214717   Prev. country - 'au'
2024-04-23 22:31:24.214726   Cur. country - 'au'
2024-04-23 22:31:24.214736   => Country set to 'au'

2024-04-23 22:31:24.214745   Prev. language - 'hu'
2024-04-23 22:31:24.214754   Cur. language - 'hu'
2024-04-23 22:31:24.214762   => Language is set to 'hu'

2024-04-23 22:31:24.214771   Prev. role - 'Auth'
2024-04-23 22:31:24.214780   Cur. role - 'Auth'
2024-04-23 22:31:24.214789   => The 'Auth' role is set

2024-04-23 22:31:24.217646   => Current URL - https://capital.com/hu

2024-04-23 22:31:24.217671   => THE END PRECONDITIONS

2024-04-23 22:31:24.217870   1. Arrange_v2
2024-04-23 22:31:24.217888   current_page = https://capital.com/hu
2024-04-23 22:31:24.220534   link = https://capital.com/hu/chf-jpy-arfolyam
2024-04-23 22:31:24.223096   Current page URL = https://capital.com/hu
2024-04-23 22:31:24.225638   self.link = https://capital.com/hu/chf-jpy-arfolyam
2024-04-23 22:31:24.225652   driver.get(https://capital.com/hu/chf-jpy-arfolyam) =>
2024-04-23 22:31:25.948055   => Loaded page https://capital.com/hu/chf-jpy-arfolyam
2024-04-23 22:31:25.952674 Is SHORT_POSITION_OVERNIGHT_FEE present on the page? =>
2024-04-23 22:31:25.965699   => SHORT_POSITION_OVERNIGHT_FEE is present on the page
2024-04-23 22:31:25.965742   SHORT_POSITION_OVERNIGHT_FEE  scroll =>
2024-04-23 22:31:25.969387   => SHORT_POSITION_OVERNIGHT_FEE  scrolled

2024-04-23 22:31:25.969553   2. Act_v2
2024-04-23 22:31:25.969569   SHORT_POSITION_OVERNIGHT_FEE open =>
2024-04-23 22:31:26.749202   Is SHORT_POSITION_OVERNIGHT_FEE open?  =>
2024-04-23 22:31:26.763552   => TOOLTIP_SHORT_POSITION_FEE is open
2024-04-23 22:31:26.763589   Move focus to button [Go to platform] and click on =>
2024-04-23 22:31:27.540598   => BUTTON_GO_TO_PLATFORM is clickable
2024-04-23 22:31:27.880556 => BUTTON_GO_TO_PLATFORM clicked

2024-04-23 22:31:27.880906   3. Assert_v4

2024-04-23 22:31:27.880936   
2024-04-23 22:31:27.881102   Checking that the trading platform page has opened (v4) =>
2024-04-23 22:31:28.392347   Checking way # 1 => 

2024-04-23 22:31:28.392529   1. Checking that the Trading platform (or TradingView site) page has valid title =>
2024-04-23 22:31:28.395215   => The title of current page is 'Trading Platform | Capital.com'

2024-04-23 22:31:28.395285   2. Checking that the LOGO is present on the page =>
2024-04-23 22:31:29.468862   => 'capital*com' logo is present on the current page

2024-04-23 22:31:29.468903   tpd = False
2024-04-23 22:31:30.405600   => Driver.backed
