{'width': 1280, 'height': 720}

2024-01-30 12:09:39.176958   worker_id = gw1

2024-01-30 12:09:39.176974   0. Allure grouping v4


2024-01-30 12:09:39.177136   START PRECONDITIONS =>


2024-01-30 12:09:39.177150   {'width': 1280, 'height': 720}

2024-01-30 12:09:39.178391   Set windows position at (0, 0) =>

2024-01-30 12:09:39.280365   Set resolution 1280 * 720 =>

2024-01-30 12:09:39.382353   => Resolution seted {'width': 1280, 'height': 720}

2024-01-30 12:09:40.406667   Капчи нет. Идем дальше

2024-01-30 12:09:40.406756   Prev. Role: NoAuth

2024-01-30 12:09:40.406769   Current role: NoAuth

2024-01-30 12:09:41.439562   Капчи нет. Идем дальше

2024-01-30 12:09:41.439672   Prev language: de

2024-01-30 12:09:41.439688   => Current language: de

2024-01-30 12:09:42.491724   Капчи нет. Идем дальше

2024-01-30 12:09:42.491810   Prev country: ae

2024-01-30 12:09:42.491822   => Current country: ae

2024-01-30 12:09:42.491831   => THE END PRECONDITIONS

2024-01-30 12:09:42.491862   1. Arrange_v4
2024-01-30 12:09:42.494757   MOST_TRADED is visible? =>
2024-01-30 12:09:42.502946   => MOST_TRADED is visible on the page!
2024-01-30 12:09:42.502969   => Found 5 elements in block MOST_TRADED

2024-01-30 12:09:42.502997   Testing Most traded random element #1

2024-01-30 12:09:42.503118   2. Act_v4
2024-01-30 12:09:42.503131   MOST_TRADED delete js-mostTraded class =>
2024-01-30 12:09:42.526142   MOST_TRADED scroll =>
2024-01-30 12:09:42.526285   Start Checking that form [Sign up] popped up on the page =>
2024-01-30 12:09:42.537377   'Sign up' form opened
2024-01-30 12:09:42.537471   Start step Close [Sign up] form =>
2024-01-30 12:09:42.589332   => 'Signup' form closed
2024-01-30 12:09:42.594735   MOST_TRADED click for 'Tesla Inc' trading instrument =>
2024-01-30 12:09:42.688901   => MOST_TRADED clicked!

2024-01-30 12:09:42.689162   3. Assert_Login_v0
2024-01-30 12:09:42.689241   Check that 'Login' form is opened
2024-01-30 12:09:42.704383   'Login' form opened
2024-01-30 12:09:42.704414   Assert LOGIN_REF_SIGNUP =>
2024-01-30 12:09:42.720174   Assert LOGIN_CHECKBOX =>
2024-01-30 12:09:42.733688   Assert LOGIN_PASS_FORGOT =>
2024-01-30 12:09:42.750287   => 'Login' form is checked
2024-01-30 12:09:42.820861   Click 'Close' button on 'Login' form =>
2024-01-30 12:09:42.863802   => 'Login' form closed

2024-01-30 12:09:42.863925   Clear Top Chart list =>
2024-01-30 12:09:44.741931   Load page https://capital.com/trading/platform/charting/

2024-01-30 12:09:46.804292   1. Arrange_v4
2024-01-30 12:09:47.641084   Load page https://capital.com/de/trade-alibaba
2024-01-30 12:09:47.641121   MOST_TRADED is visible? =>
2024-01-30 12:09:47.647840   => MOST_TRADED is visible on the page!
2024-01-30 12:09:47.647870   => Found 5 elements in block MOST_TRADED

2024-01-30 12:09:47.647881   Testing Most traded random element #2

2024-01-30 12:09:47.648018   2. Act_v4
2024-01-30 12:09:47.648032   MOST_TRADED delete js-mostTraded class =>
2024-01-30 12:09:47.689805   MOST_TRADED scroll =>
2024-01-30 12:09:47.689966   Start Checking that form [Sign up] popped up on the page =>
2024-01-30 12:09:49.247909   '[Sign up]' form was not popped up
2024-01-30 12:09:49.251139   MOST_TRADED click for 'NVIDIA Corp' trading instrument =>
2024-01-30 12:09:49.318999   => MOST_TRADED clicked!

2024-01-30 12:09:49.319254   3. Assert_Login_v0
2024-01-30 12:09:49.319368   Check that 'Login' form is opened
2024-01-30 12:09:49.549331   'Login' form opened
2024-01-30 12:09:49.549368   Assert LOGIN_REF_SIGNUP =>
2024-01-30 12:09:49.561677   Assert LOGIN_CHECKBOX =>
2024-01-30 12:09:49.574201   Assert LOGIN_PASS_FORGOT =>
2024-01-30 12:09:49.585852   => 'Login' form is checked
2024-01-30 12:09:49.603908   Click 'Close' button on 'Login' form =>
2024-01-30 12:09:49.641480   => 'Login' form closed
