{'width': 1280, 'height': 720}

2024-01-30 12:08:43.534122   worker_id = gw0

2024-01-30 12:08:43.534143   0. Allure grouping v4


2024-01-30 12:08:43.534358   START PRECONDITIONS =>


2024-01-30 12:08:43.534375   {'width': 1280, 'height': 720}

2024-01-30 12:08:43.535830   Set windows position at (0, 0) =>

2024-01-30 12:08:43.637956   Set resolution 1280 * 720 =>

2024-01-30 12:08:43.740043   => Resolution seted {'width': 1280, 'height': 720}

2024-01-30 12:08:44.774369   Капчи нет. Идем дальше

2024-01-30 12:08:44.774451   Prev. Role: Auth

2024-01-30 12:08:44.774463   Current role: Auth

2024-01-30 12:08:45.797075   Капчи нет. Идем дальше

2024-01-30 12:08:45.797157   Prev language: de

2024-01-30 12:08:45.797169   => Current language: de

2024-01-30 12:08:46.824068   Капчи нет. Идем дальше

2024-01-30 12:08:46.824148   Prev country: ae

2024-01-30 12:08:46.824161   => Current country: ae

2024-01-30 12:08:46.824169   => THE END PRECONDITIONS

2024-01-30 12:08:46.824200   1. Arrange_v4
2024-01-30 12:08:47.969558   Load page https://capital.com/de/trade-apple
2024-01-30 12:08:47.969602   MOST_TRADED is visible? =>
2024-01-30 12:08:48.026414   => MOST_TRADED is visible on the page!
2024-01-30 12:08:48.026454   => Found 5 elements in block MOST_TRADED

2024-01-30 12:08:48.026498   Testing Most traded random element #1

2024-01-30 12:08:48.026674   2. Act_v4
2024-01-30 12:08:48.026695   MOST_TRADED delete js-mostTraded class =>
2024-01-30 12:08:48.066985   MOST_TRADED scroll =>
2024-01-30 12:08:48.067144   Start Checking that form [Sign up] popped up on the page =>
2024-01-30 12:08:49.617382   '[Sign up]' form was not popped up
2024-01-30 12:08:49.623931   MOST_TRADED click for 'Advanced Micro Devices Inc' trading instrument =>
2024-01-30 12:08:50.484514   => MOST_TRADED clicked!

2024-01-30 12:08:50.484806   3. Assert_v4
2024-01-30 12:08:50.484948   Checking that the trading platform page has opened (v4) =>
2024-01-30 12:08:50.502283   => Current page title: Trading Platform | Capital.com
2024-01-30 12:08:50.502444   Checking that the Trading platform LOGO is present on the page =>
2024-01-30 12:08:52.122654   Checking that the Trading platform opened in LIVE mode =>

Bug: Bid:11.02.02.01_06-de.ae.Auth

2024-01-30 12:09:07.448796   Проверка бага в таблице ретеста  =>

2024-01-30 12:09:07.453775   4. Fixing one row check results into Google Sheet Bugs Report =>
1 cells updated.
2024-01-30 12:09:08.072483   => 4. One row check results into Google Sheet Bugs Report fixed

2024-01-30 12:09:09.536857   4. Fixing one row check results into Google Sheet Bugs Report =>
1 cells updated.
2024-01-30 12:09:09.698647   => 4. One row check results into Google Sheet Bugs Report fixed

2024-01-30 12:09:09.698714   Bug: Bid:11.02.02.01_06-de.ae.Auth уже существует, но тип бага изменился с 23/01/24 на 12

2024-01-30 12:09:09.699119   Bug: Bid:11.02.02.01_06-de.ae.Auth-12 уже существует

2024-01-30 12:09:09.699287   4. Fixing one row check results into Google Sheet Bugs Report =>
1 cells updated.
2024-01-30 12:09:10.039341   => 4. One row check results into Google Sheet Bugs Report fixed
