{'width': 1280, 'height': 720}

2024-01-30 12:37:14.627905   worker_id = gw0

2024-01-30 12:37:14.627925   0. Allure grouping v4


2024-01-30 12:37:14.629669   START PRECONDITIONS =>


2024-01-30 12:37:14.629695   {'width': 1280, 'height': 720}

2024-01-30 12:37:14.631266   Set windows position at (0, 0) =>

2024-01-30 12:37:14.733450   Set resolution 1280 * 720 =>

2024-01-30 12:37:14.836580   => Resolution seted {'width': 1280, 'height': 720}

2024-01-30 12:37:15.844563   Капчи нет. Идем дальше

2024-01-30 12:37:15.844646   Prev. Role: NoReg

2024-01-30 12:37:15.844659   Current role: NoReg

2024-01-30 12:37:16.868138   Капчи нет. Идем дальше

2024-01-30 12:37:16.868235   Prev language: de

2024-01-30 12:37:16.868253   => Current language: de

2024-01-30 12:37:17.917212   Капчи нет. Идем дальше

2024-01-30 12:37:17.917308   Prev country: ae

2024-01-30 12:37:17.917323   => Current country: ae

2024-01-30 12:37:17.917331   => THE END PRECONDITIONS

2024-01-30 12:37:17.917366   1. Arrange_v0
2024-01-30 12:37:17.927150   BUTTON_BUY_IN_CONTENT_BLOCK is located on the page? =>
2024-01-30 12:37:17.935128   => BUTTON_BUY_IN_CONTENT_BLOCK is located on the page!
2024-01-30 12:37:17.935295   Start Checking that form [Sign up] popped up on the page =>
2024-01-30 12:37:19.493968   '[Sign up]' form was not popped up

2024-01-30 12:37:19.494140   2. Act_v0
2024-01-30 12:37:19.500403   BUTTON_BUY_IN_CONTENT_BLOCK is present? =>
2024-01-30 12:37:19.500427   => BUTTON_BUY_IN_CONTENT_BLOCK is present on the page
2024-01-30 12:37:19.500436   BUTTON_BUY_IN_CONTENT_BLOCK scroll =>
2024-01-30 12:37:19.505197   => BUTTON_BUY_IN_CONTENT_BLOCK scrolled
2024-01-30 12:37:19.517281   BUTTON_BUY_IN_CONTENT_BLOCK is clickable? =>
2024-01-30 12:37:19.531676   BUTTON_BUY_IN_CONTENT_BLOCK CLICK =>
2024-01-30 12:37:19.575756   => BUTTON_BUY_IN_CONTENT_BLOCK clicked!

2024-01-30 12:37:19.576043   3. Assert_v0
2024-01-30 12:37:19.576165   Start step Check that [Sign up] form is opened
2024-01-30 12:37:19.594003   'Sign up' form opened
2024-01-30 12:37:19.594039   Assert SIGNUP_HEADER =>
2024-01-30 12:37:19.609319   Assert SIGNUP_REF_LOGIN =>
2024-01-30 12:37:19.631992   Assert SIGNUP_PRIVACY_POLICY_ALL_2 =>
2024-01-30 12:37:19.683918   => SIGNUP_PRIVACY_POLICY_ALL
2024-01-30 12:37:19.683965   => 'Signup' form is checked
2024-01-30 12:37:19.684173   Start step Close [Sign up] form =>
2024-01-30 12:37:19.774064   => 'Signup' form closed
