{'width': 1280, 'height': 800}

2024-04-23 22:18:29.918644   worker_id = master

2024-04-23 22:18:29.918658   0. Allure grouping v4

2024-04-23 22:18:29.918845   START PRECONDITIONS =>

2024-04-23 22:18:29.918860   => URL after prev. preconditions - https://capital.com/hu
2024-04-23 22:18:29.918870   => flag_of_bug - False
2024-04-23 22:18:29.918881   => Current URL - https://capital.com/hu/cad-jpy-arfolyam
2024-04-23 22:18:29.924241   Current page URL = https://capital.com/hu/cad-jpy-arfolyam
2024-04-23 22:18:29.926717   self.link = https://capital.com/hu
2024-04-23 22:18:29.926731   driver.get(https://capital.com/hu) =>
2024-04-23 22:18:32.270429   => Loaded page https://capital.com/hu

2024-04-23 22:18:32.274990   => Windows size - {'width': 1280, 'height': 800}
2024-04-23 22:18:32.279366   Set windows position at (0, 0) =>
2024-04-23 22:18:32.381718   Set resolution 1280 * 800 =>
2024-04-23 22:18:32.484354   => Windows size is set to {'width': 1280, 'height': 800}

2024-04-23 22:18:33.532542   Капчи нет. Идем дальше

2024-04-23 22:18:33.532626   Работа с куками =>

2024-04-23 22:18:33.532640   => не требуется

2024-04-23 22:18:33.532650   Prev. country - 'au'
2024-04-23 22:18:33.532660   Cur. country - 'au'
2024-04-23 22:18:33.532669   => Country set to 'au'

2024-04-23 22:18:33.532678   Prev. language - 'hu'
2024-04-23 22:18:33.532687   Cur. language - 'hu'
2024-04-23 22:18:33.532696   => Language is set to 'hu'

2024-04-23 22:18:33.532704   Prev. role - 'NoAuth'
2024-04-23 22:18:33.532713   Cur. role - 'NoAuth'
2024-04-23 22:18:33.532722   => The 'NoAuth' role is set

2024-04-23 22:18:33.535513   => Current URL - https://capital.com/hu

2024-04-23 22:18:33.535536   => THE END PRECONDITIONS

2024-04-23 22:18:33.535743   1. Arrange_v0
2024-04-23 22:18:33.535761   current_page = https://capital.com/hu
2024-04-23 22:18:33.538376   link = https://capital.com/hu/cad-jpy-arfolyam
2024-04-23 22:18:33.541003   Current page URL = https://capital.com/hu
2024-04-23 22:18:33.547145   self.link = https://capital.com/hu/cad-jpy-arfolyam
2024-04-23 22:18:33.547160   driver.get(https://capital.com/hu/cad-jpy-arfolyam) =>
2024-04-23 22:18:35.303014   => Loaded page https://capital.com/hu/cad-jpy-arfolyam
2024-04-23 22:18:35.307606   BUTTON_CREATE_YOUR_ACCOUNT is located on the page? =>

2024-04-23 22:18:35.319510   2. Act_v0: Define of locator

2024-04-23 22:18:35.319549   2. Act_v0: Go to web element

2024-04-23 22:18:36.379388   2. Act_v0: Click web element
2024-04-23 22:18:36.407006   => BUTTON_CREATE_YOUR_ACCOUNT is clicked

2024-04-23 22:18:36.407269   3. Assert_v0
2024-04-23 22:18:36.407364   Start step Check that [Sign up] form is opened
2024-04-23 22:18:36.690276   'Sign up' form opened
2024-04-23 22:18:36.690329   Assert SIGNUP_HEADER =>
2024-04-23 22:18:36.706234   Assert SIGNUP_REF_LOGIN =>
2024-04-23 22:18:36.722303   Assert SIGNUP_PRIVACY_POLICY_ALL_2 =>
2024-04-23 22:18:36.736229   => SIGNUP_PRIVACY_POLICY_ALL
2024-04-23 22:18:36.736268   => 'Signup' form is checked
2024-04-23 22:18:36.736430   Start step Close [Sign up] form =>
2024-04-23 22:18:36.839068   => 'Signup' form closed
2024-04-23 22:18:37.111077   => Focus moved to 'capital*com' logo
