{'width': 1280, 'height': 720}

2024-01-30 12:29:24.707450   worker_id = gw0

2024-01-30 12:29:24.707472   0. Allure grouping v4


2024-01-30 12:29:24.707745   START PRECONDITIONS =>


2024-01-30 12:29:24.707768   {'width': 1280, 'height': 720}

2024-01-30 12:29:24.709458   Set windows position at (0, 0) =>

2024-01-30 12:29:24.829242   Set resolution 1280 * 720 =>

2024-01-30 12:29:24.944397   => Resolution seted {'width': 1280, 'height': 720}

2024-01-30 12:29:25.955418   Капчи нет. Идем дальше

2024-01-30 12:29:25.955502   Prev. Role: NoReg

2024-01-30 12:29:25.955514   Current role: NoReg

2024-01-30 12:29:26.978505   Капчи нет. Идем дальше

2024-01-30 12:29:26.978590   Prev language: de

2024-01-30 12:29:26.978602   => Current language: de

2024-01-30 12:29:28.011313   Капчи нет. Идем дальше

2024-01-30 12:29:28.011408   Prev country: ae

2024-01-30 12:29:28.011423   => Current country: ae

2024-01-30 12:29:28.011435   => THE END PRECONDITIONS

2024-01-30 12:29:28.011471   1. Arrange_v4
2024-01-30 12:29:28.026915   MOST_TRADED is visible? =>
2024-01-30 12:29:28.036596   => MOST_TRADED is visible on the page!
2024-01-30 12:29:28.036627   => Found 5 elements in block MOST_TRADED

2024-01-30 12:29:28.036651   Testing Most traded random element #1

2024-01-30 12:29:28.036811   2. Act_v4
2024-01-30 12:29:28.036835   MOST_TRADED delete js-mostTraded class =>
2024-01-30 12:29:28.063141   MOST_TRADED scroll =>
2024-01-30 12:29:28.063286   Start Checking that form [Sign up] popped up on the page =>
2024-01-30 12:29:29.608074   '[Sign up]' form was not popped up
2024-01-30 12:29:29.611573   MOST_TRADED click for 'Silver Spot' trading instrument =>
2024-01-30 12:29:29.704150   => MOST_TRADED clicked!

2024-01-30 12:29:29.704410   3. Assert_v0
2024-01-30 12:29:29.704516   Start step Check that [Sign up] form is opened
2024-01-30 12:29:29.726433   'Sign up' form opened
2024-01-30 12:29:29.726466   Assert SIGNUP_HEADER =>
2024-01-30 12:29:29.739791   Assert SIGNUP_REF_LOGIN =>
2024-01-30 12:29:29.752036   Assert SIGNUP_PRIVACY_POLICY_ALL_2 =>
2024-01-30 12:29:29.764476   => SIGNUP_PRIVACY_POLICY_ALL
2024-01-30 12:29:29.764503   => 'Signup' form is checked
2024-01-30 12:29:29.764643   Start step Close [Sign up] form =>
2024-01-30 12:29:29.851029   => 'Signup' form closed

2024-01-30 12:29:29.851133   Clear Top Chart list =>
2024-01-30 12:29:31.596728   Load page https://capital.com/trading/platform/charting/

2024-01-30 12:29:33.738825   1. Arrange_v4
2024-01-30 12:29:34.737578   Load page https://capital.com/de/trade-platinum
2024-01-30 12:29:34.737626   MOST_TRADED is visible? =>
2024-01-30 12:29:34.780042   => MOST_TRADED is visible on the page!
2024-01-30 12:29:34.780087   => Found 5 elements in block MOST_TRADED

2024-01-30 12:29:34.780101   Testing Most traded random element #2

2024-01-30 12:29:34.780272   2. Act_v4
2024-01-30 12:29:34.780288   MOST_TRADED delete js-mostTraded class =>
2024-01-30 12:29:34.809816   MOST_TRADED scroll =>
2024-01-30 12:29:34.810013   Start Checking that form [Sign up] popped up on the page =>
2024-01-30 12:29:36.369825   '[Sign up]' form was not popped up
2024-01-30 12:29:36.374892   MOST_TRADED click for 'Brent Crude Oil Spot' trading instrument =>
2024-01-30 12:29:36.481855   => MOST_TRADED clicked!

2024-01-30 12:29:36.482073   3. Assert_v0
2024-01-30 12:29:36.482144   Start step Check that [Sign up] form is opened
2024-01-30 12:29:36.911200   'Sign up' form opened
2024-01-30 12:29:36.911250   Assert SIGNUP_HEADER =>
2024-01-30 12:29:36.932288   Assert SIGNUP_REF_LOGIN =>
2024-01-30 12:29:36.955684   Assert SIGNUP_PRIVACY_POLICY_ALL_2 =>
2024-01-30 12:29:36.978920   => SIGNUP_PRIVACY_POLICY_ALL
2024-01-30 12:29:36.978967   => 'Signup' form is checked
2024-01-30 12:29:36.979172   Start step Close [Sign up] form =>
2024-01-30 12:29:37.093585   => 'Signup' form closed
