{'width': 1280, 'height': 720}

2024-02-16 05:34:41.301794   worker_id = master

2024-02-16 05:34:41.301811   0. Allure grouping v4


2024-02-16 05:34:41.302011   START PRECONDITIONS =>


2024-02-16 05:34:41.302027   {'width': 1280, 'height': 720}

2024-02-16 05:34:41.303351   Set windows position at (0, 0) =>

2024-02-16 05:34:41.405604   Set resolution 1280 * 720 =>

2024-02-16 05:34:41.508048   => Resolution seted {'width': 1280, 'height': 720}

2024-02-16 05:34:42.558363   Капчи нет. Идем дальше

2024-02-16 05:34:42.558457   Prev. Role: Auth

2024-02-16 05:34:42.558471   Current role: Auth

2024-02-16 05:34:43.586036   Капчи нет. Идем дальше

2024-02-16 05:34:43.586123   Prev language: en

2024-02-16 05:34:43.586136   => Current language: en

2024-02-16 05:34:44.613767   Капчи нет. Идем дальше

2024-02-16 05:34:44.613856   Prev country: au
2024-02-16 05:34:44.613870   => Current country: au

2024-02-16 05:34:44.613879   => THE END PRECONDITIONS

2024-02-16 05:34:44.614062   1. Arrange_v0
2024-02-16 05:34:44.616930   BUTTON_CREATE_YOUR_ACCOUNT is located on the page? =>

2024-02-16 05:34:44.624945   2. Act_v0: Define of locator

2024-02-16 05:34:44.624967   2. Act_v0: Go to web element

2024-02-16 05:34:45.803798   2. Act_v0: Click web element
2024-02-16 05:34:46.149794   => BUTTON_CREATE_YOUR_ACCOUNT is clicked

2024-02-16 05:34:46.150136   3. Assert_v4
2024-02-16 05:34:46.150311   Checking that the trading platform page has opened (v4) =>
2024-02-16 05:34:46.663812   => Current page title: Trading Platform | Capital.com
2024-02-16 05:34:46.663956   Checking that the Trading platform LOGO is present on the page =>
2024-02-16 05:34:47.389819   Checking that the Trading platform opened in LIVE mode =>
2024-02-16 05:34:47.409840   => The page with https://capital.com/trading/platform/ url was opened in lIVE mode
2024-02-16 05:34:48.643789   => Driver.backed
