{'width': 1280, 'height': 720}

2024-02-16 05:36:37.841382   worker_id = master

2024-02-16 05:36:37.841404   0. Allure grouping v4


2024-02-16 05:36:37.841655   START PRECONDITIONS =>


2024-02-16 05:36:37.841674   {'width': 1280, 'height': 720}

2024-02-16 05:36:37.843203   Set windows position at (0, 0) =>

2024-02-16 05:36:37.945361   Set resolution 1280 * 720 =>

2024-02-16 05:36:38.047346   => Resolution seted {'width': 1280, 'height': 720}

2024-02-16 05:36:39.077839   Капчи нет. Идем дальше

2024-02-16 05:36:39.077927   Prev. Role: NoAuth

2024-02-16 05:36:39.077940   Current role: NoAuth

2024-02-16 05:36:40.104478   Капчи нет. Идем дальше

2024-02-16 05:36:40.104568   Prev language: en

2024-02-16 05:36:40.104582   => Current language: en

2024-02-16 05:36:41.132811   Капчи нет. Идем дальше

2024-02-16 05:36:41.132899   Prev country: au
2024-02-16 05:36:41.132912   => Current country: au

2024-02-16 05:36:41.132921   => THE END PRECONDITIONS

2024-02-16 05:36:41.133104   1. Arrange_v0
2024-02-16 05:36:41.136119   BUTTON_CREATE_YOUR_ACCOUNT is located on the page? =>

2024-02-16 05:36:41.144093   2. Act_v0: Define of locator

2024-02-16 05:36:41.144115   2. Act_v0: Go to web element

2024-02-16 05:36:42.249926   2. Act_v0: Click web element
2024-02-16 05:36:42.289975   => BUTTON_CREATE_YOUR_ACCOUNT is clicked

2024-02-16 05:36:42.290208   3. Assert_v0
2024-02-16 05:36:42.290300   Start step Check that [Sign up] form is opened
2024-02-16 05:36:42.302959   'Sign up' form opened
2024-02-16 05:36:42.302987   Assert SIGNUP_HEADER =>
2024-02-16 05:36:42.316527   Assert SIGNUP_REF_LOGIN =>
2024-02-16 05:36:42.329446   Assert SIGNUP_PRIVACY_POLICY_ALL_2 =>
2024-02-16 05:36:42.340997   => SIGNUP_PRIVACY_POLICY_ALL
2024-02-16 05:36:42.341031   => 'Signup' form is checked
2024-02-16 05:36:42.341196   Start step Close [Sign up] form =>
2024-02-16 05:36:42.417475   => 'Signup' form closed
