{'width': 1280, 'height': 720}

2024-01-05 01:49:38.799148   worker_id = master

2024-01-05 01:49:38.799163   0. Allure grouping v4


2024-01-05 01:49:38.799323   START PRECONDITIONS =>


2024-01-05 01:49:38.799338   {'width': 1280, 'height': 720}

2024-01-05 01:49:38.800655   Set windows position at (0, 0) =>

2024-01-05 01:49:38.902820   Set resolution 1280 * 720 =>

2024-01-05 01:49:39.005681   => Resolution seted {'width': 1280, 'height': 720}

2024-01-05 01:49:43.060317   Капчи нет. Тестим дальше

2024-01-05 01:49:43.060363   Prev. Role: NoAuth

2024-01-05 01:49:43.060373   Current role: NoAuth

2024-01-05 01:49:43.060381   Prev language: en

2024-01-05 01:49:43.060389   => Current language: en

2024-01-05 01:49:43.060397   Prev country: de

2024-01-05 01:49:43.060405   => Current country: de

2024-01-05 01:49:43.060413   => THE END PRECONDITIONS

2024-01-05 01:49:43.060471   1. Arrange
2024-01-05 01:49:43.060483   Button 'try_free_demo' under video banner =>
2024-01-05 01:49:43.068264   => BUTTON_UNDER_VIDEO_BANNER is present on the DOM of a page

2024-01-05 01:49:43.068410   2. Act
2024-01-05 01:49:43.188062   => Button under Video banner clicked

2024-01-05 01:49:43.188404   3. Assert_v0
2024-01-05 01:49:43.188514   Start step Check that [Sign up] form is opened
2024-01-05 01:49:43.206011   'Sign up' form opened
2024-01-05 01:49:43.206052   Assert SIGNUP_HEADER =>
2024-01-05 01:49:43.217967   Assert SIGNUP_REF_LOGIN =>
2024-01-05 01:49:43.230501   Assert SIGNUP_PRIVACY_POLICY_ALL_2 =>
2024-01-05 01:49:43.244012   => SIGNUP_PRIVACY_POLICY_ALL
2024-01-05 01:49:43.244050   => 'Signup' form is checked
2024-01-05 01:49:43.244268   Start step Close [Sign up] form =>
2024-01-05 01:49:43.297922   => 'Signup' form closed
