


Current sorting - Top risers
{'width': 1280, 'height': 800}

2024-05-06 05:53:25.199612   worker_id = master

2024-05-06 05:53:25.199626   0. Allure grouping v4

2024-05-06 05:53:25.199835   START PRECONDITIONS =>

2024-05-06 05:53:25.199854   => URL after prev. preconditions - https://capital.com/hu
2024-05-06 05:53:25.199863   => flag_of_bug - True
2024-05-06 05:53:25.199874   => Current URL - https://capital.com/hu/fobb-globalis-indexek?t=most
2024-05-06 05:53:25.205982   Current page URL = https://capital.com/hu/fobb-globalis-indexek?t=most
2024-05-06 05:53:25.208523   self.link = https://capital.com/hu
2024-05-06 05:53:25.208536   driver.get(https://capital.com/hu) =>
2024-05-06 05:53:27.053998   => Loaded page https://capital.com/hu

2024-05-06 05:53:27.058526   => Windows size - {'width': 1280, 'height': 800}
2024-05-06 05:53:27.060002   Set windows position at (0, 0) =>
2024-05-06 05:53:27.061588   Set resolution 1280 * 800 =>
2024-05-06 05:53:27.063112   => Windows size is set to {'width': 1280, 'height': 800}

2024-05-06 05:53:28.105931   Капчи нет. Идем дальше

2024-05-06 05:53:28.106029   Работа с куками =>

2024-05-06 05:53:28.106048   => не требуется

2024-05-06 05:53:28.106058   Prev. country - 'de'
2024-05-06 05:53:28.106067   Cur. country - 'de'
2024-05-06 05:53:28.106076   => Country set to 'de'

2024-05-06 05:53:28.106085   Prev. language - 'hu'
2024-05-06 05:53:28.106094   Cur. language - 'hu'
2024-05-06 05:53:28.106102   => Language is set to 'hu'

2024-05-06 05:53:28.106111   Prev. role - 'NoReg'
2024-05-06 05:53:28.106120   Cur. role - 'NoReg'
2024-05-06 05:53:28.106129   => The 'NoReg' role is set

2024-05-06 05:53:28.108786   => Current URL - https://capital.com/hu

2024-05-06 05:53:28.108809   => THE END PRECONDITIONS

2024-05-06 05:53:28.108992   START Open "Markets" menu, "Indices" submenu =>

2024-05-06 05:53:28.109007   1. Cur URL = https://capital.com/hu

2024-05-06 05:53:28.111460   2. Link = https://capital.com/hu
2024-05-06 05:53:28.111481   current_page = https://capital.com/hu
2024-05-06 05:53:28.114701   link = https://capital.com/hu
2024-05-06 05:53:28.626191   => 'Markets' menu is present
2024-05-06 05:53:28.641240   => 'Markets' menu is visible
2024-05-06 05:53:29.920970   => Focus moved to 'Markets' menu


2024-05-06 05:53:31.358367   => 'Indices' submenu clicked
2024-05-06 05:53:31.672325   => Focus moved to 'capital*com' logo

2024-05-06 05:53:31.672369   3. Cur URL = https://capital.com/hu/fobb-globalis-indexek

2024-05-06 05:53:31.677773   1. Arrange for TABLE_TRADING_INSTRUMENTS and 'Top risers' cur_sort
2024-05-06 05:53:31.677796   current_page = https://capital.com/hu/fobb-globalis-indexek
2024-05-06 05:53:31.680242   link = https://capital.com/hu/fobb-globalis-indexek
2024-05-06 05:53:31.682661   TABLE_TRADING_INSTRUMENTS present on this page? =>
2024-05-06 05:53:31.690353   => Trading Instrument table is present on the page!
2024-05-06 05:53:31.690375   IS FIELD_DROPDOWN_SORT present in the Live TI prices table? =>
2024-05-06 05:53:31.697516   =>  FIELD_DROPDOWN_SORT is present in the Live TI price table!
2024-05-06 05:53:31.697538   Start scroll and click FIELD_DROPDOWN_SORT =>
2024-05-06 05:53:31.805577   Is item_sort_list visible on the FIELD_DROPDOWN_SORT ? =>
2024-05-06 05:53:31.860736   => items_sort_list is visible on the FIELD_DROPDOWN_SORT!
2024-05-06 05:53:31.860777   Is cur_sort "Top risers" present in items_sort_list? =>
2024-05-06 05:53:31.868987   => cur_sort "Top risers" is present in item_sort_list!
2024-05-06 05:53:31.869030   Start click cur_sort item - "Top risers"=>
2024-05-06 05:53:32.528065   => End Click cur_sort "Top risers"

2024-05-06 05:53:32.528111   Buttons [Sell] is visible and sum buttons no zero? =>
2024-05-06 05:53:32.580624   => Buttons [Sell] is visible and sum buttons no zero!

2024-05-06 05:53:32.580659   Start find 1 random buttons [Sell] on cur_sort "Top risers"=>
2024-05-06 05:53:32.586835   => End find 1 random buttons [Sell] on the cur_sort "Top risers"

2024-05-06 05:53:32.586878   List of random items = [10]
2024-05-06 05:53:32.587092   2. Act for trading instrument and "Top risers" cur_sort
2024-05-06 05:53:32.604063   Start click button [Sell] =>
2024-05-06 05:53:32.615094   =>   BUTTON_SELL on item with ID = '389605073441988' is present
2024-05-06 05:53:32.615119   BUTTON_SELL on item with ID = '389605073441988' scroll into view =>
2024-05-06 05:53:32.618321   => BUTTON_SELL on item with ID = '389605073441988' scrolled into view
2024-05-06 05:53:32.618343   Check that BUTTON_SELL with item 'VIX' clickable =>
2024-05-06 05:53:32.744077   => BUTTON_SELL is clickable
2024-05-06 05:53:33.026849   =>   BUTTON_SELL on item 'VIX' clicked

2024-05-06 05:53:33.027149   3. Assert_v0
2024-05-06 05:53:33.027267   Start step Check that [Sign up] form is opened
2024-05-06 05:53:33.264706   'Sign up' form opened
2024-05-06 05:53:33.264746   Assert SIGNUP_HEADER =>
2024-05-06 05:53:33.278160   Assert SIGNUP_REF_LOGIN =>
2024-05-06 05:53:33.291316   Assert SIGNUP_PRIVACY_POLICY_ALL_2 =>
2024-05-06 05:53:33.304798   => SIGNUP_PRIVACY_POLICY_ALL
2024-05-06 05:53:33.304843   => 'Signup' form is checked
2024-05-06 05:53:33.305047   Start step Close [Sign up] form =>
2024-05-06 05:53:33.374361   => 'Signup' form closed
2024-05-06 05:53:33.653766   => Focus moved to 'capital*com' logo
