{'width': 1280, 'height': 720}

2024-02-21 11:36:26.451973   worker_id = master

2024-02-21 11:36:26.451997   0. Allure grouping v4


2024-02-21 11:36:26.452345   START PRECONDITIONS =>


2024-02-21 11:36:26.452374   {'width': 1280, 'height': 720}

2024-02-21 11:36:26.454028   Set windows position at (0, 0) =>

2024-02-21 11:36:26.556530   Set resolution 1280 * 720 =>

2024-02-21 11:36:26.659080   => Resolution seted {'width': 1280, 'height': 720}

2024-02-21 11:36:27.705737   Капчи нет. Идем дальше

2024-02-21 11:36:27.705834   Prev. Role: NoAuth

2024-02-21 11:36:27.705847   Current role: NoAuth

2024-02-21 11:36:28.744169   Капчи нет. Идем дальше

2024-02-21 11:36:28.744265   Prev language: zh

2024-02-21 11:36:28.744279   => Current language: zh

2024-02-21 11:36:29.786613   Капчи нет. Идем дальше

2024-02-21 11:36:29.786712   Prev country: de
2024-02-21 11:36:29.786726   => Current country: de

2024-02-21 11:36:29.786736   => THE END PRECONDITIONS

2024-02-21 11:36:29.786929   1. Arrange_v0
2024-02-21 11:36:29.790146   BUTTON_CREATE_YOUR_ACCOUNT is located on the page? =>

2024-02-21 11:36:29.799260   2. Act_v0: Define of locator

2024-02-21 11:36:29.799286   2. Act_v0: Go to web element

2024-02-21 11:36:30.898993   2. Act_v0: Click web element
2024-02-21 11:36:30.947251   => BUTTON_CREATE_YOUR_ACCOUNT is clicked

2024-02-21 11:36:30.947569   3. Assert_v0
2024-02-21 11:36:30.947708   Start step Check that [Sign up] form is opened
2024-02-21 11:36:30.966783   'Sign up' form opened
2024-02-21 11:36:30.966826   Assert SIGNUP_HEADER =>
2024-02-21 11:36:30.980021   Assert SIGNUP_REF_LOGIN =>
2024-02-21 11:36:30.992818   Assert SIGNUP_PRIVACY_POLICY_ALL_2 =>
2024-02-21 11:36:31.007340   => SIGNUP_PRIVACY_POLICY_ALL
2024-02-21 11:36:31.007381   => 'Signup' form is checked
2024-02-21 11:36:31.007562   Start step Close [Sign up] form =>
2024-02-21 11:36:31.093877   => 'Signup' form closed
