{'width': 1280, 'height': 800}

2024-06-13 18:53:04.939150   worker_id = master

2024-06-13 18:53:04.939150   0. Allure grouping v4

2024-06-13 18:53:04.940151   START PRECONDITIONS =>

2024-06-13 18:53:04.940151   => URL after prev. preconditions - https://capital.com/ru
2024-06-13 18:53:04.940151   => flag_of_bug - False
2024-06-13 18:53:04.940151   => Current URL - https://capital.com/ru/torgovlya-indeksami-cfd
2024-06-13 18:53:04.946469   Current page URL = https://capital.com/ru/torgovlya-indeksami-cfd
2024-06-13 18:53:04.950474   self.link = https://capital.com/ru
2024-06-13 18:53:04.950474   driver.get(https://capital.com/ru) =>
2024-06-13 18:53:06.607407   => Loaded page https://capital.com/ru

2024-06-13 18:53:06.613432   => Windows size: {'width': 1280, 'height': 800}
2024-06-13 18:53:06.615480   Set windows position at (0, 0) =>
2024-06-13 18:53:06.617923   Set resolution 1280 * 800 =>
2024-06-13 18:53:06.620921   => Windows size is set to {'width': 1280, 'height': 800}

2024-06-13 18:53:07.624813   Капчи нет. Идем дальше

2024-06-13 18:53:07.624813   Работа с куками =>

2024-06-13 18:53:07.624813   => не требуется

2024-06-13 18:53:08.670705   Капчи нет. Идем дальше

2024-06-13 18:53:08.670705   Prev. country - 'ae'
2024-06-13 18:53:08.670705   Cur. country - 'ae'
2024-06-13 18:53:08.670705   => Country set to 'ae'

2024-06-13 18:53:09.711922   Капчи нет. Идем дальше

2024-06-13 18:53:09.711922   Prev. language - 'ru'
2024-06-13 18:53:09.711922   Cur. language - 'ru'
2024-06-13 18:53:09.711922   => Language is set to 'ru'

2024-06-13 18:53:10.725584   Капчи нет. Идем дальше

2024-06-13 18:53:10.725584   Prev. role - 'NoReg'
2024-06-13 18:53:10.725584   Cur. role - 'NoReg'
2024-06-13 18:53:10.725584   => The 'NoReg' role is set

2024-06-13 18:53:10.725584   => Current URL - https://capital.com/ru

2024-06-13 18:53:10.725584   => THE END PRECONDITIONS

2024-06-13 18:53:10.725584   1. Cur URL = https://capital.com/ru

2024-06-13 18:53:10.725584   2. Link = https://capital.com/ru
2024-06-13 18:53:10.725584   current_page = https://capital.com/ru
2024-06-13 18:53:10.725584   link = https://capital.com/ru
2024-06-13 18:53:11.247460   => Education menu is present in DOM
2024-06-13 18:53:11.253287   => Education menu is visible
2024-06-13 18:53:12.530032   => Focus moved to Education menu
2024-06-13 18:53:14.929285   => Focus moved to 'capital*com' logo

2024-06-13 18:53:14.929285   3. Cur URL = https://capital.com/ru/torgovlya-indeksami-cfd

2024-06-13 18:53:14.935294   1. Arrange
2024-06-13 18:53:14.935294   current_page = https://capital.com/ru/torgovlya-indeksami-cfd
2024-06-13 18:53:14.939287   link = https://capital.com/ru/torgovlya-indeksami-cfd
2024-06-13 18:53:14.942587   BUTTON_ON_HOR_BANNER is present? =>
2024-06-13 18:53:14.950603   => BUTTON_ON_HOR_BANNER is present on this page
2024-06-13 18:53:14.950603   BUTTON_ON_HOR_BANNER scroll =>
2024-06-13 18:53:14.955589   BUTTON_ON_HOR_BANNER is visible? =>
2024-06-13 18:53:15.050624   => BUTTON_ON_HOR_BANNER is visible on the page!
2024-06-13 18:53:15.050624   Start Checking that form [Sign up] popped up on the page =>
2024-06-13 18:53:16.590874   '[Sign up]' form was not popped up

2024-06-13 18:53:16.590874   2. Act

2024-06-13 18:53:16.606524   => Button on Horizontal banner is clickable

2024-06-13 18:53:16.606524   data_id = 390
2024-06-13 18:53:16.649903   => BUTTON_ON_HOR_BANNER clicked!

2024-06-13 18:53:16.649903   3. Assert_Signup_v0
2024-06-13 18:53:16.649903   Start step Check that [Sign up] form is opened
2024-06-13 18:53:16.849119   'Sign up' form opened
2024-06-13 18:53:16.849119   Assert SIGNUP_HEADER =>
2024-06-13 18:53:16.861912   Assert SIGNUP_REF_LOGIN =>
2024-06-13 18:53:16.874803   Assert SIGNUP_PRIVACY_POLICY_ALL_2 =>
2024-06-13 18:53:16.889413   => SIGNUP_PRIVACY_POLICY_ALL
2024-06-13 18:53:16.889413   => 'Signup' form is checked
2024-06-13 18:53:16.889413   Start step Close [Sign up] form =>
2024-06-13 18:53:16.982791   => 'Signup' form closed
2024-06-13 18:53:17.261412   => Focus moved to 'capital*com' logo
