{'width': 1280, 'height': 800}

2024-03-19 20:51:03.147704   worker_id = master

2024-03-19 20:51:03.147721   0. Allure grouping v4


2024-03-19 20:51:03.147912   START PRECONDITIONS =>


2024-03-19 20:51:03.147928   => flag_of_bug - True
2024-03-19 20:51:03.147940   Current page URL = https://capital.com/zh/trade-stocks
2024-03-19 20:51:03.882356   => Loaded page https://capital.com/

2024-03-19 20:51:03.884969   => Windows size - {'width': 1280, 'height': 800}
2024-03-19 20:51:03.886241   Set windows position at (0, 0) =>
2024-03-19 20:51:03.988517   Set resolution 1280 * 800 =>
2024-03-19 20:51:04.091166   => Windows size is set to {'width': 1280, 'height': 800}

2024-03-19 20:51:05.135298   Капчи нет. Идем дальше

2024-03-19 20:51:05.135378   Работа с куками

2024-03-19 20:51:05.135392   => Prev. country - 'de'
2024-03-19 20:51:05.135402   => Country set to 'de'

2024-03-19 20:51:05.135411   => Prev. language - 'zh'
2024-03-19 20:51:05.135420   Set 'zh' language =>
2024-03-19 20:51:05.143085   => Language and Country menu is present
2024-03-19 20:51:05.153680   => Language and Country menu is visible
2024-03-19 20:51:06.427941   => Focus is moved on Language and Country menu 
2024-03-19 20:51:06.433870   Move focus on zh item and click =>
2024-03-19 20:51:07.894439   => Focus moved on zh item and clicked
2024-03-19 20:51:07.894488   => Cur url = https://capital.com/zh
2024-03-19 20:51:07.929088   => Language is set to 'zh'

2024-03-19 20:51:07.929121   => Prev. role - 'NoReg'
2024-03-19 20:51:07.929131   => The 'NoReg' role is set

2024-03-19 20:51:07.931553   => THE END PRECONDITIONS

2024-03-19 20:51:07.931606   1. Cur URL = https://capital.com/zh

2024-03-19 20:51:07.933938   2. Link = https://capital.com/zh
2024-03-19 20:51:08.444695   => Education menu is present in DOM
2024-03-19 20:51:08.451516   element = <selenium.webdriver.remote.webelement.WebElement (session="dbc58f97a458ce2d0a2d4ac8b78ca52b", element="f.3C6ADAC02913A1C50E6B585A2C9FCBD7.d.4334F597E3B2143CB3BA04B303DEED45.e.3830")>
2024-03-19 20:51:08.451544   => Education menu is visible
2024-03-19 20:51:09.726214   => Focus moved to Education menu


2024-03-19 20:51:11.626083   => Shares trading sub-menu clicked

2024-03-19 20:51:11.651194   1. Arrange
2024-03-19 20:51:11.653753   BUTTON_ON_VER_BANNER is present? =>
2024-03-19 20:51:11.663206   => BUTTON_ON_VER_BANNER is present on the page!
2024-03-19 20:51:11.663230   BUTTON_ON_VER_BANNER scroll =>
2024-03-19 20:51:11.666564   BUTTON_ON_VER_BANNER is visible? =>
2024-03-19 20:51:11.704335   => BUTTON_ON_VER_BANNER is visible on the page!
2024-03-19 20:51:11.704587   Start Checking that form [Sign up] popped up on the page =>
2024-03-19 20:51:13.220238   '[Sign up]' form was not popped up

2024-03-19 20:51:13.220424   2. Act

2024-03-19 20:51:13.237153   => Button on Vertical banner clickable

2024-03-19 20:51:13.240935   data_id = 425
2024-03-19 20:51:13.273296   => BUTTON_ON_VER_BANNER clicked!

2024-03-19 20:51:13.273550   3. Assert_v0
2024-03-19 20:51:13.273647   Start step Check that [Sign up] form is opened
2024-03-19 20:51:13.972609   'Sign up' form opened
2024-03-19 20:51:13.972647   Assert SIGNUP_HEADER =>
2024-03-19 20:51:13.989397   Assert SIGNUP_REF_LOGIN =>
2024-03-19 20:51:14.004254   Assert SIGNUP_PRIVACY_POLICY_ALL_2 =>
2024-03-19 20:51:14.018051   => SIGNUP_PRIVACY_POLICY_ALL
2024-03-19 20:51:14.018085   => 'Signup' form is checked
2024-03-19 20:51:14.018249   Start step Close [Sign up] form =>
2024-03-19 20:51:14.081709   => 'Signup' form closed
