{'width': 1280, 'height': 800}

2024-03-19 21:12:44.425521   worker_id = master

2024-03-19 21:12:44.425539   0. Allure grouping v4


2024-03-19 21:12:44.425747   START PRECONDITIONS =>


2024-03-19 21:12:44.425763   => flag_of_bug - False

2024-03-19 21:12:44.425775   => Windows size - {'width': 1280, 'height': 800}
2024-03-19 21:12:44.427259   Set windows position at (0, 0) =>
2024-03-19 21:12:44.529470   Set resolution 1280 * 800 =>
2024-03-19 21:12:44.631889   => Windows size is set to {'width': 1280, 'height': 800}

2024-03-19 21:12:45.675294   Капчи нет. Идем дальше

2024-03-19 21:12:45.675389   Работа с куками

2024-03-19 21:12:45.675404   => Prev. country - 'de'
2024-03-19 21:12:45.675414   => Country set to 'de'

2024-03-19 21:12:45.675424   => Prev. language - 'zh'
2024-03-19 21:12:45.675433   => Language is set to 'zh'

2024-03-19 21:12:45.675442   => Prev. role - 'Auth'
2024-03-19 21:12:45.675451   => The 'Auth' role is set

2024-03-19 21:12:45.678201   => THE END PRECONDITIONS

2024-03-19 21:12:45.678407   1. Arrange_v0
2024-03-19 21:12:45.688768   => BUTTON_TRY_DEMO is present on this page
2024-03-19 21:12:45.688791   BUTTON_TRY_DEMO scroll =>
2024-03-19 21:12:45.692089   BUTTON_TRY_DEMO is visible? =>
2024-03-19 21:12:45.706200   => BUTTON_TRY_DEMO is visible on this page

2024-03-19 21:12:45.706332   2. Act_v0
2024-03-19 21:12:45.712297   BUTTON_TRY_DEMO is clickable? =>
2024-03-19 21:12:45.734957   => BUTTON_TRY_DEMO clicked!

2024-03-19 21:12:45.735222   3. Assert_v4
2024-03-19 21:12:45.735339   Checking that the trading platform page has opened (v4) =>
2024-03-19 21:12:46.748471   Checking way # 1 => 
2024-03-19 21:12:46.751104   => Current page title: Trading Platform | Capital.com
2024-03-19 21:12:46.751231   Checking that the Trading platform LOGO is present on the page =>
2024-03-19 21:12:47.474685   => Trading platform LOGO is present on the page
2024-03-19 21:12:47.474796   tpd = True
2024-03-19 21:12:47.475023   Checking that the Trading platform opened in DEMO mode =>
2024-03-19 21:12:47.491874   => The page with https://capital.com/trading/platform/?mode=demo url was opened in DEMO mode
2024-03-19 21:12:48.404946   => Driver.backed
