{'width': 1280, 'height': 800}

2024-06-13 18:57:56.309618   worker_id = master

2024-06-13 18:57:56.309618   0. Allure grouping v4

2024-06-13 18:57:56.309618   START PRECONDITIONS =>

2024-06-13 18:57:56.310668   => URL after prev. preconditions - https://capital.com/ru
2024-06-13 18:57:56.310668   => flag_of_bug - False
2024-06-13 18:57:56.310668   => Current URL - https://capital.com/ru/cac-40-cfd
2024-06-13 18:57:56.320823   Current page URL = https://capital.com/ru/cac-40-cfd
2024-06-13 18:57:56.324821   self.link = https://capital.com/ru
2024-06-13 18:57:56.324821   driver.get(https://capital.com/ru) =>
2024-06-13 18:57:58.460235   => Loaded page https://capital.com/ru

2024-06-13 18:57:58.465550   => Windows size: {'width': 1280, 'height': 800}
2024-06-13 18:57:58.468552   Set windows position at (0, 0) =>
2024-06-13 18:57:58.471242   Set resolution 1280 * 800 =>
2024-06-13 18:57:58.474242   => Windows size is set to {'width': 1280, 'height': 800}

2024-06-13 18:57:59.528051   Капчи нет. Идем дальше

2024-06-13 18:57:59.528051   Работа с куками =>

2024-06-13 18:57:59.528051   => не требуется

2024-06-13 18:58:00.585820   Капчи нет. Идем дальше

2024-06-13 18:58:00.585820   Prev. country - 'ae'
2024-06-13 18:58:00.585820   Cur. country - 'ae'
2024-06-13 18:58:00.585820   => Country set to 'ae'

2024-06-13 18:58:01.596452   Капчи нет. Идем дальше

2024-06-13 18:58:01.597480   Prev. language - 'ru'
2024-06-13 18:58:01.597538   Cur. language - 'ru'
2024-06-13 18:58:01.597538   => Language is set to 'ru'

2024-06-13 18:58:02.649579   Капчи нет. Идем дальше

2024-06-13 18:58:02.649579   Prev. role - 'NoReg'
2024-06-13 18:58:02.649579   Cur. role - 'NoReg'
2024-06-13 18:58:02.649579   => The 'NoReg' role is set

2024-06-13 18:58:02.653288   => Current URL - https://capital.com/ru

2024-06-13 18:58:02.653288   => THE END PRECONDITIONS

2024-06-13 18:58:02.653288   1. Arrange_v0
2024-06-13 18:58:02.653288   current_page = https://capital.com/ru
2024-06-13 18:58:02.656289   link = https://capital.com/ru/cac-40-cfd
2024-06-13 18:58:02.660291   Current page URL = https://capital.com/ru
2024-06-13 18:58:02.663291   self.link = https://capital.com/ru/cac-40-cfd
2024-06-13 18:58:02.663291   driver.get(https://capital.com/ru/cac-40-cfd) =>
2024-06-13 18:58:04.671108   => Loaded page https://capital.com/ru/cac-40-cfd
2024-06-13 18:58:04.687375   => BUTTON_TRY_DEMO is present on this page
2024-06-13 18:58:04.687375   BUTTON_TRY_DEMO scroll =>
2024-06-13 18:58:04.692383   BUTTON_TRY_DEMO is visible? =>
2024-06-13 18:58:04.720904   => BUTTON_TRY_DEMO is visible on this page

2024-06-13 18:58:04.720904   2. Act_v0
2024-06-13 18:58:04.726908   BUTTON_TRY_DEMO is clickable? =>
2024-06-13 18:58:04.759471   => BUTTON_TRY_DEMO clicked!

2024-06-13 18:58:04.759471   3. Assert_Signup_v0
2024-06-13 18:58:04.760475   Start step Check that [Sign up] form is opened
2024-06-13 18:58:04.936011   'Sign up' form opened
2024-06-13 18:58:04.936011   Assert SIGNUP_HEADER =>
2024-06-13 18:58:04.949243   Assert SIGNUP_REF_LOGIN =>
2024-06-13 18:58:04.962174   Assert SIGNUP_PRIVACY_POLICY_ALL_2 =>
2024-06-13 18:58:04.979992   => SIGNUP_PRIVACY_POLICY_ALL
2024-06-13 18:58:04.979992   => 'Signup' form is checked
2024-06-13 18:58:04.979992   Start step Close [Sign up] form =>
2024-06-13 18:58:05.073451   => 'Signup' form closed
2024-06-13 18:58:05.353094   => Focus moved to 'capital*com' logo
