{'width': 1280, 'height': 800}

2024-06-13 15:51:09.752208   worker_id = master

2024-06-13 15:51:09.752208   0. Allure grouping v4

2024-06-13 15:51:09.752208   START PRECONDITIONS =>

2024-06-13 15:51:09.752208   => URL after prev. preconditions - https://capital.com/ru
2024-06-13 15:51:09.752208   => flag_of_bug - False
2024-06-13 15:51:09.752208   => Current URL - https://capital.com/ru

2024-06-13 15:51:09.760215   => Windows size: {'width': 1280, 'height': 800}
2024-06-13 15:51:09.762211   Set windows position at (0, 0) =>
2024-06-13 15:51:09.767043   Set resolution 1280 * 800 =>
2024-06-13 15:51:09.770058   => Windows size is set to {'width': 1280, 'height': 800}

2024-06-13 15:51:10.788103   Капчи нет. Идем дальше

2024-06-13 15:51:10.788103   Работа с куками =>

2024-06-13 15:51:10.788103   => не требуется

2024-06-13 15:51:11.831718   Капчи нет. Идем дальше

2024-06-13 15:51:11.832721   Prev. country - 'ae'
2024-06-13 15:51:11.832721   Cur. country - 'ae'
2024-06-13 15:51:11.832721   => Country set to 'ae'

2024-06-13 15:51:12.883264   Капчи нет. Идем дальше

2024-06-13 15:51:12.883264   Prev. language - 'ru'
2024-06-13 15:51:12.883264   Cur. language - 'ru'
2024-06-13 15:51:12.883264   => Language is set to 'ru'

2024-06-13 15:51:13.933748   Капчи нет. Идем дальше

2024-06-13 15:51:13.933748   Prev. role - 'Auth'
2024-06-13 15:51:13.933748   Cur. role - 'Auth'
2024-06-13 15:51:13.933748   => The 'Auth' role is set

2024-06-13 15:51:13.937743   => Current URL - https://capital.com/ru

2024-06-13 15:51:13.937743   => THE END PRECONDITIONS

2024-06-13 15:51:13.937743   1. Arrange_v0
2024-06-13 15:51:13.937743   current_page = https://capital.com/ru
2024-06-13 15:51:13.940745   link = https://capital.com/ru
2024-06-13 15:51:13.944744   IS "Explore our platform" block present on this page? =>
2024-06-13 15:51:13.950423   => "Explore our platform" block present on this page!

2024-06-13 15:51:13.960428   IS "Explore our platform" block visible on this page? =>
2024-06-13 15:51:13.974732   => "Explore our platform" block is visible on this page!

2024-06-13 15:51:13.974732   IS [Try now] button present on this page? =>
2024-06-13 15:51:13.984755   => [Try now] button present on this page!

2024-06-13 15:51:13.994754   IS [Try now] button visible on this page? =>
2024-06-13 15:51:14.018569   => [Try now] button is visible on this page!

2024-06-13 15:51:14.018569   [Try now] button scroll =>

2024-06-13 15:51:14.023569   2. Act_v0
2024-06-13 15:51:14.023569   [Try now] button is clickable? =>
2024-06-13 15:51:14.044400   => [Try now] button is clickable!

2024-06-13 15:51:14.345079   => [Try now] button clicked!

2024-06-13 15:51:14.346217   3. Assert_Trading_Platform_v4

2024-06-13 15:51:14.346217   
2024-06-13 15:51:14.346217   Checking that the trading platform page has opened (v4) =>
2024-06-13 15:51:14.858951   Checking way # 1 => 

2024-06-13 15:51:14.859962   1. Checking that the Trading platform (or TradingView site) page has valid title =>
2024-06-13 15:51:14.863339   => The title of current page is 'Trading Platform | Capital.com'

2024-06-13 15:51:14.863339   2. Checking that the LOGO is present on the page =>
2024-06-13 15:51:15.906690   => 'capital*com' logo is present on the current page

2024-06-13 15:51:15.906690   tpd = False
2024-06-13 15:51:16.827484   => Driver.backed
