


Current market - Forex



Current sort - Most traded
{'width': 1280, 'height': 800}

2024-04-29 10:46:03.107530   worker_id = master

2024-04-29 10:46:03.107543   0. Allure grouping v4

2024-04-29 10:46:03.107731   START PRECONDITIONS =>

2024-04-29 10:46:03.107755   => URL after prev. preconditions - https://capital.com/nl
2024-04-29 10:46:03.107764   => flag_of_bug - True
2024-04-29 10:46:03.107775   => Current URL - https://capital.com/nl/derivaat-financieel-instrument
2024-04-29 10:46:03.113566   Current page URL = https://capital.com/nl/derivaat-financieel-instrument
2024-04-29 10:46:03.116047   self.link = https://capital.com/nl
2024-04-29 10:46:03.116060   driver.get(https://capital.com/nl) =>
2024-04-29 10:46:04.979946   => Loaded page https://capital.com/nl

2024-04-29 10:46:04.984785   => Windows size - {'width': 1280, 'height': 800}
2024-04-29 10:46:04.986151   Set windows position at (0, 0) =>
2024-04-29 10:46:04.987966   Set resolution 1280 * 800 =>
2024-04-29 10:46:04.989627   => Windows size is set to {'width': 1280, 'height': 800}

2024-04-29 10:46:06.027908   Капчи нет. Идем дальше

2024-04-29 10:46:06.028001   Работа с куками =>

2024-04-29 10:46:06.028015   => не требуется

2024-04-29 10:46:06.028025   Prev. country - 'ae'
2024-04-29 10:46:06.028034   Cur. country - 'ae'
2024-04-29 10:46:06.028043   => Country set to 'ae'

2024-04-29 10:46:06.028052   Prev. language - 'nl'
2024-04-29 10:46:06.028061   Cur. language - 'nl'
2024-04-29 10:46:06.028069   => Language is set to 'nl'

2024-04-29 10:46:06.028078   Prev. role - 'NoAuth'
2024-04-29 10:46:06.028087   Cur. role - 'NoAuth'
2024-04-29 10:46:06.028095   => The 'NoAuth' role is set

2024-04-29 10:46:06.030818   => Current URL - https://capital.com/nl

2024-04-29 10:46:06.030840   => THE END PRECONDITIONS

2024-04-29 10:46:06.031018   START Open "Markets" menu, "All Markets" submenu =>

2024-04-29 10:46:06.031033   1. Cur URL = https://capital.com/nl

2024-04-29 10:46:06.033526   2. Link = https://capital.com/nl
2024-04-29 10:46:06.033542   current_page = https://capital.com/nl
2024-04-29 10:46:06.036316   link = https://capital.com/nl
2024-04-29 10:46:06.547256   => 'Markets' menu is present
2024-04-29 10:46:06.563080   => 'Markets' menu is visible
2024-04-29 10:46:07.827667   => Focus moved to 'Markets' menu
2024-04-29 10:46:07.833720   => 'Markets > All Markets' submenu is present
2024-04-29 10:46:09.720291   => Focus moved to 'capital*com' logo

2024-04-29 10:46:09.720339   3. Cur URL = https://capital.com/nl/derivaat-financieel-instrument

2024-04-29 10:46:09.726374   1. Arrange for TABLE_TRADING_INSTRUMENTS and 'Most traded' cur_sort
2024-04-29 10:46:09.726399   current_page = https://capital.com/nl/derivaat-financieel-instrument
2024-04-29 10:46:09.728836   link = https://capital.com/nl/derivaat-financieel-instrument
2024-04-29 10:46:09.731222   TABLE_TRADING_INSTRUMENTS present on this page? =>
2024-04-29 10:46:09.736615   => TABLE_TRADING_INSTRUMENTS is present on the page!
2024-04-29 10:46:09.736639   IS MARKETS_LIST present on this page? =>
2024-04-29 10:46:09.741313   Start scroll to markets list =>
2024-04-29 10:46:09.746641   => MARKETS_LIST is present on the page!
2024-04-29 10:46:09.746669   Start scroll and click cur_market 'Forex' =>
2024-04-29 10:46:09.803243   => End Click cur_market "Forex"
2024-04-29 10:46:09.803298   IS FIELD_DROPDOWN_SORT present in the Live prices table? =>
2024-04-29 10:46:09.832693   =>  FIELD_DROPDOWN_SORT is present in the table!
2024-04-29 10:46:09.832745   Start scroll and click FIELD_DROPDOWN_SORT =>
2024-04-29 10:46:09.867289   Is item_sort_list visible on the FIELD_DROPDOWN_SORT ? =>
2024-04-29 10:46:09.882642   => item_sort_list is visible on the FIELD_DROPDOWN_SORT!
2024-04-29 10:46:09.882678   Is cur_sort "Most traded" present in item_sort_list? =>
2024-04-29 10:46:09.888034   => cur_sort "Most traded" is present in item_sort_list!
2024-04-29 10:46:09.888061   Start click cur_sort "Most traded" =>
2024-04-29 10:46:09.918835   => End Click cur_sort "Most traded"

2024-04-29 10:46:09.918880   Buttons [Buy] is visible and sum buttons no zero? =>
2024-04-29 10:46:09.924843   => Buttons [Buy] is visible and sum buttons no zero!

2024-04-29 10:46:09.924874   Start find 1 random buttons [Buy] on cur_sort "Most traded"=>
2024-04-29 10:46:09.933691   => End find 1 random buttons [Buy] on the cur_sort "Most traded"

2024-04-29 10:46:09.933731   List of random items = [3]
2024-04-29 10:46:09.933909   2. Act for trading instrument, "Most traded" cur_sort and "Forex" cur_market
2024-04-29 10:46:09.945446   Start click button [Buy] =>
2024-04-29 10:46:09.950938   =>   BUTTON_BUY on item is present
2024-04-29 10:46:09.950965   BUTTON_BUY on item scroll into view =>
2024-04-29 10:46:09.954245   => BUTTON_BUY on item scrolled into view
2024-04-29 10:46:09.954268   Check that BUTTON_BUY with item 'Natural Gas' clickable =>
2024-04-29 10:46:09.972498   => BUTTON_BUY is clickable
2024-04-29 10:46:10.763899   =>   BUTTON_BUY on item 'Natural Gas' clicked

2024-04-29 10:46:10.764133   3. Assert_Login_v0
2024-04-29 10:46:10.764217   Check that 'Login' form is opened
2024-04-29 10:46:16.924179   'Login' form not opened
2024-04-29 10:46:16.924364   Check that new 'Login' form is opened
2024-04-29 10:46:20.029764   => New 'Login' form not opened
2024-04-29 10:46:20.032471   'Login' page not opened
2024-04-29 10:46:23.119175   'Login' form on trading platform not opened
2024-04-29 10:46:23.119374   Start step Check that [Sign up] form is opened
2024-04-29 10:46:23.130341   'Sign up' form opened
2024-04-29 10:46:23.130371   Assert SIGNUP_HEADER =>
2024-04-29 10:46:23.139977   Assert SIGNUP_REF_LOGIN =>
2024-04-29 10:46:23.149939   Assert SIGNUP_PRIVACY_POLICY_ALL_2 =>
2024-04-29 10:46:23.161037   => SIGNUP_PRIVACY_POLICY_ALL
2024-04-29 10:46:23.161072   => 'Signup' form is checked

Bug: Bid:01.01.00_002-nl.ae.NoAuth

2024-04-29 10:46:23.161137   Проверка бага в таблице ретеста  =>

2024-04-29 10:46:25.472349   4. Fixing one row check results into Google Sheet Bugs Report =>
1 cells updated.
2024-04-29 10:46:25.833173   => 4. One row check results into Google Sheet Bugs Report fixed

2024-04-29 10:46:28.132575   4. Fixing one row check results into Google Sheet Bugs Report =>
1 cells updated.
2024-04-29 10:46:28.370714   => 4. One row check results into Google Sheet Bugs Report fixed

2024-04-29 10:46:28.372706   Баг Bid:01.01.00_002-nl.ae.NoAuth-05 обнаружен ранее и уже находится в 'Bugs Report Auto detect'
