{'width': 1280, 'height': 800}

2024-04-29 12:02:49.000219   worker_id = master

2024-04-29 12:02:49.000238   0. Allure grouping v4

2024-04-29 12:02:49.000497   START PRECONDITIONS =>

2024-04-29 12:02:49.000513   => URL after prev. preconditions - https://capital.com/nl
2024-04-29 12:02:49.000523   => flag_of_bug - False
2024-04-29 12:02:49.000534   => Current URL - https://capital.com/nl/palladium-spot-handelswaren
2024-04-29 12:02:49.005802   Current page URL = https://capital.com/nl/palladium-spot-handelswaren
2024-04-29 12:02:49.012990   self.link = https://capital.com/nl
2024-04-29 12:02:49.013013   driver.get(https://capital.com/nl) =>
2024-04-29 12:02:50.649356   => Loaded page https://capital.com/nl

2024-04-29 12:02:50.653804   => Windows size - {'width': 1280, 'height': 800}
2024-04-29 12:02:50.655191   Set windows position at (0, 0) =>
2024-04-29 12:02:50.656852   Set resolution 1280 * 800 =>
2024-04-29 12:02:50.660931   => Windows size is set to {'width': 1280, 'height': 800}

2024-04-29 12:02:51.696908   Капчи нет. Идем дальше

2024-04-29 12:02:51.696999   Работа с куками =>

2024-04-29 12:02:51.697013   => не требуется

2024-04-29 12:02:51.697022   Prev. country - 'ae'
2024-04-29 12:02:51.697032   Cur. country - 'ae'
2024-04-29 12:02:51.697041   => Country set to 'ae'

2024-04-29 12:02:51.697049   Prev. language - 'nl'
2024-04-29 12:02:51.697058   Cur. language - 'nl'
2024-04-29 12:02:51.697067   => Language is set to 'nl'

2024-04-29 12:02:51.697075   Prev. role - 'NoReg'
2024-04-29 12:02:51.697084   Cur. role - 'NoReg'
2024-04-29 12:02:51.697092   => The 'NoReg' role is set

2024-04-29 12:02:51.699811   => Current URL - https://capital.com/nl

2024-04-29 12:02:51.699832   => THE END PRECONDITIONS

2024-04-29 12:02:51.700016   1. Arrange_v2
2024-04-29 12:02:51.700033   current_page = https://capital.com/nl
2024-04-29 12:02:51.702527   link = https://capital.com/nl/palladium-spot-handelswaren
2024-04-29 12:02:51.704997   Current page URL = https://capital.com/nl
2024-04-29 12:02:51.707650   self.link = https://capital.com/nl/palladium-spot-handelswaren
2024-04-29 12:02:51.707671   driver.get(https://capital.com/nl/palladium-spot-handelswaren) =>
2024-04-29 12:02:53.414936   => Loaded page https://capital.com/nl/palladium-spot-handelswaren
2024-04-29 12:02:53.419394 Is SHORT_POSITION_OVERNIGHT_FEE present on the page? =>
2024-04-29 12:02:53.429815   => SHORT_POSITION_OVERNIGHT_FEE is present on the page
2024-04-29 12:02:53.429843   SHORT_POSITION_OVERNIGHT_FEE  scroll =>
2024-04-29 12:02:53.433640   => SHORT_POSITION_OVERNIGHT_FEE  scrolled

2024-04-29 12:02:53.433798   2. Act_v2
2024-04-29 12:02:53.433813   SHORT_POSITION_OVERNIGHT_FEE open =>
2024-04-29 12:02:54.244835   Is SHORT_POSITION_OVERNIGHT_FEE open?  =>
2024-04-29 12:02:54.258251   => TOOLTIP_SHORT_POSITION_FEE is open
2024-04-29 12:02:54.258282   Move focus to button [Go to platform] and click on =>
2024-04-29 12:02:55.038831   => BUTTON_GO_TO_PLATFORM is clickable
2024-04-29 12:02:55.524856 => BUTTON_GO_TO_PLATFORM clicked

2024-04-29 12:02:55.525185   3. Assert_v0
2024-04-29 12:02:55.525335   Start step Check that [Sign up] form is opened
2024-04-29 12:02:58.724811   'Sign up' form not opened
2024-04-29 12:02:58.725014   Start step Check that new [Sign up] form is opened
2024-04-29 12:03:01.826353   => new 'Sign up' form not opened
2024-04-29 12:03:01.826548   Start method Check that [Sign up] page opened =>
2024-04-29 12:03:02.830393   'Sign up' page not opened
2024-04-29 12:03:02.830600   Check that [Sign up] form on trading platform opened =>
2024-04-29 12:03:02.840924   => 'Sign up' form on trading platform page opened
2024-04-29 12:03:02.840948   Assert SIGNUP_HEADER =>
2024-04-29 12:03:02.850527   => SIGNUP_HEADER is OK
2024-04-29 12:03:02.850550   Assert SIGNUP_PRIVACY_POLICY_ALL_1 =>
2024-04-29 12:03:02.859942   => SIGNUP_PRIVACY_POLICY_ALL_1 is OK
2024-04-29 12:03:02.859965   Assert SIGNUP_REF_LOGIN =>
2024-04-29 12:03:02.869366   => SIGNUP_REF_LOGIN is OK
2024-04-29 12:03:02.869389   => 'Signup' form on trading platform page is checked
2024-04-29 12:03:02.869573   Close [Sign up] form with trading platform page =>
2024-04-29 12:03:03.614306   => [Sign up] form with trading platform page is closed
