{'width': 1280, 'height': 800}

2024-04-29 11:11:47.887658   worker_id = master

2024-04-29 11:11:47.887671   0. Allure grouping v4

2024-04-29 11:11:47.887850   START PRECONDITIONS =>

2024-04-29 11:11:47.887865   => URL after prev. preconditions - https://capital.com/nl
2024-04-29 11:11:47.887874   => flag_of_bug - False
2024-04-29 11:11:47.887884   => Current URL - https://capital.com/nl

2024-04-29 11:11:47.892925   => Windows size - {'width': 1280, 'height': 800}
2024-04-29 11:11:47.894199   Set windows position at (0, 0) =>
2024-04-29 11:11:47.895782   Set resolution 1280 * 800 =>
2024-04-29 11:11:47.897459   => Windows size is set to {'width': 1280, 'height': 800}

2024-04-29 11:11:48.935460   Капчи нет. Идем дальше

2024-04-29 11:11:48.935554   Работа с куками =>

2024-04-29 11:11:48.935568   => не требуется

2024-04-29 11:11:48.935578   Prev. country - 'ae'
2024-04-29 11:11:48.935587   Cur. country - 'ae'
2024-04-29 11:11:48.935597   => Country set to 'ae'

2024-04-29 11:11:48.935606   Prev. language - 'nl'
2024-04-29 11:11:48.935615   Cur. language - 'nl'
2024-04-29 11:11:48.935624   => Language is set to 'nl'

2024-04-29 11:11:48.935633   Prev. role - 'NoAuth'
2024-04-29 11:11:48.935642   Cur. role - 'NoAuth'
2024-04-29 11:11:48.935651   => The 'NoAuth' role is set

2024-04-29 11:11:48.938467   => Current URL - https://capital.com/nl

2024-04-29 11:11:48.938489   => THE END PRECONDITIONS

2024-04-29 11:11:48.938673   1. Arrange_v0
2024-04-29 11:11:48.938691   current_page = https://capital.com/nl
2024-04-29 11:11:48.941274   link = https://capital.com/nl/microsoft-aandeelprijs
2024-04-29 11:11:48.943779   Current page URL = https://capital.com/nl
2024-04-29 11:11:48.946368   self.link = https://capital.com/nl/microsoft-aandeelprijs
2024-04-29 11:11:48.946381   driver.get(https://capital.com/nl/microsoft-aandeelprijs) =>
2024-04-29 11:11:50.655239   => Loaded page https://capital.com/nl/microsoft-aandeelprijs
2024-04-29 11:11:50.670698   Is button BUTTON_VIEW_DETAILED_CHART present on the page? =>
2024-04-29 11:11:50.670730   => BUTTON_VIEW_DETAILED_CHART is present on the page
2024-04-29 11:11:50.670741   BUTTON_VIEW_DETAILED_CHART scroll =>
2024-04-29 11:11:50.674545   => BUTTON_VIEW_DETAILED_CHART scrolled
2024-04-29 11:11:50.674714   Start Checking that form [Sign up] popped up on the page =>
2024-04-29 11:11:52.218429   '[Sign up]' form was not popped up

2024-04-29 11:11:52.218612   2. Act_v0
2024-04-29 11:11:52.218628   Start Click button [View Detailed Chart] =>
2024-04-29 11:11:52.233772   BUTTON_VIEW_DETAILED_CHART is clickable =>
2024-04-29 11:11:52.266758 => BUTTON_VIEW_DETAILED_CHART clicked

2024-04-29 11:11:52.267059   3. Assert_Login_v0
2024-04-29 11:11:52.267172   Check that 'Login' form is opened
2024-04-29 11:11:52.508888   'Login' form opened
2024-04-29 11:11:52.508926   Assert LOGIN_REF_SIGNUP =>
2024-04-29 11:11:52.520325   Assert LOGIN_CHECKBOX =>
2024-04-29 11:11:52.529909   Assert LOGIN_PASS_FORGOT =>
2024-04-29 11:11:52.544613   => 'Login' form is checked
2024-04-29 11:11:52.563456   Click 'Close' button on 'Login' form =>
2024-04-29 11:11:52.899412   => Focus moved to 'capital*com' logo
2024-04-29 11:11:52.899460   => 'Login' form closed
