{'width': 1280, 'height': 800}

2024-04-29 11:14:38.905247   worker_id = master

2024-04-29 11:14:38.905271   0. Allure grouping v4

2024-04-29 11:14:38.905563   START PRECONDITIONS =>

2024-04-29 11:14:38.905585   => URL after prev. preconditions - https://capital.com/nl
2024-04-29 11:14:38.905655   => flag_of_bug - False
2024-04-29 11:14:38.905674   => Current URL - https://capital.com/nl/microsoft-aandeelprijs
2024-04-29 11:14:38.933852   Current page URL = https://capital.com/nl/microsoft-aandeelprijs
2024-04-29 11:14:38.936346   self.link = https://capital.com/nl
2024-04-29 11:14:38.936361   driver.get(https://capital.com/nl) =>
2024-04-29 11:14:40.532912   => Loaded page https://capital.com/nl

2024-04-29 11:14:40.537518   => Windows size - {'width': 1280, 'height': 800}
2024-04-29 11:14:40.538930   Set windows position at (0, 0) =>
2024-04-29 11:14:40.540694   Set resolution 1280 * 800 =>
2024-04-29 11:14:40.544861   => Windows size is set to {'width': 1280, 'height': 800}

2024-04-29 11:14:41.584143   Капчи нет. Идем дальше

2024-04-29 11:14:41.584236   Работа с куками =>

2024-04-29 11:14:41.584249   => не требуется

2024-04-29 11:14:41.584259   Prev. country - 'ae'
2024-04-29 11:14:41.584268   Cur. country - 'ae'
2024-04-29 11:14:41.584277   => Country set to 'ae'

2024-04-29 11:14:41.584286   Prev. language - 'nl'
2024-04-29 11:14:41.584295   Cur. language - 'nl'
2024-04-29 11:14:41.584303   => Language is set to 'nl'

2024-04-29 11:14:41.584312   Prev. role - 'NoReg'
2024-04-29 11:14:41.584321   Cur. role - 'NoReg'
2024-04-29 11:14:41.584329   => The 'NoReg' role is set

2024-04-29 11:14:41.587243   => Current URL - https://capital.com/nl

2024-04-29 11:14:41.587265   => THE END PRECONDITIONS

2024-04-29 11:14:41.587449   1. Arrange_v2
2024-04-29 11:14:41.587466   current_page = https://capital.com/nl
2024-04-29 11:14:41.590055   link = https://capital.com/nl/microsoft-aandeelprijs
2024-04-29 11:14:41.592487   Current page URL = https://capital.com/nl
2024-04-29 11:14:41.594918   self.link = https://capital.com/nl/microsoft-aandeelprijs
2024-04-29 11:14:41.594932   driver.get(https://capital.com/nl/microsoft-aandeelprijs) =>
2024-04-29 11:14:43.315155   => Loaded page https://capital.com/nl/microsoft-aandeelprijs
2024-04-29 11:14:43.319731 Is SHORT_POSITION_OVERNIGHT_FEE present on the page? =>
2024-04-29 11:14:43.331958   => SHORT_POSITION_OVERNIGHT_FEE is present on the page
2024-04-29 11:14:43.332007   SHORT_POSITION_OVERNIGHT_FEE  scroll =>
2024-04-29 11:14:43.335814   => SHORT_POSITION_OVERNIGHT_FEE  scrolled

2024-04-29 11:14:43.335989   2. Act_v2
2024-04-29 11:14:43.336005   SHORT_POSITION_OVERNIGHT_FEE open =>
2024-04-29 11:14:44.125706   Is SHORT_POSITION_OVERNIGHT_FEE open?  =>
2024-04-29 11:14:44.139951   => TOOLTIP_SHORT_POSITION_FEE is open
2024-04-29 11:14:44.139990   Move focus to button [Go to platform] and click on =>
2024-04-29 11:14:44.920040   => BUTTON_GO_TO_PLATFORM is clickable
2024-04-29 11:14:45.180217 => BUTTON_GO_TO_PLATFORM clicked

2024-04-29 11:14:45.180534   3. Assert_v0
2024-04-29 11:14:45.180797   Start step Check that [Sign up] form is opened
2024-04-29 11:14:48.371345   'Sign up' form not opened
2024-04-29 11:14:48.371556   Start step Check that new [Sign up] form is opened
2024-04-29 11:14:51.485829   => new 'Sign up' form not opened
2024-04-29 11:14:51.486025   Start method Check that [Sign up] page opened =>
2024-04-29 11:14:52.490243   'Sign up' page not opened
2024-04-29 11:14:52.490456   Check that [Sign up] form on trading platform opened =>
2024-04-29 11:14:52.504624   => 'Sign up' form on trading platform page opened
2024-04-29 11:14:52.504664   Assert SIGNUP_HEADER =>
2024-04-29 11:14:52.517542   => SIGNUP_HEADER is OK
2024-04-29 11:14:52.517580   Assert SIGNUP_PRIVACY_POLICY_ALL_1 =>
2024-04-29 11:14:52.532987   => SIGNUP_PRIVACY_POLICY_ALL_1 is OK
2024-04-29 11:14:52.533034   Assert SIGNUP_REF_LOGIN =>
2024-04-29 11:14:52.547071   => SIGNUP_REF_LOGIN is OK
2024-04-29 11:14:52.547113   => 'Signup' form on trading platform page is checked
2024-04-29 11:14:52.547297   Close [Sign up] form with trading platform page =>
2024-04-29 11:14:53.336244   => [Sign up] form with trading platform page is closed
