{'width': 1280, 'height': 720}

2024-02-23 14:09:49.655597   worker_id = master

2024-02-23 14:09:49.655614   0. Allure grouping v4


2024-02-23 14:09:49.655828   START PRECONDITIONS =>


2024-02-23 14:09:49.655845   {'width': 1280, 'height': 720}

2024-02-23 14:09:49.657310   Set windows position at (0, 0) =>

2024-02-23 14:09:49.759629   Set resolution 1280 * 720 =>

2024-02-23 14:09:49.862156   => Resolution seted {'width': 1280, 'height': 720}

2024-02-23 14:09:50.871414   Капчи нет. Идем дальше

2024-02-23 14:09:50.871508   Prev. Role: NoReg

2024-02-23 14:09:50.871521   Current role: NoReg

2024-02-23 14:09:51.923774   Капчи нет. Идем дальше

2024-02-23 14:09:51.923870   Prev language: en

2024-02-23 14:09:51.923885   => Current language: en

2024-02-23 14:09:52.928354   Капчи нет. Идем дальше

2024-02-23 14:09:52.928463   Prev country: au
2024-02-23 14:09:52.928481   => Current country: au

2024-02-23 14:09:52.928494   => THE END PRECONDITIONS

2024-02-23 14:09:52.928772   1. Cur URL = https://capital.com/trade-forex

2024-02-23 14:09:52.934692   2. Link = https://capital.com/
2024-02-23 14:09:52.937426   Current page URL = https://capital.com/trade-forex
2024-02-23 14:09:54.062307   => Loaded page https://capital.com/
2024-02-23 14:09:54.601635   => Education menu is present
2024-02-23 14:09:54.623891   element = <selenium.webdriver.remote.webelement.WebElement (session="831e35fc77979dd6e89687cc9371e631", element="766B6F48DDD1C7C7562AFA8AD20A11C6_element_2931")>
2024-02-23 14:09:54.623942   => Education menu is visible
2024-02-23 14:09:55.897606   => Focus moved to Education menu


2024-02-23 14:09:58.244772   => Forex trading sub-menu clicked

2024-02-23 14:09:58.273329   3. Cur URL = https://capital.com/trade-forex

2024-02-23 14:09:58.283009   1. Arrange_v0
2024-02-23 14:09:58.285699   BUTTON_CREATE_YOUR_ACCOUNT is located on the page? =>

2024-02-23 14:09:58.304695   2. Act_v0: Define of locator

2024-02-23 14:09:58.304739   2. Act_v0: Go to web element

2024-02-23 14:09:59.517436   2. Act_v0: Click web element
2024-02-23 14:09:59.576366   => BUTTON_CREATE_YOUR_ACCOUNT is clicked

2024-02-23 14:09:59.576626   3. Assert_v0
2024-02-23 14:09:59.576730   Start step Check that [Sign up] form is opened
2024-02-23 14:10:01.228929   'Sign up' form opened
2024-02-23 14:10:01.228972   Assert SIGNUP_HEADER =>
2024-02-23 14:10:01.244536   Assert SIGNUP_REF_LOGIN =>
2024-02-23 14:10:01.260335   Assert SIGNUP_PRIVACY_POLICY_ALL_2 =>
2024-02-23 14:10:01.276167   => SIGNUP_PRIVACY_POLICY_ALL
2024-02-23 14:10:01.276208   => 'Signup' form is checked
2024-02-23 14:10:01.276375   Start step Close [Sign up] form =>
2024-02-23 14:10:01.378446   => 'Signup' form closed
