{'width': 1280, 'height': 800}

2024-03-27 00:23:45.823415   worker_id = master

2024-03-27 00:23:45.823429   0. Allure grouping v4


2024-03-27 00:23:45.823624   START PRECONDITIONS =>


2024-03-27 00:23:45.823639   => flag_of_bug - False

2024-03-27 00:23:45.823651   => Windows size - {'width': 1280, 'height': 800}
2024-03-27 00:23:45.824935   Set windows position at (0, 0) =>
2024-03-27 00:23:45.926701   Set resolution 1280 * 800 =>
2024-03-27 00:23:46.028533   => Windows size is set to {'width': 1280, 'height': 800}

2024-03-27 00:23:47.052660   Капчи нет. Идем дальше

2024-03-27 00:23:47.052745   Работа с куками

2024-03-27 00:23:47.052758   => Prev. country - 'au'
2024-03-27 00:23:47.052768   => Country set to 'au'

2024-03-27 00:23:47.052777   => Prev. language - 'zh'
2024-03-27 00:23:47.052787   => Language is set to 'zh'

2024-03-27 00:23:47.052795   => Prev. role - 'NoAuth'
2024-03-27 00:23:47.052804   => The 'NoAuth' role is set

2024-03-27 00:23:47.055455   => THE END PRECONDITIONS

2024-03-27 00:23:47.055508   1. Arrange
2024-03-27 00:23:47.055523   current_page = https://capital.com/zh/swing-trading
2024-03-27 00:23:47.057902   link = https://capital.com/zh/swing-trading
2024-03-27 00:23:47.060259   Is visible BUTTON_GET_IT_ON_GOOGLE_PLAY? =>
2024-03-27 00:23:47.076868   => BUTTON_GET_IT_ON_GOOGLE_PLAY is visible on the page!

2024-03-27 00:23:47.077025   2. Act
2024-03-27 00:23:47.084557   1 checking element(s) with current CSS locator is(are) present(s) on this page
2024-03-27 00:23:47.185778   => BUTTON_GET_IT_ON_GOOGLE_PLAY IS CLICKED

2024-03-27 00:23:47.185999   3. Assert_v0
2024-03-27 00:23:47.186096   Checking that the Google Play page has opened

Bug: Bid:11.03.01.01_07-zh.au.NoAuth
