{'width': 1280, 'height': 720}

2024-02-29 19:29:16.793675   worker_id = master

2024-02-29 19:29:16.793692   0. Allure grouping v4


2024-02-29 19:29:16.793896   START PRECONDITIONS =>


2024-02-29 19:29:16.793912   {'width': 1280, 'height': 720}

2024-02-29 19:29:16.795245   Set windows position at (0, 0) =>

2024-02-29 19:29:16.897588   Set resolution 1280 * 720 =>

2024-02-29 19:29:17.000251   => Resolution seted {'width': 1280, 'height': 720}

2024-02-29 19:29:18.047182   Капчи нет. Идем дальше

2024-02-29 19:29:18.047273   Prev. Role: NoReg

2024-02-29 19:29:18.047287   Current role: NoReg

2024-02-29 19:29:19.094894   Капчи нет. Идем дальше

2024-02-29 19:29:19.094987   Prev language: zh

2024-02-29 19:29:19.095001   => Current language: zh

2024-02-29 19:29:20.143887   Капчи нет. Идем дальше

2024-02-29 19:29:20.143988   Prev country: au
2024-02-29 19:29:20.144001   => Current country: au

2024-02-29 19:29:20.144010   => THE END PRECONDITIONS

2024-02-29 19:29:20.144045   1. Arrange
2024-02-29 19:29:20.147183   BUTTON_ON_HOR_BANNER is present? =>
2024-02-29 19:29:20.158520   => BUTTON_ON_HOR_BANNER is present on this page
2024-02-29 19:29:20.158563   BUTTON_ON_HOR_BANNER scroll =>
2024-02-29 19:29:20.199725   BUTTON_ON_HOR_BANNER is visible? =>
2024-02-29 19:29:20.235085   => BUTTON_ON_HOR_BANNER is visible on the page!
2024-02-29 19:29:20.235291   Start Checking that form [Sign up] popped up on the page =>
2024-02-29 19:29:21.784969   '[Sign up]' form was not popped up

2024-02-29 19:29:21.785178   2. Act

2024-02-29 19:29:21.804860   => Button on Horizontal banner clickable

2024-02-29 19:29:21.809441   data_id = 430
2024-02-29 19:29:21.837923   => BUTTON_ON_HOR_BANNER clicked!

2024-02-29 19:29:21.838242   3. Assert_v0
2024-02-29 19:29:21.838339   Start step Check that [Sign up] form is opened
2024-02-29 19:29:21.854935   'Sign up' form opened
2024-02-29 19:29:21.854985   Assert SIGNUP_HEADER =>
2024-02-29 19:29:21.868679   Assert SIGNUP_REF_LOGIN =>
2024-02-29 19:29:21.882908   Assert SIGNUP_PRIVACY_POLICY_ALL_2 =>
2024-02-29 19:29:21.897949   => SIGNUP_PRIVACY_POLICY_ALL
2024-02-29 19:29:21.897992   => 'Signup' form is checked
2024-02-29 19:29:21.898205   Start step Close [Sign up] form =>
2024-02-29 19:29:21.967235   => 'Signup' form closed

2024-02-29 19:29:22.418264   *** end fixture Browser = teardown ***

