{'width': 1280, 'height': 800}

2024-05-21 19:43:10.747293   worker_id = master

2024-05-21 19:43:10.747293   0. Allure grouping v4

2024-05-21 19:43:10.747293   START PRECONDITIONS =>

2024-05-21 19:43:10.747293   => URL after prev. preconditions - https://capital.com/it
2024-05-21 19:43:10.747293   => flag_of_bug - False
2024-05-21 19:43:10.747293   => Current URL - https://capital.com/it

2024-05-21 19:43:10.759360   => Windows size: {'width': 1280, 'height': 800}
2024-05-21 19:43:10.761365   Set windows position at (0, 0) =>
2024-05-21 19:43:10.763360   Set resolution 1280 * 800 =>
2024-05-21 19:43:10.769010   => Windows size is set to {'width': 1280, 'height': 800}

2024-05-21 19:43:11.813387   Капчи нет. Идем дальше

2024-05-21 19:43:11.813387   Работа с куками =>

2024-05-21 19:43:11.813387   => не требуется

2024-05-21 19:43:11.813387   Prev. country - 'au'
2024-05-21 19:43:11.813387   Cur. country - 'au'
2024-05-21 19:43:11.813387   => Country set to 'au'

2024-05-21 19:43:11.813387   Prev. language - 'it'
2024-05-21 19:43:11.813387   Cur. language - 'it'
2024-05-21 19:43:11.813387   => Language is set to 'it'

2024-05-21 19:43:11.813387   Prev. role - 'Auth'
2024-05-21 19:43:11.813387   Cur. role - 'Auth'
2024-05-21 19:43:11.813387   => The 'Auth' role is set

2024-05-21 19:43:11.819844   => Current URL - https://capital.com/it

2024-05-21 19:43:11.819844   => THE END PRECONDITIONS

2024-05-21 19:43:11.819844   1. Arrange_v0
2024-05-21 19:43:11.819844   current_page = https://capital.com/it
2024-05-21 19:43:11.823847   link = https://capital.com/it
2024-05-21 19:43:11.826844   IS 'Main page banner' block present on this page? =>
2024-05-21 19:43:11.839029   => 'Main page banner' block present on this page!

2024-05-21 19:43:11.849425   IS 'Main page banner' block visible on this page? =>
2024-05-21 19:43:11.889403   => 'Main page banner' block is visible on this page!

2024-05-21 19:43:11.889403   IS 'Find us on Tradingview' tab present on this page? =>
2024-05-21 19:43:11.901726   => 'Find us on Tradingview' tab present on this page!

2024-05-21 19:43:11.913728   IS 'Find us on Tradingview' tab visible on this page? =>
2024-05-21 19:43:11.929005   => 'Find us on Tradingview' tab is visible on this page!

2024-05-21 19:43:11.929005   IS 'Find us on Tradingview' tab clickable on this page? =>
2024-05-21 19:43:11.952711   => 'Find us on Tradingview' tab is clickable on this page!

2024-05-21 19:43:11.953709   Start 'Find us on Tradingview' tab click.
2024-05-21 19:43:12.023547   'Find us on Tradingview' tab is clicked.


2024-05-21 19:43:12.023547   2. Act_v0
2024-05-21 19:43:12.023547   IS '[Explore features]' button present on this page? =>
2024-05-21 19:43:12.040639   => '[Explore features]' button present on this page!

2024-05-21 19:43:12.059572   IS '[Explore features]' button visible on this page? =>
2024-05-21 19:43:12.076521   => '[Explore features]' button is visible on this page!

2024-05-21 19:43:12.076521   IS '[Explore features]' button clickable on this page? =>
2024-05-21 19:43:12.104070   => '[Explore features]' button is clickable on this page!

2024-05-21 19:43:13.285905   => '[Explore features]' button clicked!

2024-05-21 19:43:13.285905   3. Assert_v0
2024-05-21 19:43:13.285905   Checking that the TradingView page has opened =>
2024-05-21 19:43:13.289914   => TradingView page has opened


2024-05-21 19:43:13.290909   Checking that the page has expected title =>
2024-05-21 19:43:13.293901   The title of current page is 'Capital.com — Reviews and Terms — TradingView'
2024-05-21 19:43:13.293901   The expected title is 'Capital.com'
2024-05-21 19:43:13.296905   => The page has expected title.

2024-05-21 19:43:13.296905   Checking that the TradingView site has expected app title =>
2024-05-21 19:43:13.317989   The app title of current page is 'Capital.com'
2024-05-21 19:43:13.317989   The expected app title is 'Capital.com'
2024-05-21 19:43:13.321984   => The app title has expected title.

