
2023-12-12 15:28:40.495176   Работает obj <us_11-02-03_commodities_trading_test.TestCommoditiesTrading object at 0x7f36fca75810> с именем TC_11.02.03_02
{'width': 1280, 'height': 720}

2023-12-12 15:28:40.496603   browser = chrome

2023-12-12 15:28:40.496617   worker_id = master

2023-12-12 15:28:40.496625   Start TC_11.02.03_02

2023-12-12 15:28:40.496632   <us_11-02-03_commodities_trading_test.TestCommoditiesTrading object at 0x7f36fca75810>.None

2023-12-12 15:28:40.496642   0. Arrange


2023-12-12 15:28:40.496778   START PRECONDITIONS =>


2023-12-12 15:28:40.496791   {'width': 1280, 'height': 720}

2023-12-12 15:28:40.497970   Set windows position at (320, 180) =>

2023-12-12 15:28:40.600064   Set resolution 1280 * 720 =>

2023-12-12 15:28:40.702402   => Resolution seted {'width': 1280, 'height': 720}

2023-12-12 15:28:44.723207   Капчи нет. Тестим дальше

2023-12-12 15:28:44.723248   Prev. Role: Reg/NoAuth

2023-12-12 15:28:44.723258   Current role: Reg/NoAuth

2023-12-12 15:28:44.723266   Prev language: en

2023-12-12 15:28:44.723274   => Current language: en

2023-12-12 15:28:44.723282   Prev country: gb

2023-12-12 15:28:44.723289   => Current country: gb

2023-12-12 15:28:44.723297   => THE END PRECONDITIONS

2023-12-12 15:28:44.723351   1. Arrange_v0
2023-12-12 15:28:44.726235   BUTTON_TRY_DEMO is visible? =>
2023-12-12 15:28:44.740115   => BUTTON_TRY_DEMO is visible on the page!

2023-12-12 15:28:44.740252   2. Act_v0
2023-12-12 15:28:44.740265   BUTTON_TRY_DEMO is present? =>
2023-12-12 15:28:44.747556   => BUTTON_TRY_DEMO is present on the page!
2023-12-12 15:28:44.747576   BUTTON_TRY_DEMO scroll =>
2023-12-12 15:28:44.794831   => BUTTON_TRY_DEMO clicked!

2023-12-12 15:28:44.795107   3. Assert_Login_v0
2023-12-12 15:28:49.315262   'Login' form not opened
2023-12-12 15:28:49.318800   'Login' page not opened
2023-12-12 15:28:53.844443   'Login' form on trading platform not opened
2023-12-12 15:28:53.844648   Start step Check that [Sign up] form is opened
2023-12-12 15:28:53.857059   'Sign up' form opened
2023-12-12 15:28:53.857088   Assert SIGNUP_HEADER =>
2023-12-12 15:28:53.867954   Assert SIGNUP_REF_LOGIN =>
2023-12-12 15:28:53.878948   Assert SIGNUP_PRIVACY_POLICY_ALL_2 =>
2023-12-12 15:28:53.889577   => SIGNUP_PRIVACY_POLICY_ALL
2023-12-12 15:28:53.889603   => 'Signup' form is checked
