{'width': 1280, 'height': 800}

2024-05-21 21:57:55.924492   worker_id = master

2024-05-21 21:57:55.924492   0. Allure grouping v4

2024-05-21 21:57:55.924492   START PRECONDITIONS =>

2024-05-21 21:57:55.924492   => URL after prev. preconditions - https://capital.com/it
2024-05-21 21:57:55.924492   => flag_of_bug - False
2024-05-21 21:57:55.924492   => Current URL - https://capital.com/it/trading-gbp-cad
2024-05-21 21:57:55.941152   Current page URL = https://capital.com/it/trading-gbp-cad
2024-05-21 21:57:55.945154   self.link = https://capital.com/it
2024-05-21 21:57:55.945154   driver.get(https://capital.com/it) =>
2024-05-21 21:57:57.864499   => Loaded page https://capital.com/it

2024-05-21 21:57:57.869533   => Windows size: {'width': 1280, 'height': 800}
2024-05-21 21:57:57.871530   Set windows position at (0, 0) =>
2024-05-21 21:57:57.874532   Set resolution 1280 * 800 =>
2024-05-21 21:57:57.876526   => Windows size is set to {'width': 1280, 'height': 800}

2024-05-21 21:57:58.880532   Капчи нет. Идем дальше

2024-05-21 21:57:58.880532   Работа с куками =>

2024-05-21 21:57:58.880532   => не требуется

2024-05-21 21:57:58.880532   Prev. country - 'au'
2024-05-21 21:57:58.880532   Cur. country - 'au'
2024-05-21 21:57:58.880532   => Country set to 'au'

2024-05-21 21:57:58.880532   Prev. language - 'it'
2024-05-21 21:57:58.880532   Cur. language - 'it'
2024-05-21 21:57:58.880532   => Language is set to 'it'

2024-05-21 21:57:58.880532   Prev. role - 'NoReg'
2024-05-21 21:57:58.880532   Cur. role - 'NoReg'
2024-05-21 21:57:58.880532   => The 'NoReg' role is set

2024-05-21 21:57:58.884672   => Current URL - https://capital.com/it

2024-05-21 21:57:58.884672   => THE END PRECONDITIONS

2024-05-21 21:57:58.884672   1. Arrange_v0
2024-05-21 21:57:58.884672   current_page = https://capital.com/it
2024-05-21 21:57:58.887676   link = https://capital.com/it/trading-gbp-cad
2024-05-21 21:57:58.891728   Current page URL = https://capital.com/it
2024-05-21 21:57:58.894946   self.link = https://capital.com/it/trading-gbp-cad
2024-05-21 21:57:58.894946   driver.get(https://capital.com/it/trading-gbp-cad) =>
2024-05-21 21:58:00.715807   => Loaded page https://capital.com/it/trading-gbp-cad

2024-05-21 21:58:00.730175   2. Act_v0
2024-05-21 21:58:00.730175   BUTTON_GET_STARTED_ON_STICKY_BAR is present? =>
2024-05-21 21:58:00.735536   => BUTTON_GET_STARTED_ON_STICKY_BAR is present on the page!
2024-05-21 21:58:00.735536   BUTTON_GET_STARTED_ON_STICKY_BAR scroll =>
2024-05-21 21:58:00.789813   => BUTTON_GET_STARTED_ON_STICKY_BAR clicked!

2024-05-21 21:58:00.790660   3. Assert_Signup_v0
2024-05-21 21:58:00.790660   Start step Check that [Sign up] form is opened
2024-05-21 21:58:01.192301   'Sign up' form opened
2024-05-21 21:58:01.192301   Assert SIGNUP_HEADER =>
2024-05-21 21:58:01.206277   Assert SIGNUP_REF_LOGIN =>
2024-05-21 21:58:01.221227   Assert SIGNUP_PRIVACY_POLICY_ALL_2 =>
2024-05-21 21:58:01.235442   => SIGNUP_PRIVACY_POLICY_ALL
2024-05-21 21:58:01.235442   => 'Signup' form is checked
2024-05-21 21:58:01.235442   Start step Close [Sign up] form =>
2024-05-21 21:58:01.309593   => 'Signup' form closed
2024-05-21 21:58:01.585295   => Focus moved to 'capital*com' logo
