{'width': 1280, 'height': 720}

2024-02-08 22:18:48.633116   worker_id = master

2024-02-08 22:18:48.633131   0. Allure grouping v4


2024-02-08 22:18:48.633327   START PRECONDITIONS =>


2024-02-08 22:18:48.633343   {'width': 1280, 'height': 720}

2024-02-08 22:18:48.674671   Set windows position at (0, 0) =>

2024-02-08 22:18:48.776951   Set resolution 1280 * 720 =>

2024-02-08 22:18:48.879447   => Resolution seted {'width': 1280, 'height': 720}

2024-02-08 22:18:49.927766   Капчи нет. Идем дальше

2024-02-08 22:18:49.927878   Prev. Role: Auth

2024-02-08 22:18:49.927898   Current role: Auth

2024-02-08 22:18:50.940795   Капчи нет. Идем дальше

2024-02-08 22:18:50.940892   Prev language: en

2024-02-08 22:18:50.940905   => Current language: en

2024-02-08 22:18:51.976596   Капчи нет. Идем дальше

2024-02-08 22:18:51.976688   Prev country: au
2024-02-08 22:18:51.976702   => Current country: au

2024-02-08 22:18:51.976711   => THE END PRECONDITIONS

2024-02-08 22:18:51.976886   1. Arrange_v0
2024-02-08 22:18:51.979941   BUTTON_CREATE_YOUR_ACCOUNT is located on the page? =>

2024-02-08 22:18:51.988056   2. Act_v0: Define of locator

2024-02-08 22:18:51.988086   2. Act_v0: Go to web element

2024-02-08 22:18:53.171469   2. Act_v0: Click web element
2024-02-08 22:18:53.512400   => BUTTON_CREATE_YOUR_ACCOUNT is clicked

2024-02-08 22:18:53.512752   3. Assert_v4
2024-02-08 22:18:53.512944   Checking that the trading platform page has opened (v4) =>
2024-02-08 22:18:54.031473   => Current page title: Trading Platform | Capital.com
2024-02-08 22:18:54.031610   Checking that the Trading platform LOGO is present on the page =>
2024-02-08 22:18:54.764089   Checking that the Trading platform opened in LIVE mode =>
2024-02-08 22:18:54.775378   => The page with https://capital.com/trading/platform url was opened in lIVE mode
2024-02-08 22:18:54.775409   Current page URL = https://capital.com/trading/platform/
2024-02-08 22:18:55.877333   => Loaded page https://capital.com/trade-silver
