{'width': 1280, 'height': 720}

2024-02-08 22:24:37.511770   worker_id = master

2024-02-08 22:24:37.511787   0. Allure grouping v4


2024-02-08 22:24:37.511977   START PRECONDITIONS =>


2024-02-08 22:24:37.511993   {'width': 1280, 'height': 720}

2024-02-08 22:24:37.513330   Set windows position at (0, 0) =>

2024-02-08 22:24:37.615517   Set resolution 1280 * 720 =>

2024-02-08 22:24:37.718115   => Resolution seted {'width': 1280, 'height': 720}

2024-02-08 22:24:38.785815   Капчи нет. Идем дальше

2024-02-08 22:24:38.785904   Prev. Role: NoReg

2024-02-08 22:24:38.785918   Current role: NoReg

2024-02-08 22:24:39.792947   Капчи нет. Идем дальше

2024-02-08 22:24:39.793035   Prev language: en

2024-02-08 22:24:39.793049   => Current language: en

2024-02-08 22:24:40.847835   Капчи нет. Идем дальше

2024-02-08 22:24:40.847918   Prev country: au
2024-02-08 22:24:40.847932   => Current country: au

2024-02-08 22:24:40.847941   => THE END PRECONDITIONS

2024-02-08 22:24:40.848111   1. Cur URL = https://capital.com/trade-forex

2024-02-08 22:24:40.851082   2. Link = https://capital.com/
2024-02-08 22:24:40.853819   Current page URL = https://capital.com/trade-forex
2024-02-08 22:24:41.377918   => Loaded page https://capital.com/
2024-02-08 22:24:41.890660   => Education menu is present
2024-02-08 22:24:41.906993   element = <selenium.webdriver.remote.webelement.WebElement (session="8d8de8c160e6a6710a33d75d5c498d4b", element="89E7F9BB9E83B719B82E86B8CE6AAAA1_element_2270")>
2024-02-08 22:24:41.907027   => Education menu is visible
2024-02-08 22:24:43.213431   => Focus moved to Education menu


2024-02-08 22:24:44.757925   => Forex trading sub-menu clicked

2024-02-08 22:24:44.763568   3. Cur URL = https://capital.com/trade-forex

2024-02-08 22:24:44.770000   1. Arrange_v0
2024-02-08 22:24:44.772758   BUTTON_TRY_DEMO is visible? =>
2024-02-08 22:24:44.867642   => BUTTON_TRY_DEMO is visible on the page!

2024-02-08 22:24:44.867820   2. Act_v0
2024-02-08 22:24:44.867836   BUTTON_TRY_DEMO is present? =>
2024-02-08 22:24:44.880289   => BUTTON_TRY_DEMO is present on the page!
2024-02-08 22:24:44.880316   BUTTON_TRY_DEMO scroll =>
2024-02-08 22:24:44.949157   => BUTTON_TRY_DEMO clicked!

2024-02-08 22:24:44.949392   3. Assert_v0
2024-02-08 22:24:44.949492   Start step Check that [Sign up] form is opened
2024-02-08 22:24:45.169340   'Sign up' form opened
2024-02-08 22:24:45.169383   Assert SIGNUP_HEADER =>
2024-02-08 22:24:45.198731   Assert SIGNUP_REF_LOGIN =>
2024-02-08 22:24:45.216364   Assert SIGNUP_PRIVACY_POLICY_ALL_2 =>
2024-02-08 22:24:45.235535   => SIGNUP_PRIVACY_POLICY_ALL
2024-02-08 22:24:45.235580   => 'Signup' form is checked
2024-02-08 22:24:45.235747   Start step Close [Sign up] form =>
2024-02-08 22:24:45.341844   => 'Signup' form closed
