{'width': 1280, 'height': 800}

2024-05-09 14:41:28.581081   worker_id = master

2024-05-09 14:41:28.581100   0. Allure grouping v4

2024-05-09 14:41:28.581397   START PRECONDITIONS =>

2024-05-09 14:41:28.581421   => URL after prev. preconditions - https://capital.com/el
2024-05-09 14:41:28.581435   => flag_of_bug - False
2024-05-09 14:41:28.581452   => Current URL - https://capital.com/el/aud-jpy-isotimia
2024-05-09 14:41:28.587847   Current page URL = https://capital.com/el/aud-jpy-isotimia
2024-05-09 14:41:28.590709   self.link = https://capital.com/el
2024-05-09 14:41:28.590722   driver.get(https://capital.com/el) =>
2024-05-09 14:41:30.537912   => Loaded page https://capital.com/el

2024-05-09 14:41:30.544097   => Windows size - {'width': 1280, 'height': 800}
2024-05-09 14:41:30.545473   Set windows position at (0, 0) =>
2024-05-09 14:41:30.547132   Set resolution 1280 * 800 =>
2024-05-09 14:41:30.548715   => Windows size is set to {'width': 1280, 'height': 800}

2024-05-09 14:41:31.592221   Капчи нет. Идем дальше

2024-05-09 14:41:31.592314   Работа с куками =>

2024-05-09 14:41:31.592328   => не требуется

2024-05-09 14:41:31.592338   Prev. country - 'au'
2024-05-09 14:41:31.592347   Cur. country - 'au'
2024-05-09 14:41:31.592356   => Country set to 'au'

2024-05-09 14:41:31.592365   Prev. language - 'el'
2024-05-09 14:41:31.592374   Cur. language - 'el'
2024-05-09 14:41:31.592382   => Language is set to 'el'

2024-05-09 14:41:31.592391   Prev. role - 'Auth'
2024-05-09 14:41:31.592399   Cur. role - 'Auth'
2024-05-09 14:41:31.592408   => The 'Auth' role is set

2024-05-09 14:41:31.595158   => Current URL - https://capital.com/el

2024-05-09 14:41:31.595180   => THE END PRECONDITIONS

2024-05-09 14:41:31.595364   1. Arrange_v0
2024-05-09 14:41:31.595381   current_page = https://capital.com/el
2024-05-09 14:41:31.597801   link = https://capital.com/el/aud-jpy-isotimia
2024-05-09 14:41:31.600188   Current page URL = https://capital.com/el
2024-05-09 14:41:31.602575   self.link = https://capital.com/el/aud-jpy-isotimia
2024-05-09 14:41:31.602589   driver.get(https://capital.com/el/aud-jpy-isotimia) =>
2024-05-09 14:41:33.525679   => Loaded page https://capital.com/el/aud-jpy-isotimia
2024-05-09 14:41:33.534269   BUTTON_CREATE_YOUR_ACCOUNT is located on the page? =>

2024-05-09 14:41:33.544931   2. Act_v0: Define of locator

2024-05-09 14:41:33.544962   2. Act_v0: Go to web element

2024-05-09 14:41:34.585913   2. Act_v0: Click web element
2024-05-09 14:41:35.024115   => BUTTON_CREATE_YOUR_ACCOUNT is clicked

2024-05-09 14:41:35.024447   3. Assert_v4

2024-05-09 14:41:35.024470   
2024-05-09 14:41:35.024580   Checking that the trading platform page has opened (v4) =>
2024-05-09 14:41:35.029856   Checking way # 1 => 

2024-05-09 14:41:35.029963   1. Checking that the Trading platform (or TradingView site) page has valid title =>
2024-05-09 14:41:35.032325   => The title of current page is 'Trading Platform | Capital.com'

2024-05-09 14:41:35.032386   2. Checking that the LOGO is present on the page =>
2024-05-09 14:41:36.595058   => 'capital*com' logo is present on the current page

2024-05-09 14:41:36.595103   tpd = False
2024-05-09 14:41:38.720028   => Driver.backed
