{'width': 1280, 'height': 800}

2024-05-09 14:44:25.029368   worker_id = master

2024-05-09 14:44:25.029382   0. Allure grouping v4

2024-05-09 14:44:25.029592   START PRECONDITIONS =>

2024-05-09 14:44:25.029610   => URL after prev. preconditions - https://capital.com/el
2024-05-09 14:44:25.029619   => flag_of_bug - False
2024-05-09 14:44:25.029629   => Current URL - https://capital.com/el/aud-jpy-isotimia
2024-05-09 14:44:25.036700   Current page URL = https://capital.com/el/aud-jpy-isotimia
2024-05-09 14:44:25.040000   self.link = https://capital.com/el
2024-05-09 14:44:25.040013   driver.get(https://capital.com/el) =>
2024-05-09 14:44:26.700157   => Loaded page https://capital.com/el

2024-05-09 14:44:26.704529   => Windows size - {'width': 1280, 'height': 800}
2024-05-09 14:44:26.705894   Set windows position at (0, 0) =>
2024-05-09 14:44:26.707517   Set resolution 1280 * 800 =>
2024-05-09 14:44:26.709094   => Windows size is set to {'width': 1280, 'height': 800}

2024-05-09 14:44:27.744752   Капчи нет. Идем дальше

2024-05-09 14:44:27.744845   Работа с куками =>

2024-05-09 14:44:27.744867   => не требуется

2024-05-09 14:44:27.744882   Prev. country - 'au'
2024-05-09 14:44:27.744897   Cur. country - 'au'
2024-05-09 14:44:27.744908   => Country set to 'au'

2024-05-09 14:44:27.744917   Prev. language - 'el'
2024-05-09 14:44:27.744926   Cur. language - 'el'
2024-05-09 14:44:27.744935   => Language is set to 'el'

2024-05-09 14:44:27.744943   Prev. role - 'NoReg'
2024-05-09 14:44:27.744952   Cur. role - 'NoReg'
2024-05-09 14:44:27.744961   => The 'NoReg' role is set

2024-05-09 14:44:27.747776   => Current URL - https://capital.com/el

2024-05-09 14:44:27.747800   => THE END PRECONDITIONS

2024-05-09 14:44:27.747986   1. Arrange_v2
2024-05-09 14:44:27.748003   current_page = https://capital.com/el
2024-05-09 14:44:27.751943   link = https://capital.com/el/aud-jpy-isotimia
2024-05-09 14:44:27.754324   Current page URL = https://capital.com/el
2024-05-09 14:44:27.756640   self.link = https://capital.com/el/aud-jpy-isotimia
2024-05-09 14:44:27.756653   driver.get(https://capital.com/el/aud-jpy-isotimia) =>
2024-05-09 14:44:29.393551   => Loaded page https://capital.com/el/aud-jpy-isotimia
2024-05-09 14:44:29.397876 Is SHORT_POSITION_OVERNIGHT_FEE present on the page? =>
2024-05-09 14:44:29.408032   => SHORT_POSITION_OVERNIGHT_FEE is present on the page
2024-05-09 14:44:29.408058   SHORT_POSITION_OVERNIGHT_FEE  scroll =>
2024-05-09 14:44:29.411788   => SHORT_POSITION_OVERNIGHT_FEE  scrolled

2024-05-09 14:44:29.411938   2. Act_v2
2024-05-09 14:44:29.411953   SHORT_POSITION_OVERNIGHT_FEE open =>
2024-05-09 14:44:30.201290   Is SHORT_POSITION_OVERNIGHT_FEE open?  =>
2024-05-09 14:44:30.219931   => TOOLTIP_SHORT_POSITION_FEE is open
2024-05-09 14:44:30.219974   Move focus to button [Go to platform] and click on =>
2024-05-09 14:44:31.013097   => BUTTON_GO_TO_PLATFORM is clickable
2024-05-09 14:44:31.502199 => BUTTON_GO_TO_PLATFORM clicked

2024-05-09 14:44:31.502530   3. Assert_v0
2024-05-09 14:44:31.502663   Start step Check that [Sign up] form is opened
2024-05-09 14:44:34.605429   'Sign up' form not opened
2024-05-09 14:44:34.605660   Start step Check that new [Sign up] form is opened
2024-05-09 14:44:37.691851   => new 'Sign up' form not opened
2024-05-09 14:44:37.692043   Start method Check that [Sign up] page opened =>
2024-05-09 14:44:38.704202   'Sign up' page not opened
2024-05-09 14:44:38.704413   Check that [Sign up] form on trading platform opened =>
2024-05-09 14:44:38.714998   => 'Sign up' form on trading platform page opened
2024-05-09 14:44:38.715028   Assert SIGNUP_HEADER =>
2024-05-09 14:44:38.724802   => SIGNUP_HEADER is OK
2024-05-09 14:44:38.724828   Assert SIGNUP_PRIVACY_POLICY_ALL_1 =>
2024-05-09 14:44:38.737119   => SIGNUP_PRIVACY_POLICY_ALL_1 is OK
2024-05-09 14:44:38.737149   Assert SIGNUP_REF_LOGIN =>
2024-05-09 14:44:38.746690   => SIGNUP_REF_LOGIN is OK
2024-05-09 14:44:38.746713   => 'Signup' form on trading platform page is checked
2024-05-09 14:44:38.746872   Close [Sign up] form with trading platform page =>
2024-05-09 14:44:39.458352   => [Sign up] form with trading platform page is closed
