{'width': 1280, 'height': 800}

2024-05-11 13:36:33.972328   worker_id = master

2024-05-11 13:36:33.972342   0. Allure grouping v4

2024-05-11 13:36:33.972524   START PRECONDITIONS =>

2024-05-11 13:36:33.972539   => URL after prev. preconditions - https://capital.com/
2024-05-11 13:36:33.972549   => flag_of_bug - True
2024-05-11 13:36:33.972559   => Current URL - https://capital.com/day-trading
2024-05-11 13:36:33.977856   Current page URL = https://capital.com/day-trading
2024-05-11 13:36:33.980361   self.link = https://capital.com/
2024-05-11 13:36:33.980375   driver.get(https://capital.com/) =>
2024-05-11 13:36:35.719683   => Loaded page https://capital.com/

2024-05-11 13:36:35.723940   => Windows size - {'width': 1280, 'height': 800}
2024-05-11 13:36:35.725427   Set windows position at (0, 0) =>
2024-05-11 13:36:35.728677   Set resolution 1280 * 800 =>
2024-05-11 13:36:35.730338   => Windows size is set to {'width': 1280, 'height': 800}

2024-05-11 13:36:36.766261   Капчи нет. Идем дальше

2024-05-11 13:36:36.766347   Работа с куками =>

2024-05-11 13:36:36.766361   => не требуется

2024-05-11 13:36:36.766370   Prev. country - 'de'
2024-05-11 13:36:36.766379   Cur. country - 'de'
2024-05-11 13:36:36.766388   => Country set to 'de'

2024-05-11 13:36:36.766397   Prev. language - 'en'
2024-05-11 13:36:36.766406   Cur. language - 'en'
2024-05-11 13:36:36.766415   => Language is set to 'en'

2024-05-11 13:36:36.766424   Prev. role - 'NoAuth'
2024-05-11 13:36:36.766432   Cur. role - 'NoAuth'
2024-05-11 13:36:36.766441   => The 'NoAuth' role is set

2024-05-11 13:36:36.769127   => Current URL - https://capital.com/

2024-05-11 13:36:36.769150   => THE END PRECONDITIONS

2024-05-11 13:36:36.769334   1. Arrange_v0
2024-05-11 13:36:36.769351   current_page = https://capital.com/
2024-05-11 13:36:36.771867   link = https://capital.com/day-trading
2024-05-11 13:36:36.774257   Current page URL = https://capital.com/
2024-05-11 13:36:36.776746   self.link = https://capital.com/day-trading
2024-05-11 13:36:36.776760   driver.get(https://capital.com/day-trading) =>
2024-05-11 13:36:38.416046   => Loaded page https://capital.com/day-trading
2024-05-11 13:36:38.429493   => BUTTON_TRY_DEMO is present on this page
2024-05-11 13:36:38.429533   BUTTON_TRY_DEMO scroll =>
2024-05-11 13:36:38.433488   BUTTON_TRY_DEMO is visible? =>
2024-05-11 13:36:38.447493   => BUTTON_TRY_DEMO is visible on this page

2024-05-11 13:36:38.447691   2. Act_v0
2024-05-11 13:36:38.453193   BUTTON_TRY_DEMO is clickable? =>
2024-05-11 13:36:38.475550   => BUTTON_TRY_DEMO clicked!

2024-05-11 13:36:38.475850   3. Assert_Login_v0
2024-05-11 13:36:38.475940   Check that 'Login' form is opened
2024-05-11 13:36:44.637542   'Login' form not opened
2024-05-11 13:36:44.637727   Check that new 'Login' form is opened
2024-05-11 13:36:47.742477   => New 'Login' form not opened
2024-05-11 13:36:47.745344   'Login' page not opened
2024-05-11 13:36:50.826806   'Login' form on trading platform not opened
2024-05-11 13:36:50.826999   Start step Check that [Sign up] form is opened
2024-05-11 13:36:50.837183   'Sign up' form opened
2024-05-11 13:36:50.837206   Assert SIGNUP_HEADER =>
2024-05-11 13:36:50.846486   Assert SIGNUP_REF_LOGIN =>
2024-05-11 13:36:50.855994   Assert SIGNUP_PRIVACY_POLICY_ALL_2 =>
2024-05-11 13:36:50.865373   => SIGNUP_PRIVACY_POLICY_ALL
2024-05-11 13:36:50.865401   => 'Signup' form is checked

Bug: Bid:11.03.02.00_02-en.de.NoAuth

2024-05-11 13:36:50.865462   Проверка бага в таблице ретеста  =>

2024-05-11 13:36:51.184431   4. Fixing one row check results into Google Sheet Bugs Report =>
1 cells updated.
2024-05-11 13:36:51.427467   => 4. One row check results into Google Sheet Bugs Report fixed

2024-05-11 13:36:53.260999   4. Fixing one row check results into Google Sheet Bugs Report =>
1 cells updated.
2024-05-11 13:36:53.564547   => 4. One row check results into Google Sheet Bugs Report fixed

2024-05-11 13:36:53.566682   Баг Bid:11.03.02.00_02-en.de.NoAuth-05 обнаружен ранее и уже находится в 'Bugs Report Auto detect'
