{'width': 1280, 'height': 800}

2024-05-11 11:27:41.441716   worker_id = master

2024-05-11 11:27:41.441730   0. Allure grouping v4

2024-05-11 11:27:41.441907   START PRECONDITIONS =>

2024-05-11 11:27:41.441923   => URL after prev. preconditions - https://capital.com/
2024-05-11 11:27:41.441935   => flag_of_bug - False
2024-05-11 11:27:41.441951   => Current URL - https://capital.com/super-micro-computer-inc-share-price
2024-05-11 11:27:41.447444   Current page URL = https://capital.com/super-micro-computer-inc-share-price
2024-05-11 11:27:41.449820   self.link = https://capital.com/
2024-05-11 11:27:41.449833   driver.get(https://capital.com/) =>
2024-05-11 11:27:43.343348   => Loaded page https://capital.com/

2024-05-11 11:27:43.347830   => Windows size - {'width': 1280, 'height': 800}
2024-05-11 11:27:43.349206   Set windows position at (0, 0) =>
2024-05-11 11:27:43.350781   Set resolution 1280 * 800 =>
2024-05-11 11:27:43.353833   => Windows size is set to {'width': 1280, 'height': 800}

2024-05-11 11:27:44.386660   Капчи нет. Идем дальше

2024-05-11 11:27:44.386749   Работа с куками =>

2024-05-11 11:27:44.386763   => не требуется

2024-05-11 11:27:44.386772   Prev. country - 'de'
2024-05-11 11:27:44.386781   Cur. country - 'de'
2024-05-11 11:27:44.386791   => Country set to 'de'

2024-05-11 11:27:44.386800   Prev. language - 'en'
2024-05-11 11:27:44.386808   Cur. language - 'en'
2024-05-11 11:27:44.386817   => Language is set to 'en'

2024-05-11 11:27:44.386825   Prev. role - 'NoReg'
2024-05-11 11:27:44.386834   Cur. role - 'NoReg'
2024-05-11 11:27:44.386843   => The 'NoReg' role is set

2024-05-11 11:27:44.389708   => Current URL - https://capital.com/

2024-05-11 11:27:44.389730   => THE END PRECONDITIONS

2024-05-11 11:27:44.389914   1. Arrange_v0
2024-05-11 11:27:44.389932   current_page = https://capital.com/
2024-05-11 11:27:44.392453   link = https://capital.com/super-micro-computer-inc-share-price
2024-05-11 11:27:44.394975   Current page URL = https://capital.com/
2024-05-11 11:27:44.397494   self.link = https://capital.com/super-micro-computer-inc-share-price
2024-05-11 11:27:44.397508   driver.get(https://capital.com/super-micro-computer-inc-share-price) =>
2024-05-11 11:27:46.034892   => Loaded page https://capital.com/super-micro-computer-inc-share-price
2024-05-11 11:27:46.048429   Is button BUTTON_VIEW_DETAILED_CHART present on the page? =>
2024-05-11 11:27:46.048456   => BUTTON_VIEW_DETAILED_CHART is present on the page
2024-05-11 11:27:46.048466   BUTTON_VIEW_DETAILED_CHART scroll =>
2024-05-11 11:27:46.056043   => BUTTON_VIEW_DETAILED_CHART scrolled
2024-05-11 11:27:46.056303   Start Checking that form [Sign up] popped up on the page =>
2024-05-11 11:27:47.611924   '[Sign up]' form was not popped up

2024-05-11 11:27:47.612109   2. Act_v0
2024-05-11 11:27:47.612124   Start Click button [View Detailed Chart] =>
2024-05-11 11:27:47.629798   BUTTON_VIEW_DETAILED_CHART is clickable =>
2024-05-11 11:27:47.662796 => BUTTON_VIEW_DETAILED_CHART clicked

2024-05-11 11:27:47.663088   3. Assert_v0
2024-05-11 11:27:47.663207   Start step Check that [Sign up] form is opened
2024-05-11 11:27:47.893047   'Sign up' form opened
2024-05-11 11:27:47.893085   Assert SIGNUP_HEADER =>
2024-05-11 11:27:47.906044   Assert SIGNUP_REF_LOGIN =>
2024-05-11 11:27:47.916228   Assert SIGNUP_PRIVACY_POLICY_ALL_2 =>
2024-05-11 11:27:47.929752   => SIGNUP_PRIVACY_POLICY_ALL
2024-05-11 11:27:47.929792   => 'Signup' form is checked
2024-05-11 11:27:47.929968   Start step Close [Sign up] form =>
2024-05-11 11:27:48.023927   => 'Signup' form closed
2024-05-11 11:27:48.302793   => Focus moved to 'capital*com' logo
