{'width': 1280, 'height': 800}

2024-05-11 13:42:28.519896   worker_id = master

2024-05-11 13:42:28.519916   0. Allure grouping v4

2024-05-11 13:42:28.520168   START PRECONDITIONS =>

2024-05-11 13:42:28.520189   => URL after prev. preconditions - https://capital.com/
2024-05-11 13:42:28.520205   => flag_of_bug - False
2024-05-11 13:42:28.520222   => Current URL - https://capital.com/trend-trading
2024-05-11 13:42:28.526414   Current page URL = https://capital.com/trend-trading
2024-05-11 13:42:28.529376   self.link = https://capital.com/
2024-05-11 13:42:28.529393   driver.get(https://capital.com/) =>
2024-05-11 13:42:30.274442   => Loaded page https://capital.com/

2024-05-11 13:42:30.280741   => Windows size - {'width': 1280, 'height': 800}
2024-05-11 13:42:30.282111   Set windows position at (0, 0) =>
2024-05-11 13:42:30.283749   Set resolution 1280 * 800 =>
2024-05-11 13:42:30.285371   => Windows size is set to {'width': 1280, 'height': 800}

2024-05-11 13:42:31.318219   Капчи нет. Идем дальше

2024-05-11 13:42:31.318314   Работа с куками =>

2024-05-11 13:42:31.318327   => не требуется

2024-05-11 13:42:31.318337   Prev. country - 'de'
2024-05-11 13:42:31.318346   Cur. country - 'de'
2024-05-11 13:42:31.318355   => Country set to 'de'

2024-05-11 13:42:31.318364   Prev. language - 'en'
2024-05-11 13:42:31.318373   Cur. language - 'en'
2024-05-11 13:42:31.318381   => Language is set to 'en'

2024-05-11 13:42:31.318390   Prev. role - 'NoAuth'
2024-05-11 13:42:31.318399   Cur. role - 'NoAuth'
2024-05-11 13:42:31.318407   => The 'NoAuth' role is set

2024-05-11 13:42:31.321157   => Current URL - https://capital.com/

2024-05-11 13:42:31.321179   => THE END PRECONDITIONS
2024-05-11 13:42:31.827307   => Education menu is present in DOM
2024-05-11 13:42:31.832173   => Education menu is visible
2024-05-11 13:42:33.113076   => Focus moved to Education menu


2024-05-11 13:42:34.623503   => Trend trading menu item clicked

2024-05-11 13:42:34.648777   1. Arrange
2024-05-11 13:42:34.648819   current_page = https://capital.com/trend-trading
2024-05-11 13:42:34.651435   link = https://capital.com/trend-trading
2024-05-11 13:42:34.653876   Is visible BUTTON_DOWNLOAD_APP_STORE? =>
2024-05-11 13:42:34.669182   => BUTTON_DOWNLOAD_APP_STORE is visible on the page!

2024-05-11 13:42:34.669348   2. Act
2024-05-11 13:42:34.677170   1 checking element(s) with current CSS locator is(are) present(s) on this page
2024-05-11 13:42:34.783352   => BUTTON_DOWNLOAD_APP_STORE IS CLICKED

2024-05-11 13:42:34.783634   3. Assert_v0
2024-05-11 13:42:34.783796   Checking that the App Store page has opened

2024-05-11 13:42:35.855364   1. Checking that the Trading platform (or TradingView site) page has valid title =>
2024-05-11 13:42:35.858170   => The title of current page is 'Capital.com: Trading & Finance on the App Store'
2024-05-11 13:42:35.858310   Checking that the App Store app title
2024-05-11 13:42:35.876173   Checking that the App Store specifies provider
2024-05-11 13:42:35.889031   Current page URL = https://apps.apple.com/ie/app/capital-com-trading-finance/id1230088754?mt=8
2024-05-11 13:42:35.891549   self.link = https://capital.com/trend-trading
2024-05-11 13:42:35.891564   driver.get(https://capital.com/trend-trading) =>
2024-05-11 13:42:37.702356   => Loaded page https://capital.com/trend-trading
