{'width': 1280, 'height': 800}

2024-05-11 13:21:52.736329   worker_id = master

2024-05-11 13:21:52.736343   0. Allure grouping v4

2024-05-11 13:21:52.736522   START PRECONDITIONS =>

2024-05-11 13:21:52.736537   => URL after prev. preconditions - https://capital.com/
2024-05-11 13:21:52.736547   => flag_of_bug - False
2024-05-11 13:21:52.736557   => Current URL - https://capital.com/trade-hangseng
2024-05-11 13:21:52.741737   Current page URL = https://capital.com/trade-hangseng
2024-05-11 13:21:52.746975   self.link = https://capital.com/
2024-05-11 13:21:52.746989   driver.get(https://capital.com/) =>
2024-05-11 13:21:54.458974   => Loaded page https://capital.com/

2024-05-11 13:21:54.465431   => Windows size - {'width': 1280, 'height': 800}
2024-05-11 13:21:54.466816   Set windows position at (0, 0) =>
2024-05-11 13:21:54.468481   Set resolution 1280 * 800 =>
2024-05-11 13:21:54.470072   => Windows size is set to {'width': 1280, 'height': 800}

2024-05-11 13:21:55.499030   Капчи нет. Идем дальше

2024-05-11 13:21:55.499118   Работа с куками =>

2024-05-11 13:21:55.499132   => не требуется

2024-05-11 13:21:55.499141   Prev. country - 'de'
2024-05-11 13:21:55.499150   Cur. country - 'de'
2024-05-11 13:21:55.499159   => Country set to 'de'

2024-05-11 13:21:55.499168   Prev. language - 'en'
2024-05-11 13:21:55.499177   Cur. language - 'en'
2024-05-11 13:21:55.499185   => Language is set to 'en'

2024-05-11 13:21:55.499194   Prev. role - 'NoReg'
2024-05-11 13:21:55.499202   Cur. role - 'NoReg'
2024-05-11 13:21:55.499211   => The 'NoReg' role is set

2024-05-11 13:21:55.502008   => Current URL - https://capital.com/

2024-05-11 13:21:55.502030   => THE END PRECONDITIONS

2024-05-11 13:21:55.502207   1. Arrange_v0
2024-05-11 13:21:55.502223   current_page = https://capital.com/
2024-05-11 13:21:55.504640   link = https://capital.com/trade-hangseng
2024-05-11 13:21:55.506972   Current page URL = https://capital.com/
2024-05-11 13:21:55.509547   self.link = https://capital.com/trade-hangseng
2024-05-11 13:21:55.509560   driver.get(https://capital.com/trade-hangseng) =>
2024-05-11 13:21:57.610045   => Loaded page https://capital.com/trade-hangseng
2024-05-11 13:21:57.614469   BUTTON_CREATE_YOUR_ACCOUNT is located on the page? =>

2024-05-11 13:21:57.622844   2. Act_v0: Define of locator

2024-05-11 13:21:57.622867   2. Act_v0: Go to web element

2024-05-11 13:21:58.699327   2. Act_v0: Click web element
2024-05-11 13:21:58.723401   => BUTTON_CREATE_YOUR_ACCOUNT is clicked

2024-05-11 13:21:58.723609   3. Assert_v0
2024-05-11 13:21:58.723726   Start step Check that [Sign up] form is opened
2024-05-11 13:21:58.904333   'Sign up' form opened
2024-05-11 13:21:58.904373   Assert SIGNUP_HEADER =>
2024-05-11 13:21:58.918654   Assert SIGNUP_REF_LOGIN =>
2024-05-11 13:21:58.929306   Assert SIGNUP_PRIVACY_POLICY_ALL_2 =>
2024-05-11 13:21:58.939312   => SIGNUP_PRIVACY_POLICY_ALL
2024-05-11 13:21:58.939339   => 'Signup' form is checked
2024-05-11 13:21:58.939500   Start step Close [Sign up] form =>
2024-05-11 13:21:59.023824   => 'Signup' form closed
2024-05-11 13:21:59.296300   => Focus moved to 'capital*com' logo
