{'width': 1280, 'height': 800}

2024-05-11 10:58:15.878379   worker_id = master

2024-05-11 10:58:15.878392   0. Allure grouping v4

2024-05-11 10:58:15.878574   START PRECONDITIONS =>

2024-05-11 10:58:15.878590   => URL after prev. preconditions - https://capital.com/
2024-05-11 10:58:15.878599   => flag_of_bug - False
2024-05-11 10:58:15.878610   => Current URL - https://capital.com/

2024-05-11 10:58:15.883590   => Windows size - {'width': 1280, 'height': 800}
2024-05-11 10:58:15.884880   Set windows position at (0, 0) =>
2024-05-11 10:58:15.886444   Set resolution 1280 * 800 =>
2024-05-11 10:58:15.888000   => Windows size is set to {'width': 1280, 'height': 800}

2024-05-11 10:58:16.919089   Капчи нет. Идем дальше

2024-05-11 10:58:16.919178   Работа с куками =>

2024-05-11 10:58:16.919192   => не требуется

2024-05-11 10:58:16.919201   Prev. country - 'de'
2024-05-11 10:58:16.919211   Cur. country - 'de'
2024-05-11 10:58:16.919220   => Country set to 'de'

2024-05-11 10:58:16.919229   Prev. language - 'en'
2024-05-11 10:58:16.919237   Cur. language - 'en'
2024-05-11 10:58:16.919246   => Language is set to 'en'

2024-05-11 10:58:16.919255   Prev. role - 'NoReg'
2024-05-11 10:58:16.919263   Cur. role - 'NoReg'
2024-05-11 10:58:16.919272   => The 'NoReg' role is set

2024-05-11 10:58:16.921994   => Current URL - https://capital.com/

2024-05-11 10:58:16.922016   => THE END PRECONDITIONS

2024-05-11 10:58:16.922059   1. Arrange for 'Trade CFDs on Capital.com via TradingView' block
2024-05-11 10:58:16.922073   current_page = https://capital.com/
2024-05-11 10:58:16.924558   link = https://capital.com/

2024-05-11 10:58:16.926959   IS 'Trade CFDs on Capital.com via TradingView' block present on this page? =>
2024-05-11 10:58:16.934307   => 'Trade CFDs on Capital.com via TradingView' block present on this page!

2024-05-11 10:58:16.942401   IS 'Trade CFDs on Capital.com via TradingView' block visible on this page? =>
2024-05-11 10:58:16.954122   => 'Trade CFDs on Capital.com via TradingView' block is visible on this page!

2024-05-11 10:58:16.954144   IS [Explore features] button present on this page? =>
2024-05-11 10:58:16.976508   => [Explore features] button present on this page!

2024-05-11 10:58:16.986136   IS [Explore features] button visible on this page? =>
2024-05-11 10:58:17.001281   => [Explore features] button is visible on this page!
2024-05-11 10:58:17.001468   2. Act for [Explore features] button on 'Trade CFDs on Capital.com via TradingView' block 
2024-05-11 10:58:17.001484   Start Click [Explore features] button =>
2024-05-11 10:58:17.112287   => [Explore features] button clicked!


2024-05-11 10:58:18.366619   3. Assert_v0
2024-05-11 10:58:18.366741   Checking that the TradingView page has opened =>
2024-05-11 10:58:18.369508   => TradingView page has opened


2024-05-11 10:58:18.369618   Checking that the page has expected title =>
2024-05-11 10:58:18.372980   The title of current page is 'Capital.com — Reviews and Terms — TradingView'
2024-05-11 10:58:18.373012   The expected title is 'Capital.com'
2024-05-11 10:58:18.375721   => The page has expected title.

2024-05-11 10:58:18.375867   Checking that the TradingView site has expected app title =>
2024-05-11 10:58:18.394249   The app title of current page is 'Capital.com'
2024-05-11 10:58:18.394279   The expected app title is 'Capital.com'
2024-05-11 10:58:18.397010   => The app title has expected title.

