{'width': 1280, 'height': 800}

2024-05-11 13:30:38.226539   worker_id = master

2024-05-11 13:30:38.226558   0. Allure grouping v4

2024-05-11 13:30:38.226806   START PRECONDITIONS =>

2024-05-11 13:30:38.226822   => URL after prev. preconditions - https://capital.com/
2024-05-11 13:30:38.226832   => flag_of_bug - False
2024-05-11 13:30:38.226843   => Current URL - https://capital.com/ichimoku-cloud
2024-05-11 13:30:38.231941   Current page URL = https://capital.com/ichimoku-cloud
2024-05-11 13:30:38.234282   self.link = https://capital.com/
2024-05-11 13:30:38.234295   driver.get(https://capital.com/) =>
2024-05-11 13:30:40.595555   => Loaded page https://capital.com/

2024-05-11 13:30:40.599890   => Windows size - {'width': 1280, 'height': 800}
2024-05-11 13:30:40.601259   Set windows position at (0, 0) =>
2024-05-11 13:30:40.602902   Set resolution 1280 * 800 =>
2024-05-11 13:30:40.604539   => Windows size is set to {'width': 1280, 'height': 800}

2024-05-11 13:30:41.637393   Капчи нет. Идем дальше

2024-05-11 13:30:41.637479   Работа с куками =>

2024-05-11 13:30:41.637493   => не требуется

2024-05-11 13:30:41.637502   Prev. country - 'de'
2024-05-11 13:30:41.637512   Cur. country - 'de'
2024-05-11 13:30:41.637521   => Country set to 'de'

2024-05-11 13:30:41.637530   Prev. language - 'en'
2024-05-11 13:30:41.637538   Cur. language - 'en'
2024-05-11 13:30:41.637547   => Language is set to 'en'

2024-05-11 13:30:41.637556   Prev. role - 'Auth'
2024-05-11 13:30:41.637564   Cur. role - 'Auth'
2024-05-11 13:30:41.637573   => The 'Auth' role is set

2024-05-11 13:30:41.640335   => Current URL - https://capital.com/

2024-05-11 13:30:41.640360   => THE END PRECONDITIONS

2024-05-11 13:30:41.640403   1. Arrange_v0
2024-05-11 13:30:41.640417   current_page = https://capital.com/
2024-05-11 13:30:41.642814   link = https://capital.com/ichimoku-cloud
2024-05-11 13:30:41.645205   Current page URL = https://capital.com/
2024-05-11 13:30:41.647569   self.link = https://capital.com/ichimoku-cloud
2024-05-11 13:30:41.647583   driver.get(https://capital.com/ichimoku-cloud) =>
2024-05-11 13:30:43.471948   => Loaded page https://capital.com/ichimoku-cloud
2024-05-11 13:30:44.508692   BUTTON_SELL_IN_CONTENT_BLOCK is present? =>
2024-05-11 13:30:44.508733   => BUTTON_SELL_IN_CONTENT_BLOCK is not present on the page
