


Current tab - top_fallers
{'width': 1280, 'height': 800}

2024-05-11 13:20:46.482914   worker_id = master

2024-05-11 13:20:46.482928   0. Allure grouping v4

2024-05-11 13:20:46.483101   START PRECONDITIONS =>

2024-05-11 13:20:46.483116   => URL after prev. preconditions - https://capital.com/
2024-05-11 13:20:46.483126   => flag_of_bug - True
2024-05-11 13:20:46.483136   => Current URL - https://capital.com/trade-hangseng
2024-05-11 13:20:46.488178   Current page URL = https://capital.com/trade-hangseng
2024-05-11 13:20:46.490508   self.link = https://capital.com/
2024-05-11 13:20:46.490521   driver.get(https://capital.com/) =>
2024-05-11 13:20:48.292639   => Loaded page https://capital.com/

2024-05-11 13:20:48.297569   => Windows size - {'width': 1280, 'height': 800}
2024-05-11 13:20:48.298948   Set windows position at (0, 0) =>
2024-05-11 13:20:48.300615   Set resolution 1280 * 800 =>
2024-05-11 13:20:48.302198   => Windows size is set to {'width': 1280, 'height': 800}

2024-05-11 13:20:49.333181   Капчи нет. Идем дальше

2024-05-11 13:20:49.333267   Работа с куками =>

2024-05-11 13:20:49.333281   => не требуется

2024-05-11 13:20:49.333290   Prev. country - 'de'
2024-05-11 13:20:49.333300   Cur. country - 'de'
2024-05-11 13:20:49.333309   => Country set to 'de'

2024-05-11 13:20:49.333318   Prev. language - 'en'
2024-05-11 13:20:49.333326   Cur. language - 'en'
2024-05-11 13:20:49.333335   => Language is set to 'en'

2024-05-11 13:20:49.333343   Prev. role - 'NoAuth'
2024-05-11 13:20:49.333352   Cur. role - 'NoAuth'
2024-05-11 13:20:49.333361   => The 'NoAuth' role is set

2024-05-11 13:20:49.335987   => Current URL - https://capital.com/

2024-05-11 13:20:49.336009   => THE END PRECONDITIONS

2024-05-11 13:20:49.336049   1. Arrange for Indices finance instrument and "top_fallers" tab
2024-05-11 13:20:49.336062   current_page = https://capital.com/
2024-05-11 13:20:49.338397   link = https://capital.com/trade-hangseng
2024-05-11 13:20:49.340723   Current page URL = https://capital.com/
2024-05-11 13:20:49.343007   self.link = https://capital.com/trade-hangseng
2024-05-11 13:20:49.343020   driver.get(https://capital.com/trade-hangseng) =>
2024-05-11 13:20:51.274872   => Loaded page https://capital.com/trade-hangseng
2024-05-11 13:20:51.279389   Save current screenshot into PNG file
2024-05-11 13:20:51.356580   IS CFDs TABLE visible on the page? =>
2024-05-11 13:20:52.393281   => CFDs TABLE is NOT visible on the page!

