{'width': 1280, 'height': 800}

2024-06-03 07:32:41.919919   worker_id = master

2024-06-03 07:32:41.919919   0. Allure grouping v4

2024-06-03 07:32:41.919919   START PRECONDITIONS =>

2024-06-03 07:32:41.919919   => URL after prev. preconditions - https://capital.com/pl
2024-06-03 07:32:41.919919   => flag_of_bug - True
2024-06-03 07:32:41.919919   => Current URL - https://capital.com/trading/platform/
2024-06-03 07:32:41.927050   Current page URL = https://capital.com/trading/platform/
2024-06-03 07:32:41.931049   self.link = https://capital.com/pl
2024-06-03 07:32:41.931049   driver.get(https://capital.com/pl) =>
2024-06-03 07:32:43.928690   => Loaded page https://capital.com/pl

2024-06-03 07:32:43.935471   => Windows size: {'width': 1280, 'height': 800}
2024-06-03 07:32:43.937524   Set windows position at (0, 0) =>
2024-06-03 07:32:43.940262   Set resolution 1280 * 800 =>
2024-06-03 07:32:43.943602   => Windows size is set to {'width': 1280, 'height': 800}

2024-06-03 07:32:44.949486   Капчи нет. Идем дальше

2024-06-03 07:32:44.949486   Работа с куками =>

2024-06-03 07:32:44.949486   => не требуется

2024-06-03 07:32:45.954149   Капчи нет. Идем дальше

2024-06-03 07:32:45.954149   Prev. country - 'de'
2024-06-03 07:32:45.954149   Cur. country - 'de'
2024-06-03 07:32:45.954149   => Country set to 'de'

2024-06-03 07:32:46.963982   Капчи нет. Идем дальше

2024-06-03 07:32:46.963982   Prev. language - 'pl'
2024-06-03 07:32:46.963982   Cur. language - 'pl'
2024-06-03 07:32:46.963982   => Language is set to 'pl'

2024-06-03 07:32:47.993837   Капчи нет. Идем дальше

2024-06-03 07:32:47.994064   Prev. role - 'NoAuth'
2024-06-03 07:32:47.994064   Cur. role - 'NoAuth'
2024-06-03 07:32:47.994064   => The 'NoAuth' role is set

2024-06-03 07:32:47.999066   => Current URL - https://capital.com/pl

2024-06-03 07:32:47.999066   => THE END PRECONDITIONS

2024-06-03 07:32:47.999066   1. Arrange_v0
2024-06-03 07:32:47.999066   current_page = https://capital.com/pl
2024-06-03 07:32:48.002066   link = https://capital.com/pl/lead-towar
2024-06-03 07:32:48.006064   Current page URL = https://capital.com/pl
2024-06-03 07:32:48.009067   self.link = https://capital.com/pl/lead-towar
2024-06-03 07:32:48.009067   driver.get(https://capital.com/pl/lead-towar) =>
2024-06-03 07:32:49.751202   => Loaded page https://capital.com/pl/lead-towar
2024-06-03 07:32:49.755213   BUTTON_BUY is located on the page? =>
2024-06-03 07:32:49.767158   => BUTTON_BUY is located on the page!
2024-06-03 07:32:49.767158   Start Checking that form [Sign up] popped up on the page =>
2024-06-03 07:32:51.279233   '[Sign up]' form was not popped up

2024-06-03 07:32:51.279233   2. Act_v0
2024-06-03 07:32:51.285233   BUTTON_BUY is present? =>
2024-06-03 07:32:51.285233   => BUTTON_BUY is present on the page
2024-06-03 07:32:51.285233   BUTTON_BUY scroll =>
2024-06-03 07:32:51.290240   => BUTTON_BUY scrolled
2024-06-03 07:32:51.326248   BUTTON_BUY is clickable? =>
2024-06-03 07:32:51.339654   BUTTON_BUY CLICK =>
2024-06-03 07:32:51.384074   => BUTTON_BUY clicked!

2024-06-03 07:32:51.384074   3. Assert_Login_v0
2024-06-03 07:32:51.384074   Check that 'Login' form is opened
2024-06-03 07:32:51.779721   'Login' form opened
2024-06-03 07:32:51.779721   Assert LOGIN_REF_SIGNUP =>
2024-06-03 07:32:51.798100   Assert LOGIN_CHECKBOX =>
2024-06-03 07:32:51.819275   Assert LOGIN_PASS_FORGOT =>
2024-06-03 07:32:51.837613   => 'Login' form is checked
2024-06-03 07:32:51.861418   Click 'Close' button on 'Login' form =>
2024-06-03 07:32:52.229841   => Focus moved to 'capital*com' logo
2024-06-03 07:32:52.229841   => 'Login' form closed
