{'width': 1280, 'height': 720}

2024-03-10 10:22:54.864334   worker_id = master

2024-03-10 10:22:54.864350   0. Allure grouping v4


2024-03-10 10:22:54.864549   START PRECONDITIONS =>


2024-03-10 10:22:54.864565   => Windows size - {'width': 1280, 'height': 720}
2024-03-10 10:22:54.865896   Set windows position at (0, 0) =>
2024-03-10 10:22:54.968226   Set resolution 1280 * 720 =>
2024-03-10 10:22:55.070742   => Windows size is set to {'width': 1280, 'height': 720}

2024-03-10 10:22:56.102204   Капчи нет. Идем дальше

2024-03-10 10:22:56.102295   Работа с куками

2024-03-10 10:22:56.102308   => Prev. country - 'de'
2024-03-10 10:22:56.102318   => Country set to 'de'

2024-03-10 10:22:56.102327   => Prev. language - 'ru'
2024-03-10 10:22:56.102335   => Language is set to 'ru'

2024-03-10 10:22:56.102344   => Prev. role - 'NoReg'
2024-03-10 10:22:56.102352   => The 'NoReg' role is set

2024-03-10 10:22:56.105515   => THE END PRECONDITIONS

2024-03-10 10:22:56.105579   1. Arrange

2024-03-10 10:22:56.108388   Open page: https://capital.com/ru/cac-40-cfd
2024-03-10 10:22:56.108411   Current page URL = https://capital.com/
2024-03-10 10:22:57.256091   => Loaded page https://capital.com/ru/cac-40-cfd
2024-03-10 10:22:57.259454   BUTTON_ON_HOR_BANNER is present? =>
2024-03-10 10:22:57.292766   => BUTTON_ON_HOR_BANNER is present on this page
2024-03-10 10:22:57.292806   BUTTON_ON_HOR_BANNER scroll =>
2024-03-10 10:22:57.296616   BUTTON_ON_HOR_BANNER is visible? =>
2024-03-10 10:22:57.373775   => BUTTON_ON_HOR_BANNER is visible on the page!
2024-03-10 10:22:57.373966   Start Checking that form [Sign up] popped up on the page =>
2024-03-10 10:22:58.931975   '[Sign up]' form was not popped up

2024-03-10 10:22:58.932158   2. Act

2024-03-10 10:22:58.951363   => Button on Horizontal banner is clickable

2024-03-10 10:22:58.956240   data_id = 392
2024-03-10 10:22:58.993316   => BUTTON_ON_HOR_BANNER clicked!

2024-03-10 10:22:58.993582   3. Assert_v0
2024-03-10 10:22:58.993697   Start step Check that [Sign up] form is opened
2024-03-10 10:22:59.235413   'Sign up' form opened
2024-03-10 10:22:59.235454   Assert SIGNUP_HEADER =>
2024-03-10 10:22:59.251645   Assert SIGNUP_REF_LOGIN =>
2024-03-10 10:22:59.266794   Assert SIGNUP_PRIVACY_POLICY_ALL_2 =>
2024-03-10 10:22:59.286712   => SIGNUP_PRIVACY_POLICY_ALL
2024-03-10 10:22:59.286754   => 'Signup' form is checked
2024-03-10 10:22:59.286926   Start step Close [Sign up] form =>
2024-03-10 10:22:59.390585   => 'Signup' form closed

2024-03-10 10:22:59.832457   *** end fixture Browser = teardown ***

