


Current sort - Top fallers
{'width': 1280, 'height': 800}

2024-04-06 06:45:39.024686   worker_id = master

2024-04-06 06:45:39.024709   0. Allure grouping v4

2024-04-06 06:45:39.025030   START PRECONDITIONS =>

2024-04-06 06:45:39.025057   => Current URL - https://capital.com/de/waehrungskurse

2024-04-06 06:45:39.029399   => URL after prev. preconditions - https://capital.com/de/waehrungskurse

2024-04-06 06:45:39.029424   => flag_of_bug - False

2024-04-06 06:45:39.029443   => Windows size - {'width': 1280, 'height': 800}
2024-04-06 06:45:39.033881   Set windows position at (0, 0) =>
2024-04-06 06:45:39.140498   Set resolution 1280 * 800 =>
2024-04-06 06:45:39.243266   => Windows size is set to {'width': 1280, 'height': 800}

2024-04-06 06:45:40.300911   Капчи нет. Идем дальше

2024-04-06 06:45:40.301007   Работа с куками

2024-04-06 06:45:40.301022   Prev. country - 'de'
2024-04-06 06:45:40.301032   Cur. country - 'de'
2024-04-06 06:45:40.301041   => Country set to 'de'

2024-04-06 06:45:40.301050   Prev. language - 'de'
2024-04-06 06:45:40.301059   Cur. language - 'de'
2024-04-06 06:45:40.301067   => Language is set to 'de'

2024-04-06 06:45:40.301076   Prev. role - 'NoReg'
2024-04-06 06:45:40.301084   Cur. role - 'NoReg'
2024-04-06 06:45:40.301093   => The 'NoReg' role is set

2024-04-06 06:45:40.304841   => Current URL - https://capital.com/de/waehrungskurse

2024-04-06 06:45:40.304867   => THE END PRECONDITIONS

2024-04-06 06:45:40.305062   START Open "Markets" menu, "Forex" submenu =>

2024-04-06 06:45:40.305078   1. Cur URL = https://capital.com/de/waehrungskurse

2024-04-06 06:45:40.308124   2. Link = https://capital.com/de/waehrungskurse
2024-04-06 06:45:40.308140   current_page = https://capital.com/de/waehrungskurse
2024-04-06 06:45:40.311574   link = https://capital.com/de/waehrungskurse
2024-04-06 06:45:40.822740   => 'Markets' menu is present
2024-04-06 06:45:40.839013   => 'Markets' menu is visible
2024-04-06 06:45:42.105296   => Focus moved to 'Markets' menu


2024-04-06 06:45:42.884124   => 'Forex' sub-menu clicked
2024-04-06 06:45:43.154439   => Focus moved to 'capital*com' logo

2024-04-06 06:45:43.154481   3. Cur URL = https://capital.com/de/waehrungskurse

2024-04-06 06:45:43.161640   1. Arrange for TABLE_TRADING_INSTRUMENTS and 'Top fallers' cur_sort
2024-04-06 06:45:43.161667   current_page = https://capital.com/de/waehrungskurse
2024-04-06 06:45:43.164875   link = https://capital.com/de/waehrungskurse
2024-04-06 06:45:43.167827   TABLE_TRADING_INSTRUMENTS present on this page? =>
2024-04-06 06:45:43.174413   => TABLE_TRADING_INSTRUMENTS is present on the page!
2024-04-06 06:45:43.174442   IS FIELD_DROPDOWN_SORT present in the Live prices table? =>
2024-04-06 06:45:43.182026   =>  FIELD_DROPDOWN_SORT is present in the table!
2024-04-06 06:45:43.182054   Start scroll and click FIELD_DROPDOWN_SORT =>
2024-04-06 06:45:43.326936   Is item_sort_list visible on the FIELD_DROPDOWN_SORT ? =>
2024-04-06 06:45:43.346415   => item_sort_list is visible on the FIELD_DROPDOWN_SORT!
2024-04-06 06:45:43.346454   Is cur_sort "Top fallers" present in item_sort_list? =>
2024-04-06 06:45:43.361118   => cur_sort "Top fallers" is present in item_sort_list!
2024-04-06 06:45:43.361324   Start click cur_sort "Top fallers" =>
2024-04-06 06:45:44.101465   => End Click cur_sort "Top fallers"

2024-04-06 06:45:44.101513   Buttons [Sell] is visible and sum buttons no zero? =>
2024-04-06 06:45:44.139430   => Buttons [Sell] is visible and sum buttons no zero!

2024-04-06 06:45:44.139497   Start find 1 random buttons [Sell] on cur_sort "Top fallers"=>
2024-04-06 06:45:44.161151   => End find 1 random buttons [Sell] on the cur_sort "Top fallers"

2024-04-06 06:45:44.161195   List of random items = [7]
2024-04-06 06:45:44.161377   2. Act for trading instrument and "Top fallers" cur_sort
2024-04-06 06:45:44.173918   Start click button [Sell] =>
2024-04-06 06:45:44.183924   =>   BUTTON_SELL on item with ID = '53068615964174' is present
2024-04-06 06:45:44.183957   BUTTON_SELL on item with ID = '53068615964174' scroll into view =>
2024-04-06 06:45:44.195898   => BUTTON_SELL on item with ID = '53068615964174' scrolled into view
2024-04-06 06:45:44.195954   Check that BUTTON_SELL with item 'Canadian Dollar / Mexican Peso' clickable =>
2024-04-06 06:45:44.348298   => BUTTON_SELL is clickable
2024-04-06 06:45:45.140437   =>   BUTTON_SELL on item 'Canadian Dollar / Mexican Peso' clicked

2024-04-06 06:45:45.140702   3. Assert_v0
2024-04-06 06:45:45.140802   Start step Check that [Sign up] form is opened
2024-04-06 06:45:45.511179   'Sign up' form opened
2024-04-06 06:45:45.511235   Assert SIGNUP_HEADER =>
2024-04-06 06:45:45.536712   Assert SIGNUP_REF_LOGIN =>
2024-04-06 06:45:45.556284   Assert SIGNUP_PRIVACY_POLICY_ALL_2 =>
2024-04-06 06:45:45.577366   => SIGNUP_PRIVACY_POLICY_ALL
2024-04-06 06:45:45.577407   => 'Signup' form is checked
2024-04-06 06:45:45.577611   Start step Close [Sign up] form =>
2024-04-06 06:45:45.683242   => 'Signup' form closed
2024-04-06 06:45:45.953902   => Focus moved to 'capital*com' logo
