


Current sort - Most volatile
{'width': 1280, 'height': 800}

2024-04-06 06:46:37.035270   worker_id = master

2024-04-06 06:46:37.035285   0. Allure grouping v4

2024-04-06 06:46:37.035476   START PRECONDITIONS =>

2024-04-06 06:46:37.035493   => Current URL - https://capital.com/de/waehrungskurse?t=fallers

2024-04-06 06:46:37.038666   => URL after prev. preconditions - https://capital.com/de/waehrungskurse

2024-04-06 06:46:37.038680   => flag_of_bug - True
2024-04-06 06:46:37.038692   Current page URL = https://capital.com/de/waehrungskurse?t=fallers
2024-04-06 06:46:37.041805   self.link = https://capital.com/de/waehrungskurse
2024-04-06 06:46:37.041818   link = https://capital.com/de/waehrungskurse
2024-04-06 06:46:38.712294   => Loaded page https://capital.com/de/waehrungskurse

2024-04-06 06:46:38.717676   => Windows size - {'width': 1280, 'height': 800}
2024-04-06 06:46:38.719324   Set windows position at (0, 0) =>
2024-04-06 06:46:38.821754   Set resolution 1280 * 800 =>
2024-04-06 06:46:38.924395   => Windows size is set to {'width': 1280, 'height': 800}

2024-04-06 06:46:39.966485   Капчи нет. Идем дальше

2024-04-06 06:46:39.966582   Работа с куками

2024-04-06 06:46:39.966596   Prev. country - 'de'
2024-04-06 06:46:39.966606   Cur. country - 'de'
2024-04-06 06:46:39.966615   => Country set to 'de'

2024-04-06 06:46:39.966624   Prev. language - 'de'
2024-04-06 06:46:39.966633   Cur. language - 'de'
2024-04-06 06:46:39.966642   => Language is set to 'de'

2024-04-06 06:46:39.966650   Prev. role - 'NoReg'
2024-04-06 06:46:39.966659   Cur. role - 'NoReg'
2024-04-06 06:46:39.966667   => The 'NoReg' role is set

2024-04-06 06:46:39.969855   => Current URL - https://capital.com/de/waehrungskurse

2024-04-06 06:46:39.969881   => THE END PRECONDITIONS

2024-04-06 06:46:39.970237   START Open "Markets" menu, "Forex" submenu =>

2024-04-06 06:46:39.970256   1. Cur URL = https://capital.com/de/waehrungskurse

2024-04-06 06:46:39.973364   2. Link = https://capital.com/de/waehrungskurse
2024-04-06 06:46:39.973380   current_page = https://capital.com/de/waehrungskurse
2024-04-06 06:46:39.976104   link = https://capital.com/de/waehrungskurse
2024-04-06 06:46:40.490264   => 'Markets' menu is present
2024-04-06 06:46:40.515072   => 'Markets' menu is visible
2024-04-06 06:46:41.781064   => Focus moved to 'Markets' menu


2024-04-06 06:46:42.566317   => 'Forex' sub-menu clicked
2024-04-06 06:46:42.840097   => Focus moved to 'capital*com' logo

2024-04-06 06:46:42.840141   3. Cur URL = https://capital.com/de/waehrungskurse

2024-04-06 06:46:42.848753   1. Arrange for Trading instrument table and "Most volatile" cur_sort
2024-04-06 06:46:42.848782   current_page = https://capital.com/de/waehrungskurse
2024-04-06 06:46:42.851625   link = https://capital.com/de/waehrungskurse
2024-04-06 06:46:42.854392   IS TABLE_TRADING_INSTRUMENTS  present on the  page? =>
2024-04-06 06:46:42.867544   => TABLE_TRADING_INSTRUMENTS is present on the page!
2024-04-06 06:46:42.867589   IS FIELD_DROPDOWN_SORT present in the table? =>
2024-04-06 06:46:42.878737   =>  FIELD_DROPDOWN_SORT is present in the table!
2024-04-06 06:46:42.878777   Start scroll and click FIELD_DROPDOWN_SORT =>
2024-04-06 06:46:43.044253   Is item_sort_list visible on the FIELD_DROPDOWN_SORT ? =>
2024-04-06 06:46:43.066850   => item_sort_list is visible on the FIELD_DROPDOWN_SORT!
2024-04-06 06:46:43.066890   Is cur_sort "Most volatile" present in item_sort_list? =>
2024-04-06 06:46:43.112801   => cur_sort "Most volatile" is present in item_sort_list!
2024-04-06 06:46:43.112841   Start click cur_sort "Most volatile" =>
2024-04-06 06:46:43.777402   => End Click cur_sort "Most volatile"

2024-04-06 06:46:43.777449   Buttons [Buy] is visible and quantity buttons not zero? =>
2024-04-06 06:46:43.792242   => Buttons [Buy] is visible and quantity buttons not zero!

2024-04-06 06:46:43.792283   Start find two random buttons [Buy] on cur_sort "Most volatile"=>
2024-04-06 06:46:43.798978   => End find 1 random buttons [Buy] on the cur_sort "Most volatile"


2024-04-06 06:46:43.799016   Item_list = [18]
2024-04-06 06:46:43.799204   Start Checking that form [Sign up] popped up on the page =>
2024-04-06 06:46:45.365390   '[Sign up]' form was not popped up
2024-04-06 06:46:45.365605   2. Act for trading instrument and "Most volatile" cur_sort
2024-04-06 06:46:45.386253   Start click button [Buy] =>
2024-04-06 06:46:45.397924   =>   BUTTON_BUY on item with ID = 55001351226694
2024-04-06 06:46:45.397996   BUTTON_BUY on item with ID = '55001351226694' scroll into view =>
2024-04-06 06:46:45.406133   => BUTTON_SELL on item with ID = '55001351226694' scrolled into view
2024-04-06 06:46:45.406176   Check that BUTTON_BUY with item Swiss Franc / Hungarian Forint clickable =>
2024-04-06 06:46:45.527313   => BUTTON_BUY is clickable
2024-04-06 06:46:46.323416   =>   BUTTON_BUY with item Swiss Franc / Hungarian Forint clicked

2024-04-06 06:46:46.323694   3. Assert_v0
2024-04-06 06:46:46.323792   Start step Check that [Sign up] form is opened
2024-04-06 06:46:46.605030   'Sign up' form opened
2024-04-06 06:46:46.605080   Assert SIGNUP_HEADER =>
2024-04-06 06:46:46.621296   Assert SIGNUP_REF_LOGIN =>
2024-04-06 06:46:46.637865   Assert SIGNUP_PRIVACY_POLICY_ALL_2 =>
2024-04-06 06:46:46.657468   => SIGNUP_PRIVACY_POLICY_ALL
2024-04-06 06:46:46.657518   => 'Signup' form is checked
2024-04-06 06:46:46.657737   Start step Close [Sign up] form =>
2024-04-06 06:46:46.757461   => 'Signup' form closed
2024-04-06 06:46:47.034750   => Focus moved to 'capital*com' logo
