{'width': 1280, 'height': 800}

2024-03-24 15:24:35.641149   worker_id = master

2024-03-24 15:24:35.641166   0. Allure grouping v4


2024-03-24 15:24:35.641387   START PRECONDITIONS =>


2024-03-24 15:24:35.641403   => flag_of_bug - False

2024-03-24 15:24:35.641415   => Windows size - {'width': 1280, 'height': 800}
2024-03-24 15:24:35.642781   Set windows position at (0, 0) =>
2024-03-24 15:24:35.749866   Set resolution 1280 * 800 =>
2024-03-24 15:24:35.858482   => Windows size is set to {'width': 1280, 'height': 800}

2024-03-24 15:24:36.873179   Капчи нет. Идем дальше

2024-03-24 15:24:36.873269   Работа с куками

2024-03-24 15:24:36.873283   => Prev. country - 'au'
2024-03-24 15:24:36.873293   => Country set to 'au'

2024-03-24 15:24:36.873302   => Prev. language - 'nl'
2024-03-24 15:24:36.873311   => Language is set to 'nl'

2024-03-24 15:24:36.873320   => Prev. role - 'Auth'
2024-03-24 15:24:36.873329   => The 'Auth' role is set

2024-03-24 15:24:36.876022   => THE END PRECONDITIONS

2024-03-24 15:24:36.878576   1. Arrange_v0
2024-03-24 15:24:36.878597   current_page = https://capital.com/nl/wat-is-een-optiecontract
2024-03-24 15:24:36.880967   link = https://capital.com/nl/wat-is-een-optiecontract
2024-03-24 15:24:36.891128   => BUTTON_TRY_DEMO is present on this page
2024-03-24 15:24:36.891157   BUTTON_TRY_DEMO scroll =>
2024-03-24 15:24:36.894534   BUTTON_TRY_DEMO is visible? =>
2024-03-24 15:24:36.908205   => BUTTON_TRY_DEMO is visible on this page

2024-03-24 15:24:36.908355   2. Act_v0
2024-03-24 15:24:36.913144   BUTTON_TRY_DEMO is clickable? =>
2024-03-24 15:24:36.935831   => BUTTON_TRY_DEMO clicked!

2024-03-24 15:24:36.936087   3. Assert_v4
2024-03-24 15:24:36.936201   Checking that the trading platform page has opened (v4) =>
2024-03-24 15:24:37.457049   Checking way # 1 => 
2024-03-24 15:24:37.461078   => Current page title: Trading Platform | Capital.com
2024-03-24 15:24:37.461282   Checking that the Trading platform LOGO is present on the page =>
2024-03-24 15:24:38.196236   => Trading platform LOGO is present on the page
2024-03-24 15:24:38.196320   tpd = True
2024-03-24 15:24:38.196466   Checking that the Trading platform opened in DEMO mode =>
2024-03-24 15:24:38.213687   => The page with https://capital.com/trading/platform/?mode=demo url was opened in DEMO mode
2024-03-24 15:24:39.451232   => Driver.backed
