{'width': 1280, 'height': 720}

2023-12-22 05:39:17.664556   worker_id = master

2023-12-22 05:39:17.664573   0. Allure grouping v4


2023-12-22 05:39:17.664721   START PRECONDITIONS =>


2023-12-22 05:39:17.664736   {'width': 1280, 'height': 720}

2023-12-22 05:39:17.665948   Set windows position at (320, 180) =>

2023-12-22 05:39:17.768205   Set resolution 1280 * 720 =>

2023-12-22 05:39:17.870672   => Resolution seted {'width': 1280, 'height': 720}

2023-12-22 05:39:21.886687   Капчи нет. Тестим дальше

2023-12-22 05:39:21.886732   Prev. Role: NoAuth

2023-12-22 05:39:21.886742   Current role: NoAuth

2023-12-22 05:39:21.886751   Prev language: en

2023-12-22 05:39:21.886770   => Current language: en

2023-12-22 05:39:21.886784   Prev country: de

2023-12-22 05:39:21.886797   => Current country: de

2023-12-22 05:39:21.886811   => THE END PRECONDITIONS

2023-12-22 05:39:21.886883   1. Arrange_v0
2023-12-22 05:39:21.892848   BUTTON_BUY_IN_CONTENT_BLOCK is located on the page? =>
2023-12-22 05:39:21.900676   => BUTTON_BUY_IN_CONTENT_BLOCK is located on the page!
2023-12-22 05:39:21.900820   Start Checking that form [Sign up] popped up on the page =>
2023-12-22 05:39:21.914639   'Sign up' form opened
2023-12-22 05:39:21.914764   Start step Close [Sign up] form =>
2023-12-22 05:39:21.978030   => 'Signup' form closed

2023-12-22 05:39:21.978292   2. Act_v0
2023-12-22 05:39:21.985413   BUTTON_BUY_IN_CONTENT_BLOCK is present? =>
2023-12-22 05:39:21.985438   => BUTTON_BUY_IN_CONTENT_BLOCK is present on the page
2023-12-22 05:39:21.985447   BUTTON_BUY_IN_CONTENT_BLOCK scroll =>
2023-12-22 05:39:21.992535   => BUTTON_BUY_IN_CONTENT_BLOCK scrolled
2023-12-22 05:39:22.000638   BUTTON_BUY_IN_CONTENT_BLOCK is clickable? =>
2023-12-22 05:39:22.013125   BUTTON_BUY_IN_CONTENT_BLOCK CLICK =>
2023-12-22 05:39:22.049227   => BUTTON_BUY_IN_CONTENT_BLOCK clicked!

2023-12-22 05:39:22.049434   3. Assert_Login_v0
2023-12-22 05:39:26.584313   'Login' form not opened
2023-12-22 05:39:26.591389   'Login' page not opened
2023-12-22 05:39:31.116076   'Login' form on trading platform not opened
2023-12-22 05:39:31.116258   Start step Check that [Sign up] form is opened
2023-12-22 05:39:31.128286   'Sign up' form opened
2023-12-22 05:39:31.128308   Assert SIGNUP_HEADER =>
2023-12-22 05:39:31.141456   Assert SIGNUP_REF_LOGIN =>
2023-12-22 05:39:31.152390   Assert SIGNUP_PRIVACY_POLICY_ALL_2 =>
2023-12-22 05:39:31.165509   => SIGNUP_PRIVACY_POLICY_ALL
2023-12-22 05:39:31.165538   => 'Signup' form is checked
