{'width': 1280, 'height': 800}

2024-03-24 15:21:35.084553   worker_id = master

2024-03-24 15:21:35.084570   0. Allure grouping v4


2024-03-24 15:21:35.084786   START PRECONDITIONS =>


2024-03-24 15:21:35.084802   => flag_of_bug - False

2024-03-24 15:21:35.084813   => Windows size - {'width': 1280, 'height': 800}
2024-03-24 15:21:35.086450   Set windows position at (0, 0) =>
2024-03-24 15:21:35.188659   Set resolution 1280 * 800 =>
2024-03-24 15:21:35.292559   => Windows size is set to {'width': 1280, 'height': 800}

2024-03-24 15:21:36.326455   Капчи нет. Идем дальше

2024-03-24 15:21:36.326534   Работа с куками

2024-03-24 15:21:36.326547   => Prev. country - 'de'
2024-03-24 15:21:36.326557   => Country set to 'de'

2024-03-24 15:21:36.326567   => Prev. language - 'nl'
2024-03-24 15:21:36.326576   => Language is set to 'nl'

2024-03-24 15:21:36.326585   => Prev. role - 'Auth'
2024-03-24 15:21:36.326594   => The 'Auth' role is set

2024-03-24 15:21:36.329288   => THE END PRECONDITIONS

2024-03-24 15:21:36.331921   1. Arrange_v0
2024-03-24 15:21:36.331942   current_page = https://capital.com/nl/wat-is-een-optiecontract
2024-03-24 15:21:36.334429   link = https://capital.com/nl/wat-is-een-optiecontract
2024-03-24 15:21:36.344342   => BUTTON_TRY_DEMO is present on this page
2024-03-24 15:21:36.344364   BUTTON_TRY_DEMO scroll =>
2024-03-24 15:21:36.347593   BUTTON_TRY_DEMO is visible? =>
2024-03-24 15:21:36.360852   => BUTTON_TRY_DEMO is visible on this page

2024-03-24 15:21:36.360975   2. Act_v0
2024-03-24 15:21:36.365599   BUTTON_TRY_DEMO is clickable? =>
2024-03-24 15:21:36.388573   => BUTTON_TRY_DEMO clicked!

2024-03-24 15:21:36.388781   3. Assert_v4
2024-03-24 15:21:36.388893   Checking that the trading platform page has opened (v4) =>
2024-03-24 15:21:37.401477   Checking way # 1 => 
2024-03-24 15:21:37.405037   => Current page title: Trading Platform | Capital.com
2024-03-24 15:21:37.405227   Checking that the Trading platform LOGO is present on the page =>
2024-03-24 15:21:37.725911   => Trading platform LOGO is present on the page
2024-03-24 15:21:37.726014   tpd = True
2024-03-24 15:21:37.726240   Checking that the Trading platform opened in DEMO mode =>
2024-03-24 15:21:37.741397   => The page with https://capital.com/trading/platform/?mode=demo url was opened in DEMO mode
2024-03-24 15:21:38.837536   => Driver.backed
