{'width': 1280, 'height': 800}

2024-03-24 15:25:31.638393   worker_id = master

2024-03-24 15:25:31.638410   0. Allure grouping v4


2024-03-24 15:25:31.638605   START PRECONDITIONS =>


2024-03-24 15:25:31.638620   => flag_of_bug - False

2024-03-24 15:25:31.638631   => Windows size - {'width': 1280, 'height': 800}
2024-03-24 15:25:31.639952   Set windows position at (0, 0) =>
2024-03-24 15:25:31.742337   Set resolution 1280 * 800 =>
2024-03-24 15:25:31.844572   => Windows size is set to {'width': 1280, 'height': 800}

2024-03-24 15:25:32.868200   Капчи нет. Идем дальше

2024-03-24 15:25:32.868287   Работа с куками

2024-03-24 15:25:32.868300   => Prev. country - 'de'
2024-03-24 15:25:32.868310   => Country set to 'de'

2024-03-24 15:25:32.868319   => Prev. language - 'nl'
2024-03-24 15:25:32.868328   => Language is set to 'nl'

2024-03-24 15:25:32.868337   => Prev. role - 'NoReg'
2024-03-24 15:25:32.868346   => The 'NoReg' role is set

2024-03-24 15:25:32.870960   => THE END PRECONDITIONS

2024-03-24 15:25:32.873460   1. Arrange_v0
2024-03-24 15:25:32.873481   current_page = https://capital.com/nl/wat-is-een-optiecontract
2024-03-24 15:25:32.875799   link = https://capital.com/nl/wat-is-een-optiecontract
2024-03-24 15:25:32.885735   => BUTTON_TRY_DEMO is present on this page
2024-03-24 15:25:32.885759   BUTTON_TRY_DEMO scroll =>
2024-03-24 15:25:32.889109   BUTTON_TRY_DEMO is visible? =>
2024-03-24 15:25:32.902065   => BUTTON_TRY_DEMO is visible on this page

2024-03-24 15:25:32.902196   2. Act_v0
2024-03-24 15:25:32.906800   BUTTON_TRY_DEMO is clickable? =>
2024-03-24 15:25:32.938730   => BUTTON_TRY_DEMO clicked!

2024-03-24 15:25:32.939031   3. Assert_v0
2024-03-24 15:25:32.939184   Start step Check that [Sign up] form is opened
2024-03-24 15:25:32.953307   'Sign up' form opened
2024-03-24 15:25:32.953344   Assert SIGNUP_HEADER =>
2024-03-24 15:25:32.965474   Assert SIGNUP_REF_LOGIN =>
2024-03-24 15:25:32.977442   Assert SIGNUP_PRIVACY_POLICY_ALL_2 =>
2024-03-24 15:25:32.999636   => SIGNUP_PRIVACY_POLICY_ALL
2024-03-24 15:25:32.999681   => 'Signup' form is checked
2024-03-24 15:25:32.999900   Start step Close [Sign up] form =>
2024-03-24 15:25:33.053067   => 'Signup' form closed
