{'width': 1280, 'height': 720}

2024-01-12 00:30:54.487975   worker_id = master

2024-01-12 00:30:54.487991   0. Allure grouping v4


2024-01-12 00:30:54.488132   START PRECONDITIONS =>


2024-01-12 00:30:54.488146   {'width': 1280, 'height': 720}

2024-01-12 00:30:54.489379   Set windows position at (0, 0) =>

2024-01-12 00:30:54.591176   Set resolution 1280 * 720 =>

2024-01-12 00:30:54.693125   => Resolution seted {'width': 1280, 'height': 720}

2024-01-12 00:30:58.739622   Капчи нет. Тестим дальше

2024-01-12 00:30:58.739668   Prev. Role: NoAuth

2024-01-12 00:30:58.739678   Current role: NoAuth

2024-01-12 00:30:58.739686   Prev language: en

2024-01-12 00:30:58.739694   => Current language: en

2024-01-12 00:30:58.739703   Prev country: ae

2024-01-12 00:30:58.739711   => Current country: ae

2024-01-12 00:30:58.739718   => THE END PRECONDITIONS

2024-01-12 00:30:58.739778   1. Arrange_v0
2024-01-12 00:30:58.742653   BUTTON_TRY_DEMO is visible? =>
2024-01-12 00:30:58.756540   => BUTTON_TRY_DEMO is visible on the page!

2024-01-12 00:30:58.756663   2. Act_v0
2024-01-12 00:30:58.756677   BUTTON_TRY_DEMO is present? =>
2024-01-12 00:30:58.763890   => BUTTON_TRY_DEMO is present on the page!
2024-01-12 00:30:58.763912   BUTTON_TRY_DEMO scroll =>
2024-01-12 00:30:58.808135   => BUTTON_TRY_DEMO clicked!

2024-01-12 00:30:58.808794   3. Assert_Login_v0
2024-01-12 00:30:58.808906   Check that 'Login' form is opened
2024-01-12 00:31:07.872549   'Login' form not opened
2024-01-12 00:31:07.875997   'Login' page not opened
2024-01-12 00:31:12.392366   'Login' form on trading platform not opened
2024-01-12 00:31:12.392577   Start step Check that [Sign up] form is opened
2024-01-12 00:31:12.407407   'Sign up' form opened
2024-01-12 00:31:12.407431   Assert SIGNUP_HEADER =>
2024-01-12 00:31:12.420758   Assert SIGNUP_REF_LOGIN =>
2024-01-12 00:31:12.431555   Assert SIGNUP_PRIVACY_POLICY_ALL_2 =>
2024-01-12 00:31:12.445610   => SIGNUP_PRIVACY_POLICY_ALL
2024-01-12 00:31:12.445636   => 'Signup' form is checked

Bug: 

2024-01-12 00:31:12.445694   Проверка бага в таблице ретеста  =>

2024-01-12 00:31:12.447990  Для бага: Bid-05 необходимо использовать проверку на ретест!!!
