{'width': 1280, 'height': 720}

2024-03-05 18:59:12.351177   worker_id = master

2024-03-05 18:59:12.351194   0. Allure grouping v4


2024-03-05 18:59:12.351400   START PRECONDITIONS =>


2024-03-05 18:59:12.351417   {'width': 1280, 'height': 720}

2024-03-05 18:59:12.352763   Set windows position at (0, 0) =>

2024-03-05 18:59:12.454996   Set resolution 1280 * 720 =>

2024-03-05 18:59:12.557645   => Resolution seted {'width': 1280, 'height': 720}

2024-03-05 18:59:13.590620   Капчи нет. Идем дальше

2024-03-05 18:59:13.590729   Prev. role: Auth

2024-03-05 18:59:13.590752   => Current role: Auth

2024-03-05 18:59:14.632798   Капчи нет. Идем дальше

2024-03-05 18:59:14.632934   Prev language: es

2024-03-05 18:59:14.632955   => Current language: es

2024-03-05 18:59:15.663611   Капчи нет. Идем дальше

2024-03-05 18:59:15.663709   Prev country: ae
2024-03-05 18:59:15.663723   => Current country: ae

2024-03-05 18:59:15.663732   => THE END PRECONDITIONS

2024-03-05 18:59:15.663920   1. Arrange_v0
2024-03-05 18:59:15.666732   Current page URL = https://capital.com/trading/platform/charting/27045129890124996?side=buy&ids=426090820621508,16150730595456196,22855552501634244,21178483823812,15839732013552836,6810413677172050,427748677997764,2604592722433220,123763777688772,305243519000335556,27342779713672388,21680337780298948,1679716659553719492,145998823326404,2276324076967250,53373558609234,71150428247378,38856569148754,233693465629892,390880678663506,36597416351058,21182778791108,1496662958757060,5983666832495812,56959856301394,323003015517522,160082021078354,9099248993850706,74865574958418,70682276812114,508931114652423506,27045129890124996,23381802046660,3644116541985988,422839530378436,14659243072378052,1514916569765060,2765959025860,6919046285055172,21799823770473668,12596292970697924,341179317179588,1657857463492,27041281599427780,93810675766468,374675767075865,356886012581060,4428111369412,229540232254660,1945620272324,180375741617348,426391468332228,72924249806020,287762830674,389596483442002,4986457052498,1717986940242,268834887980370,18421114754386,23154168714578,126465312052562,1529135750401053892,1434519098706,39101382284626,20143396640082,1726576874834,339804927579474,5321464501586,4909388137583812,249335736521924,3712840313689284,2306899949212868
2024-03-05 18:59:16.628892   => Loaded page https://capital.com/es/come-operar-cfd
2024-03-05 18:59:16.631718   BUTTON_CREATE_YOUR_ACCOUNT is located on the page? =>

2024-03-05 18:59:16.640182   2. Act_v0: Define of locator

2024-03-05 18:59:16.640205   2. Act_v0: Go to web element

2024-03-05 18:59:17.711397   2. Act_v0: Click web element
2024-03-05 18:59:17.974839   => BUTTON_CREATE_YOUR_ACCOUNT is clicked

2024-03-05 18:59:17.975217   3. Assert_v4
2024-03-05 18:59:17.975391   Checking that the trading platform page has opened (v4) =>
2024-03-05 18:59:18.492328   => Current page title: Trading Platform | Capital.com
2024-03-05 18:59:18.492510   Checking that the Trading platform LOGO is present on the page =>
2024-03-05 18:59:19.517502   Checking that the Trading platform opened in LIVE mode =>
2024-03-05 18:59:19.528717   => The page with https://capital.com/trading/platform/ url was opened in lIVE mode
2024-03-05 18:59:24.951951   => Driver.backed
