{'width': 1280, 'height': 800}

2024-03-19 20:50:01.064792   worker_id = master

2024-03-19 20:50:01.064809   0. Allure grouping v4


2024-03-19 20:50:01.065007   START PRECONDITIONS =>


2024-03-19 20:50:01.065023   => flag_of_bug - True
2024-03-19 20:50:01.065035   Current page URL = https://capital.com/de/trade-dax
2024-03-19 20:50:01.976391   => Loaded page https://capital.com/

2024-03-19 20:50:01.979030   => Windows size - {'width': 1280, 'height': 800}
2024-03-19 20:50:01.980366   Set windows position at (0, 0) =>
2024-03-19 20:50:02.082720   Set resolution 1280 * 800 =>
2024-03-19 20:50:02.185543   => Windows size is set to {'width': 1280, 'height': 800}

2024-03-19 20:50:03.242269   Капчи нет. Идем дальше

2024-03-19 20:50:03.242357   Работа с куками

2024-03-19 20:50:03.242371   => Prev. country - 'au'
2024-03-19 20:50:03.242380   => Country set to 'au'

2024-03-19 20:50:03.242389   => Prev. language - 'de'
2024-03-19 20:50:03.242399   Set 'de' language =>
2024-03-19 20:50:03.249750   => Language and Country menu is present
2024-03-19 20:50:03.262322   => Language and Country menu is visible
2024-03-19 20:50:04.539234   => Focus is moved on Language and Country menu 
2024-03-19 20:50:04.545230   Move focus on de item and click =>
2024-03-19 20:50:06.169322   => Focus moved on de item and clicked
2024-03-19 20:50:06.169372   => Cur url = https://capital.com/de
2024-03-19 20:50:06.217261   => Language is set to 'de'

2024-03-19 20:50:06.217288   => Prev. role - 'NoReg'
2024-03-19 20:50:06.217298   => The 'NoReg' role is set

2024-03-19 20:50:06.223446   => THE END PRECONDITIONS

2024-03-19 20:50:06.223676   1. Arrange_v4
2024-03-19 20:50:06.226221   Current page URL = https://capital.com/de
2024-03-19 20:50:09.264386   => Loaded page https://capital.com/de/trade-dax
2024-03-19 20:50:09.267035   MOST_TRADED is present? =>
2024-03-19 20:50:09.279383   => MOST_TRADED widget is present on this page
2024-03-19 20:50:09.279410   => Found 5 elements in block MOST_TRADED
2024-03-19 20:50:09.279421   Most traded widget is scroll =>
2024-03-19 20:50:09.282906   => Most traded widget is scrolled into screen center

2024-03-19 20:50:09.282943   Random indexes = [1]

2024-03-19 20:50:09.282959   Testing Most traded 1 random element with 1 index

2024-03-19 20:50:09.283108   2. Act_v4
2024-03-19 20:50:09.283203   Start Checking that form [Sign up] popped up on the page =>
2024-03-19 20:50:10.837154   '[Sign up]' form was not popped up
2024-03-19 20:50:10.855256   Selected Trade button on Most traded widget is scroll =>
2024-03-19 20:50:10.858857   Selected Trade button click for 'US Wall Street 30' trading instrument =>
2024-03-19 20:50:11.919976   => Selected Trade button clicked!

2024-03-19 20:50:11.920201   3. Assert_v0
2024-03-19 20:50:11.920290   Start step Check that [Sign up] form is opened
2024-03-19 20:50:12.109719   'Sign up' form opened
2024-03-19 20:50:12.109765   Assert SIGNUP_HEADER =>
2024-03-19 20:50:12.122021   Assert SIGNUP_REF_LOGIN =>
2024-03-19 20:50:12.133661   Assert SIGNUP_PRIVACY_POLICY_ALL_2 =>
2024-03-19 20:50:12.149374   => SIGNUP_PRIVACY_POLICY_ALL
2024-03-19 20:50:12.149410   => 'Signup' form is checked
2024-03-19 20:50:12.149574   Start step Close [Sign up] form =>
2024-03-19 20:50:12.232272   => 'Signup' form closed
