
2024-06-13 09:53:54.033551   *** autouse fixture Chrome ***

{'width': 1280, 'height': 720}
Current browser name: chrome
Current test language - ru
Current country of trading - de
Current test role - NoReg

Current login - test001.miketar+1@gmail.com
Current password - Qwer1234-!@#$
{'width': 1280, 'height': 720}

2024-06-13 09:53:55.728211   worker_id = master

2024-06-13 09:53:55.728211   0. Allure grouping v4

2024-06-13 09:53:55.728211   START PRECONDITIONS =>

2024-06-13 09:53:55.728211   => URL after prev. preconditions - ?
2024-06-13 09:53:55.728211   => flag_of_bug - False
2024-06-13 09:53:55.728211   => Current URL - data:,
2024-06-13 09:53:55.730276   Current page URL = data:,
2024-06-13 09:53:55.730276   self.link = https://capital.com/
2024-06-13 09:53:55.730276   driver.get(https://capital.com/) =>
2024-06-13 09:53:58.812711   => Loaded page https://capital.com/

2024-06-13 09:53:58.819038   => Windows size: {'width': 1280, 'height': 720}
2024-06-13 09:53:58.821043   Set windows position at (0, 0) =>
2024-06-13 09:53:58.835172   Set resolution 1280 * 800 =>
2024-06-13 09:53:58.866710   => Windows size is set to {'width': 1280, 'height': 800}

2024-06-13 09:53:59.925595   Капчи нет. Идем дальше

2024-06-13 09:53:59.925595   Работа с куками =>
2024-06-13 09:53:59.925595   Prev. role - '?'
2024-06-13 09:53:59.925595   Current testing role - 'NoReg'

2024-06-13 09:53:59.925595   All cookies must be delete =>
2024-06-13 09:54:00.204977   => All cookies are deleted
2024-06-13 09:54:00.204977   Current page URL = https://capital.com/
2024-06-13 09:54:00.208974   self.link = https://capital.com/
2024-06-13 09:54:00.208974   driver.get(https://capital.com/) =>
2024-06-13 09:54:02.168113   => Loaded page https://capital.com/

2024-06-13 09:54:02.171505   Step 'Click button [Accept all cookies]'
2024-06-13 09:54:02.171505   Is Visible Button [Accept all cookies]? =>
2024-06-13 09:54:02.189823   => Button [Accept all cookies] is visible
2024-06-13 09:54:02.691481   Is clickable Button [Accept all cookies] =>
2024-06-13 09:54:02.711783   => Button [Accept all cookies] is clickable
2024-06-13 09:54:02.711783   Click Button [Accept all cookies] =>
2024-06-13 09:54:02.855635   => Button [Accept all cookies] is clicked
2024-06-13 09:54:02.855635   => Accepted All Cookies

2024-06-13 09:54:04.375848   Капчи нет. Идем дальше

2024-06-13 09:54:04.375848   Prev. country - '?'
2024-06-13 09:54:04.375848   Cur. country - 'de'
2024-06-13 09:54:04.375848   Set 'de' country =>
2024-06-13 09:54:04.389232   => Language and Country menu is present
2024-06-13 09:54:04.404533   => Language and Country menu is visible
2024-06-13 09:54:05.687527   => Focus is moved on Language and Country menu 
2024-06-13 09:54:08.558649   => Cur url = https://capital.com/?country=de
2024-06-13 09:54:08.568790   => Country set to 'de'

2024-06-13 09:54:09.601243   Капчи нет. Идем дальше

2024-06-13 09:54:09.601243   Prev. language - '?'
2024-06-13 09:54:09.601243   Cur. language - 'ru'
2024-06-13 09:54:09.601243   Set 'ru' language =>
2024-06-13 09:54:09.611233   => Language and Country menu is present
2024-06-13 09:54:09.622563   => Language and Country menu is visible
2024-06-13 09:54:10.909505   => Focus is moved on Language and Country menu 
2024-06-13 09:54:10.909505   Move focus on ru item and click =>
2024-06-13 09:54:12.506285   => Focus moved on ru item and clicked
2024-06-13 09:54:12.506285   => Cur url = https://capital.com/ru
2024-06-13 09:54:12.514534   => Language is set to 'ru'

2024-06-13 09:54:13.526188   Капчи нет. Идем дальше

2024-06-13 09:54:13.526188   Prev. role - '?'
2024-06-13 09:54:13.526188   Cur. role - 'NoReg'
2024-06-13 09:54:13.526188   => The 'NoReg' role is set

2024-06-13 09:54:13.531560   => Current URL - https://capital.com/ru

2024-06-13 09:54:13.531560   => THE END PRECONDITIONS
2024-06-13 09:54:14.042342   => Education menu is present in DOM
2024-06-13 09:54:14.047642   => Education menu is visible
2024-06-13 09:54:15.317512   => Focus moved to Education menu

2024-06-13 09:54:16.957261   1. Arrange_v0
2024-06-13 09:54:16.957261   current_page = https://capital.com/ru/torgovye-strategii
2024-06-13 09:54:16.961257   link = https://capital.com/ru/torgovye-strategii
2024-06-13 09:54:16.964804   => current_url == cur_item_link
2024-06-13 09:54:16.973808   BUTTON_START_TRADING scroll =>
2024-06-13 09:54:16.978805   BUTTON_START_TRADING is visible? =>
2024-06-13 09:54:16.996774   => BUTTON_START_TRADING is visible on the page!

2024-06-13 09:54:16.996774   2. Act_v0
2024-06-13 09:54:16.996774   Start Click button [Start Trading] =>
2024-06-13 09:54:17.004766   BUTTON_START_TRADING is clickable? =>
2024-06-13 09:54:17.015640   BUTTON_START_TRADING click =>
2024-06-13 09:54:17.086191   => BUTTON_START_TRADING clicked

2024-06-13 09:54:17.086191   3. Assert_Signup_v0
2024-06-13 09:54:17.086191   Start step Check that [Sign up] form is opened
2024-06-13 09:54:17.326746   'Sign up' form opened
2024-06-13 09:54:17.326746   Assert SIGNUP_HEADER =>
2024-06-13 09:54:17.344708   Assert SIGNUP_REF_LOGIN =>
2024-06-13 09:54:17.360813   Assert SIGNUP_PRIVACY_POLICY_ALL_2 =>
2024-06-13 09:54:17.383805   => SIGNUP_PRIVACY_POLICY_ALL
2024-06-13 09:54:17.383805   => 'Signup' form is checked
2024-06-13 09:54:17.383805   Start step Close [Sign up] form =>
2024-06-13 09:54:17.471187   => 'Signup' form closed
2024-06-13 09:54:17.769860   => Focus moved to 'capital*com' logo
