{'width': 1280, 'height': 800}

2024-06-13 09:17:41.180941   worker_id = master

2024-06-13 09:17:41.180941   0. Allure grouping v4

2024-06-13 09:17:41.181944   START PRECONDITIONS =>

2024-06-13 09:17:41.181944   => URL after prev. preconditions - https://capital.com/ru
2024-06-13 09:17:41.181944   => flag_of_bug - False
2024-06-13 09:17:41.181944   => Current URL - https://capital.com/ru/torgovlya-crypto-cfd
2024-06-13 09:17:41.189942   Current page URL = https://capital.com/ru/torgovlya-crypto-cfd
2024-06-13 09:17:41.194941   self.link = https://capital.com/ru
2024-06-13 09:17:41.194941   driver.get(https://capital.com/ru) =>
2024-06-13 09:17:44.175311   => Loaded page https://capital.com/ru

2024-06-13 09:17:44.181314   => Windows size: {'width': 1280, 'height': 800}
2024-06-13 09:17:44.183314   Set windows position at (0, 0) =>
2024-06-13 09:17:44.185321   Set resolution 1280 * 800 =>
2024-06-13 09:17:44.189016   => Windows size is set to {'width': 1280, 'height': 800}

2024-06-13 09:17:45.211536   Капчи нет. Идем дальше

2024-06-13 09:17:45.211536   Работа с куками =>

2024-06-13 09:17:45.211536   => не требуется

2024-06-13 09:17:46.214471   Капчи нет. Идем дальше

2024-06-13 09:17:46.215479   Prev. country - 'de'
2024-06-13 09:17:46.215479   Cur. country - 'de'
2024-06-13 09:17:46.215479   => Country set to 'de'

2024-06-13 09:17:47.264874   Капчи нет. Идем дальше

2024-06-13 09:17:47.264874   Prev. language - 'ru'
2024-06-13 09:17:47.264874   Cur. language - 'ru'
2024-06-13 09:17:47.264874   => Language is set to 'ru'

2024-06-13 09:17:48.309859   Капчи нет. Идем дальше

2024-06-13 09:17:48.309859   Prev. role - 'NoReg'
2024-06-13 09:17:48.309859   Cur. role - 'NoReg'
2024-06-13 09:17:48.309859   => The 'NoReg' role is set

2024-06-13 09:17:48.312853   => Current URL - https://capital.com/ru

2024-06-13 09:17:48.312853   => THE END PRECONDITIONS

2024-06-13 09:17:48.313853   1. Cur URL = https://capital.com/ru

2024-06-13 09:17:48.316862   2. Link = https://capital.com/ru
2024-06-13 09:17:48.316862   current_page = https://capital.com/ru
2024-06-13 09:17:48.320851   link = https://capital.com/ru
2024-06-13 09:17:48.834188   => Education menu is present in DOM
2024-06-13 09:17:48.842974   => Education menu is visible
2024-06-13 09:17:50.125304   => Focus moved to Education menu
2024-06-13 09:17:53.075854   => Cryptocurrency trading submenu focus moved and clicked
2024-06-13 09:17:53.391842   => Focus moved to 'capital*com' logo

2024-06-13 09:17:53.391842   3. Cur URL = https://capital.com/ru/torgovlya-crypto-cfd

2024-06-13 09:17:53.403847   1. Arrange
2024-06-13 09:17:53.403847   current_page = https://capital.com/ru/torgovlya-crypto-cfd
2024-06-13 09:17:53.408207   link = https://capital.com/ru/torgovlya-crypto-cfd
2024-06-13 09:17:53.412204   BUTTON_ON_VER_BANNER is present? =>
2024-06-13 09:17:53.421580   => BUTTON_ON_VER_BANNER is present on the page!
2024-06-13 09:17:53.421580   BUTTON_ON_VER_BANNER scroll =>
2024-06-13 09:17:53.426581   BUTTON_ON_VER_BANNER is visible? =>
2024-06-13 09:17:53.452660   => BUTTON_ON_VER_BANNER is visible on the page!
2024-06-13 09:17:53.452660   Start Checking that form [Sign up] popped up on the page =>
2024-06-13 09:17:54.970865   '[Sign up]' form was not popped up

2024-06-13 09:17:54.970865   2. Act

2024-06-13 09:17:54.988114   => Button on Vertical banner clickable

2024-06-13 09:17:54.994121   data_id = 388
2024-06-13 09:17:55.033442   => BUTTON_ON_VER_BANNER clicked!

2024-06-13 09:17:55.033442   3. Assert_Signup_v0
2024-06-13 09:17:55.034448   Start step Check that [Sign up] form is opened
2024-06-13 09:17:55.294205   'Sign up' form opened
2024-06-13 09:17:55.294205   Assert SIGNUP_HEADER =>
2024-06-13 09:17:55.309516   Assert SIGNUP_REF_LOGIN =>
2024-06-13 09:17:55.325799   Assert SIGNUP_PRIVACY_POLICY_ALL_2 =>
2024-06-13 09:17:55.344105   => SIGNUP_PRIVACY_POLICY_ALL
2024-06-13 09:17:55.344105   => 'Signup' form is checked
2024-06-13 09:17:55.344105   Start step Close [Sign up] form =>
2024-06-13 09:17:55.418455   => 'Signup' form closed
2024-06-13 09:17:55.756709   => Focus moved to 'capital*com' logo
