{'width': 1280, 'height': 800}

2024-06-24 16:34:08.579951   worker_id = master

2024-06-24 16:34:08.579951   0. Allure grouping v4

2024-06-24 16:34:08.579951   START PRECONDITIONS =>

2024-06-24 16:34:08.579951   => URL after prev. preconditions - https://capital.com/cn
2024-06-24 16:34:08.579951   => flag_of_bug - True
2024-06-24 16:34:08.579951   => Current URL - https://capital.com/cn/trade-commodities
2024-06-24 16:34:08.579951   Current page URL = https://capital.com/cn/trade-commodities
2024-06-24 16:34:08.595582   self.link = https://capital.com/cn
2024-06-24 16:34:08.595582   driver.get(https://capital.com/cn) =>
2024-06-24 16:34:10.554429   => Loaded page https://capital.com/cn

2024-06-24 16:34:10.559432   => Windows size: {'width': 1280, 'height': 800}
2024-06-24 16:34:10.561432   Set windows position at (0, 0) =>
2024-06-24 16:34:10.567377   Set resolution 1280 * 800 =>
2024-06-24 16:34:10.569378   => Windows size is set to {'width': 1280, 'height': 800}

2024-06-24 16:34:11.625006   Капчи нет. Идем дальше

2024-06-24 16:34:11.625006   Работа с куками =>

2024-06-24 16:34:11.625006   => не требуется

2024-06-24 16:34:12.679005   Капчи нет. Идем дальше

2024-06-24 16:34:12.679005   Prev. country - 'ua'
2024-06-24 16:34:12.679005   Cur. country - 'ua'
2024-06-24 16:34:12.679005   => Country set to 'ua'

2024-06-24 16:34:13.690357   Капчи нет. Идем дальше

2024-06-24 16:34:13.690357   Prev. language - 'cn'
2024-06-24 16:34:13.690357   Cur. language - 'cn'
2024-06-24 16:34:13.690357   => Language is set to 'cn'

2024-06-24 16:34:14.740454   Капчи нет. Идем дальше

2024-06-24 16:34:14.740454   Prev. role - 'NoAuth'
2024-06-24 16:34:14.740454   Cur. role - 'NoAuth'
2024-06-24 16:34:14.740454   => The 'NoAuth' role is set

2024-06-24 16:34:14.744450   => Current URL - https://capital.com/cn

2024-06-24 16:34:14.744450   => THE END PRECONDITIONS

2024-06-24 16:34:14.744450   1. Cur URL = https://capital.com/cn

2024-06-24 16:34:14.749703   2. Link = https://capital.com/cn
2024-06-24 16:34:14.749703   current_page = https://capital.com/cn
2024-06-24 16:34:14.753698   link = https://capital.com/cn
2024-06-24 16:34:15.263894   => Education menu is present in DOM
2024-06-24 16:34:15.270896   => Education menu is visible
2024-06-24 16:34:16.551751   => Focus moved to Education menu
2024-06-24 16:34:18.582988   => Focus moved to 'capital*com' logo

2024-06-24 16:34:18.582988   3. Cur URL = https://capital.com/cn/trade-commodities

2024-06-24 16:34:18.589987   1. Arrange_v4
2024-06-24 16:34:18.589987   current_page = https://capital.com/cn/trade-commodities
2024-06-24 16:34:18.592989   link = https://capital.com/cn/trade-commodities
2024-06-24 16:34:18.598288   MOST_TRADED is present? =>
2024-06-24 16:34:18.606287   => MOST_TRADED widget is present on this page
2024-06-24 16:34:18.606287   => Found 5 elements in block MOST_TRADED
2024-06-24 16:34:18.606287   Most traded widget is scroll =>
2024-06-24 16:34:18.611300   => Most traded widget is scrolled into screen center

2024-06-24 16:34:18.611300   Random indexes = [2]

2024-06-24 16:34:18.611300   Testing Most traded 1 random element with 2 index

2024-06-24 16:34:18.611300   2. Act_v4
2024-06-24 16:34:18.611300   Start Checking that form [Sign up] popped up on the page =>
2024-06-24 16:34:20.132076   '[Sign up]' form was not popped up
2024-06-24 16:34:20.147079   instrument_title = 'US Natural Gas Spot'
2024-06-24 16:34:20.153082   Selected Trade button on Most traded widget is scroll =>
2024-06-24 16:34:20.158084   Selected Trade button click for 'US Natural Gas Spot' trading instrument =>
2024-06-24 16:34:21.205435   => Selected Trade button clicked!

2024-06-24 16:34:21.205435   3. Assert_Login_v0
2024-06-24 16:34:21.205435   Check that 'Login' form is opened
2024-06-24 16:34:21.519764   'Login' form opened
2024-06-24 16:34:21.519764   Assert LOGIN_REF_SIGNUP =>
2024-06-24 16:34:21.536438   Assert LOGIN_CHECKBOX =>
2024-06-24 16:34:21.559839   Assert LOGIN_PASS_FORGOT =>
2024-06-24 16:34:21.610872   => 'Login' form is checked
2024-06-24 16:34:21.632557   Click 'Close' button on 'Login' form =>
2024-06-24 16:34:21.966844   => Focus moved to 'capital*com' logo
2024-06-24 16:34:21.966844   => 'Login' form closed
