{'width': 1280, 'height': 800}

2024-06-24 15:18:34.888773   worker_id = master

2024-06-24 15:18:34.888773   0. Allure grouping v4

2024-06-24 15:18:34.888773   START PRECONDITIONS =>

2024-06-24 15:18:34.888773   => URL after prev. preconditions - https://capital.com/cn
2024-06-24 15:18:34.888773   => flag_of_bug - False
2024-06-24 15:18:34.888773   => Current URL - https://capital.com/cn/euro-swiss-franc-rate
2024-06-24 15:18:34.896826   Current page URL = https://capital.com/cn/euro-swiss-franc-rate
2024-06-24 15:18:34.899831   self.link = https://capital.com/cn
2024-06-24 15:18:34.899831   driver.get(https://capital.com/cn) =>
2024-06-24 15:18:36.567005   => Loaded page https://capital.com/cn

2024-06-24 15:18:36.572007   => Windows size: {'width': 1280, 'height': 800}
2024-06-24 15:18:36.574023   Set windows position at (0, 0) =>
2024-06-24 15:18:36.576861   Set resolution 1280 * 800 =>
2024-06-24 15:18:36.581583   => Windows size is set to {'width': 1280, 'height': 800}

2024-06-24 15:18:37.633921   Капчи нет. Идем дальше

2024-06-24 15:18:37.633921   Работа с куками =>

2024-06-24 15:18:37.633921   => не требуется

2024-06-24 15:18:38.684364   Капчи нет. Идем дальше

2024-06-24 15:18:38.684364   Prev. country - 'ua'
2024-06-24 15:18:38.684364   Cur. country - 'ua'
2024-06-24 15:18:38.684364   => Country set to 'ua'

2024-06-24 15:18:39.735325   Капчи нет. Идем дальше

2024-06-24 15:18:39.735325   Prev. language - 'cn'
2024-06-24 15:18:39.735325   Cur. language - 'cn'
2024-06-24 15:18:39.735325   => Language is set to 'cn'

2024-06-24 15:18:40.739053   Капчи нет. Идем дальше

2024-06-24 15:18:40.739053   Prev. role - 'NoReg'
2024-06-24 15:18:40.739053   Cur. role - 'NoReg'
2024-06-24 15:18:40.739053   => The 'NoReg' role is set

2024-06-24 15:18:40.743084   => Current URL - https://capital.com/cn

2024-06-24 15:18:40.743084   => THE END PRECONDITIONS

2024-06-24 15:18:40.743084   1. Arrange_v0
2024-06-24 15:18:40.743084   current_page = https://capital.com/cn
2024-06-24 15:18:40.746377   link = https://capital.com/cn/euro-swiss-franc-rate
2024-06-24 15:18:40.751374   Current page URL = https://capital.com/cn
2024-06-24 15:18:40.754378   self.link = https://capital.com/cn/euro-swiss-franc-rate
2024-06-24 15:18:40.754378   driver.get(https://capital.com/cn/euro-swiss-franc-rate) =>
2024-06-24 15:18:42.406397   => Loaded page https://capital.com/cn/euro-swiss-franc-rate
2024-06-24 15:18:42.412101   BUTTON_SELL is located on the page? =>
2024-06-24 15:18:42.422102   => BUTTON_SELL is located on the page!
2024-06-24 15:18:42.422102   Start Checking that form [Sign up] popped up on the page =>
2024-06-24 15:18:43.977005   '[Sign up]' form was not popped up

2024-06-24 15:18:43.977005   2. Act_v0
2024-06-24 15:18:43.983056   BUTTON_SELL is present? =>
2024-06-24 15:18:43.983056   => BUTTON_SELL is present on the page
2024-06-24 15:18:43.983056   BUTTON_SELL scroll =>
2024-06-24 15:18:43.987043   => BUTTON_SELL scrolled
2024-06-24 15:18:43.993027   BUTTON_SELL is clickable? =>
2024-06-24 15:18:44.017741   BUTTON_SELL CLICK =>
2024-06-24 15:18:44.055448   => BUTTON_SELL clicked!

2024-06-24 15:18:44.055448   3. Assert_Signup_v0
2024-06-24 15:18:44.055448   Start step Check that [Sign up] form is opened
2024-06-24 15:18:44.229998   'Sign up' form opened
2024-06-24 15:18:44.229998   Assert SIGNUP_HEADER =>
2024-06-24 15:18:44.243864   Assert SIGNUP_REF_LOGIN =>
2024-06-24 15:18:44.258522   Assert SIGNUP_PRIVACY_POLICY_ALL_2 =>
2024-06-24 15:18:44.278518   => SIGNUP_PRIVACY_POLICY_ALL
2024-06-24 15:18:44.278518   => 'Signup' form is checked
2024-06-24 15:18:44.278518   Start step Close [Sign up] form =>
2024-06-24 15:18:44.381393   => 'Signup' form closed
2024-06-24 15:18:44.667372   => Focus moved to 'capital*com' logo
