{'width': 1280, 'height': 800}

2024-06-24 16:21:29.068775   worker_id = master

2024-06-24 16:21:29.068775   0. Allure grouping v4

2024-06-24 16:21:29.068775   START PRECONDITIONS =>

2024-06-24 16:21:29.068775   => URL after prev. preconditions - https://capital.com/cn
2024-06-24 16:21:29.068775   => flag_of_bug - False
2024-06-24 16:21:29.068775   => Current URL - https://capital.com/cn/online-finance-courses
2024-06-24 16:21:29.068775   Current page URL = https://capital.com/cn/online-finance-courses
2024-06-24 16:21:29.084404   self.link = https://capital.com/cn
2024-06-24 16:21:29.084404   driver.get(https://capital.com/cn) =>
2024-06-24 16:21:30.794503   => Loaded page https://capital.com/cn

2024-06-24 16:21:30.799509   => Windows size: {'width': 1280, 'height': 800}
2024-06-24 16:21:30.801735   Set windows position at (0, 0) =>
2024-06-24 16:21:30.805735   Set resolution 1280 * 800 =>
2024-06-24 16:21:30.808743   => Windows size is set to {'width': 1280, 'height': 800}

2024-06-24 16:21:31.863452   Капчи нет. Идем дальше

2024-06-24 16:21:31.863452   Работа с куками =>

2024-06-24 16:21:31.863452   => не требуется

2024-06-24 16:21:32.914620   Капчи нет. Идем дальше

2024-06-24 16:21:32.914620   Prev. country - 'ua'
2024-06-24 16:21:32.914620   Cur. country - 'ua'
2024-06-24 16:21:32.914620   => Country set to 'ua'

2024-06-24 16:21:33.966225   Капчи нет. Идем дальше

2024-06-24 16:21:33.966225   Prev. language - 'cn'
2024-06-24 16:21:33.966225   Cur. language - 'cn'
2024-06-24 16:21:33.966225   => Language is set to 'cn'

2024-06-24 16:21:35.014112   Капчи нет. Идем дальше

2024-06-24 16:21:35.014112   Prev. role - 'NoAuth'
2024-06-24 16:21:35.014112   Cur. role - 'NoAuth'
2024-06-24 16:21:35.014112   => The 'NoAuth' role is set

2024-06-24 16:21:35.018408   => Current URL - https://capital.com/cn

2024-06-24 16:21:35.018408   => THE END PRECONDITIONS
2024-06-24 16:21:35.525471   => Education menu is present in DOM
2024-06-24 16:21:35.531471   => Education menu is visible
2024-06-24 16:21:36.807215   => Focus moved to Education menu

2024-06-24 16:21:38.156638   1. Arrange_v0
2024-06-24 16:21:38.156638   current_page = https://capital.com/cn/online-finance-courses
2024-06-24 16:21:38.163644   link = https://capital.com/cn/online-finance-courses
2024-06-24 16:21:38.166637   BUTTON_CREATE_YOUR_ACCOUNT is located on the page? =>

2024-06-24 16:21:38.175758   2. Act_v0: Define of locator

2024-06-24 16:21:38.175758   2. Act_v0: Go to web element

2024-06-24 16:21:39.228863   2. Act_v0: Click web element
2024-06-24 16:21:39.269709   => BUTTON_CREATE_YOUR_ACCOUNT is clicked

2024-06-24 16:21:39.269709   3. Assert_Signup_v0
2024-06-24 16:21:39.269709   Start step Check that [Sign up] form is opened
2024-06-24 16:21:39.545091   'Sign up' form opened
2024-06-24 16:21:39.545091   Assert SIGNUP_HEADER =>
2024-06-24 16:21:39.559314   Assert SIGNUP_REF_LOGIN =>
2024-06-24 16:21:39.573405   Assert SIGNUP_PRIVACY_POLICY_ALL_2 =>
2024-06-24 16:21:39.587188   => SIGNUP_PRIVACY_POLICY_ALL
2024-06-24 16:21:39.587188   => 'Signup' form is checked
2024-06-24 16:21:39.587188   Start step Close [Sign up] form =>
2024-06-24 16:21:39.681425   => 'Signup' form closed
2024-06-24 16:21:39.953892   => Focus moved to 'capital*com' logo
