{'width': 1280, 'height': 800}

2024-04-01 06:49:43.736970   worker_id = master

2024-04-01 06:49:43.736985   0. Allure grouping v4

2024-04-01 06:49:43.737075   START PRECONDITIONS =>

2024-04-01 06:49:43.737088   => flag_of_bug - False

2024-04-01 06:49:43.737100   => Windows size - {'width': 1280, 'height': 800}
2024-04-01 06:49:43.738539   Set windows position at (0, 0) =>
2024-04-01 06:49:43.840955   Set resolution 1280 * 800 =>
2024-04-01 06:49:43.943562   => Windows size is set to {'width': 1280, 'height': 800}

2024-04-01 06:49:44.991049   Капчи нет. Идем дальше

2024-04-01 06:49:44.991143   Работа с куками

2024-04-01 06:49:44.991157   Prev. country - 'ae'
2024-04-01 06:49:44.991167   Cur. country - 'ae'
2024-04-01 06:49:44.991176   => Country set to 'ae'

2024-04-01 06:49:44.991184   Prev. language - 'en'
2024-04-01 06:49:44.991193   Cur. language - 'en'
2024-04-01 06:49:44.991206   => Language is set to 'en'

2024-04-01 06:49:44.991222   Prev. role - 'NoReg'
2024-04-01 06:49:44.991236   Cur. role - 'NoReg'
2024-04-01 06:49:44.991251   => The 'NoReg' role is set

2024-04-01 06:49:44.994177   => THE END PRECONDITIONS

2024-04-01 06:49:44.994348   1. Arrange_v0
2024-04-01 06:49:44.994365   current_page = https://capital.com/lead-commodity
2024-04-01 06:49:44.996924   link = https://capital.com/lead-commodity
2024-04-01 06:49:44.999438   BUTTON_CREATE_YOUR_ACCOUNT is located on the page? =>

2024-04-01 06:49:45.004637   2. Act_v0: Define of locator

2024-04-01 06:49:45.004662   2. Act_v0: Go to web element

2024-04-01 06:49:46.060403   2. Act_v0: Click web element
2024-04-01 06:49:46.107131   => BUTTON_CREATE_YOUR_ACCOUNT is clicked

2024-04-01 06:49:46.107415   3. Assert_v0
2024-04-01 06:49:46.107532   Start step Check that [Sign up] form is opened
2024-04-01 06:49:46.172601   'Sign up' form opened
2024-04-01 06:49:46.172654   Assert SIGNUP_HEADER =>
2024-04-01 06:49:46.186436   Assert SIGNUP_REF_LOGIN =>
2024-04-01 06:49:46.207639   Assert SIGNUP_PRIVACY_POLICY_ALL_2 =>
2024-04-01 06:49:46.223450   => SIGNUP_PRIVACY_POLICY_ALL
2024-04-01 06:49:46.223491   => 'Signup' form is checked
2024-04-01 06:49:46.223663   Start step Close [Sign up] form =>
2024-04-01 06:49:46.297791   => 'Signup' form closed
2024-04-01 06:49:46.579002   => Focus moved to 'capital*com' logo

2024-04-01 06:49:46.720523   *** end fixture Browser = teardown ***

