{'width': 1280, 'height': 800}

2024-04-01 08:38:47.939701   worker_id = master

2024-04-01 08:38:47.939717   0. Allure grouping v4

2024-04-01 08:38:47.939809   START PRECONDITIONS =>

2024-04-01 08:38:47.939821   => flag_of_bug - False

2024-04-01 08:38:47.939832   => Windows size - {'width': 1280, 'height': 800}
2024-04-01 08:38:47.941245   Set windows position at (0, 0) =>
2024-04-01 08:38:48.043738   Set resolution 1280 * 800 =>
2024-04-01 08:38:48.146468   => Windows size is set to {'width': 1280, 'height': 800}

2024-04-01 08:38:49.200794   Капчи нет. Идем дальше

2024-04-01 08:38:49.200885   Работа с куками

2024-04-01 08:38:49.200899   Prev. country - 'ae'
2024-04-01 08:38:49.200910   Cur. country - 'ae'
2024-04-01 08:38:49.200919   => Country set to 'ae'

2024-04-01 08:38:49.200928   Prev. language - 'en'
2024-04-01 08:38:49.200937   Cur. language - 'en'
2024-04-01 08:38:49.200946   => Language is set to 'en'

2024-04-01 08:38:49.200954   Prev. role - 'NoReg'
2024-04-01 08:38:49.200963   Cur. role - 'NoReg'
2024-04-01 08:38:49.200972   => The 'NoReg' role is set

2024-04-01 08:38:49.204077   => THE END PRECONDITIONS

2024-04-01 08:38:49.204272   1. Arrange_v4
2024-04-01 08:38:49.204298   current_page = https://capital.com/emotions-in-trading
2024-04-01 08:38:49.207110   link = https://capital.com/emotions-in-trading
2024-04-01 08:38:49.209860   MOST_TRADED is present? =>
2024-04-01 08:38:49.218555   => MOST_TRADED widget is present on this page
2024-04-01 08:38:49.218598   => Found 5 elements in block MOST_TRADED
2024-04-01 08:38:49.218609   Most traded widget is scroll =>
2024-04-01 08:38:49.222747   => Most traded widget is scrolled into screen center

2024-04-01 08:38:49.222801   Random indexes = [4]

2024-04-01 08:38:49.222816   Testing Most traded 1 random element with 4 index

2024-04-01 08:38:49.222972   2. Act_v4
2024-04-01 08:38:49.223067   Start Checking that form [Sign up] popped up on the page =>
2024-04-01 08:38:50.768817   '[Sign up]' form was not popped up
2024-04-01 08:38:50.783831   instrument_title = 'Ethereum to US Dollar'
2024-04-01 08:38:50.789420   Selected Trade button on Most traded widget is scroll =>
2024-04-01 08:38:50.793980   Selected Trade button click for 'Ethereum to US Dollar' trading instrument =>
2024-04-01 08:38:51.875552   => Selected Trade button clicked!

2024-04-01 08:38:51.875866   3. Assert_v0
2024-04-01 08:38:51.876002   Start step Check that [Sign up] form is opened
2024-04-01 08:38:51.891357   'Sign up' form opened
2024-04-01 08:38:51.891400   Assert SIGNUP_HEADER =>
2024-04-01 08:38:51.904882   Assert SIGNUP_REF_LOGIN =>
2024-04-01 08:38:51.918660   Assert SIGNUP_PRIVACY_POLICY_ALL_2 =>
2024-04-01 08:38:51.930259   => SIGNUP_PRIVACY_POLICY_ALL
2024-04-01 08:38:51.930293   => 'Signup' form is checked
2024-04-01 08:38:51.930462   Start step Close [Sign up] form =>
2024-04-01 08:38:52.004661   => 'Signup' form closed
2024-04-01 08:38:52.284405   => Focus moved to 'capital*com' logo
