{'width': 1280, 'height': 800}

2024-04-01 07:44:40.544166   worker_id = master

2024-04-01 07:44:40.544180   0. Allure grouping v4

2024-04-01 07:44:40.544268   START PRECONDITIONS =>

2024-04-01 07:44:40.544280   => flag_of_bug - True
2024-04-01 07:44:40.544292   Current page URL = https://capital.com/trade-gbpusd
2024-04-01 07:44:40.547248   self.link = https://capital.com/
2024-04-01 07:44:40.547262   link = https://capital.com/
2024-04-01 07:44:42.336928   => Loaded page https://capital.com/

2024-04-01 07:44:42.341717   => Windows size - {'width': 1280, 'height': 800}
2024-04-01 07:44:42.343096   Set windows position at (0, 0) =>
2024-04-01 07:44:42.445393   Set resolution 1280 * 800 =>
2024-04-01 07:44:42.550201   => Windows size is set to {'width': 1280, 'height': 800}

2024-04-01 07:44:43.588911   Капчи нет. Идем дальше

2024-04-01 07:44:43.589000   Работа с куками

2024-04-01 07:44:43.589014   Prev. country - 'ae'
2024-04-01 07:44:43.589024   Cur. country - 'ae'
2024-04-01 07:44:43.589033   => Country set to 'ae'

2024-04-01 07:44:43.589042   Prev. language - 'en'
2024-04-01 07:44:43.589051   Cur. language - 'en'
2024-04-01 07:44:43.589059   => Language is set to 'en'

2024-04-01 07:44:43.589068   Prev. role - 'NoAuth'
2024-04-01 07:44:43.589077   Cur. role - 'NoAuth'
2024-04-01 07:44:43.589086   => The 'NoAuth' role is set

2024-04-01 07:44:43.592069   => THE END PRECONDITIONS

2024-04-01 07:44:43.592276   1. Arrange_v3
2024-04-01 07:44:43.592293   current_page = https://capital.com/
2024-04-01 07:44:43.595421   link = https://capital.com/trade-gbpusd
2024-04-01 07:44:43.599230   Current page URL = https://capital.com/
2024-04-01 07:44:43.601791   self.link = https://capital.com/trade-gbpusd
2024-04-01 07:44:43.601805   link = https://capital.com/trade-gbpusd
2024-04-01 07:44:45.531809   => Loaded page https://capital.com/trade-gbpusd
2024-04-01 07:44:45.538684   Is visible BUTTON_START_TRADING_IN_ARTICLE? =>
2024-04-01 07:44:45.538702   => BUTTON_START_TRADING_IN_ARTICLE =>
2024-04-01 07:44:46.577414   => BUTTON_START_TRADING_IN_ARTICLE2 =>
2024-04-01 07:44:47.615893   => BUTTON_START_TRADING_IN_ARTICLE3 =>
