{'width': 1280, 'height': 720}

2024-03-08 15:57:16.654140   worker_id = master

2024-03-08 15:57:16.654157   0. Allure grouping v4


2024-03-08 15:57:16.654367   START PRECONDITIONS =>


2024-03-08 15:57:16.654383   => Windows size - {'width': 1280, 'height': 720}
2024-03-08 15:57:16.655661   Set windows position at (0, 0) =>
2024-03-08 15:57:16.758031   Set resolution 1280 * 720 =>
2024-03-08 15:57:16.860308   => Windows size is set to {'width': 1280, 'height': 720}

2024-03-08 15:57:17.896825   Капчи нет. Идем дальше

2024-03-08 15:57:17.896921   Работа с куками

2024-03-08 15:57:17.896934   => Prev. country - 'de'
2024-03-08 15:57:17.896944   => Country set to 'de'

2024-03-08 15:57:17.896953   => Prev. language - 'fr'
2024-03-08 15:57:17.896962   => Language is set to 'fr'

2024-03-08 15:57:17.896970   => Prev. role - 'NoAuth'
2024-03-08 15:57:17.896979   => The 'NoAuth' role is set

2024-03-08 15:57:17.901079   => THE END PRECONDITIONS

2024-03-08 15:57:17.901161   1. Cur URL = https://capital.com/fr/trade-stocks

2024-03-08 15:57:17.903884   2. Link = https://capital.com/fr/trade-stocks
2024-03-08 15:57:18.415691   => Education menu is present in DOM
2024-03-08 15:57:18.435003   element = <selenium.webdriver.remote.webelement.WebElement (session="4a39293e863d9bf77ab822bf21a149aa", element="f.5CD43B07D80D0440A7F7D986CB136C0A.d.16811EBCE0E90E84DF8BB0EE5EE9305D.e.1072")>
2024-03-08 15:57:18.435052   => Education menu is visible
2024-03-08 15:57:19.701212   => Focus moved to Education menu


2024-03-08 15:57:20.474319   => Shares trading sub-menu clicked
2024-03-08 15:57:20.488829
2024-03-08 15:57:20.488864   Shares trading include 10 child items for random select
2024-03-08 15:57:20.494170   k = 8 - https://capital.com/fr/trading-netflix
2024-03-08 15:57:20.498655   k = 6 - https://capital.com/fr/trading-facebook
2024-03-08 15:57:20.498771   The file of hrefs contains the following URLs:
2024-03-08 15:57:20.498796   https://capital.com/fr/trading-netflix
2024-03-08 15:57:20.498815   https://capital.com/fr/trading-facebook
2024-03-08 15:57:20.498861   Test data include 2 item(s)
2024-03-08 15:57:20.498879   The test coverage = 20.0 %
