{'width': 1280, 'height': 800}

2024-03-24 22:36:09.524647   worker_id = master

2024-03-24 22:36:09.524665   0. Allure grouping v4


2024-03-24 22:36:09.524869   START PRECONDITIONS =>


2024-03-24 22:36:09.524885   => flag_of_bug - False

2024-03-24 22:36:09.524897   => Windows size - {'width': 1280, 'height': 800}
2024-03-24 22:36:09.542073   Set windows position at (0, 0) =>
2024-03-24 22:36:09.644504   Set resolution 1280 * 800 =>
2024-03-24 22:36:09.747103   => Windows size is set to {'width': 1280, 'height': 800}

2024-03-24 22:36:10.776999   Капчи нет. Идем дальше

2024-03-24 22:36:10.777089   Работа с куками

2024-03-24 22:36:10.777103   => Prev. country - 'ae'
2024-03-24 22:36:10.777113   => Country set to 'ae'

2024-03-24 22:36:10.777122   => Prev. language - 'ro'
2024-03-24 22:36:10.777132   => Language is set to 'ro'

2024-03-24 22:36:10.777141   => Prev. role - 'NoReg'
2024-03-24 22:36:10.777149   => The 'NoReg' role is set

2024-03-24 22:36:10.779823   => THE END PRECONDITIONS

2024-03-24 22:36:10.780021   START Open "Markets" menu, "Indices" submenu =>

2024-03-24 22:36:10.780037   1. Cur URL = https://capital.com/ro/principalii-indicatori-mondiali-

2024-03-24 22:36:10.782511   2. Link = https://capital.com/ro/principalii-indicatori-mondiali-
2024-03-24 22:36:10.782527   current_page = https://capital.com/ro/principalii-indicatori-mondiali-
2024-03-24 22:36:10.785052   link = https://capital.com/ro/principalii-indicatori-mondiali-
2024-03-24 22:36:11.293711   => 'Markets' menu is present
2024-03-24 22:36:11.307841   element = <selenium.webdriver.remote.webelement.WebElement (session="eed80a982c45e520234bd49d8e8f51ca", element="f.C2664D208714A0724A9D08B68A9D5715.d.E39294FEE56B1579BE12440CAAA5199F.e.10292")>
2024-03-24 22:36:11.307879   => 'Markets' menu is visible
2024-03-24 22:36:12.578763   => Focus moved to 'Markets' menu


2024-03-24 22:36:13.986997   => 'Indices' submenu clicked

2024-03-24 22:36:13.991374   3. Cur URL = https://capital.com/ro/principalii-indicatori-mondiali-

2024-03-24 22:36:14.015001   1. Arrange_v0
2024-03-24 22:36:14.015043   current_page = https://capital.com/ro/principalii-indicatori-mondiali-
2024-03-24 22:36:14.017642   link = https://capital.com/ro/principalii-indicatori-mondiali-
2024-03-24 22:36:14.020137   BUTTON_CREATE_YOUR_ACCOUNT is located on the page? =>

2024-03-24 22:36:14.028662   2. Act_v0: Define of locator

2024-03-24 22:36:14.028684   2. Act_v0: Go to web element

2024-03-24 22:36:15.085831   2. Act_v0: Click web element
2024-03-24 22:36:15.114769   => BUTTON_CREATE_YOUR_ACCOUNT is clicked

2024-03-24 22:36:15.114995   3. Assert_v0
2024-03-24 22:36:15.115083   Start step Check that [Sign up] form is opened
2024-03-24 22:36:15.330319   'Sign up' form opened
2024-03-24 22:36:15.330363   Assert SIGNUP_HEADER =>
2024-03-24 22:36:15.341974   Assert SIGNUP_REF_LOGIN =>
2024-03-24 22:36:15.355617   Assert SIGNUP_PRIVACY_POLICY_ALL_2 =>
2024-03-24 22:36:15.368275   => SIGNUP_PRIVACY_POLICY_ALL
2024-03-24 22:36:15.368316   => 'Signup' form is checked
2024-03-24 22:36:15.368495   Start step Close [Sign up] form =>
2024-03-24 22:36:15.459236   => 'Signup' form closed
