Current test role - NoReg

{'width': 1280, 'height': 800}

2024-03-25 00:38:13.491362   worker_id = master

2024-03-25 00:38:13.491376   0. Allure grouping v4


2024-03-25 00:38:13.491573   START PRECONDITIONS =>


2024-03-25 00:38:13.491589   => flag_of_bug - True
2024-03-25 00:38:13.491601   Current page URL = https://capital.com/trading/platform/
2024-03-25 00:38:13.494353   self.link = https://capital.com
2024-03-25 00:38:13.494366   link = https://capital.com
2024-03-25 00:38:15.356782   => Loaded page https://capital.com/

2024-03-25 00:38:15.361130   => Windows size - {'width': 1280, 'height': 800}
2024-03-25 00:38:15.362488   Set windows position at (0, 0) =>
2024-03-25 00:38:15.464763   Set resolution 1280 * 800 =>
2024-03-25 00:38:15.567376   => Windows size is set to {'width': 1280, 'height': 800}

2024-03-25 00:38:16.599110   Капчи нет. Идем дальше

2024-03-25 00:38:16.599201   Работа с куками
2024-03-25 00:38:16.599215   => Prev. role - 'Auth'
2024-03-25 00:38:16.599225   => Current testing role - 'NoReg'
2024-03-25 00:38:16.599234   All cookies must be delete =>

2024-03-25 00:38:16.663088   => All cookies are deleted
2024-03-25 00:38:16.663125   Current page URL = https://capital.com/
2024-03-25 00:38:16.665723   self.link = https://capital.com
2024-03-25 00:38:16.665737   link = https://capital.com
2024-03-25 00:38:18.324574   => Loaded page https://capital.com/

2024-03-25 00:38:18.328072   Step 'Click button [Accept all cookies]'
2024-03-25 00:38:18.328098   Is Visible Button [Accept all cookies]? =>
2024-03-25 00:38:18.347951   => Button [Accept all cookies] is visible
2024-03-25 00:38:18.848087   Is clickable Button [Accept all cookies] =>
2024-03-25 00:38:18.865674   => Button [Accept all cookies] is clickable
2024-03-25 00:38:18.865710   Click Button [Accept all cookies] =>
2024-03-25 00:38:19.005378   => Button [Accept all cookies] is clicked
2024-03-25 00:38:19.005428   => Accepted All Cookies

2024-03-25 00:38:19.505607   => Prev. country - '?'
2024-03-25 00:38:19.505662   Set 'ae' country =>
2024-03-25 00:38:19.520555   => Language and Country menu is present
2024-03-25 00:38:19.533921   => Language and Country menu is visible
2024-03-25 00:38:20.804715   => Focus is moved on Language and Country menu 
2024-03-25 00:38:25.191131   => Cur url = https://capital.com/?country=ae
2024-03-25 00:38:25.232848   => Country set to 'ae'

2024-03-25 00:38:25.232880   => Prev. language - '?'
2024-03-25 00:38:25.232890   Set 'ro' language =>
2024-03-25 00:38:25.244083   => Language and Country menu is present
2024-03-25 00:38:25.259218   => Language and Country menu is visible
2024-03-25 00:38:26.537876   => Focus is moved on Language and Country menu 
2024-03-25 00:38:26.546573   Move focus on ro item and click =>
2024-03-25 00:38:28.182575   => Focus moved on ro item and clicked
2024-03-25 00:38:28.182621   => Cur url = https://capital.com/ro
2024-03-25 00:38:28.211235   => Language is set to 'ro'

2024-03-25 00:38:28.211265   => Prev. role - 'Auth'
2024-03-25 00:38:28.211276   => The 'NoReg' role is set

2024-03-25 00:38:28.213666   => THE END PRECONDITIONS

2024-03-25 00:38:28.213727   1. Cur URL = https://capital.com/ro

2024-03-25 00:38:28.216053   2. Link = https://capital.com/ro
2024-03-25 00:38:28.216069   current_page = https://capital.com/ro
2024-03-25 00:38:28.222212   link = https://capital.com/ro
2024-03-25 00:38:28.736401   => Education menu is present in DOM
2024-03-25 00:38:28.742886   element = <selenium.webdriver.remote.webelement.WebElement (session="8ab6f40c43072933a455e0b5482f4da6", element="f.2F8D29D8A0F8F78908C8019617113A31.d.E91B4B0B900A8F9E434B96AE4C8B16BD.e.5871")>
2024-03-25 00:38:28.742915   => Education menu is visible
2024-03-25 00:38:30.019040   => Focus moved to Education menu

2024-03-25 00:38:33.105551   1. Arrange_v0
2024-03-25 00:38:33.105590   current_page = https://capital.com/ro/cryptocurrency-trading
2024-03-25 00:38:33.108254   link = https://capital.com/ro/cryptocurrency-trading
2024-03-25 00:38:33.110788   => current_url == cur_item_link
2024-03-25 00:38:33.121081   BUTTON_START_TRADING scroll =>
2024-03-25 00:38:33.124899   BUTTON_START_TRADING is visible? =>
2024-03-25 00:38:33.155817   => BUTTON_START_TRADING is visible on the page!

2024-03-25 00:38:33.156024   2. Act_v0
2024-03-25 00:38:33.156041   Start Click button [Start Trading] =>
2024-03-25 00:38:33.161124   BUTTON_START_TRADING is clickable? =>
2024-03-25 00:38:33.175321   BUTTON_START_TRADING click =>
2024-03-25 00:38:33.212870   => BUTTON_START_TRADING clicked

2024-03-25 00:38:33.213102   3. Assert_v0
2024-03-25 00:38:33.213192   Start step Check that [Sign up] form is opened
2024-03-25 00:38:34.005132   'Sign up' form opened
2024-03-25 00:38:34.005184   Assert SIGNUP_HEADER =>
2024-03-25 00:38:34.022179   Assert SIGNUP_REF_LOGIN =>
2024-03-25 00:38:34.037205   Assert SIGNUP_PRIVACY_POLICY_ALL_2 =>
2024-03-25 00:38:34.077210   => SIGNUP_PRIVACY_POLICY_ALL
2024-03-25 00:38:34.077252   => 'Signup' form is checked
2024-03-25 00:38:34.077436   Start step Close [Sign up] form =>
2024-03-25 00:38:34.144668   => 'Signup' form closed
