Current country of trading - au
{'width': 1280, 'height': 800}

2024-03-24 23:34:08.034788   worker_id = master

2024-03-24 23:34:08.034803   0. Allure grouping v4


2024-03-24 23:34:08.035013   START PRECONDITIONS =>


2024-03-24 23:34:08.035028   => flag_of_bug - False

2024-03-24 23:34:08.035040   => Windows size - {'width': 1280, 'height': 800}
2024-03-24 23:34:08.036344   Set windows position at (0, 0) =>
2024-03-24 23:34:08.138854   Set resolution 1280 * 800 =>
2024-03-24 23:34:08.241401   => Windows size is set to {'width': 1280, 'height': 800}

2024-03-24 23:34:09.276546   Капчи нет. Идем дальше

2024-03-24 23:34:09.276640   Работа с куками

2024-03-24 23:34:09.276654   => Prev. country - 'ae'
2024-03-24 23:34:09.276664   Set 'au' country =>
2024-03-24 23:34:09.284316   => Language and Country menu is present
2024-03-24 23:34:09.295409   => Language and Country menu is visible
2024-03-24 23:34:10.562519   => Focus is moved on Language and Country menu 
2024-03-24 23:34:13.427213   => Cur url = https://capital.com/ro/trade-stocks?country=au
2024-03-24 23:34:13.456352   => Country set to 'au'

2024-03-24 23:34:13.456381   => Prev. language - 'ro'
2024-03-24 23:34:13.456392   => Language is set to 'ro'

2024-03-24 23:34:13.456401   => Prev. role - 'NoReg'
2024-03-24 23:34:13.456410   => The 'NoReg' role is set

2024-03-24 23:34:13.458933   => THE END PRECONDITIONS

2024-03-24 23:34:13.458989   1. Cur URL = https://capital.com/ro/trade-stocks?country=au

2024-03-24 23:34:13.461402   2. Link = https://capital.com/ro/trade-stocks?country=au
2024-03-24 23:34:13.461419   current_page = https://capital.com/ro/trade-stocks?country=au
2024-03-24 23:34:13.463847   link = https://capital.com/ro/trade-stocks?country=au
2024-03-24 23:34:13.973855   => Education menu is present in DOM
2024-03-24 23:34:13.980474   element = <selenium.webdriver.remote.webelement.WebElement (session="3d20fbf14c337b152c17d7e20ef11b11", element="f.7E233C95ED76F9BBBCD9E122B1A440FE.d.ABCF0D29CA9AA1142670104CD6F8D2A0.e.4260")>
2024-03-24 23:34:13.980506   => Education menu is visible
2024-03-24 23:34:15.244640   => Focus moved to Education menu


2024-03-24 23:34:16.011626   => Shares trading sub-menu clicked

2024-03-24 23:34:16.014627   1. Arrange_v0
2024-03-24 23:34:16.014650   current_page = https://capital.com/ro/trade-stocks?country=au
2024-03-24 23:34:16.017237   link = https://capital.com/ro/trade-stocks?country=au
2024-03-24 23:34:16.019834   => current_url == cur_item_link
2024-03-24 23:34:16.028292   BUTTON_START_TRADING scroll =>
2024-03-24 23:34:16.031617   BUTTON_START_TRADING is visible? =>
2024-03-24 23:34:16.056121   => BUTTON_START_TRADING is visible on the page!

2024-03-24 23:34:16.056317   2. Act_v0
2024-03-24 23:34:16.056334   Start Click button [Start Trading] =>
2024-03-24 23:34:16.061776   BUTTON_START_TRADING is clickable? =>
2024-03-24 23:34:16.073566   BUTTON_START_TRADING click =>
2024-03-24 23:34:16.107390   => BUTTON_START_TRADING clicked

2024-03-24 23:34:16.107697   3. Assert_v0
2024-03-24 23:34:16.107816   Start step Check that [Sign up] form is opened
2024-03-24 23:34:16.286148   'Sign up' form opened
2024-03-24 23:34:16.286198   Assert SIGNUP_HEADER =>
2024-03-24 23:34:16.300068   Assert SIGNUP_REF_LOGIN =>
2024-03-24 23:34:16.313085   Assert SIGNUP_PRIVACY_POLICY_ALL_2 =>
2024-03-24 23:34:16.325799   => SIGNUP_PRIVACY_POLICY_ALL
2024-03-24 23:34:16.325838   => 'Signup' form is checked
2024-03-24 23:34:16.326013   Start step Close [Sign up] form =>
2024-03-24 23:34:16.440961   => 'Signup' form closed
