{'width': 1280, 'height': 800}

2024-03-25 00:44:29.214218   worker_id = master

2024-03-25 00:44:29.214232   0. Allure grouping v4


2024-03-25 00:44:29.214439   START PRECONDITIONS =>


2024-03-25 00:44:29.214455   => flag_of_bug - False

2024-03-25 00:44:29.214466   => Windows size - {'width': 1280, 'height': 800}
2024-03-25 00:44:29.215853   Set windows position at (0, 0) =>
2024-03-25 00:44:29.318199   Set resolution 1280 * 800 =>
2024-03-25 00:44:29.423157   => Windows size is set to {'width': 1280, 'height': 800}

2024-03-25 00:44:30.473432   Капчи нет. Идем дальше

2024-03-25 00:44:30.473526   Работа с куками

2024-03-25 00:44:30.473540   => Prev. country - 'au'
2024-03-25 00:44:30.473550   => Country set to 'au'

2024-03-25 00:44:30.473559   => Prev. language - 'ro'
2024-03-25 00:44:30.473568   => Language is set to 'ro'

2024-03-25 00:44:30.473577   => Prev. role - 'NoAuth'
2024-03-25 00:44:30.473586   => The 'NoAuth' role is set

2024-03-25 00:44:30.476618   => THE END PRECONDITIONS

2024-03-25 00:44:30.476679   1. Arrange_v0
2024-03-25 00:44:30.476694   current_page = https://capital.com/ro/tranzactionati-bitcoin-cash
2024-03-25 00:44:30.479304   link = https://capital.com/ro/tranzactionati-bitcoin-cash
2024-03-25 00:44:30.492749   BUTTON_SELL_IN_CONTENT_BLOCK is present? =>
2024-03-25 00:44:30.492777   => BUTTON_SELL_IN_CONTENT_BLOCK is present on the page!
2024-03-25 00:44:30.492787   BUTTON_SELL_IN_CONTENT_BLOCK scroll =>
2024-03-25 00:44:30.496201   => 'Sell' button in Content block scrolled
2024-03-25 00:44:30.496368   Start Checking that form [Sign up] popped up on the page =>
2024-03-25 00:44:32.051344   '[Sign up]' form was not popped up

2024-03-25 00:44:32.051543   2. Act_v0
2024-03-25 00:44:32.099915   => BUTTON_SELL_IN_CONTENT_BLOCK clicked!
2024-03-25 00:44:32.099967   => return trade_instrument = 2306899949212868

2024-03-25 00:44:32.100262   3. Assert_Login_v0
2024-03-25 00:44:32.100389   Check that 'Login' form is opened
2024-03-25 00:44:35.206930   'Login' form not opened
2024-03-25 00:44:35.207135   Check that new 'Login' form is opened
2024-03-25 00:44:38.228537   => New 'Login' form not opened
2024-03-25 00:44:38.231298   'Login' page not opened
2024-03-25 00:44:41.310886   'Login' form on trading platform not opened
2024-03-25 00:44:41.311102   Start step Check that [Sign up] form is opened
2024-03-25 00:44:41.328791   'Sign up' form opened
2024-03-25 00:44:41.328833   Assert SIGNUP_HEADER =>
2024-03-25 00:44:41.348220   Assert SIGNUP_REF_LOGIN =>
2024-03-25 00:44:41.366704   Assert SIGNUP_PRIVACY_POLICY_ALL_2 =>
2024-03-25 00:44:41.383508   => SIGNUP_PRIVACY_POLICY_ALL
2024-03-25 00:44:41.383546   => 'Signup' form is checked

Bug: Bid:11.02.05.01_04-ro.au.NoAuth

2024-03-25 00:44:41.383615   Проверка бага в таблице ретеста  =>

 gs = GoogleSheet() - создаем объект gs # 1: <tests.ReTestsAuto.GoogleSheets.googlesheets.GoogleSheet object at 0x7f4d02b830e0>

2024-03-25 00:44:41.815412   4. Fixing one row check results into Google Sheet Bugs Report =>
1 cells updated.
2024-03-25 00:44:42.079219   => 4. One row check results into Google Sheet Bugs Report fixed

2024-03-25 00:44:43.391900   4. Fixing one row check results into Google Sheet Bugs Report =>
1 cells updated.
2024-03-25 00:44:43.658968   => 4. One row check results into Google Sheet Bugs Report fixed

2024-03-25 00:44:43.660114   Баг Bid:11.02.05.01_04-ro.au.NoAuth-05 обнаружен ранее и уже находится в 'Bugs Report Auto detect'
