{'width': 1280, 'height': 800}

2024-03-24 21:50:47.949751   worker_id = master

2024-03-24 21:50:47.949772   0. Allure grouping v4


2024-03-24 21:50:47.950085   START PRECONDITIONS =>


2024-03-24 21:50:47.950105   => flag_of_bug - False

2024-03-24 21:50:47.950118   => Windows size - {'width': 1280, 'height': 800}
2024-03-24 21:50:47.951682   Set windows position at (0, 0) =>
2024-03-24 21:50:48.059822   Set resolution 1280 * 800 =>
2024-03-24 21:50:48.162299   => Windows size is set to {'width': 1280, 'height': 800}

2024-03-24 21:50:49.188805   Капчи нет. Идем дальше

2024-03-24 21:50:49.188898   Работа с куками
2024-03-24 21:50:49.188911   => Prev. role - 'Auth'
2024-03-24 21:50:49.188921   => Current testing role - 'NoReg'
2024-03-24 21:50:49.188930   All cookies must be delete =>
2024-03-24 21:50:49.188940   Current page URL = https://capital.com/ro
2024-03-24 21:50:49.191674   self.link = https://capital.com
2024-03-24 21:50:49.191687   link = https://capital.com
2024-03-24 21:50:51.140406   => Loaded page https://capital.com/

2024-03-24 21:50:51.207327   => All cookies are deleted
2024-03-24 21:50:51.207364   Current page URL = https://capital.com/
2024-03-24 21:50:51.209973   self.link = https://capital.com
2024-03-24 21:50:51.209987   link = https://capital.com
2024-03-24 21:50:52.741764   => Loaded page https://capital.com/

2024-03-24 21:50:52.745410   Step 'Click button [Accept all cookies]'
2024-03-24 21:50:52.745428   Is Visible Button [Accept all cookies]? =>
2024-03-24 21:50:52.762700   => Button [Accept all cookies] is visible
2024-03-24 21:50:53.262843   Is clickable Button [Accept all cookies] =>
2024-03-24 21:50:53.282335   => Button [Accept all cookies] is clickable
2024-03-24 21:50:53.282371   Click Button [Accept all cookies] =>
2024-03-24 21:50:53.413358   => Button [Accept all cookies] is clicked
2024-03-24 21:50:53.413411   => Accepted All Cookies

2024-03-24 21:50:53.913600   => Prev. country - '?'
2024-03-24 21:50:53.913659   Set 'ae' country =>
2024-03-24 21:50:53.926055   => Language and Country menu is present
2024-03-24 21:50:53.938754   => Language and Country menu is visible
2024-03-24 21:50:55.206500   => Focus is moved on Language and Country menu 
2024-03-24 21:50:57.711291   => Cur url = https://capital.com/?country=ae
2024-03-24 21:50:57.743712   => Country set to 'ae'

2024-03-24 21:50:57.743739   => Prev. language - '?'
2024-03-24 21:50:57.743750   Set 'ro' language =>
2024-03-24 21:50:57.751694   => Language and Country menu is present
2024-03-24 21:50:57.765762   => Language and Country menu is visible
2024-03-24 21:50:59.039855   => Focus is moved on Language and Country menu 
2024-03-24 21:50:59.048484   Move focus on ro item and click =>
2024-03-24 21:51:00.590818   => Focus moved on ro item and clicked
2024-03-24 21:51:00.590871   => Cur url = https://capital.com/ro
2024-03-24 21:51:00.628534   => Language is set to 'ro'

2024-03-24 21:51:00.628564   => Prev. role - 'Auth'
2024-03-24 21:51:00.628575   => The 'NoReg' role is set

2024-03-24 21:51:00.631028   => THE END PRECONDITIONS

2024-03-24 21:51:00.631239   1. Arrange_v0
2024-03-24 21:51:00.631257   current_page = https://capital.com/ro
2024-03-24 21:51:00.633645   link = https://capital.com/ro
2024-03-24 21:51:00.638191   IS 'Trading calculator' widget present on this page? =>
2024-03-24 21:51:00.646336   => 'Trading calculator' widget present on this page!

2024-03-24 21:51:00.646358   IS 'Trading calculator' widget present on this page? =>
2024-03-24 21:51:00.661817   => 'Trading calculator' widget is visible on this page!

2024-03-24 21:51:00.661851   IS [Start Trading] button present on this page? =>
2024-03-24 21:51:00.673482   => [Start Trading] button present on this page!

2024-03-24 21:51:00.673519   IS [Start Trading] button present on this page? =>
2024-03-24 21:51:00.690265   => [Start Trading] button is visible on this page!

2024-03-24 21:51:00.690302   [Start Trading] button scroll =>

2024-03-24 21:51:00.694133   2. Act_v0
2024-03-24 21:51:00.694154   [Start Trading] button is clickable? =>
2024-03-24 21:51:00.750126   => [Start Trading] button is clickable!

2024-03-24 21:51:00.821706   => [Start Trading] button clicked!

2024-03-24 21:51:00.822033   3. Assert_v0
2024-03-24 21:51:00.822162   Start step Check that [Sign up] form is opened
2024-03-24 21:51:01.008420   'Sign up' form opened
2024-03-24 21:51:01.008471   Assert SIGNUP_HEADER =>
2024-03-24 21:51:01.027026   Assert SIGNUP_REF_LOGIN =>
2024-03-24 21:51:01.046253   Assert SIGNUP_PRIVACY_POLICY_ALL_2 =>
2024-03-24 21:51:01.063433   => SIGNUP_PRIVACY_POLICY_ALL
2024-03-24 21:51:01.063472   => 'Signup' form is checked
2024-03-24 21:51:01.063651   Start step Close [Sign up] form =>
2024-03-24 21:51:01.181508   => 'Signup' form closed
