{'width': 1280, 'height': 800}

2024-03-24 23:34:16.711098   worker_id = master

2024-03-24 23:34:16.711115   0. Allure grouping v4


2024-03-24 23:34:16.711377   START PRECONDITIONS =>


2024-03-24 23:34:16.711400   => flag_of_bug - False

2024-03-24 23:34:16.711411   => Windows size - {'width': 1280, 'height': 800}
2024-03-24 23:34:16.712716   Set windows position at (0, 0) =>
2024-03-24 23:34:16.814891   Set resolution 1280 * 800 =>
2024-03-24 23:34:16.917398   => Windows size is set to {'width': 1280, 'height': 800}

2024-03-24 23:34:17.950215   Капчи нет. Идем дальше

2024-03-24 23:34:17.950308   Работа с куками

2024-03-24 23:34:17.950322   => Prev. country - 'au'
2024-03-24 23:34:17.950332   => Country set to 'au'

2024-03-24 23:34:17.950341   => Prev. language - 'ro'
2024-03-24 23:34:17.950351   => Language is set to 'ro'

2024-03-24 23:34:17.950359   => Prev. role - 'NoReg'
2024-03-24 23:34:17.950368   => The 'NoReg' role is set

2024-03-24 23:34:17.953183   => THE END PRECONDITIONS

2024-03-24 23:34:17.953238   1. Cur URL = https://capital.com/ro/trade-stocks?country=au

2024-03-24 23:34:17.955881   2. Link = https://capital.com/ro/trade-stocks?country=au
2024-03-24 23:34:17.955897   current_page = https://capital.com/ro/trade-stocks?country=au
2024-03-24 23:34:17.958368   link = https://capital.com/ro/trade-stocks?country=au
2024-03-24 23:34:18.467298   => Education menu is present in DOM
2024-03-24 23:34:18.474211   element = <selenium.webdriver.remote.webelement.WebElement (session="3d20fbf14c337b152c17d7e20ef11b11", element="f.7E233C95ED76F9BBBCD9E122B1A440FE.d.ABCF0D29CA9AA1142670104CD6F8D2A0.e.4260")>
2024-03-24 23:34:18.474240   => Education menu is visible
2024-03-24 23:34:19.739442   => Focus moved to Education menu


2024-03-24 23:34:20.510888   => Shares trading sub-menu clicked

2024-03-24 23:34:20.514070   1. Arrange_v0
2024-03-24 23:34:20.514093   current_page = https://capital.com/ro/trade-stocks?country=au
2024-03-24 23:34:20.516816   link = https://capital.com/ro/trade-stocks?country=au
2024-03-24 23:34:20.527224   => BUTTON_TRY_DEMO is present on this page
2024-03-24 23:34:20.527248   BUTTON_TRY_DEMO scroll =>
2024-03-24 23:34:20.531744   BUTTON_TRY_DEMO is visible? =>
2024-03-24 23:34:20.545550   => BUTTON_TRY_DEMO is visible on this page

2024-03-24 23:34:20.545716   2. Act_v0
2024-03-24 23:34:20.550646   BUTTON_TRY_DEMO is clickable? =>
2024-03-24 23:34:20.590208   => BUTTON_TRY_DEMO clicked!

2024-03-24 23:34:20.590534   3. Assert_v0
2024-03-24 23:34:20.590688   Start step Check that [Sign up] form is opened
2024-03-24 23:34:20.606040   'Sign up' form opened
2024-03-24 23:34:20.606085   Assert SIGNUP_HEADER =>
2024-03-24 23:34:20.618114   Assert SIGNUP_REF_LOGIN =>
2024-03-24 23:34:20.631267   Assert SIGNUP_PRIVACY_POLICY_ALL_2 =>
2024-03-24 23:34:20.662297   => SIGNUP_PRIVACY_POLICY_ALL
2024-03-24 23:34:20.662340   => 'Signup' form is checked
2024-03-24 23:34:20.662525   Start step Close [Sign up] form =>
2024-03-24 23:34:20.717841   => 'Signup' form closed
