{'width': 1280, 'height': 800}

2024-03-25 00:49:25.831314   worker_id = master

2024-03-25 00:49:25.831331   0. Allure grouping v4


2024-03-25 00:49:25.831538   START PRECONDITIONS =>


2024-03-25 00:49:25.831554   => flag_of_bug - False

2024-03-25 00:49:25.831565   => Windows size - {'width': 1280, 'height': 800}
2024-03-25 00:49:25.832856   Set windows position at (0, 0) =>
2024-03-25 00:49:25.934992   Set resolution 1280 * 800 =>
2024-03-25 00:49:26.037300   => Windows size is set to {'width': 1280, 'height': 800}

2024-03-25 00:49:27.066532   Капчи нет. Идем дальше

2024-03-25 00:49:27.066621   Работа с куками

2024-03-25 00:49:27.066634   => Prev. country - 'ae'
2024-03-25 00:49:27.066644   => Country set to 'ae'

2024-03-25 00:49:27.066653   => Prev. language - 'ro'
2024-03-25 00:49:27.066690   => Language is set to 'ro'

2024-03-25 00:49:27.066701   => Prev. role - 'NoReg'
2024-03-25 00:49:27.066711   => The 'NoReg' role is set

2024-03-25 00:49:27.069660   => THE END PRECONDITIONS

2024-03-25 00:49:27.069712   1. Arrange_v0
2024-03-25 00:49:27.069726   current_page = https://capital.com/ro/tranzactionati-bitcoin-cash
2024-03-25 00:49:27.072463   link = https://capital.com/ro/tranzactionati-bitcoin-cash

2024-03-25 00:49:27.083951   2. Act_v0
2024-03-25 00:49:27.083975   BUTTON_GET_STARTED_ON_STICKY_BAR is present? =>
2024-03-25 00:49:27.089064   => BUTTON_GET_STARTED_ON_STICKY_BAR is present on the page!
2024-03-25 00:49:27.089087   BUTTON_GET_STARTED_ON_STICKY_BAR scroll =>
2024-03-25 00:49:27.148203   => BUTTON_GET_STARTED_ON_STICKY_BAR clicked!

2024-03-25 00:49:27.148524   3. Assert_v0
2024-03-25 00:49:27.148662   Start step Check that [Sign up] form is opened
2024-03-25 00:49:27.164004   'Sign up' form opened
2024-03-25 00:49:27.164045   Assert SIGNUP_HEADER =>
2024-03-25 00:49:27.176303   Assert SIGNUP_REF_LOGIN =>
2024-03-25 00:49:27.188991   Assert SIGNUP_PRIVACY_POLICY_ALL_2 =>
2024-03-25 00:49:27.201060   => SIGNUP_PRIVACY_POLICY_ALL
2024-03-25 00:49:27.201093   => 'Signup' form is checked
2024-03-25 00:49:27.201264   Start step Close [Sign up] form =>
2024-03-25 00:49:27.269698   => 'Signup' form closed
