{'width': 1280, 'height': 720}

2023-12-20 05:48:09.302165   worker_id = master

2023-12-20 05:48:09.302189   0. Allure grouping


2023-12-20 05:48:09.302469   START PRECONDITIONS =>


2023-12-20 05:48:09.302486   {'width': 1280, 'height': 720}

2023-12-20 05:48:09.352478   Set windows position at (320, 180) =>

2023-12-20 05:48:09.605675   Set resolution 1280 * 720 =>

2023-12-20 05:48:09.708220   => Resolution seted {'width': 1280, 'height': 720}

2023-12-20 05:48:13.724809   Капчи нет. Тестим дальше

2023-12-20 05:48:13.724857   Prev. Role: NoReg

2023-12-20 05:48:13.724868   Current role: NoReg

2023-12-20 05:48:13.724877   Prev language: es

2023-12-20 05:48:13.724885   => Current language: es

2023-12-20 05:48:13.724893   Prev country: ae

2023-12-20 05:48:13.724901   => Current country: ae

2023-12-20 05:48:13.724909   => THE END PRECONDITIONS

2023-12-20 05:48:13.724973   1. Arrange
2023-12-20 05:48:13.728243   Is visible BUTTON_EXPLORE_WEB_PLATFORM? =>
2023-12-20 05:48:13.744884   => BUTTON_EXPLORE_WEB_PLATFORM is visible on the page!

2023-12-20 05:48:13.745052   2. Act
2023-12-20 05:48:13.752717   1 checking element(s) with current CSS locator is(are) present(s) on this page
2023-12-20 05:48:14.623488   => BUTTON_EXPLORE_WEB_PLATFORM IS CLICKED

2023-12-20 05:48:14.624025   3. Assert_v0
2023-12-20 05:48:14.624241   Start method Check that [Sign up] page opened =>
2023-12-20 05:48:14.627957   'Sign up' page opened on the Trading Platform
2023-12-20 05:48:14.627985   SIGNUP_FRAME =>
2023-12-20 05:48:16.875410   INPUT_EMAIL =>
2023-12-20 05:48:16.895284   INPUT_PASS =>
2023-12-20 05:48:16.919013   BUTTON_CONTINUE =>
