{'width': 1280, 'height': 720}

2023-12-20 07:51:04.800539   worker_id = master

2023-12-20 07:51:04.800557   0. Allure grouping


2023-12-20 07:51:04.800702   START PRECONDITIONS =>


2023-12-20 07:51:04.800716   {'width': 1280, 'height': 720}

2023-12-20 07:51:04.801948   Set windows position at (320, 180) =>

2023-12-20 07:51:04.904644   Set resolution 1280 * 720 =>

2023-12-20 07:51:05.006993   => Resolution seted {'width': 1280, 'height': 720}

2023-12-20 07:51:09.029846   Капчи нет. Тестим дальше

2023-12-20 07:51:09.029893   Prev. Role: NoAuth

2023-12-20 07:51:09.029903   Current role: NoAuth

2023-12-20 07:51:09.029911   Prev language: es

2023-12-20 07:51:09.029919   => Current language: es

2023-12-20 07:51:09.029927   Prev country: ae

2023-12-20 07:51:09.029935   => Current country: ae

2023-12-20 07:51:09.029942   => THE END PRECONDITIONS

2023-12-20 07:51:09.029996   1. Arrange_v4
2023-12-20 07:51:09.032821   MOST_TRADED is visible? =>
2023-12-20 07:51:09.040886   => MOST_TRADED is visible on the page!
2023-12-20 07:51:09.040908   => Found 5 elements in block MOST_TRADED

2023-12-20 07:51:09.040932   Testing Most traded random element #1

2023-12-20 07:51:09.041060   2. Act_v4
2023-12-20 07:51:09.041073   MOST_TRADED delete js-mostTraded class =>
2023-12-20 07:51:09.068955   MOST_TRADED scroll =>
2023-12-20 07:51:09.069131   Start Checking that form [Sign up] popped up on the page =>
2023-12-20 07:51:09.080775   'Sign up' form opened
2023-12-20 07:51:09.080914   Start step Close [Sign up] form =>
2023-12-20 07:51:09.150223   => 'Signup' form closed
2023-12-20 07:51:09.155313   MOST_TRADED click for 'US Crude Oil Spot' trading instrument =>
2023-12-20 07:51:09.221972   => MOST_TRADED clicked!

2023-12-20 07:51:09.222219   3. Assert_Login_v0
2023-12-20 07:51:09.239915   'Login' form opened
2023-12-20 07:51:09.239976   Assert LOGIN_REF_SIGNUP =>
2023-12-20 07:51:09.284742   Assert LOGIN_CHECKBOX =>
2023-12-20 07:51:09.303718   Assert LOGIN_PASS_FORGOT =>
2023-12-20 07:51:09.321915   => 'Login' form is checked
2023-12-20 07:51:09.345136   Click 'Close' button on 'Login' form =>
2023-12-20 07:51:09.389064   => 'Login' form closed

2023-12-20 07:51:09.389202   Clear Top Chart list =>
2023-12-20 07:51:10.695769   Load page https://capital.com/trading/platform/charting/

2023-12-20 07:51:18.719882   1. Arrange_v4
2023-12-20 07:51:19.107951   Load page https://capital.com/es/trading-de-posicion
2023-12-20 07:51:19.108009   MOST_TRADED is visible? =>
2023-12-20 07:51:19.292919   => MOST_TRADED is visible on the page!
2023-12-20 07:51:19.292964   => Found 5 elements in block MOST_TRADED

2023-12-20 07:51:19.292975   Testing Most traded random element #2

2023-12-20 07:51:19.293127   2. Act_v4
2023-12-20 07:51:19.293142   MOST_TRADED delete js-mostTraded class =>
2023-12-20 07:51:19.334678   MOST_TRADED scroll =>
2023-12-20 07:51:19.334866   Start Checking that form [Sign up] popped up on the page =>
2023-12-20 07:51:23.881126   '[Sign up]' form was not popped up
2023-12-20 07:51:23.888468   MOST_TRADED click for 'Bitcoin to US Dollar' trading instrument =>
2023-12-20 07:51:23.963369   => MOST_TRADED clicked!

2023-12-20 07:51:23.963585   3. Assert_Login_v0
2023-12-20 07:51:24.140385   'Login' form opened
2023-12-20 07:51:24.140437   Assert LOGIN_REF_SIGNUP =>
2023-12-20 07:51:24.170199   Assert LOGIN_CHECKBOX =>
2023-12-20 07:51:24.187343   Assert LOGIN_PASS_FORGOT =>
2023-12-20 07:51:24.202220   => 'Login' form is checked
2023-12-20 07:51:24.252448   Click 'Close' button on 'Login' form =>
2023-12-20 07:51:24.307072   => 'Login' form closed
