{'width': 1920, 'height': 1080}

2025-03-26 23:06:39.999931   worker_id = master

2025-03-26 23:06:39.999941   0. Allure grouping for US_55


2025-03-26 23:06:40.000165   START PRECONDITIONS =>

2025-03-26 23:06:40.000186   => URL after prev. preconditions - https://capital.com/en-gb
2025-03-26 23:06:40.000194   => flag_of_bug - True
2025-03-26 23:06:40.000201   => Current URL - https://capital.com/en-gb

2025-03-26 23:06:40.005732   => Windows size: {'width': 1920, 'height': 1080}

2025-03-26 23:06:40.007060   Set windows position at (0, 0) =>

2025-03-26 23:06:40.008738   Set resolution 1920 * 1080 =>

2025-03-26 23:06:40.010393   => Resolution set {'width': 1920, 'height': 1080}

2025-03-26 23:06:40.011742   Работа с куками =>

2025-03-26 23:06:40.011752   => не требуется

2025-03-26 23:06:40.011758   Prev. role - 'NoReg'
2025-03-26 23:06:40.011764   Cur. role - 'NoReg'

2025-03-26 23:06:40.011770   => The 'NoReg' role is set

2025-03-26 23:06:40.011776   Prev. language: nl
2025-03-26 23:06:40.011781   Cur. language - 'en'

2025-03-26 23:06:40.011786   Prev. country: ua
2025-03-26 23:06:40.011791   Cur. country: gb

2025-03-26 23:06:40.011885   Set "en" language and "gb" country =>
2025-03-26 23:06:40.011898   Current page URL = https://capital.com/en-gb
2025-03-26 23:06:40.014514   self.link = https://capital.com/en-gb
2025-03-26 23:06:40.014523   driver.get(https://capital.com/en-gb) =>
2025-03-26 23:06:42.446457   => Loaded page https://capital.com/en-gb
2025-03-26 23:06:42.455201   => Language is set to 'en'
2025-03-26 23:06:42.455213   => Country is set to 'gb'
2025-03-26 23:06:42.455219   => Current URL - https://capital.com/en-gb

2025-03-26 23:06:42.460176   => Current URL - https://capital.com/en-gb

2025-03-26 23:06:42.460193   => END PRECONDITIONS

2025-03-26 23:06:42.460362   START Open "Markets" menu, "Markets" submenu =>

2025-03-26 23:06:42.460373   1. Cur URL = https://capital.com/en-gb

2025-03-26 23:06:42.462820   2. Link = https://capital.com/en-gb
2025-03-26 23:06:42.462831   current_page = https://capital.com/en-gb
2025-03-26 23:06:42.465375   link = https://capital.com/en-gb
2025-03-26 23:06:42.978488   => 'Markets' menu is present
2025-03-26 23:06:42.996470   => 'Markets' menu is visible
2025-03-26 23:06:44.669008   => Focus moved to 'Markets' menu
2025-03-26 23:06:49.821179   => 'Markets' submenu not visible
2025-03-26 23:06:49.821217   Save current screenshot into PNG file
