{'width': 1280, 'height': 720}

2024-01-15 10:58:11.780109   worker_id = master

2024-01-15 10:58:11.780125   0. Allure grouping v4


2024-01-15 10:58:11.780280   START PRECONDITIONS =>


2024-01-15 10:58:11.780294   {'width': 1280, 'height': 720}

2024-01-15 10:58:11.781520   Set windows position at (0, 0) =>

2024-01-15 10:58:11.883477   Set resolution 1280 * 720 =>

2024-01-15 10:58:11.986385   => Resolution seted {'width': 1280, 'height': 720}

2024-01-15 10:58:17.009004   Капчи нет. Тестим дальше

2024-01-15 10:58:17.009107   Prev. Role: NoAuth

2024-01-15 10:58:17.009119   Current role: NoAuth

2024-01-15 10:58:17.009128   Prev language: es

2024-01-15 10:58:17.009136   => Current language: es

2024-01-15 10:58:17.009144   Prev country: ae

2024-01-15 10:58:17.009152   => Current country: ae

2024-01-15 10:58:17.009160   => THE END PRECONDITIONS

2024-01-15 10:58:17.009188   1. Arrange_v0
2024-01-15 10:58:17.012236   BUTTON_CREATE_YOUR_ACCOUNT is located on the page? =>

2024-01-15 10:58:17.020124   2. Act_v0
2024-01-15 10:58:17.192051   => BUTTON_CREATE_YOUR_ACCOUNT is clicked

2024-01-15 10:58:17.192255   3. Assert_v0
2024-01-15 10:58:17.192326   Start step Check that [Sign up] form is opened
2024-01-15 10:58:17.204159   'Sign up' form opened
2024-01-15 10:58:17.204180   Assert SIGNUP_HEADER =>
2024-01-15 10:58:17.216839   Assert SIGNUP_REF_LOGIN =>
2024-01-15 10:58:17.228993   Assert SIGNUP_PRIVACY_POLICY_ALL_2 =>
2024-01-15 10:58:17.240965   => SIGNUP_PRIVACY_POLICY_ALL
2024-01-15 10:58:17.241000   => 'Signup' form is checked
2024-01-15 10:58:17.241170   Start step Close [Sign up] form =>
2024-01-15 10:58:17.321848   => 'Signup' form closed
