{'width': 1280, 'height': 720}

2024-01-15 10:17:51.943936   worker_id = master

2024-01-15 10:17:51.943952   0. Allure grouping v4


2024-01-15 10:17:51.944122   START PRECONDITIONS =>


2024-01-15 10:17:51.944136   {'width': 1280, 'height': 720}

2024-01-15 10:17:51.945348   Set windows position at (0, 0) =>

2024-01-15 10:17:52.047514   Set resolution 1280 * 720 =>

2024-01-15 10:17:52.150102   => Resolution seted {'width': 1280, 'height': 720}

2024-01-15 10:17:57.193878   Капчи нет. Тестим дальше

2024-01-15 10:17:57.193967   Prev. Role: NoAuth

2024-01-15 10:17:57.193979   Current role: NoAuth

2024-01-15 10:17:57.193988   Prev language: es

2024-01-15 10:17:57.193996   => Current language: es

2024-01-15 10:17:57.194004   Prev country: ae

2024-01-15 10:17:57.194012   => Current country: ae

2024-01-15 10:17:57.194020   => THE END PRECONDITIONS

2024-01-15 10:17:57.194050   1. Arrange_v0
2024-01-15 10:17:57.196898   BUTTON_TRY_DEMO is visible? =>
2024-01-15 10:17:57.211151   => BUTTON_TRY_DEMO is visible on the page!

2024-01-15 10:17:57.211282   2. Act_v0
2024-01-15 10:17:57.211296   BUTTON_TRY_DEMO is present? =>
2024-01-15 10:17:57.218627   => BUTTON_TRY_DEMO is present on the page!
2024-01-15 10:17:57.218648   BUTTON_TRY_DEMO scroll =>
2024-01-15 10:17:57.270809   => BUTTON_TRY_DEMO clicked!

2024-01-15 10:17:57.271098   3. Assert_Login_v0
2024-01-15 10:17:57.271209   Check that 'Login' form is opened
2024-01-15 10:18:02.796408   'Login' form not opened
2024-01-15 10:18:02.799133   'Login' page not opened
2024-01-15 10:18:08.313633   'Login' form on trading platform not opened
2024-01-15 10:18:08.313810   Start step Check that [Sign up] form is opened
2024-01-15 10:18:08.327896   'Sign up' form opened
2024-01-15 10:18:08.327918   Assert SIGNUP_HEADER =>
2024-01-15 10:18:08.341101   Assert SIGNUP_REF_LOGIN =>
2024-01-15 10:18:08.354425   Assert SIGNUP_PRIVACY_POLICY_ALL_2 =>
2024-01-15 10:18:08.367620   => SIGNUP_PRIVACY_POLICY_ALL
2024-01-15 10:18:08.367642   => 'Signup' form is checked

Bug: Bid:11.01.03.01_02-es.ae.NoAuth

2024-01-15 10:18:08.367693   Проверка бага в таблице ретеста  =>

2024-01-15 10:18:08.371974   4. Fixing one row check results into Google Sheet Bugs Report =>
1 cells updated.
2024-01-15 10:18:08.753291   => 4. One row check results into Google Sheet Bugs Report fixed

2024-01-15 10:18:09.080037   Bug: Bid:11.01.03.01_02-es.ae.NoAuth-05 уже существует

2024-01-15 10:18:09.080247   4. Fixing one row check results into Google Sheet Bugs Report =>
1 cells updated.
2024-01-15 10:18:09.362560   => 4. One row check results into Google Sheet Bugs Report fixed
