{'width': 1280, 'height': 800}

2024-04-05 18:21:49.693141   worker_id = master

2024-04-05 18:21:49.693154   0. Allure grouping v4

2024-04-05 18:21:49.693336   START PRECONDITIONS =>

2024-04-05 18:21:49.693352   => Current URL - https://capital.com/trading/platform/charting/253454610158788?side=buy&ids=22855552501634244,252415228073156,3400518881858756,67517667577209881,14659243072378052,15871553426248900,93810675766468,55001351234585,123763777635654,6003982027805892,253454610158788

2024-04-05 18:21:49.696218   => URL after prev. preconditions - https://capital.com/hu/nzd-usd-arfolyam

2024-04-05 18:21:49.696231   => flag_of_bug - True
2024-04-05 18:21:49.696243   Current page URL = https://capital.com/trading/platform/charting/253454610158788?side=buy&ids=22855552501634244,252415228073156,3400518881858756,67517667577209881,14659243072378052,15871553426248900,93810675766468,55001351234585,123763777635654,6003982027805892,253454610158788
2024-04-05 18:21:49.699653   self.link = https://capital.com/hu/nzd-usd-arfolyam
2024-04-05 18:21:49.699667   link = https://capital.com/hu/nzd-usd-arfolyam
2024-04-05 18:21:51.495704   => Loaded page https://capital.com/hu/nzd-usd-arfolyam

2024-04-05 18:21:51.503135   => Windows size - {'width': 1280, 'height': 800}
2024-04-05 18:21:51.504491   Set windows position at (0, 0) =>
2024-04-05 18:21:51.606861   Set resolution 1280 * 800 =>
2024-04-05 18:21:51.709507   => Windows size is set to {'width': 1280, 'height': 800}

2024-04-05 18:21:52.745811   Капчи нет. Идем дальше

2024-04-05 18:21:52.745903   Работа с куками

2024-04-05 18:21:52.745916   Prev. country - 'de'
2024-04-05 18:21:52.745926   Cur. country - 'de'
2024-04-05 18:21:52.745935   => Country set to 'de'

2024-04-05 18:21:52.745944   Prev. language - 'hu'
2024-04-05 18:21:52.745953   Cur. language - 'hu'
2024-04-05 18:21:52.745962   => Language is set to 'hu'

2024-04-05 18:21:52.745970   Prev. role - 'Auth'
2024-04-05 18:21:52.745979   Cur. role - 'Auth'
2024-04-05 18:21:52.745987   => The 'Auth' role is set

2024-04-05 18:21:52.750541   => Current URL - https://capital.com/hu/nzd-usd-arfolyam

2024-04-05 18:21:52.750579   => THE END PRECONDITIONS

2024-04-05 18:21:52.750784   1. Arrange_v0
2024-04-05 18:21:52.750802   current_page = https://capital.com/hu/nzd-usd-arfolyam
2024-04-05 18:21:52.753254   link = https://capital.com/hu/nzd-usd-arfolyam
2024-04-05 18:21:52.755640   IS 'Trading calculator' widget present on this page? =>
2024-04-05 18:21:52.763450   => 'Trading calculator' widget present on this page!

2024-04-05 18:21:52.763490   IS 'Trading calculator' widget present on this page? =>
2024-04-05 18:21:52.775630   => 'Trading calculator' widget is visible on this page!

2024-04-05 18:21:52.775659   IS [Start Trading] button present on this page? =>
2024-04-05 18:21:52.801415   => [Start Trading] button present on this page!

2024-04-05 18:21:52.801461   IS [Start Trading] button present on this page? =>
2024-04-05 18:21:52.813810   => [Start Trading] button is visible on this page!

2024-04-05 18:21:52.813854   [Start Trading] button scroll =>

2024-04-05 18:21:52.820177   2. Act_v0
2024-04-05 18:21:52.820205   [Start Trading] button is clickable? =>
2024-04-05 18:21:52.850738   => [Start Trading] button is clickable!

2024-04-05 18:21:53.094488   => [Start Trading] button clicked!

2024-04-05 18:21:53.094844   3. Assert_v4
2024-04-05 18:21:53.095015   Checking that the trading platform page has opened (v4) =>
2024-04-05 18:21:53.104372   Checking way # 1 => 

2024-04-05 18:21:53.104562   1. Checking that the Trading platform (or TradingView site) page has valid title =>
2024-04-05 18:21:53.108029   => The title of current page is 'Trading Platform | Capital.com'

2024-04-05 18:21:53.108124   2. Checking that the LOGO is present on the page =>
2024-04-05 18:21:54.669627   => 'capital*com' logo is present on the current page

2024-04-05 18:21:54.669669   tpd = False
2024-04-05 18:21:55.513057   => Driver.backed
