


Current test role - NoReg
{'width': 1280, 'height': 720}

2024-02-26 04:17:21.453287   worker_id = master

2024-02-26 04:17:21.453301   0. Allure grouping v4


2024-02-26 04:17:21.453481   START PRECONDITIONS =>


2024-02-26 04:17:21.453497   {'width': 1280, 'height': 720}

2024-02-26 04:17:21.454974   Set windows position at (0, 0) =>

2024-02-26 04:17:21.560367   Set resolution 1280 * 720 =>

2024-02-26 04:17:21.662739   => Resolution seted {'width': 1280, 'height': 720}

2024-02-26 04:17:22.719649   Капчи нет. Идем дальше

2024-02-26 04:17:22.719732   Prev. Role: NoAuth

2024-02-26 04:17:22.719745   Run preconditions: set NoReg Role =>
2024-02-26 04:17:22.719756   Current page URL = https://capital.com/trading/signup
2024-02-26 04:17:24.830234   => Loaded page https://capital.com/

2024-02-26 04:17:24.908419   => All cookies are deleted
2024-02-26 04:17:24.908453   Current page URL = https://capital.com/
2024-02-26 04:17:26.139450   => Loaded page https://capital.com/

2024-02-26 04:17:26.151087   Step 'Click button [Accept all cookies]'
2024-02-26 04:17:32.273343   Is Visible Button [Accept all cookies]? =>
2024-02-26 04:17:32.294875   => Button [Accept all cookies] is visible
2024-02-26 04:17:32.795023   Is clickable Button [Accept all cookies] =>
2024-02-26 04:17:32.823605   => Button [Accept all cookies] is clickable
2024-02-26 04:17:32.823638   Click Button [Accept all cookies] =>
2024-02-26 04:17:32.956571   => Button [Accept all cookies] is clicked
2024-02-26 04:17:32.956609   => Accepted All Cookies

2024-02-26 04:17:33.456783   Current role: NoReg

2024-02-26 04:17:34.482122   Капчи нет. Идем дальше

2024-02-26 04:17:34.482213   Prev language: ?

2024-02-26 04:17:34.482227   Run preconditions: set it language =>


2024-02-26 04:17:34.491103   => Language and Country menu is present


2024-02-26 04:17:34.514115   => Language and Country menu is visible


2024-02-26 04:17:35.797341   => Focus is moved on Language and Country menu 
2024-02-26 04:17:35.807189   Move focus on it item and click =>
2024-02-26 04:17:38.412603   => Focus moved on it item and clicked
2024-02-26 04:17:38.412650   => Cur url = https://capital.com/it

2024-02-26 04:17:38.482836   => Current language: it

2024-02-26 04:17:39.496221   Капчи нет. Идем дальше

2024-02-26 04:17:39.496331   Prev country: ?
2024-02-26 04:17:39.496351   Run preconditions: set "ae" country =>


2024-02-26 04:17:39.523966   => Language and Country menu is present


2024-02-26 04:17:39.602911   => Language and Country menu is visible


2024-02-26 04:17:40.874127   => Focus is moved on Language and Country menu 
2024-02-26 04:17:45.112680   => Cur url = https://capital.com/it?country=ae
2024-02-26 04:17:45.193092   => Current country: ae

2024-02-26 04:17:45.193119   => THE END PRECONDITIONS

2024-02-26 04:17:45.193151   1. Cur URL = https://capital.com/it?country=ae

2024-02-26 04:17:45.199899   2. Link = https://capital.com/it
2024-02-26 04:17:45.203675   Current page URL = https://capital.com/it?country=ae
2024-02-26 04:17:47.014470   => Loaded page https://capital.com/it
2024-02-26 04:17:47.541005   => Education menu is present
2024-02-26 04:17:47.575574   element = <selenium.webdriver.remote.webelement.WebElement (session="71bd9e835809aa5cd3ae6e1479f8f4a9", element="39E874742A5D2F718F6D5D8F9912E2B8_element_3255")>
2024-02-26 04:17:47.575612   => Education menu is visible
2024-02-26 04:17:48.864748   => Focus moved to Education menu


2024-02-26 04:17:51.714146   => Shares trading sub-menu clicked

2024-02-26 04:17:51.758145   1. Arrange_v0
2024-02-26 04:17:51.788634   BUTTON_START_TRADING scroll =>
2024-02-26 04:17:51.797934   BUTTON_START_TRADING is visible? =>
2024-02-26 04:17:51.852576   => BUTTON_START_TRADING is visible on the page!

2024-02-26 04:17:51.852744   2. Act_v0
2024-02-26 04:17:51.852761   Start Click button [Start Trading] =>
2024-02-26 04:17:51.858858   BUTTON_START_TRADING is clickable? =>
2024-02-26 04:17:51.874693   BUTTON_START_TRADING click =>
2024-02-26 04:17:51.940265   => BUTTON_START_TRADING clicked

2024-02-26 04:17:51.940511   3. Assert_v0
2024-02-26 04:17:51.940635   Start step Check that [Sign up] form is opened
2024-02-26 04:17:52.430550   'Sign up' form opened
2024-02-26 04:17:52.430600   Assert SIGNUP_HEADER =>
2024-02-26 04:17:52.458357   Assert SIGNUP_REF_LOGIN =>
2024-02-26 04:17:52.485571   Assert SIGNUP_PRIVACY_POLICY_ALL_2 =>
2024-02-26 04:17:52.535228   => SIGNUP_PRIVACY_POLICY_ALL
2024-02-26 04:17:52.535268   => 'Signup' form is checked
2024-02-26 04:17:52.535447   Start step Close [Sign up] form =>
2024-02-26 04:17:52.634770   => 'Signup' form closed
