


Current country - ['ar', 'ae']
{'width': 1920, 'height': 1080}

2025-03-11 03:57:13.000092   worker_id = master

2025-03-11 03:57:13.000103   0. Allure grouping for US_55


2025-03-11 03:57:13.000276   START PRECONDITIONS =>

2025-03-11 03:57:13.000287   => URL after prev. preconditions - https://capital.com/en-gb
2025-03-11 03:57:13.000293   => flag_of_bug - True
2025-03-11 03:57:13.000300   => Current URL - https://capital.com/ar-ae
2025-03-11 03:57:13.005806   Current page URL = https://capital.com/ar-ae
2025-03-11 03:57:13.008322   self.link = https://capital.com/en-gb
2025-03-11 03:57:13.008332   driver.get(https://capital.com/en-gb) =>
2025-03-11 03:57:15.454786   => Loaded page https://capital.com/en-gb

2025-03-11 03:57:15.479648   => Windows size: {'width': 1920, 'height': 1080}

2025-03-11 03:57:15.481065   Set windows position at (0, 0) =>

2025-03-11 03:57:15.483574   Set resolution 1920 * 1080 =>

2025-03-11 03:57:15.554765   => Resolution set {'width': 1920, 'height': 1080}

2025-03-11 03:57:15.563737   Работа с куками =>
2025-03-11 03:57:15.563752   Prev. role - 'NoReg'
2025-03-11 03:57:15.563760   Current testing role - 'Auth'

2025-03-11 03:57:15.563768   All cookies must be delete =>
2025-03-11 03:57:15.616916   => All cookies are deleted
2025-03-11 03:57:15.616955   Current page URL = https://capital.com/en-gb
2025-03-11 03:57:15.619866   self.link = https://capital.com/en-gb
2025-03-11 03:57:15.619879   driver.get(https://capital.com/en-gb) =>
2025-03-11 03:57:18.057203   => Loaded page https://capital.com/en-gb

2025-03-11 03:57:18.065994   Step 'Click button [Accept all cookies]'
2025-03-11 03:57:18.066005   Is Visible Button [Accept all cookies]? =>
2025-03-11 03:57:19.244870   => Button [Accept all cookies] is visible
2025-03-11 03:57:19.744988   Is clickable Button [Accept all cookies] =>
2025-03-11 03:57:19.760398   => Button [Accept all cookies] is clickable
2025-03-11 03:57:19.760427   Click Button [Accept all cookies] =>
2025-03-11 03:57:19.965484   => Button [Accept all cookies] is clicked
2025-03-11 03:57:19.965549   => Accepted All Cookies

2025-03-11 03:57:20.465660   Prev. role - 'NoReg'
2025-03-11 03:57:20.465714   Cur. role - 'Auth'

2025-03-11 03:57:20.465931   Start Authorization
2025-03-11 03:57:20.637468   => 'Login' form is opened
2025-03-11 03:57:20.863885   => "login" and "password" are inputted
2025-03-11 03:57:20.863924   Click [Continue] button on [Login] form =>
2025-03-11 03:57:20.951185   => [Continue] button on [Login] form is clicked
2025-03-11 03:57:20.951230   Set timeout = 30
2025-03-11 03:57:22.300827   => Page with 'Trading Platform | Capital.com' title opened

2025-03-11 03:57:22.300894   2. Checking that the LOGO is present on the page =>
2025-03-11 03:57:23.772349   => 'capital*com' logo is present on the current page

2025-03-11 03:57:24.268748   => The 'Auth' role is set

2025-03-11 03:57:24.268788   Prev. language: en
2025-03-11 03:57:24.268797   Cur. language - 'ar'

2025-03-11 03:57:24.268809   Prev. country: ua
2025-03-11 03:57:24.268823   Cur. country: ae

2025-03-11 03:57:24.269007   Set "ar" language and "ae" country =>
2025-03-11 03:57:24.269028   Current page URL = https://capital.com/en-gb
2025-03-11 03:57:24.308967   self.link = https://capital.com/ar-ae
2025-03-11 03:57:24.308988   driver.get(https://capital.com/ar-ae) =>
2025-03-11 03:57:26.724563   => Loaded page https://capital.com/ar-ae
2025-03-11 03:57:26.732092   => Language is set to 'ar'
2025-03-11 03:57:26.732107   => Country is set to 'ae'
2025-03-11 03:57:26.732116   => Current URL - https://capital.com/ar-ae

2025-03-11 03:57:26.737111   => Current URL - https://capital.com/ar-ae

2025-03-11 03:57:26.737131   => END PRECONDITIONS

2025-03-11 03:57:26.737287   1. Start Arrange: open dropdown [Regional settings]
2025-03-11 03:57:26.737303   current_page = https://capital.com/ar-ae
2025-03-11 03:57:26.739817   link = https://capital.com/ar-ae
2025-03-11 03:57:26.742348   Start to check link country to open dropdown [Regional settings] in DOM on the Main page

2025-03-11 03:57:31.797146   => The main page don't have link country to open dropdown in DOM
