
2023-12-21 21:35:03.630521   Работает obj <US_11-02-02-00_Shares_trading_test.TestSharesTrading object at 0x7f2a77652d10> с именем TC_11.02.02_02
{'width': 1280, 'height': 720}

2023-12-21 21:35:03.632022   worker_id = master

2023-12-21 21:35:03.632035   0. Allure grouping v4


2023-12-21 21:35:03.632184   START PRECONDITIONS =>


2023-12-21 21:35:03.632198   {'width': 1280, 'height': 720}

2023-12-21 21:35:03.633404   Set windows position at (320, 180) =>

2023-12-21 21:35:03.736744   Set resolution 1280 * 720 =>

2023-12-21 21:35:03.839418   => Resolution seted {'width': 1280, 'height': 720}

2023-12-21 21:35:07.867994   Капчи нет. Тестим дальше

2023-12-21 21:35:07.868040   Prev. Role: NoReg

2023-12-21 21:35:07.868050   Current role: NoReg

2023-12-21 21:35:07.868059   Prev language: en

2023-12-21 21:35:07.868067   => Current language: en

2023-12-21 21:35:07.868074   Prev country: gb

2023-12-21 21:35:07.868082   => Current country: gb

2023-12-21 21:35:07.868089   => THE END PRECONDITIONS

2023-12-21 21:35:07.868146   1. Cur URL = https://capital.com/trade-stocks

2023-12-21 21:35:07.871207   2. Link = https://capital.com/
2023-12-21 21:35:08.321162   Load page https://capital.com/
2023-12-21 21:35:08.393227   => Education menu is present
2023-12-21 21:35:08.578545   => Education menu is visible
2023-12-21 21:35:10.354083   => Education menu focus moved


2023-12-21 21:35:11.737841   => Shares trading sub-menu clicked

2023-12-21 21:35:11.893391   1. Arrange_v0
2023-12-21 21:35:11.944540   BUTTON_TRY_DEMO is visible? =>
2023-12-21 21:35:11.976294   => BUTTON_TRY_DEMO is visible on the page!

2023-12-21 21:35:11.976461   2. Act_v0
2023-12-21 21:35:11.976475   BUTTON_TRY_DEMO is present? =>
2023-12-21 21:35:11.985947   => BUTTON_TRY_DEMO is present on the page!
2023-12-21 21:35:11.985971   BUTTON_TRY_DEMO scroll =>
2023-12-21 21:35:12.031481   => BUTTON_TRY_DEMO clicked!

2023-12-21 21:35:12.031698   3. Assert_v0
2023-12-21 21:35:12.031780   Start step Check that [Sign up] form is opened
2023-12-21 21:35:12.408776   'Sign up' form opened
2023-12-21 21:35:12.408815   Assert SIGNUP_HEADER =>
2023-12-21 21:35:12.421851   Assert SIGNUP_REF_LOGIN =>
2023-12-21 21:35:12.432948   Assert SIGNUP_PRIVACY_POLICY_ALL_2 =>
2023-12-21 21:35:12.446299   => SIGNUP_PRIVACY_POLICY_ALL
2023-12-21 21:35:12.446332   => 'Signup' form is checked
2023-12-21 21:35:12.446484   Start step Close [Sign up] form =>
2023-12-21 21:35:12.542086   => 'Signup' form closed
