{'width': 1280, 'height': 720}

2023-12-21 21:22:19.746053   worker_id = master

2023-12-21 21:22:19.746086   0. Allure grouping v4


2023-12-21 21:22:19.746410   START PRECONDITIONS =>


2023-12-21 21:22:19.746437   {'width': 1280, 'height': 720}

2023-12-21 21:22:19.794192   Set windows position at (320, 180) =>

2023-12-21 21:22:20.024837   Set resolution 1280 * 720 =>

2023-12-21 21:22:20.127467   => Resolution seted {'width': 1280, 'height': 720}

2023-12-21 21:22:24.151883   Капчи нет. Тестим дальше

2023-12-21 21:22:24.151933   Prev. Role: NoAuth

2023-12-21 21:22:24.151943   Current role: NoAuth

2023-12-21 21:22:24.151952   Prev language: en

2023-12-21 21:22:24.151961   => Current language: en

2023-12-21 21:22:24.151969   Prev country: gb

2023-12-21 21:22:24.151977   => Current country: gb

2023-12-21 21:22:24.151985   => THE END PRECONDITIONS

2023-12-21 21:22:24.152050   1. Arrange

2023-12-21 21:22:24.152061   Testing the qr code: EASY_LEARNING
2023-12-21 21:22:24.155428   Start Checking that form [Sign up] popped up on the page =>
2023-12-21 21:22:28.690808   '[Sign up]' form was not popped up
2023-12-21 21:22:28.690892   QR_CODE is located in the DOM? =>
2023-12-21 21:22:28.707455   => QR_CODE_EASY_LEARNING is located in the DOM
2023-12-21 21:22:28.707508   QR_CODE_LINK is visible on the page? =>
2023-12-21 21:22:28.726567   => QR_CODE_LINK EASY_LEARNING is on the page!

2023-12-21 21:22:28.726732   2. Act
2023-12-21 21:22:28.726747   Determining the QR_CODE_TITLE link
2023-12-21 21:22:28.735297   QR_CODE_TITLE link: https://investmate.onelink.me/G4om?pid=website&cp_device_id=v9sqzm5k-9e7m-nmq1-jhvf-q4ogi56mcytv                                                                                                                            
2023-12-21 21:22:28.735447   Start Checking that form [Sign up] popped up on the page =>
2023-12-21 21:22:33.270712   '[Sign up]' form was not popped up
2023-12-21 21:22:33.318580   Start QR-code decryption with CV2-method =>
2023-12-21 21:22:33.326932   The QR-code has a medium encryption method and is NOT readable by some types of mobile devices.
2023-12-21 21:22:33.326967   Start QR-code decryption with PYZBAR-method =>
2023-12-21 21:22:33.329603   The QR-code has a complex encryption method and is NOT readable by almost all types of mobile devices.
2023-12-21 21:22:33.361358   Start QR-code decryption with QREADER-method =>
2023-12-21 21:22:34.970940   The QR-code has a complex encryption method and is virtually unreadable by mobile devices.
2023-12-21 21:22:34.971149   QR_CODE_LINK_QREADER=  https://investmate.onelink.me/G4om?pid=website&cp_device_id=v9sqzm5k-9e7m-nmq1-jhvf-q4ogi56mcytv                                                                                                                            
2023-12-21 21:22:35.035116   Check QR-code title link equal QR-code image link =>
2023-12-21 21:22:35.842872   Load page https://investmate.onelink.me/G4om?pid=website&cp_device_id=v9sqzm5k-9e7m-nmq1-jhvf-q4ogi56mcytv                                                                                                                            

2023-12-21 21:22:35.843144   3. Assert_v0
2023-12-21 21:22:35.843256   Checking that the App Store page has opened
2023-12-21 21:22:35.967742   => Current page title: Investmate — learn to trade on the App Store
2023-12-21 21:22:35.967953   Checking that the App Store app title
2023-12-21 21:22:35.992894   Checking that the App Store specifies provider
2023-12-21 21:22:36.408043   Load page https://capital.com/learn-trading-app
