{'width': 1280, 'height': 800}

2024-04-04 17:26:44.120923   worker_id = master

2024-04-04 17:26:44.120941   0. Allure grouping v4

2024-04-04 17:26:44.121186   START PRECONDITIONS =>

2024-04-04 17:26:44.121206   => Current URL - https://capital.com/fr/trading-facebook

2024-04-04 17:26:44.127492   => URL after prev. preconditions - https://capital.com/fr

2024-04-04 17:26:44.127507   => flag_of_bug - True
2024-04-04 17:26:44.127520   Current page URL = https://capital.com/fr/trading-facebook
2024-04-04 17:26:44.130190   self.link = https://capital.com/fr
2024-04-04 17:26:44.130206   link = https://capital.com/fr
2024-04-04 17:26:45.944202   => Loaded page https://capital.com/fr

2024-04-04 17:26:45.949031   => Windows size - {'width': 1280, 'height': 800}
2024-04-04 17:26:45.950470   Set windows position at (0, 0) =>
2024-04-04 17:26:46.052945   Set resolution 1280 * 800 =>
2024-04-04 17:26:46.158617   => Windows size is set to {'width': 1280, 'height': 800}

2024-04-04 17:26:47.208421   Капчи нет. Идем дальше

2024-04-04 17:26:47.208517   Работа с куками

2024-04-04 17:26:47.208532   Prev. country - 'au'
2024-04-04 17:26:47.208542   Cur. country - 'au'
2024-04-04 17:26:47.208551   => Country set to 'au'

2024-04-04 17:26:47.208560   Prev. language - 'fr'
2024-04-04 17:26:47.208569   Cur. language - 'fr'
2024-04-04 17:26:47.208577   => Language is set to 'fr'

2024-04-04 17:26:47.208586   Prev. role - 'NoReg'
2024-04-04 17:26:47.208595   Cur. role - 'NoReg'
2024-04-04 17:26:47.208603   => The 'NoReg' role is set

2024-04-04 17:26:47.212782   => Current URL - https://capital.com/fr

2024-04-04 17:26:47.212807   => THE END PRECONDITIONS

2024-04-04 17:26:47.213005   1. Arrange_v0
2024-04-04 17:26:47.213023   current_page = https://capital.com/fr
2024-04-04 17:26:47.215849   link = https://capital.com/fr/trading-facebook
2024-04-04 17:26:47.218562   Current page URL = https://capital.com/fr
2024-04-04 17:26:47.223767   self.link = https://capital.com/fr/trading-facebook
2024-04-04 17:26:47.223782   link = https://capital.com/fr/trading-facebook
2024-04-04 17:26:49.072758   => Loaded page https://capital.com/fr/trading-facebook
2024-04-04 17:26:49.095945   => BUTTON_TRY_DEMO is present on this page
2024-04-04 17:26:49.095983   BUTTON_TRY_DEMO scroll =>
2024-04-04 17:26:49.099660   BUTTON_TRY_DEMO is visible? =>
2024-04-04 17:26:49.131663   => BUTTON_TRY_DEMO is visible on this page

2024-04-04 17:26:49.131888   2. Act_v0
2024-04-04 17:26:49.142160   BUTTON_TRY_DEMO is clickable? =>
2024-04-04 17:26:49.169477   => BUTTON_TRY_DEMO clicked!

2024-04-04 17:26:49.169696   3. Assert_v0
2024-04-04 17:26:49.169787   Start step Check that [Sign up] form is opened
2024-04-04 17:26:52.279712   'Sign up' form not opened
2024-04-04 17:26:52.279950   Start step Check that new [Sign up] form is opened
2024-04-04 17:26:55.358954   => new 'Sign up' form not opened
2024-04-04 17:26:55.359160   Start method Check that [Sign up] page opened =>
2024-04-04 17:26:56.363154   'Sign up' page not opened
2024-04-04 17:26:56.363368   Check that [Sign up] form on trading platform opened =>
2024-04-04 17:26:59.474658   'Sign up' form on trading platform page not opened

Bug: Bid:11.02.02.01_02-fr.au.NoReg

2024-04-04 17:26:59.474753   Проверка бага в таблице ретеста  =>

 gs = GoogleSheet() - создаем объект gs # 1: <tests.ReTestsAuto.GoogleSheets.googlesheets.GoogleSheet object at 0x7f3481f5c7d0>

2024-04-04 17:26:59.828317   4. Fixing one row check results into Google Sheet Bugs Report =>
1 cells updated.
2024-04-04 17:27:00.092470   => 4. One row check results into Google Sheet Bugs Report fixed

2024-04-04 17:27:01.383568   4. Fixing one row check results into Google Sheet Bugs Report =>
1 cells updated.
2024-04-04 17:27:01.605461   => 4. One row check results into Google Sheet Bugs Report fixed

2024-04-04 17:27:02.820594   4. Fixing one row check results into Google Sheet Bugs Report =>
1 cells updated.
2024-04-04 17:27:03.042057   => 4. One row check results into Google Sheet Bugs Report fixed

2024-04-04 17:27:03.084021   Добавление новой строки =>

2024-04-04 17:27:04.202805   => Новая строка добавлена

2024-04-04 17:27:05.678562   4. Fixing one row check results into Google Sheet Bugs Report =>
1 cells updated.
2024-04-04 17:27:06.011268   => 4. One row check results into Google Sheet Bugs Report fixed

2024-04-04 17:27:06.015542   4. Fixing one row check results into Google Sheet Bugs Report =>
7 cells updated.
2024-04-04 17:27:06.368112   => 4. One row check results into Google Sheet Bugs Report fixed

2024-04-04 17:27:06.368343   4. Fixing one row check results into Google Sheet Bugs Report =>
2 cells updated.
2024-04-04 17:27:06.587579   => 4. One row check results into Google Sheet Bugs Report fixed

2024-04-04 17:27:06.587910   4. Fixing one row check results into Google Sheet Bugs Report =>
1 cells updated.
2024-04-04 17:27:06.800309   => 4. One row check results into Google Sheet Bugs Report fixed

2024-04-04 17:27:06.800578   4. Fixing one row check results into Google Sheet Bugs Report =>
1 cells updated.
2024-04-04 17:27:07.123557   => 4. One row check results into Google Sheet Bugs Report fixed

2024-04-04 17:27:07.123628   Баг Bid:11.02.02.01_02-fr.au.NoReg-04 добавлен в таблицу 'Bugs Report Auto detect' (для ретестов)
