{'width': 1280, 'height': 800}

2024-04-04 15:32:42.580798   worker_id = master

2024-04-04 15:32:42.580812   0. Allure grouping v4

2024-04-04 15:32:42.580996   START PRECONDITIONS =>

2024-04-04 15:32:42.581011   => Current URL - https://capital.com/fr

2024-04-04 15:32:42.583679   => URL after prev. preconditions - https://capital.com/fr

2024-04-04 15:32:42.583693   => flag_of_bug - True
2024-04-04 15:32:42.583704   Current page URL = https://capital.com/fr
2024-04-04 15:32:42.586299   self.link = https://capital.com/fr
2024-04-04 15:32:42.586313   link = https://capital.com/fr
2024-04-04 15:32:44.341330   => Loaded page https://capital.com/fr

2024-04-04 15:32:44.349164   => Windows size - {'width': 1280, 'height': 800}
2024-04-04 15:32:44.350603   Set windows position at (0, 0) =>
2024-04-04 15:32:44.452941   Set resolution 1280 * 800 =>
2024-04-04 15:32:44.555348   => Windows size is set to {'width': 1280, 'height': 800}

2024-04-04 15:32:45.605743   Капчи нет. Идем дальше

2024-04-04 15:32:45.605842   Работа с куками

2024-04-04 15:32:45.605857   Prev. country - 'au'
2024-04-04 15:32:45.605867   Cur. country - 'au'
2024-04-04 15:32:45.605877   => Country set to 'au'

2024-04-04 15:32:45.605886   Prev. language - 'fr'
2024-04-04 15:32:45.605895   Cur. language - 'fr'
2024-04-04 15:32:45.605903   => Language is set to 'fr'

2024-04-04 15:32:45.605912   Prev. role - 'NoAuth'
2024-04-04 15:32:45.605921   Cur. role - 'NoAuth'
2024-04-04 15:32:45.605929   => The 'NoAuth' role is set

2024-04-04 15:32:45.609021   => Current URL - https://capital.com/fr

2024-04-04 15:32:45.609047   => THE END PRECONDITIONS

2024-04-04 15:32:45.609262   1. Arrange_v0
2024-04-04 15:32:45.609280   current_page = https://capital.com/fr
2024-04-04 15:32:45.614898   link = https://capital.com/fr/coinbase-global-inc-class-a-common-stock-prix-d-une-action
2024-04-04 15:32:45.618810   Current page URL = https://capital.com/fr
2024-04-04 15:32:45.621453   self.link = https://capital.com/fr/coinbase-global-inc-class-a-common-stock-prix-d-une-action
2024-04-04 15:32:45.621468   link = https://capital.com/fr/coinbase-global-inc-class-a-common-stock-prix-d-une-action
2024-04-04 15:32:47.394602   => Loaded page https://capital.com/fr/coinbase-global-inc-class-a-common-stock-prix-d-une-action
2024-04-04 15:32:47.409313   Is button BUTTON_VIEW_DETAILED_CHART present on the page? =>
2024-04-04 15:32:47.409349   => BUTTON_VIEW_DETAILED_CHART is present on the page
2024-04-04 15:32:47.409360   BUTTON_VIEW_DETAILED_CHART scroll =>
2024-04-04 15:32:47.416416   => BUTTON_VIEW_DETAILED_CHART scrolled
2024-04-04 15:32:47.416597   Start Checking that form [Sign up] popped up on the page =>
2024-04-04 15:32:48.969097   '[Sign up]' form was not popped up

2024-04-04 15:32:48.969300   2. Act_v0
2024-04-04 15:32:48.969319   Start Click button [View Detailed Chart] =>
2024-04-04 15:32:48.989332   BUTTON_VIEW_DETAILED_CHART is clickable =>
2024-04-04 15:32:49.030824 => BUTTON_VIEW_DETAILED_CHART clicked

2024-04-04 15:32:49.031062   3. Assert_Login_v0
2024-04-04 15:32:49.031147   Check that 'Login' form is opened
2024-04-04 15:32:50.587426   'Login' form opened
2024-04-04 15:32:50.587466   Assert LOGIN_REF_SIGNUP =>
2024-04-04 15:32:50.599997   Assert LOGIN_CHECKBOX =>
2024-04-04 15:32:50.612599   Assert LOGIN_PASS_FORGOT =>
2024-04-04 15:32:50.625269   => 'Login' form is checked
2024-04-04 15:32:50.651503   Click 'Close' button on 'Login' form =>
2024-04-04 15:32:50.997060   => Focus moved to 'capital*com' logo
2024-04-04 15:32:50.997104   => 'Login' form closed
