{'width': 1280, 'height': 800}

2024-04-04 16:45:33.459762   worker_id = master

2024-04-04 16:45:33.459777   0. Allure grouping v4

2024-04-04 16:45:33.459991   START PRECONDITIONS =>

2024-04-04 16:45:33.460010   => Current URL - https://capital.com/fr/marches-cfd

2024-04-04 16:45:33.462875   => URL after prev. preconditions - https://capital.com/fr

2024-04-04 16:45:33.462889   => flag_of_bug - False

2024-04-04 16:45:33.462901   => Windows size - {'width': 1280, 'height': 800}
2024-04-04 16:45:33.464273   Set windows position at (0, 0) =>
2024-04-04 16:45:33.566592   Set resolution 1280 * 800 =>
2024-04-04 16:45:33.669100   => Windows size is set to {'width': 1280, 'height': 800}

2024-04-04 16:45:34.705007   Капчи нет. Идем дальше

2024-04-04 16:45:34.705099   Работа с куками

2024-04-04 16:45:34.705113   Prev. country - 'au'
2024-04-04 16:45:34.705123   Cur. country - 'au'
2024-04-04 16:45:34.705132   => Country set to 'au'

2024-04-04 16:45:34.705141   Prev. language - 'fr'
2024-04-04 16:45:34.705149   Cur. language - 'fr'
2024-04-04 16:45:34.705158   => Language is set to 'fr'

2024-04-04 16:45:34.705167   Prev. role - 'NoAuth'
2024-04-04 16:45:34.705176   Cur. role - 'NoAuth'
2024-04-04 16:45:34.705185   => The 'NoAuth' role is set

2024-04-04 16:45:34.708204   => Current URL - https://capital.com/fr/marches-cfd

2024-04-04 16:45:34.708227   => THE END PRECONDITIONS

2024-04-04 16:45:34.708409   1. Arrange_v0
2024-04-04 16:45:34.708427   current_page = https://capital.com/fr/marches-cfd
2024-04-04 16:45:34.711074   link = https://capital.com/fr/marches-cfd
2024-04-04 16:45:34.713696   BUTTON_CREATE_YOUR_ACCOUNT is located on the page? =>

2024-04-04 16:45:34.721844   2. Act_v0: Define of locator

2024-04-04 16:45:34.721869   2. Act_v0: Go to web element

2024-04-04 16:45:35.781769   2. Act_v0: Click web element
2024-04-04 16:45:35.822140   => BUTTON_CREATE_YOUR_ACCOUNT is clicked

2024-04-04 16:45:35.822442   3. Assert_v0
2024-04-04 16:45:35.822547   Start step Check that [Sign up] form is opened
2024-04-04 16:45:38.916790   'Sign up' form not opened
2024-04-04 16:45:38.916988   Start step Check that new [Sign up] form is opened
2024-04-04 16:45:41.995041   => new 'Sign up' form not opened
2024-04-04 16:45:41.995239   Start method Check that [Sign up] page opened =>
2024-04-04 16:45:42.998980   'Sign up' page not opened
2024-04-04 16:45:42.999185   Check that [Sign up] form on trading platform opened =>
2024-04-04 16:45:46.076495   'Sign up' form on trading platform page not opened

Bug: Bid:11.01.03.01_04-fr.au.NoAuth

2024-04-04 16:45:46.076584   Проверка бага в таблице ретеста  =>

 gs = GoogleSheet() - создаем объект gs # 1: <tests.ReTestsAuto.GoogleSheets.googlesheets.GoogleSheet object at 0x7fdd66da4260>

2024-04-04 16:45:46.437152   4. Fixing one row check results into Google Sheet Bugs Report =>
1 cells updated.
2024-04-04 16:45:46.683757   => 4. One row check results into Google Sheet Bugs Report fixed

2024-04-04 16:45:47.983718   4. Fixing one row check results into Google Sheet Bugs Report =>
1 cells updated.
2024-04-04 16:45:48.225161   => 4. One row check results into Google Sheet Bugs Report fixed

2024-04-04 16:45:49.462985   4. Fixing one row check results into Google Sheet Bugs Report =>
1 cells updated.
2024-04-04 16:45:49.690597   => 4. One row check results into Google Sheet Bugs Report fixed

2024-04-04 16:45:49.696113   Добавление новой строки =>

2024-04-04 16:45:50.880417   => Новая строка добавлена

2024-04-04 16:45:52.693746   4. Fixing one row check results into Google Sheet Bugs Report =>
1 cells updated.
2024-04-04 16:45:53.045419   => 4. One row check results into Google Sheet Bugs Report fixed

2024-04-04 16:45:53.049861   4. Fixing one row check results into Google Sheet Bugs Report =>
7 cells updated.
2024-04-04 16:45:53.531832   => 4. One row check results into Google Sheet Bugs Report fixed

2024-04-04 16:45:53.532045   4. Fixing one row check results into Google Sheet Bugs Report =>
2 cells updated.
2024-04-04 16:45:53.773001   => 4. One row check results into Google Sheet Bugs Report fixed

2024-04-04 16:45:53.773212   4. Fixing one row check results into Google Sheet Bugs Report =>
1 cells updated.
2024-04-04 16:45:54.224237   => 4. One row check results into Google Sheet Bugs Report fixed

2024-04-04 16:45:54.224479   4. Fixing one row check results into Google Sheet Bugs Report =>
1 cells updated.
2024-04-04 16:45:56.436845   => 4. One row check results into Google Sheet Bugs Report fixed

2024-04-04 16:45:56.436924   Баг Bid:11.01.03.01_04-fr.au.NoAuth-04 добавлен в таблицу 'Bugs Report Auto detect' (для ретестов)
