{'width': 1280, 'height': 800}

2024-05-03 08:45:41.372447   worker_id = master

2024-05-03 08:45:41.372461   0. Allure grouping v4

2024-05-03 08:45:41.372652   START PRECONDITIONS =>

2024-05-03 08:45:41.372668   => URL after prev. preconditions - https://capital.com/it
2024-05-03 08:45:41.372678   => flag_of_bug - False
2024-05-03 08:45:41.372688   => Current URL - https://capital.com/it/trade-eos
2024-05-03 08:45:41.383511   Current page URL = https://capital.com/it/trade-eos
2024-05-03 08:45:41.386241   self.link = https://capital.com/it
2024-05-03 08:45:41.386258   driver.get(https://capital.com/it) =>
2024-05-03 08:45:43.336049   => Loaded page https://capital.com/it

2024-05-03 08:45:43.340807   => Windows size - {'width': 1280, 'height': 800}
2024-05-03 08:45:43.344155   Set windows position at (0, 0) =>
2024-05-03 08:45:43.345790   Set resolution 1280 * 800 =>
2024-05-03 08:45:43.347316   => Windows size is set to {'width': 1280, 'height': 800}

2024-05-03 08:45:44.397988   Капчи нет. Идем дальше

2024-05-03 08:45:44.398073   Работа с куками =>

2024-05-03 08:45:44.398087   => не требуется

2024-05-03 08:45:44.398097   Prev. country - 'au'
2024-05-03 08:45:44.398106   Cur. country - 'au'
2024-05-03 08:45:44.398115   => Country set to 'au'

2024-05-03 08:45:44.398124   Prev. language - 'it'
2024-05-03 08:45:44.398133   Cur. language - 'it'
2024-05-03 08:45:44.398142   => Language is set to 'it'

2024-05-03 08:45:44.398150   Prev. role - 'Auth'
2024-05-03 08:45:44.398159   Cur. role - 'Auth'
2024-05-03 08:45:44.398168   => The 'Auth' role is set

2024-05-03 08:45:44.400890   => Current URL - https://capital.com/it

2024-05-03 08:45:44.400912   => THE END PRECONDITIONS

2024-05-03 08:45:44.401087   1. Arrange_v0
2024-05-03 08:45:44.401104   current_page = https://capital.com/it
2024-05-03 08:45:44.403586   link = https://capital.com/it/trade-eos
2024-05-03 08:45:44.406013   Current page URL = https://capital.com/it
2024-05-03 08:45:44.411320   self.link = https://capital.com/it/trade-eos
2024-05-03 08:45:44.411343   driver.get(https://capital.com/it/trade-eos) =>
2024-05-03 08:45:46.289433   => Loaded page https://capital.com/it/trade-eos
2024-05-03 08:45:46.302052   => BUTTON_TRY_DEMO is present on this page
2024-05-03 08:45:46.302078   BUTTON_TRY_DEMO scroll =>
2024-05-03 08:45:46.305424   BUTTON_TRY_DEMO is visible? =>
2024-05-03 08:45:46.329792   => BUTTON_TRY_DEMO is visible on this page

2024-05-03 08:45:46.329964   2. Act_v0
2024-05-03 08:45:46.335550   BUTTON_TRY_DEMO is clickable? =>
2024-05-03 08:45:46.357990   => BUTTON_TRY_DEMO clicked!

2024-05-03 08:45:46.358218   3. Assert_v4

2024-05-03 08:45:46.358238   
2024-05-03 08:45:46.358341   Checking that the trading platform page has opened (v4) =>
2024-05-03 08:45:47.370530   Checking way # 1 => 

2024-05-03 08:45:47.370710   1. Checking that the Trading platform (or TradingView site) page has valid title =>
2024-05-03 08:45:47.373110   => The title of current page is 'Trading Platform | Capital.com'

2024-05-03 08:45:47.373177   2. Checking that the LOGO is present on the page =>
2024-05-03 08:45:47.676948   => 'capital*com' logo is present on the current page

2024-05-03 08:45:47.676983   tpd = True
2024-05-03 08:45:47.677025   3.1. Checking that the Trading platform opened in DEMO mode =>
2024-05-03 08:45:48.007288   => The page with https://capital.com/trading/platform/?mode=demo url was opened in DEMO mode
2024-05-03 08:45:48.925495   => Driver.backed
