
2023-12-13 18:48:04.822260   Работает obj <US_11-02-02-01_Shares_trading_test.TestSharesTradingItems object at 0x7f0a158341d0> с именем TC_11.02.02.01_07
{'width': 1280, 'height': 720}

2023-12-13 18:48:04.860330   worker_id = master

2023-12-13 18:48:04.860357   0. Allure grouping


2023-12-13 18:48:04.860661   START PRECONDITIONS =>


2023-12-13 18:48:04.860682   {'width': 1280, 'height': 720}

2023-12-13 18:48:04.877922   Set windows position at (320, 180) =>

2023-12-13 18:48:05.061078   Set resolution 1280 * 720 =>

2023-12-13 18:48:05.206691   => Resolution seted {'width': 1280, 'height': 720}

2023-12-13 18:48:09.212849   Капчи нет. Тестим дальше

2023-12-13 18:48:09.212890   Prev. Role: Auth

2023-12-13 18:48:09.212900   Current role: Auth

2023-12-13 18:48:09.212908   Prev language: pl

2023-12-13 18:48:09.212916   => Current language: pl

2023-12-13 18:48:09.212923   Prev country: de

2023-12-13 18:48:09.212931   => Current country: de

2023-12-13 18:48:09.212939   => THE END PRECONDITIONS

2023-12-13 18:48:09.212992   1. Arrange_v0

2023-12-13 18:48:09.224007   2. Act_v0
2023-12-13 18:48:09.224028   BUTTON_GET_STARTED_ON_STICKY_BAR is present? =>
2023-12-13 18:48:09.229194   => BUTTON_GET_STARTED_ON_STICKY_BAR is present on the page!
2023-12-13 18:48:09.229215   BUTTON_GET_STARTED_ON_STICKY_BAR scroll =>
2023-12-13 18:48:09.550583   => BUTTON_GET_STARTED_ON_STICKY_BAR clicked!

2023-12-13 18:48:09.550848   3. Assert_v4
2023-12-13 18:48:09.551006   Checking that the trading platform page has opened (v4) =>
2023-12-13 18:48:10.107390   => Current page title: Trading Platform | Capital.com
2023-12-13 18:48:10.107537   Checking that the Trading platform LOGO is present on the page =>
2023-12-13 18:48:11.274320   Checking that the Trading platform opened in LIVE mode =>
2023-12-13 18:48:11.298733   => The page with https://capital.com/trading/platform url was opened in lIVE mode
2023-12-13 18:48:13.473393   Load page https://capital.com/pl/handlovac-netflix
