
2023-12-13 19:22:29.062484   Работает obj <us_11-02-05_cryptocurrency_trading_test.TestCryptocurrencyTrading object at 0x7f3bc939d710> с именем TC_11.02.05_07
{'width': 1280, 'height': 720}

2023-12-13 19:22:29.064030   browser = chrome

2023-12-13 19:22:29.064046   worker_id = master

2023-12-13 19:22:29.064054   Start TC_11.02.05_07

2023-12-13 19:22:29.064062   <us_11-02-05_cryptocurrency_trading_test.TestCryptocurrencyTrading object at 0x7f3bc939d710>.None

2023-12-13 19:22:29.064096   0. Arrange


2023-12-13 19:22:29.064249   START PRECONDITIONS =>


2023-12-13 19:22:29.064263   {'width': 1280, 'height': 720}

2023-12-13 19:22:29.065615   Set windows position at (320, 180) =>

2023-12-13 19:22:29.167925   Set resolution 1280 * 720 =>

2023-12-13 19:22:29.270436   => Resolution seted {'width': 1280, 'height': 720}

2023-12-13 19:22:33.292835   Капчи нет. Тестим дальше

2023-12-13 19:22:33.292877   Prev. Role: NoReg

2023-12-13 19:22:33.292887   Current role: NoReg

2023-12-13 19:22:33.292895   Prev language: pl

2023-12-13 19:22:33.292903   => Current language: pl

2023-12-13 19:22:33.292910   Prev country: de

2023-12-13 19:22:33.292918   => Current country: de

2023-12-13 19:22:33.292925   => THE END PRECONDITIONS

2023-12-13 19:22:33.292979   1. Arrange
2023-12-13 19:22:33.295930   Is visible BUTTON_SIGNUP_LOGIN? =>
2023-12-13 19:22:33.303857   => BUTTON_SIGNUP_LOGIN is visible on the page!

2023-12-13 19:22:33.304013   2. Act_v0
2023-12-13 19:22:33.304027   Start Click button BUTTON_SIGNUP_LOGIN =>
2023-12-13 19:22:33.316544   BUTTON_SIGNUP_LOGIN#1 scroll =>
2023-12-13 19:22:33.316579   BUTTON_SIGNUP_LOGIN#1 scroll =>
2023-12-13 19:22:33.330398   Is BUTTON_SIGNUP_LOGIN#1 clickable? =>
2023-12-13 19:22:33.386643   => BUTTON_SIGNUP_LOGIN#1 is clickable
2023-12-13 19:22:33.386676   BUTTON_SIGNUP_LOGIN#1 click =>
2023-12-13 19:22:33.741145   => BUTTON_SIGNUP_LOGIN#1 clicked!

2023-12-13 19:22:33.741374   3. Assert_v0
2023-12-13 19:22:33.741473   Start step Check that [Sign up] form is opened
2023-12-13 19:22:40.936393   'Sign up' form not opened
2023-12-13 19:22:40.936581   Start method Check that [Sign up] page opened =>
2023-12-13 19:22:41.941368   'Sign up' page opened
2023-12-13 19:22:41.941405   Assert SIGNUP_SIGNUP_FRAME =>
2023-12-13 19:22:41.950348   Assert SIGNUP_REF_LOGIN =>
2023-12-13 19:22:41.965610   Assert SIGNUP_PRIVACY_POLICY_ALL_1 =>
2023-12-13 19:22:46.497043   Assert SIGNUP_PRIVACY_POLICY_ALL_2 =>
2023-12-13 19:22:46.512523   => SIGNUP_PRIVACY_POLICY_ALL
2023-12-13 19:22:46.512548   => 'Signup' page is checked
2023-12-13 19:22:47.512846   Start method 'Close [Sign up] page' =>
2023-12-13 19:22:48.187197   => [Sign up] page is closed
2023-12-13 19:22:49.132885   BUTTON_SIGNUP_LOGIN#2 scroll =>
2023-12-13 19:22:49.132923   BUTTON_SIGNUP_LOGIN#2 scroll =>
2023-12-13 19:22:49.140726   Is BUTTON_SIGNUP_LOGIN#2 clickable? =>
2023-12-13 19:22:49.321406   => BUTTON_SIGNUP_LOGIN#2 is clickable
2023-12-13 19:22:49.321443   BUTTON_SIGNUP_LOGIN#2 click =>
2023-12-13 19:22:49.681560   => BUTTON_SIGNUP_LOGIN#2 clicked!

2023-12-13 19:22:49.681812   3. Assert_v0
2023-12-13 19:22:49.681946   Start step Check that [Sign up] form is opened
2023-12-13 19:23:01.582354   'Sign up' form not opened
2023-12-13 19:23:01.582529   Start method Check that [Sign up] page opened =>
2023-12-13 19:23:02.592834   'Sign up' page opened
2023-12-13 19:23:02.592870   Assert SIGNUP_SIGNUP_FRAME =>
2023-12-13 19:23:02.604897   Assert SIGNUP_REF_LOGIN =>
2023-12-13 19:23:02.634179   Assert SIGNUP_PRIVACY_POLICY_ALL_1 =>
2023-12-13 19:23:07.192948   Assert SIGNUP_PRIVACY_POLICY_ALL_2 =>
2023-12-13 19:23:07.208486   => SIGNUP_PRIVACY_POLICY_ALL
2023-12-13 19:23:07.208512   => 'Signup' page is checked
2023-12-13 19:23:08.208843   Start method 'Close [Sign up] page' =>
2023-12-13 19:23:08.956493   => [Sign up] page is closed
