{'width': 1280, 'height': 720}

2024-03-07 15:30:45.075858   worker_id = master

2024-03-07 15:30:45.075875   0. Allure grouping v4


2024-03-07 15:30:45.076077   START PRECONDITIONS =>


2024-03-07 15:30:45.076092   => Windows size - {'width': 1280, 'height': 720}
2024-03-07 15:30:45.077449   Set windows position at (0, 0) =>
2024-03-07 15:30:45.179818   Set resolution 1280 * 720 =>
2024-03-07 15:30:45.282342   => Windows size is set to {'width': 1280, 'height': 720}

2024-03-07 15:30:46.288489   Капчи нет. Идем дальше

2024-03-07 15:30:46.288587   Работа с куками

2024-03-07 15:30:46.288603   => Prev. country - 'de'
2024-03-07 15:30:46.288613   => Country set to 'de'

2024-03-07 15:30:46.288622   => Prev. language - 'ro'
2024-03-07 15:30:46.288631   => Language is set to 'ro'

2024-03-07 15:30:46.288642   => Prev. role - 'NoReg'
2024-03-07 15:30:46.288654   => The 'NoReg' role is set

2024-03-07 15:30:46.291706   => THE END PRECONDITIONS

2024-03-07 15:30:46.291778   1. Arrange
2024-03-07 15:30:46.294702   BUTTON_ON_VER_BANNER is present? =>
2024-03-07 15:30:46.306100   => BUTTON_ON_VER_BANNER is present on the page!
2024-03-07 15:30:46.306136   BUTTON_ON_VER_BANNER scroll =>
2024-03-07 15:30:46.309856   BUTTON_ON_VER_BANNER is visible? =>
2024-03-07 15:30:46.345641   => BUTTON_ON_VER_BANNER is visible on the page!
2024-03-07 15:30:46.345842   Start Checking that form [Sign up] popped up on the page =>
2024-03-07 15:30:47.908767   '[Sign up]' form was not popped up

2024-03-07 15:30:47.908964   2. Act

2024-03-07 15:30:47.930220   => Button on Vertical banner clickable

2024-03-07 15:30:47.938346   data_id = 381
2024-03-07 15:30:48.004194   => BUTTON_ON_VER_BANNER clicked!

2024-03-07 15:30:48.004455   3. Assert_v0
2024-03-07 15:30:48.004552   Start step Check that [Sign up] form is opened
2024-03-07 15:30:48.022234   'Sign up' form opened
2024-03-07 15:30:48.022279   Assert SIGNUP_HEADER =>
2024-03-07 15:30:48.040408   Assert SIGNUP_REF_LOGIN =>
2024-03-07 15:30:48.059897   Assert SIGNUP_PRIVACY_POLICY_ALL_2 =>
2024-03-07 15:30:48.082856   => SIGNUP_PRIVACY_POLICY_ALL
2024-03-07 15:30:48.082902   => 'Signup' form is checked
2024-03-07 15:30:48.083099   Start step Close [Sign up] form =>
2024-03-07 15:30:48.180935   => 'Signup' form closed
