{'width': 1280, 'height': 800}

2024-03-21 07:24:35.754047   worker_id = master

2024-03-21 07:24:35.754064   0. Allure grouping v4


2024-03-21 07:24:35.754258   START PRECONDITIONS =>


2024-03-21 07:24:35.754274   => flag_of_bug - True
2024-03-21 07:24:35.754285   Current page URL = https://capital.com/es/trade-etfs
2024-03-21 07:24:36.403723   => Loaded page https://capital.com/

2024-03-21 07:24:36.406325   => Windows size - {'width': 1280, 'height': 800}
2024-03-21 07:24:36.407563   Set windows position at (0, 0) =>
2024-03-21 07:24:36.512210   Set resolution 1280 * 800 =>
2024-03-21 07:24:36.617100   => Windows size is set to {'width': 1280, 'height': 800}

2024-03-21 07:24:37.657562   Капчи нет. Идем дальше

2024-03-21 07:24:37.657645   Работа с куками

2024-03-21 07:24:37.657658   => Prev. country - 'au'
2024-03-21 07:24:37.657668   => Country set to 'au'

2024-03-21 07:24:37.657677   => Prev. language - 'es'
2024-03-21 07:24:37.657686   Set 'es' language =>
2024-03-21 07:24:37.665977   => Language and Country menu is present
2024-03-21 07:24:37.676294   => Language and Country menu is visible
2024-03-21 07:24:38.950763   => Focus is moved on Language and Country menu 
2024-03-21 07:24:38.956559   Move focus on es item and click =>
2024-03-21 07:24:40.414245   => Focus moved on es item and clicked
2024-03-21 07:24:40.414290   => Cur url = https://capital.com/es
2024-03-21 07:24:40.424544   => Language is set to 'es'

2024-03-21 07:24:40.424569   => Prev. role - 'NoReg'
2024-03-21 07:24:40.424579   => The 'NoReg' role is set

2024-03-21 07:24:40.427075   => THE END PRECONDITIONS
2024-03-21 07:24:40.936254   => Education menu is present in DOM
2024-03-21 07:24:40.942496   element = <selenium.webdriver.remote.webelement.WebElement (session="2bc75ccc018395fa3eec5a4d21ed3664", element="f.C02BE1C86CA5D85AF0E805D4BE8E8804.d.DB9FEE6CE604C92773013847522AED55.e.2032")>
2024-03-21 07:24:40.942522   => Education menu is visible
2024-03-21 07:24:42.215482   => Focus moved to Education menu

2024-03-21 07:24:43.626403   1. Arrange_v0
2024-03-21 07:24:43.639623   => BUTTON_TRY_DEMO is present on this page
2024-03-21 07:24:43.639653   BUTTON_TRY_DEMO scroll =>
2024-03-21 07:24:43.642993   BUTTON_TRY_DEMO is visible? =>
2024-03-21 07:24:43.675674   => BUTTON_TRY_DEMO is visible on this page

2024-03-21 07:24:43.675843   2. Act_v0
2024-03-21 07:24:43.681652   BUTTON_TRY_DEMO is clickable? =>
2024-03-21 07:24:43.704418   => BUTTON_TRY_DEMO clicked!

2024-03-21 07:24:43.704614   3. Assert_v0
2024-03-21 07:24:43.704701   Start step Check that [Sign up] form is opened
2024-03-21 07:24:43.934177   'Sign up' form opened
2024-03-21 07:24:43.934219   Assert SIGNUP_HEADER =>
2024-03-21 07:24:43.945748   Assert SIGNUP_REF_LOGIN =>
2024-03-21 07:24:43.958892   Assert SIGNUP_PRIVACY_POLICY_ALL_2 =>
2024-03-21 07:24:43.972663   => SIGNUP_PRIVACY_POLICY_ALL
2024-03-21 07:24:43.972694   => 'Signup' form is checked
2024-03-21 07:24:43.972856   Start step Close [Sign up] form =>
2024-03-21 07:24:44.028734   => 'Signup' form closed
