{'width': 1280, 'height': 800}

2024-06-24 14:41:11.285552   worker_id = master

2024-06-24 14:41:11.285552   0. Allure grouping v4

2024-06-24 14:41:11.285552   START PRECONDITIONS =>

2024-06-24 14:41:11.285552   => URL after prev. preconditions - https://capital.com/cn
2024-06-24 14:41:11.285552   => flag_of_bug - False
2024-06-24 14:41:11.285552   => Current URL - https://capital.com/trading/platform/
2024-06-24 14:41:11.301182   Current page URL = https://capital.com/trading/platform/
2024-06-24 14:41:11.301182   self.link = https://capital.com/cn
2024-06-24 14:41:11.301182   driver.get(https://capital.com/cn) =>
2024-06-24 14:41:13.308029   => Loaded page https://capital.com/cn

2024-06-24 14:41:13.314035   => Windows size: {'width': 1280, 'height': 800}
2024-06-24 14:41:13.316031   Set windows position at (0, 0) =>
2024-06-24 14:41:13.322049   Set resolution 1280 * 800 =>
2024-06-24 14:41:13.328040   => Windows size is set to {'width': 1280, 'height': 800}

2024-06-24 14:41:14.333831   Капчи нет. Идем дальше

2024-06-24 14:41:14.333831   Работа с куками =>

2024-06-24 14:41:14.333831   => не требуется

2024-06-24 14:41:15.338877   Капчи нет. Идем дальше

2024-06-24 14:41:15.339883   Prev. country - 'de'
2024-06-24 14:41:15.339883   Cur. country - 'de'
2024-06-24 14:41:15.339883   => Country set to 'de'

2024-06-24 14:41:16.392965   Капчи нет. Идем дальше

2024-06-24 14:41:16.392965   Prev. language - 'cn'
2024-06-24 14:41:16.392965   Cur. language - 'cn'
2024-06-24 14:41:16.392965   => Language is set to 'cn'

2024-06-24 14:41:17.448631   Капчи нет. Идем дальше

2024-06-24 14:41:17.448631   Prev. role - 'NoAuth'
2024-06-24 14:41:17.448631   Cur. role - 'NoAuth'
2024-06-24 14:41:17.448631   => The 'NoAuth' role is set

2024-06-24 14:41:17.456626   => Current URL - https://capital.com/cn

2024-06-24 14:41:17.456626   => THE END PRECONDITIONS

2024-06-24 14:41:17.456626   1. Arrange_v0
2024-06-24 14:41:17.456626   current_page = https://capital.com/cn
2024-06-24 14:41:17.460624   link = https://capital.com/cn/uk-sugar-no-5-spot-commodity
2024-06-24 14:41:17.463627   Current page URL = https://capital.com/cn
2024-06-24 14:41:17.467627   self.link = https://capital.com/cn/uk-sugar-no-5-spot-commodity
2024-06-24 14:41:17.467627   driver.get(https://capital.com/cn/uk-sugar-no-5-spot-commodity) =>
2024-06-24 14:41:19.184150   => Loaded page https://capital.com/cn/uk-sugar-no-5-spot-commodity
2024-06-24 14:41:19.191864   BUTTON_BUY is located on the page? =>
2024-06-24 14:41:19.200863   => BUTTON_BUY is located on the page!
2024-06-24 14:41:19.200863   Start Checking that form [Sign up] popped up on the page =>
2024-06-24 14:41:20.720538   '[Sign up]' form was not popped up

2024-06-24 14:41:20.720538   2. Act_v0
2024-06-24 14:41:20.732469   BUTTON_BUY is present? =>
2024-06-24 14:41:20.732469   => BUTTON_BUY is present on the page
2024-06-24 14:41:20.732469   BUTTON_BUY scroll =>
2024-06-24 14:41:20.737475   => BUTTON_BUY scrolled
2024-06-24 14:41:20.769360   BUTTON_BUY is clickable? =>
2024-06-24 14:41:20.782362   BUTTON_BUY CLICK =>
2024-06-24 14:41:20.828878   => BUTTON_BUY clicked!

2024-06-24 14:41:20.829277   3. Assert_Login_v0
2024-06-24 14:41:20.829277   Check that 'Login' form is opened
2024-06-24 14:41:21.025028   'Login' form opened
2024-06-24 14:41:21.025028   Assert LOGIN_REF_SIGNUP =>
2024-06-24 14:41:21.041319   Assert LOGIN_CHECKBOX =>
2024-06-24 14:41:21.058080   Assert LOGIN_PASS_FORGOT =>
2024-06-24 14:41:21.105542   => 'Login' form is checked
2024-06-24 14:41:21.126701   Click 'Close' button on 'Login' form =>
2024-06-24 14:41:21.471483   => Focus moved to 'capital*com' logo
2024-06-24 14:41:21.471483   => 'Login' form closed
