{'width': 1280, 'height': 800}

2024-03-21 07:32:31.739576   worker_id = master

2024-03-21 07:32:31.739592   0. Allure grouping v4


2024-03-21 07:32:31.739785   START PRECONDITIONS =>


2024-03-21 07:32:31.739801   => flag_of_bug - True
2024-03-21 07:32:31.739813   Current page URL = https://capital.com/trading/platform/
2024-03-21 07:32:33.256693   => Loaded page https://capital.com/

2024-03-21 07:32:33.259839   => Windows size - {'width': 1280, 'height': 800}
2024-03-21 07:32:33.261861   Set windows position at (0, 0) =>
2024-03-21 07:32:33.366834   Set resolution 1280 * 800 =>
2024-03-21 07:32:33.469086   => Windows size is set to {'width': 1280, 'height': 800}

2024-03-21 07:32:34.492496   Капчи нет. Идем дальше

2024-03-21 07:32:34.492579   Работа с куками

2024-03-21 07:32:34.492593   => Prev. country - 'au'
2024-03-21 07:32:34.492603   => Country set to 'au'

2024-03-21 07:32:34.492613   => Prev. language - 'es'
2024-03-21 07:32:34.492622   Set 'es' language =>
2024-03-21 07:32:34.502634   => Language and Country menu is present
2024-03-21 07:32:34.514566   => Language and Country menu is visible
2024-03-21 07:32:35.781068   => Focus is moved on Language and Country menu 
2024-03-21 07:32:35.786979   Move focus on es item and click =>
2024-03-21 07:32:37.230336   => Focus moved on es item and clicked
2024-03-21 07:32:37.230384   => Cur url = https://capital.com/es
2024-03-21 07:32:37.265191   => Language is set to 'es'

2024-03-21 07:32:37.265230   => Prev. role - 'NoReg'
2024-03-21 07:32:37.265248   => The 'NoReg' role is set

2024-03-21 07:32:37.283558   => THE END PRECONDITIONS

2024-03-21 07:32:37.283795   1. Arrange_v0
2024-03-21 07:32:37.286296   Current page URL = https://capital.com/es
2024-03-21 07:32:37.941164   => Loaded page https://capital.com/es/trading-diario
2024-03-21 07:32:37.944295   BUTTON_CREATE_YOUR_ACCOUNT is located on the page? =>

2024-03-21 07:32:37.953444   2. Act_v0: Define of locator

2024-03-21 07:32:37.953471   2. Act_v0: Go to web element

2024-03-21 07:32:39.031600   2. Act_v0: Click web element
2024-03-21 07:32:39.057668   => BUTTON_CREATE_YOUR_ACCOUNT is clicked

2024-03-21 07:32:39.057876   3. Assert_v0
2024-03-21 07:32:39.057963   Start step Check that [Sign up] form is opened
2024-03-21 07:32:39.289948   'Sign up' form opened
2024-03-21 07:32:39.289989   Assert SIGNUP_HEADER =>
2024-03-21 07:32:39.305033   Assert SIGNUP_REF_LOGIN =>
2024-03-21 07:32:39.319799   Assert SIGNUP_PRIVACY_POLICY_ALL_2 =>
2024-03-21 07:32:39.336036   => SIGNUP_PRIVACY_POLICY_ALL
2024-03-21 07:32:39.336071   => 'Signup' form is checked
2024-03-21 07:32:39.336266   Start step Close [Sign up] form =>
2024-03-21 07:32:39.398544   => 'Signup' form closed
