{'width': 1280, 'height': 720}

2023-12-16 10:49:06.920473   worker_id = master

2023-12-16 10:49:06.920489   0. Allure grouping


2023-12-16 10:49:06.920643   START PRECONDITIONS =>


2023-12-16 10:49:06.920658   {'width': 1280, 'height': 720}

2023-12-16 10:49:06.921864   Set windows position at (320, 180) =>

2023-12-16 10:49:07.023954   Set resolution 1280 * 720 =>

2023-12-16 10:49:07.128131   => Resolution seted {'width': 1280, 'height': 720}

2023-12-16 10:49:11.173987   Капчи нет. Тестим дальше

2023-12-16 10:49:11.174025   Prev. Role: NoReg

2023-12-16 10:49:11.174035   Current role: NoReg

2023-12-16 10:49:11.174043   Prev language: en

2023-12-16 10:49:11.174051   => Current language: en

2023-12-16 10:49:11.174059   Prev country: gb

2023-12-16 10:49:11.174068   => Current country: gb

2023-12-16 10:49:11.174075   => THE END PRECONDITIONS

2023-12-16 10:49:11.174257   START Open "Education" menu, "CFD trading guide" submenu =>

2023-12-16 10:49:11.174272   1. Cur URL = https://capital.com/what-is-cfd-trading

2023-12-16 10:49:11.177043   2. Link = https://capital.com/
2023-12-16 10:49:11.688788   Load page https://capital.com/
2023-12-16 10:49:11.759786   => Education menu is present
2023-12-16 10:49:11.888344   => Education menu is visible
2023-12-16 10:49:13.666188   => Education menu focus moved

2023-12-16 10:49:15.657642   3. Cur URL = https://capital.com/what-is-cfd-trading

2023-12-16 10:49:15.662790   1. Arrange_v0
2023-12-16 10:49:15.665499   BUTTON_TRY_DEMO is visible? =>
2023-12-16 10:49:15.742717   => BUTTON_TRY_DEMO is visible on the page!

2023-12-16 10:49:15.742890   2. Act_v0
2023-12-16 10:49:15.742906   BUTTON_TRY_DEMO is present? =>
2023-12-16 10:49:15.756606   => BUTTON_TRY_DEMO is present on the page!
2023-12-16 10:49:15.756636   BUTTON_TRY_DEMO scroll =>
2023-12-16 10:49:15.805906   => BUTTON_TRY_DEMO clicked!

2023-12-16 10:49:15.806110   3. Assert_v0
2023-12-16 10:49:15.806188   Start step Check that [Sign up] form is opened
2023-12-16 10:49:16.041048   'Sign up' form opened
2023-12-16 10:49:16.041092   Assert SIGNUP_HEADER =>
2023-12-16 10:49:16.067726   Assert SIGNUP_REF_LOGIN =>
2023-12-16 10:49:16.080257   Assert SIGNUP_PRIVACY_POLICY_ALL_2 =>
2023-12-16 10:49:16.096116   => SIGNUP_PRIVACY_POLICY_ALL
2023-12-16 10:49:16.096154   => 'Signup' form is checked
2023-12-16 10:49:16.096353   Start step Close [Sign up] form =>
2023-12-16 10:49:16.163763   => 'Signup' form closed
