{'width': 1280, 'height': 800}

2024-04-03 20:36:39.945629   worker_id = master

2024-04-03 20:36:39.945644   0. Allure grouping v4

2024-04-03 20:36:39.945828   START PRECONDITIONS =>

2024-04-03 20:36:39.945843   => Current URL - https://capital.com/es/operar-eur-cad

2024-04-03 20:36:39.948664   => URL after prev. preconditions - https://capital.com/es/operar-eur-cad

2024-04-03 20:36:39.948678   => flag_of_bug - False

2024-04-03 20:36:39.948689   => Windows size - {'width': 1280, 'height': 800}
2024-04-03 20:36:39.950034   Set windows position at (0, 0) =>
2024-04-03 20:36:40.051975   Set resolution 1280 * 800 =>
2024-04-03 20:36:40.153916   => Windows size is set to {'width': 1280, 'height': 800}

2024-04-03 20:36:41.181282   Капчи нет. Идем дальше

2024-04-03 20:36:41.181374   Работа с куками

2024-04-03 20:36:41.181388   Prev. country - 'de'
2024-04-03 20:36:41.181400   Cur. country - 'de'
2024-04-03 20:36:41.181409   => Country set to 'de'

2024-04-03 20:36:41.181418   Prev. language - 'es'
2024-04-03 20:36:41.181427   Cur. language - 'es'
2024-04-03 20:36:41.181436   => Language is set to 'es'

2024-04-03 20:36:41.181445   Prev. role - 'NoReg'
2024-04-03 20:36:41.181453   Cur. role - 'NoReg'
2024-04-03 20:36:41.181462   => The 'NoReg' role is set

2024-04-03 20:36:41.184227   => Current URL - https://capital.com/es/operar-eur-cad

2024-04-03 20:36:41.184248   => THE END PRECONDITIONS

2024-04-03 20:36:41.184291   1. Arrange_v0
2024-04-03 20:36:41.184304   current_page = https://capital.com/es/operar-eur-cad
2024-04-03 20:36:41.186884   link = https://capital.com/es/operar-eur-cad
2024-04-03 20:36:41.194316   BUTTON_SELL_IN_CONTENT_BLOCK is present? =>
2024-04-03 20:36:41.194338   => BUTTON_SELL_IN_CONTENT_BLOCK is present on the page!
2024-04-03 20:36:41.194348   BUTTON_SELL_IN_CONTENT_BLOCK scroll =>
2024-04-03 20:36:41.205797   => 'Sell' button in Content block scrolled
2024-04-03 20:36:41.206017   Start Checking that form [Sign up] popped up on the page =>
2024-04-03 20:36:42.746002   '[Sign up]' form was not popped up

2024-04-03 20:36:42.746203   2. Act_v0
2024-04-03 20:36:42.791706   => BUTTON_SELL_IN_CONTENT_BLOCK clicked!
2024-04-03 20:36:42.791748   => return trade_instrument = 93810675691588

2024-04-03 20:36:42.791964   3. Assert_v0
2024-04-03 20:36:42.792059   Start step Check that [Sign up] form is opened
2024-04-03 20:36:42.805669   'Sign up' form opened
2024-04-03 20:36:42.805704   Assert SIGNUP_HEADER =>
2024-04-03 20:36:42.815874   Assert SIGNUP_REF_LOGIN =>
2024-04-03 20:36:42.826699   Assert SIGNUP_PRIVACY_POLICY_ALL_2 =>
2024-04-03 20:36:42.838340   => SIGNUP_PRIVACY_POLICY_ALL
2024-04-03 20:36:42.838368   => 'Signup' form is checked
2024-04-03 20:36:42.838540   Start step Close [Sign up] form =>
2024-04-03 20:36:42.898210   => 'Signup' form closed
2024-04-03 20:36:43.167926   => Focus moved to 'capital*com' logo
