{'width': 1280, 'height': 800}

2024-04-03 19:19:52.526011   worker_id = master

2024-04-03 19:19:52.526025   0. Allure grouping v4

2024-04-03 19:19:52.526208   START PRECONDITIONS =>

2024-04-03 19:19:52.526223   => Current URL - https://capital.com/es/soybean-meal-spot-materia-prima

2024-04-03 19:19:52.528849   => URL after prev. preconditions - https://capital.com/es/soybean-meal-spot-materia-prima

2024-04-03 19:19:52.528863   => flag_of_bug - False

2024-04-03 19:19:52.528874   => Windows size - {'width': 1280, 'height': 800}
2024-04-03 19:19:52.530158   Set windows position at (0, 0) =>
2024-04-03 19:19:52.632105   Set resolution 1280 * 800 =>
2024-04-03 19:19:52.734054   => Windows size is set to {'width': 1280, 'height': 800}

2024-04-03 19:19:53.776301   Капчи нет. Идем дальше

2024-04-03 19:19:53.776390   Работа с куками

2024-04-03 19:19:53.776404   Prev. country - 'de'
2024-04-03 19:19:53.776414   Cur. country - 'de'
2024-04-03 19:19:53.776423   => Country set to 'de'

2024-04-03 19:19:53.776432   Prev. language - 'es'
2024-04-03 19:19:53.776440   Cur. language - 'es'
2024-04-03 19:19:53.776449   => Language is set to 'es'

2024-04-03 19:19:53.776458   Prev. role - 'NoReg'
2024-04-03 19:19:53.776466   Cur. role - 'NoReg'
2024-04-03 19:19:53.776475   => The 'NoReg' role is set

2024-04-03 19:19:53.779247   => Current URL - https://capital.com/es/soybean-meal-spot-materia-prima

2024-04-03 19:19:53.779277   => THE END PRECONDITIONS

2024-04-03 19:19:53.779532   1. Arrange_v0
2024-04-03 19:19:53.779553   current_page = https://capital.com/es/soybean-meal-spot-materia-prima
2024-04-03 19:19:53.782039   link = https://capital.com/es/soybean-meal-spot-materia-prima
2024-04-03 19:19:53.785385   BUTTON_CREATE_YOUR_ACCOUNT is located on the page? =>

2024-04-03 19:19:53.793172   2. Act_v0: Define of locator

2024-04-03 19:19:53.793193   2. Act_v0: Go to web element

2024-04-03 19:19:54.828759   2. Act_v0: Click web element
2024-04-03 19:19:54.872211   => BUTTON_CREATE_YOUR_ACCOUNT is clicked

2024-04-03 19:19:54.872553   3. Assert_v0
2024-04-03 19:19:54.872686   Start step Check that [Sign up] form is opened
2024-04-03 19:19:54.917926   'Sign up' form opened
2024-04-03 19:19:54.917977   Assert SIGNUP_HEADER =>
2024-04-03 19:19:54.938160   Assert SIGNUP_REF_LOGIN =>
2024-04-03 19:19:54.955389   Assert SIGNUP_PRIVACY_POLICY_ALL_2 =>
2024-04-03 19:19:54.965829   => SIGNUP_PRIVACY_POLICY_ALL
2024-04-03 19:19:54.965855   => 'Signup' form is checked
2024-04-03 19:19:54.966024   Start step Close [Sign up] form =>
2024-04-03 19:19:55.057527   => 'Signup' form closed
2024-04-03 19:19:55.335596   => Focus moved to 'capital*com' logo
