{'width': 1280, 'height': 720}

2024-01-05 08:41:42.309418   worker_id = master

2024-01-05 08:41:42.309434   0. Allure grouping v4


2024-01-05 08:41:42.309575   START PRECONDITIONS =>


2024-01-05 08:41:42.309589   {'width': 1280, 'height': 720}

2024-01-05 08:41:42.310813   Set windows position at (0, 0) =>

2024-01-05 08:41:42.412963   Set resolution 1280 * 720 =>

2024-01-05 08:41:42.515114   => Resolution seted {'width': 1280, 'height': 720}

2024-01-05 08:41:46.519914   Капчи нет. Тестим дальше

2024-01-05 08:41:46.519969   Prev. Role: NoAuth

2024-01-05 08:41:46.519984   Current role: NoAuth

2024-01-05 08:41:46.519997   Prev language: en

2024-01-05 08:41:46.520011   => Current language: en

2024-01-05 08:41:46.520024   Prev country: ae

2024-01-05 08:41:46.520037   => Current country: ae

2024-01-05 08:41:46.520049   => THE END PRECONDITIONS

2024-01-05 08:41:46.520125   1. Arrange_v0
2024-01-05 08:41:46.523238   BUTTON_TRY_DEMO is visible? =>
2024-01-05 08:41:46.538246   => BUTTON_TRY_DEMO is visible on the page!

2024-01-05 08:41:46.538395   2. Act_v0
2024-01-05 08:41:46.538409   BUTTON_TRY_DEMO is present? =>
2024-01-05 08:41:46.545950   => BUTTON_TRY_DEMO is present on the page!
2024-01-05 08:41:46.545972   BUTTON_TRY_DEMO scroll =>
2024-01-05 08:41:46.597347   => BUTTON_TRY_DEMO clicked!

2024-01-05 08:41:46.597565   3. Assert_Login_v0
2024-01-05 08:41:51.123958   'Login' form not opened
2024-01-05 08:41:51.127776   'Login' page not opened
2024-01-05 08:41:55.676996   'Login' form on trading platform not opened
2024-01-05 08:41:55.677224   Start step Check that [Sign up] form is opened
2024-01-05 08:41:55.690785   'Sign up' form opened
2024-01-05 08:41:55.690809   Assert SIGNUP_HEADER =>
2024-01-05 08:41:55.701760   Assert SIGNUP_REF_LOGIN =>
2024-01-05 08:41:55.713015   Assert SIGNUP_PRIVACY_POLICY_ALL_2 =>
2024-01-05 08:41:55.725045   => SIGNUP_PRIVACY_POLICY_ALL
2024-01-05 08:41:55.725085   => 'Signup' form is checked

Bug: Bid:11.03.08.01_02-en.ae.NoAuth

2024-01-05 08:41:55.725150   Проверка бага в таблице ретеста  =>

2024-01-05 08:41:56.260996   Bug: Bid:11.03.08.01_02-en.ae.NoAuth-05 уже существует
