{'width': 1280, 'height': 800}

2024-04-03 20:44:31.097324   worker_id = master

2024-04-03 20:44:31.097338   0. Allure grouping v4

2024-04-03 20:44:31.097693   START PRECONDITIONS =>

2024-04-03 20:44:31.097720   => Current URL - https://capital.com/es/opera-qtum

2024-04-03 20:44:31.103947   => URL after prev. preconditions - https://capital.com/es/opera-qtum

2024-04-03 20:44:31.103961   => flag_of_bug - False

2024-04-03 20:44:31.103972   => Windows size - {'width': 1280, 'height': 800}
2024-04-03 20:44:31.105264   Set windows position at (0, 0) =>
2024-04-03 20:44:31.221469   Set resolution 1280 * 800 =>
2024-04-03 20:44:31.323873   => Windows size is set to {'width': 1280, 'height': 800}

2024-04-03 20:44:32.372784   Капчи нет. Идем дальше

2024-04-03 20:44:32.372879   Работа с куками

2024-04-03 20:44:32.372892   Prev. country - 'de'
2024-04-03 20:44:32.372902   Cur. country - 'de'
2024-04-03 20:44:32.372911   => Country set to 'de'

2024-04-03 20:44:32.372921   Prev. language - 'es'
2024-04-03 20:44:32.372930   Cur. language - 'es'
2024-04-03 20:44:32.372938   => Language is set to 'es'

2024-04-03 20:44:32.372947   Prev. role - 'Auth'
2024-04-03 20:44:32.372956   Cur. role - 'Auth'
2024-04-03 20:44:32.372965   => The 'Auth' role is set

2024-04-03 20:44:32.375684   => Current URL - https://capital.com/es/opera-qtum

2024-04-03 20:44:32.375706   => THE END PRECONDITIONS

2024-04-03 20:44:32.375896   1. Arrange_v3
2024-04-03 20:44:32.375914   current_page = https://capital.com/es/opera-qtum
2024-04-03 20:44:32.378439   link = https://capital.com/es/opera-qtum
2024-04-03 20:44:32.380988   Is visible BUTTON_START_TRADING_IN_ARTICLE? =>
2024-04-03 20:44:32.381012   => BUTTON_START_TRADING_IN_ARTICLE =>

2024-04-03 20:44:32.388830   2. Act_v3
2024-04-03 20:44:32.388851   Start Click button BUTTON_START_TRADING_IN_ARTICLE =>
2024-04-03 20:44:32.648684   => BUTTON_START_TRADING_IN_ARTICLE is clicked

2024-04-03 20:44:32.649028   3. Assert_v4
2024-04-03 20:44:32.649223   Checking that the trading platform page has opened (v4) =>
2024-04-03 20:44:33.160342   Checking way # 1 => 

2024-04-03 20:44:33.160413   1. Checking that the Trading platform page has valid title =>
2024-04-03 20:44:33.162942   => The title of current page is 'Trading Platform | Capital.com'

2024-04-03 20:44:33.162981   2. Checking that the LOGO is present on the page =>
2024-04-03 20:44:34.829281   => 'capital*com' logo is present on the current page

2024-04-03 20:44:34.829321   tpd = False
2024-04-03 20:44:35.687057   => Driver.backed

2024-04-03 20:44:35.706890   2. Act_v3
2024-04-03 20:44:35.706928   Start Click button BUTTON_START_TRADING_IN_ARTICLE =>
2024-04-03 20:44:36.002478   => BUTTON_START_TRADING_IN_ARTICLE is clicked

2024-04-03 20:44:36.002836   3. Assert_v4
2024-04-03 20:44:36.003008   Checking that the trading platform page has opened (v4) =>
2024-04-03 20:44:36.514312   Checking way # 1 => 

2024-04-03 20:44:36.514388   1. Checking that the Trading platform page has valid title =>
2024-04-03 20:44:36.517017   => The title of current page is 'Trading Platform | Capital.com'

2024-04-03 20:44:36.517059   2. Checking that the LOGO is present on the page =>
2024-04-03 20:44:38.072424   => 'capital*com' logo is present on the current page

2024-04-03 20:44:38.072465   tpd = False
2024-04-03 20:44:38.898419   => Driver.backed
