{'width': 1280, 'height': 800}

2024-04-03 18:50:26.716320   worker_id = master

2024-04-03 18:50:26.716342   0. Allure grouping v4

2024-04-03 18:50:26.716632   START PRECONDITIONS =>

2024-04-03 18:50:26.716654   => Current URL - https://capital.com/es/nzd-usd-tipo

2024-04-03 18:50:26.719765   => URL after prev. preconditions - https://capital.com/es/nzd-usd-tipo

2024-04-03 18:50:26.719780   => flag_of_bug - False

2024-04-03 18:50:26.719792   => Windows size - {'width': 1280, 'height': 800}
2024-04-03 18:50:26.721329   Set windows position at (0, 0) =>
2024-04-03 18:50:26.844978   Set resolution 1280 * 800 =>
2024-04-03 18:50:26.947859   => Windows size is set to {'width': 1280, 'height': 800}

2024-04-03 18:50:27.951346   Капчи нет. Идем дальше

2024-04-03 18:50:27.951442   Работа с куками

2024-04-03 18:50:27.951456   Prev. country - 'de'
2024-04-03 18:50:27.951466   Cur. country - 'de'
2024-04-03 18:50:27.951475   => Country set to 'de'

2024-04-03 18:50:27.951484   Prev. language - 'es'
2024-04-03 18:50:27.951493   Cur. language - 'es'
2024-04-03 18:50:27.951502   => Language is set to 'es'

2024-04-03 18:50:27.951511   Prev. role - 'NoReg'
2024-04-03 18:50:27.951519   Cur. role - 'NoReg'
2024-04-03 18:50:27.951528   => The 'NoReg' role is set

2024-04-03 18:50:27.954422   => Current URL - https://capital.com/es/nzd-usd-tipo

2024-04-03 18:50:27.954445   => THE END PRECONDITIONS

2024-04-03 18:50:27.954693   1. Arrange_v2
2024-04-03 18:50:27.954714   current_page = https://capital.com/es/nzd-usd-tipo
2024-04-03 18:50:27.957391   link = https://capital.com/es/nzd-usd-tipo
2024-04-03 18:50:27.960363   Is LONG_POSITION_OVERNIGHT_FEE present on the page? =>
2024-04-03 18:50:27.968208   => LONG_POSITION_OVERNIGHT_FEE is present on the page
2024-04-03 18:50:27.968231   LONG_POSITION_OVERNIGHT_FEE scroll =>
2024-04-03 18:50:27.971651   => LONG_POSITION_OVERNIGHT_FEE scrolled
2024-04-03 18:50:27.971840   Start Checking that form [Sign up] popped up on the page =>
2024-04-03 18:50:29.529335   '[Sign up]' form was not popped up

2024-04-03 18:50:29.529525   2. Act_v2
2024-04-03 18:50:29.529543   LONG_POSITION_OVERNIGHT_FEE open =>
2024-04-03 18:50:30.306868   Is LONG_POSITION_OVERNIGHT_FEE open?  =>
2024-04-03 18:50:30.320648   => LONG_POSITION_OVERNIGHT_FEE opened
2024-04-03 18:50:30.320681   Move focus on to button [Go to platform] and click =>
2024-04-03 18:50:31.101023   => BUTTON_GO_TO_PLATFORM_FROM_LONG_POSITION is clickable
2024-04-03 18:50:31.587642 => BUTTON_GO_TO_PLATFORM_FROM_LONG_POSITION clicked

2024-04-03 18:50:31.587932   3. Assert_v0
2024-04-03 18:50:31.588041   Start step Check that [Sign up] form is opened
2024-04-03 18:50:34.641288   'Sign up' form not opened
2024-04-03 18:50:34.641492   Start step Check that new [Sign up] form is opened
2024-04-03 18:50:37.741986   => new 'Sign up' form not opened
2024-04-03 18:50:37.742192   Start method Check that [Sign up] page opened =>
2024-04-03 18:50:38.745715   'Sign up' page not opened
2024-04-03 18:50:38.745927   Check that [Sign up] form on trading platform opened =>
2024-04-03 18:50:38.759134   => 'Sign up' form on trading platform page opened
2024-04-03 18:50:38.759166   Assert SIGNUP_HEADER =>
2024-04-03 18:50:38.773732   => SIGNUP_HEADER is OK
2024-04-03 18:50:38.773765   Assert SIGNUP_PRIVACY_POLICY_ALL_1 =>
2024-04-03 18:50:38.786756   => SIGNUP_PRIVACY_POLICY_ALL_1 is OK
2024-04-03 18:50:38.786787   Assert SIGNUP_REF_LOGIN =>
2024-04-03 18:50:38.802073   => SIGNUP_REF_LOGIN is OK
2024-04-03 18:50:38.802116   => 'Signup' form on trading platform page is checked
2024-04-03 18:50:38.802325   Close [Sign up] form with trading platform page =>
2024-04-03 18:50:39.534389   => [Sign up] form with trading platform page is closed
