{'width': 1280, 'height': 720}

2024-01-05 08:28:52.803017   worker_id = master

2024-01-05 08:28:52.803033   0. Allure grouping v4


2024-01-05 08:28:52.803174   START PRECONDITIONS =>


2024-01-05 08:28:52.803188   {'width': 1280, 'height': 720}

2024-01-05 08:28:52.804387   Set windows position at (0, 0) =>

2024-01-05 08:28:52.906476   Set resolution 1280 * 720 =>

2024-01-05 08:28:53.008228   => Resolution seted {'width': 1280, 'height': 720}

2024-01-05 08:28:57.035772   Капчи нет. Тестим дальше

2024-01-05 08:28:57.035814   Prev. Role: NoAuth

2024-01-05 08:28:57.035823   Current role: NoAuth

2024-01-05 08:28:57.035831   Prev language: en

2024-01-05 08:28:57.035839   => Current language: en

2024-01-05 08:28:57.035847   Prev country: ae

2024-01-05 08:28:57.035854   => Current country: ae

2024-01-05 08:28:57.035862   => THE END PRECONDITIONS

2024-01-05 08:28:57.035918   1. Arrange
2024-01-05 08:28:57.496606   Load page https://capital.com/swing-trading
2024-01-05 08:28:57.496653   Is visible BUTTON_EXPLORE_WEB_PLATFORM? =>
2024-01-05 08:28:57.732474   => BUTTON_EXPLORE_WEB_PLATFORM is visible on the page!

2024-01-05 08:28:57.732646   2. Act
2024-01-05 08:28:57.750941   1 checking element(s) with current CSS locator is(are) present(s) on this page
2024-01-05 08:28:58.158787   => BUTTON_EXPLORE_WEB_PLATFORM IS CLICKED

2024-01-05 08:28:58.159043   3. Assert_v0
2024-01-05 08:28:58.159157   Start method Check that [Log in] page opened on the Trading Platform =>
https://capital.com/trading/platform/
2024-01-05 08:28:58.197816   => 'Sign up' page opened on the Trading Platform
2024-01-05 08:28:58.197856   SIGNUP_FRAME =>
2024-01-05 08:28:59.262338   => SIGNUP_FRAME is visible
2024-01-05 08:28:59.262381   => 'Login' page on the Trading Platform is not opened

Bug: Bid:11.03.05.00_06-en.ae.NoAuth

2024-01-05 08:28:59.262411   Проверка бага в таблице ретеста  =>

2024-01-05 08:28:59.916677   Добавление новой строки =>

2024-01-05 08:29:00.254117   => Новая строка добавлена

2024-01-05 08:29:01.230928   Bug: Bid:11.03.05.00_06-en.ae.NoAuth-13 добавлен в таблицу для ретеста
