{'width': 1280, 'height': 720}

2024-01-05 06:51:34.413618   worker_id = master

2024-01-05 06:51:34.413636   0. Allure grouping v4


2024-01-05 06:51:34.413871   START PRECONDITIONS =>


2024-01-05 06:51:34.413893   {'width': 1280, 'height': 720}

2024-01-05 06:51:34.427058   Set windows position at (0, 0) =>

2024-01-05 06:51:34.668202   Set resolution 1280 * 720 =>

2024-01-05 06:51:34.775364   => Resolution seted {'width': 1280, 'height': 720}

2024-01-05 06:51:38.806159   Капчи нет. Тестим дальше

2024-01-05 06:51:38.806204   Prev. Role: Auth

2024-01-05 06:51:38.806214   Current role: Auth

2024-01-05 06:51:38.806223   Prev language: en

2024-01-05 06:51:38.806232   => Current language: en

2024-01-05 06:51:38.806240   Prev country: ae

2024-01-05 06:51:38.806248   => Current country: ae

2024-01-05 06:51:38.806255   => THE END PRECONDITIONS

2024-01-05 06:51:38.806312   1. Arrange_v0
2024-01-05 06:51:38.809046   BUTTON_TRY_DEMO is visible? =>
2024-01-05 06:51:38.827569   => BUTTON_TRY_DEMO is visible on the page!

2024-01-05 06:51:38.827707   2. Act_v0
2024-01-05 06:51:38.827721   BUTTON_TRY_DEMO is present? =>
2024-01-05 06:51:38.842090   => BUTTON_TRY_DEMO is present on the page!
2024-01-05 06:51:38.842122   BUTTON_TRY_DEMO scroll =>
2024-01-05 06:51:38.963388   => BUTTON_TRY_DEMO clicked!

2024-01-05 06:51:38.963594   3. Assert_v4
2024-01-05 06:51:38.963682   Checking that the trading platform page has opened (v4) =>
2024-01-05 06:51:39.994466   => Current page title: Trading Platform | Capital.com
2024-01-05 06:51:39.994595   Checking that the Trading platform LOGO is present on the page =>
2024-01-05 06:51:40.304613   Checking that the Trading platform opened in DEMO mode =>
2024-01-05 06:51:40.496757   => The page with https://capital.com/trade-silver url was opened in DEMO mode
2024-01-05 06:51:41.295333   Load page https://capital.com/trade-silver
