{'width': 1280, 'height': 800}

2024-05-17 19:54:03.414323   worker_id = master

2024-05-17 19:54:03.414323   0. Allure grouping v4

2024-05-17 19:54:03.414323   START PRECONDITIONS =>

2024-05-17 19:54:03.414323   => URL after prev. preconditions - https://capital.com/fr
2024-05-17 19:54:03.414323   => flag_of_bug - False
2024-05-17 19:54:03.414323   => Current URL - https://capital.com/fr/trade-commodities
2024-05-17 19:54:03.422384   Current page URL = https://capital.com/fr/trade-commodities
2024-05-17 19:54:03.426557   self.link = https://capital.com/fr
2024-05-17 19:54:03.426557   driver.get(https://capital.com/fr) =>
2024-05-17 19:54:05.316208   => Loaded page https://capital.com/fr

2024-05-17 19:54:05.324602   => Windows size - {'width': 1280, 'height': 800}
2024-05-17 19:54:05.326603   Set windows position at (0, 0) =>
2024-05-17 19:54:05.329341   Set resolution 1280 * 800 =>
2024-05-17 19:54:05.332352   => Windows size is set to {'width': 1280, 'height': 800}

2024-05-17 19:54:06.360422   Капчи нет. Идем дальше

2024-05-17 19:54:06.360422   Работа с куками =>

2024-05-17 19:54:06.360422   => не требуется

2024-05-17 19:54:06.360422   Prev. country - 'au'
2024-05-17 19:54:06.360422   Cur. country - 'au'
2024-05-17 19:54:06.360422   => Country set to 'au'

2024-05-17 19:54:06.360422   Prev. language - 'fr'
2024-05-17 19:54:06.360422   Cur. language - 'fr'
2024-05-17 19:54:06.360422   => Language is set to 'fr'

2024-05-17 19:54:06.360422   Prev. role - 'NoReg'
2024-05-17 19:54:06.360422   Cur. role - 'NoReg'
2024-05-17 19:54:06.360422   => The 'NoReg' role is set

2024-05-17 19:54:06.365031   => Current URL - https://capital.com/fr

2024-05-17 19:54:06.365031   => THE END PRECONDITIONS

2024-05-17 19:54:06.365031   1. Cur URL = https://capital.com/fr

2024-05-17 19:54:06.369083   2. Link = https://capital.com/fr
2024-05-17 19:54:06.369083   current_page = https://capital.com/fr
2024-05-17 19:54:06.372212   link = https://capital.com/fr
2024-05-17 19:54:06.885194   => Education menu is present in DOM
2024-05-17 19:54:06.894243   => Education menu is visible
2024-05-17 19:54:08.188528   => Focus moved to Education menu
2024-05-17 19:54:10.324573   => Focus moved to 'capital*com' logo

2024-05-17 19:54:10.324573   3. Cur URL = https://capital.com/fr/trade-commodities

2024-05-17 19:54:10.331571   1. Arrange_v0
2024-05-17 19:54:10.331571   current_page = https://capital.com/fr/trade-commodities
2024-05-17 19:54:10.335575   link = https://capital.com/fr/trade-commodities
2024-05-17 19:54:10.348932   => BUTTON_TRY_DEMO is present on this page
2024-05-17 19:54:10.348932   BUTTON_TRY_DEMO scroll =>
2024-05-17 19:54:10.353924   BUTTON_TRY_DEMO is visible? =>
2024-05-17 19:54:10.396823   => BUTTON_TRY_DEMO is visible on this page

2024-05-17 19:54:10.396823   2. Act_v0
2024-05-17 19:54:10.402820   BUTTON_TRY_DEMO is clickable? =>
2024-05-17 19:54:10.432136   => BUTTON_TRY_DEMO clicked!

2024-05-17 19:54:10.432136   3. Assert_v0
2024-05-17 19:54:10.432136   Start step Check that [Sign up] form is opened
2024-05-17 19:54:10.629827   'Sign up' form opened
2024-05-17 19:54:10.629827   Assert SIGNUP_HEADER =>
2024-05-17 19:54:10.647382   Assert SIGNUP_REF_LOGIN =>
2024-05-17 19:54:10.664481   Assert SIGNUP_PRIVACY_POLICY_ALL_2 =>
2024-05-17 19:54:10.712696   => SIGNUP_PRIVACY_POLICY_ALL
2024-05-17 19:54:10.712696   => 'Signup' form is checked
2024-05-17 19:54:10.712696   Start step Close [Sign up] form =>
2024-05-17 19:54:10.803193   => 'Signup' form closed
2024-05-17 19:54:11.116090   => Focus moved to 'capital*com' logo
