{'width': 1280, 'height': 720}

2024-02-08 04:26:50.593773   worker_id = master

2024-02-08 04:26:50.593790   0. Allure grouping v4


2024-02-08 04:26:50.593979   START PRECONDITIONS =>


2024-02-08 04:26:50.593995   {'width': 1280, 'height': 720}

2024-02-08 04:26:50.595256   Set windows position at (0, 0) =>

2024-02-08 04:26:50.697254   Set resolution 1280 * 720 =>

2024-02-08 04:26:50.799586   => Resolution seted {'width': 1280, 'height': 720}

2024-02-08 04:26:51.826354   Капчи нет. Идем дальше

2024-02-08 04:26:51.826445   Prev. Role: NoReg

2024-02-08 04:26:51.826459   Current role: NoReg

2024-02-08 04:26:52.851426   Капчи нет. Идем дальше

2024-02-08 04:26:52.851526   Prev language: cn

2024-02-08 04:26:52.851539   => Current language: cn

2024-02-08 04:26:53.888351   Капчи нет. Идем дальше

2024-02-08 04:26:53.888439   Prev country: de
2024-02-08 04:26:53.888452   => Current country: de

2024-02-08 04:26:53.888461   => THE END PRECONDITIONS

2024-02-08 04:26:53.888494   1. Cur URL = https://capital.com/cn/trade-commodities

2024-02-08 04:26:53.891462   2. Link = https://capital.com/cn
2024-02-08 04:26:53.894119   Current page URL = https://capital.com/cn/trade-commodities
2024-02-08 04:26:54.611199   => Loaded page https://capital.com/cn
2024-02-08 04:26:55.120583   => Education menu is present
2024-02-08 04:26:55.135565   element = <selenium.webdriver.remote.webelement.WebElement (session="581d0d6e54e54d395ed11f80fe20a6ad", element="163A3B8BAB56506F961649ED86C6162D_element_1689")>
2024-02-08 04:26:55.135594   => Education menu is visible
2024-02-08 04:26:56.405187   => Focus moved to Education menu

2024-02-08 04:26:58.266823   1. Arrange_v0
2024-02-08 04:26:58.269423   BUTTON_TRY_DEMO is visible? =>
2024-02-08 04:26:58.285050   => BUTTON_TRY_DEMO is visible on the page!

2024-02-08 04:26:58.285191   2. Act_v0
2024-02-08 04:26:58.285206   BUTTON_TRY_DEMO is present? =>
2024-02-08 04:26:58.292658   => BUTTON_TRY_DEMO is present on the page!
2024-02-08 04:26:58.292681   BUTTON_TRY_DEMO scroll =>
2024-02-08 04:26:58.348067   => BUTTON_TRY_DEMO clicked!

2024-02-08 04:26:58.348285   3. Assert_v0
2024-02-08 04:26:58.348374   Start step Check that [Sign up] form is opened
2024-02-08 04:26:58.497207   'Sign up' form opened
2024-02-08 04:26:58.497247   Assert SIGNUP_HEADER =>
2024-02-08 04:26:58.512412   Assert SIGNUP_REF_LOGIN =>
2024-02-08 04:26:58.549500   Assert SIGNUP_PRIVACY_POLICY_ALL_2 =>
2024-02-08 04:26:58.565748   => SIGNUP_PRIVACY_POLICY_ALL
2024-02-08 04:26:58.565799   => 'Signup' form is checked
2024-02-08 04:26:58.566020   Start step Close [Sign up] form =>
2024-02-08 04:26:58.641519   => 'Signup' form closed
