


Current sort - Top risers
{'width': 1280, 'height': 800}

2024-05-08 19:11:45.614439   worker_id = master

2024-05-08 19:11:45.614458   0. Allure grouping v4

2024-05-08 19:11:45.614701   START PRECONDITIONS =>

2024-05-08 19:11:45.614716   => URL after prev. preconditions - https://capital.com/de
2024-05-08 19:11:45.614727   => flag_of_bug - False
2024-05-08 19:11:45.614738   => Current URL - https://capital.com/de/aktienkurse-realtime
2024-05-08 19:11:45.626651   Current page URL = https://capital.com/de/aktienkurse-realtime
2024-05-08 19:11:45.629306   self.link = https://capital.com/de
2024-05-08 19:11:45.629322   driver.get(https://capital.com/de) =>
2024-05-08 19:11:51.326105   => Loaded page https://capital.com/de

2024-05-08 19:11:51.329487   => Windows size - {'width': 1280, 'height': 800}
2024-05-08 19:11:51.330833   Set windows position at (0, 0) =>
2024-05-08 19:11:51.332450   Set resolution 1280 * 800 =>
2024-05-08 19:11:51.334095   => Windows size is set to {'width': 1280, 'height': 800}

2024-05-08 19:11:52.383402   Капчи нет. Идем дальше

2024-05-08 19:11:52.383495   Работа с куками =>

2024-05-08 19:11:52.383509   => не требуется

2024-05-08 19:11:52.383519   Prev. country - 'ae'
2024-05-08 19:11:52.383528   Cur. country - 'ae'
2024-05-08 19:11:52.383537   => Country set to 'ae'

2024-05-08 19:11:52.383546   Prev. language - 'de'
2024-05-08 19:11:52.383555   Cur. language - 'de'
2024-05-08 19:11:52.383564   => Language is set to 'de'

2024-05-08 19:11:52.383572   Prev. role - 'NoReg'
2024-05-08 19:11:52.383581   Cur. role - 'NoReg'
2024-05-08 19:11:52.383590   => The 'NoReg' role is set

2024-05-08 19:11:52.389128   => Current URL - https://capital.com/de

2024-05-08 19:11:52.389158   => THE END PRECONDITIONS

2024-05-08 19:11:52.389408   START Open "Markets" menu, "Shares" submenu =>
2024-05-08 19:11:52.389426   1. Cur URL = https://capital.com/de
2024-05-08 19:11:52.392053   2. Link = https://capital.com/de
2024-05-08 19:11:52.392069   current_page = https://capital.com/de
2024-05-08 19:11:52.394630   link = https://capital.com/de
2024-05-08 19:11:52.906154   => 'Markets' menu is present
2024-05-08 19:11:52.922382   => 'Markets' menu is visible
2024-05-08 19:11:54.204170   => Focus moved to 'Markets' menu
2024-05-08 19:11:55.655099   => Focus moved to 'Shares' submenu and clicked
2024-05-08 19:11:55.969231   => Focus moved to 'capital*com' logo
2024-05-08 19:11:55.969273   3. Cur URL = https://capital.com/de/aktienkurse-realtime

2024-05-08 19:11:55.974688   1. Arrange for Trading instrument table and "Top risers" cur_sort
2024-05-08 19:11:55.974711   current_page = https://capital.com/de/aktienkurse-realtime
2024-05-08 19:11:55.977076   link = https://capital.com/de/aktienkurse-realtime
2024-05-08 19:11:55.979541   IS TABLE_TRADING_INSTRUMENTS  present on the  page? =>
2024-05-08 19:11:55.985420   => TABLE_TRADING_INSTRUMENTS is present on the page!
2024-05-08 19:11:55.985443   IS FIELD_DROPDOWN_SORT present in the table? =>
2024-05-08 19:11:55.989932   =>  FIELD_DROPDOWN_SORT is present in the table!
2024-05-08 19:11:55.989954   Start scroll and click FIELD_DROPDOWN_SORT =>
2024-05-08 19:11:56.091981   Is item_sort_list visible on the FIELD_DROPDOWN_SORT ? =>
2024-05-08 19:11:56.154493   => item_sort_list is visible on the FIELD_DROPDOWN_SORT!
2024-05-08 19:11:56.154538   Is cur_sort "Top risers" present in item_sort_list? =>
2024-05-08 19:11:56.162574   => cur_sort "Top risers" is present in item_sort_list!
2024-05-08 19:11:56.162598   Start click cur_sort "Top risers" =>
2024-05-08 19:11:56.847072   => End Click cur_sort "Top risers"

2024-05-08 19:11:56.847120   Buttons [Buy] is visible and quantity buttons not zero? =>
2024-05-08 19:11:56.898432   => Buttons [Buy] is visible and quantity buttons not zero!

2024-05-08 19:11:56.898475   Start find two random buttons [Buy] on cur_sort "Top risers"=>
2024-05-08 19:11:56.907678   => End find 1 random buttons [Buy] on the cur_sort "Top risers"


2024-05-08 19:11:56.907721   Item_list = [17]
2024-05-08 19:11:56.907887   Start Checking that form [Sign up] popped up on the page =>
2024-05-08 19:11:58.464875   '[Sign up]' form was not popped up
2024-05-08 19:11:58.465080   2. Act for trading instrument and "Top risers" cur_sort
2024-05-08 19:11:58.476582   Start click button [Buy] =>
2024-05-08 19:11:58.486404   =>   BUTTON_BUY on item with ID = 215607358346436
2024-05-08 19:11:58.486430   BUTTON_BUY on item with ID = '215607358346436' scroll into view =>
2024-05-08 19:11:58.492413   => BUTTON_SELL on item with ID = '215607358346436' scrolled into view
2024-05-08 19:11:58.492449   Check that BUTTON_BUY with item LPX clickable =>
2024-05-08 19:11:58.619421   => BUTTON_BUY is clickable
2024-05-08 19:11:59.403406   =>   BUTTON_BUY with item LPX clicked

2024-05-08 19:11:59.403639   3. Assert_v0
2024-05-08 19:11:59.403729   Start step Check that [Sign up] form is opened
2024-05-08 19:11:59.653823   'Sign up' form opened
2024-05-08 19:11:59.653867   Assert SIGNUP_HEADER =>
2024-05-08 19:11:59.664667   Assert SIGNUP_REF_LOGIN =>
2024-05-08 19:11:59.676105   Assert SIGNUP_PRIVACY_POLICY_ALL_2 =>
2024-05-08 19:11:59.687322   => SIGNUP_PRIVACY_POLICY_ALL
2024-05-08 19:11:59.687358   => 'Signup' form is checked
2024-05-08 19:11:59.687526   Start step Close [Sign up] form =>
2024-05-08 19:11:59.744373   => 'Signup' form closed
2024-05-08 19:12:00.021023   => Focus moved to 'capital*com' logo
