{'width': 1920, 'height': 1080}

2024-12-20 23:35:08.659645   worker_id = master

2024-12-20 23:35:08.659655   0. Allure grouping for US_55


2024-12-20 23:35:08.659835   START PRECONDITIONS =>

2024-12-20 23:35:08.659846   => URL after prev. preconditions - https://capital.com/en-gb
2024-12-20 23:35:08.659853   => flag_of_bug - True
2024-12-20 23:35:08.659860   => Current URL - https://capital.com/en-ae/analysis-daniela-hathorn
2024-12-20 23:35:08.666266   Current page URL = https://capital.com/en-ae/analysis-daniela-hathorn
2024-12-20 23:35:08.669182   self.link = https://capital.com/en-gb
2024-12-20 23:35:08.669192   driver.get(https://capital.com/en-gb) =>
2024-12-20 23:35:11.204077   => Loaded page https://capital.com/en-gb

2024-12-20 23:35:11.208597   => Windows size: {'width': 1920, 'height': 1080}

2024-12-20 23:35:11.209970   Set windows position at (0, 0) =>

2024-12-20 23:35:11.211617   Set resolution 1920 * 1080 =>

2024-12-20 23:35:11.213321   => Resolution set {'width': 1920, 'height': 1080}

2024-12-20 23:35:11.214661   Работа с куками =>
2024-12-20 23:35:11.214671   Prev. role - 'NoReg'
2024-12-20 23:35:11.214677   Current testing role - 'Auth'

2024-12-20 23:35:11.214683   All cookies must be delete =>
2024-12-20 23:35:11.277972   => All cookies are deleted
2024-12-20 23:35:11.278003   Current page URL = https://capital.com/en-gb
2024-12-20 23:35:11.280680   self.link = https://capital.com/en-gb
2024-12-20 23:35:11.280690   driver.get(https://capital.com/en-gb) =>
2024-12-20 23:35:14.961024   => Loaded page https://capital.com/en-gb

2024-12-20 23:35:14.964743   Step 'Click button [Accept all cookies]'
2024-12-20 23:35:14.964757   Is Visible Button [Accept all cookies]? =>
2024-12-20 23:35:15.336425   => Button [Accept all cookies] is visible
2024-12-20 23:35:15.836550   Is clickable Button [Accept all cookies] =>
2024-12-20 23:35:15.858323   => Button [Accept all cookies] is clickable
2024-12-20 23:35:15.858359   Click Button [Accept all cookies] =>
2024-12-20 23:35:16.152985   => Button [Accept all cookies] is clicked
2024-12-20 23:35:16.153033   => Accepted All Cookies

2024-12-20 23:35:16.653142   Prev. role - 'NoReg'
2024-12-20 23:35:16.653204   Cur. role - 'Auth'

2024-12-20 23:35:16.653454   Start Authorization
2024-12-20 23:35:16.801723   => 'Login' form is opened
2024-12-20 23:35:17.059019   => "login" and "password" are inputted
2024-12-20 23:35:17.059063   Click [Continue] button on [Login] form =>
2024-12-20 23:35:17.156296   => [Continue] button on [Login] form is clicked
2024-12-20 23:35:17.156337   Set timeout = 30
2024-12-20 23:35:18.841762   => Page with 'Trading Platform | Capital.com' title opened

2024-12-20 23:35:18.841826   2. Checking that the LOGO is present on the page =>
2024-12-20 23:35:20.483492   => 'capital*com' logo is present on the current page

2024-12-20 23:35:20.935565   => The 'Auth' role is set

2024-12-20 23:35:20.935614   Prev. language: pl
2024-12-20 23:35:20.935626   Cur. language - 'en'

2024-12-20 23:35:20.935635   Prev. country: ua
2024-12-20 23:35:20.935646   Cur. country: ae

2024-12-20 23:35:20.935839   Set "en" language and "ae" country =>
2024-12-20 23:35:20.935863   Current page URL = https://capital.com/en-gb
2024-12-20 23:35:21.003250   self.link = https://capital.com/en-ae
2024-12-20 23:35:21.003270   driver.get(https://capital.com/en-ae) =>
2024-12-20 23:35:23.352934   => Loaded page https://capital.com/en-ae
2024-12-20 23:35:23.357496   => Language is set to 'en'
2024-12-20 23:35:23.357508   => Country is set to 'ae'
2024-12-20 23:35:23.357515   => Current URL - https://capital.com/en-ae

2024-12-20 23:35:23.362816   => Current URL - https://capital.com/en-ae

2024-12-20 23:35:23.362836   => END PRECONDITIONS

2024-12-20 23:35:23.363015   START Open "Markets" menu, "Market analysis" submenu =>

2024-12-20 23:35:23.363027   1. Cur URL = https://capital.com/en-ae

2024-12-20 23:35:23.375201   2. Link = https://capital.com/en-ae
2024-12-20 23:35:23.375224   current_page = https://capital.com/en-ae
2024-12-20 23:35:23.382725   link = https://capital.com/en-ae
2024-12-20 23:35:23.895673   => 'Markets' menu is present
2024-12-20 23:35:23.915296   => 'Markets' menu is visible
2024-12-20 23:35:25.597775   => Focus moved to 'Markets' menu
2024-12-20 23:35:25.618863   => 'Market analysis' submenu is visible
2024-12-20 23:35:26.404598   => 'Market analysis' sub-menu clicked
2024-12-20 23:35:31.702133   => Focus moved to 'capital*com' logo
2024-12-20 23:35:31.702174   3. Cur URL = https://capital.com/en-ae/analysis

2024-12-20 23:35:31.718499   1. Start Arrange: find articles, choose and click article, find link
2024-12-20 23:35:31.718528   current_page = https://capital.com/en-ae/analysis
2024-12-20 23:35:31.721190   link = https://capital.com/en-ae/analysis
2024-12-20 23:35:31.732818   The page 'Market analysis' have articles in DOM

2024-12-20 23:35:31.732838   Start to check presenting pagination on the page

2024-12-20 23:35:31.740238   The page 'Market analysis' have pagination in DOM

2024-12-20 23:35:31.740257   Start to check presenting target article on the page

2024-12-20 23:35:36.747755   => The current page don't have target article. Try find on the other page.
2024-12-20 23:35:36.747799   Start to click on the next page link
2024-12-20 23:35:36.812277   End to click on the next page link
2024-12-20 23:35:36.812325   Start to check presenting pagination on the page

2024-12-20 23:35:36.820429   The page 'Market analysis' have pagination in DOM

2024-12-20 23:35:36.820462   Start to check presenting target article on the page

2024-12-20 23:35:41.824334   => The current page don't have target article. Try find on the other page.
2024-12-20 23:35:41.824378   Start to click on the next page link
2024-12-20 23:35:41.879163   End to click on the next page link
2024-12-20 23:35:41.879195   Start to check presenting pagination on the page

2024-12-20 23:35:41.894824   The page 'Market analysis' have pagination in DOM

2024-12-20 23:35:41.894869   Start to check presenting target article on the page

2024-12-20 23:35:46.949893   => The current page don't have target article. Try find on the other page.
2024-12-20 23:35:46.949935   Start to click on the next page link
2024-12-20 23:35:47.003100   End to click on the next page link
2024-12-20 23:35:47.003145   Start to check presenting pagination on the page

2024-12-20 23:35:47.009923   The page 'Market analysis' have pagination in DOM

2024-12-20 23:35:47.009953   Start to check presenting target article on the page

2024-12-20 23:35:52.057156   => The current page don't have target article. Try find on the other page.
2024-12-20 23:35:52.057199   Start to click on the next page link
2024-12-20 23:35:52.109254   End to click on the next page link
2024-12-20 23:35:52.109289   Start to check presenting pagination on the page

2024-12-20 23:35:52.114867   The page 'Market analysis' have pagination in DOM

2024-12-20 23:35:52.114891   Start to check presenting target article on the page

2024-12-20 23:35:57.142707   => The current page don't have target article. Try find on the other page.
2024-12-20 23:35:57.142751   Start to click on the next page link
2024-12-20 23:35:57.195525   End to click on the next page link
2024-12-20 23:35:57.195560   Start to check presenting pagination on the page

2024-12-20 23:35:57.203058   The page 'Market analysis' have pagination in DOM

2024-12-20 23:35:57.203098   Start to check presenting target article on the page

2024-12-20 23:36:02.219512   => The current page don't have target article. Try find on the other page.
2024-12-20 23:36:02.219554   Start to click on the next page link
2024-12-20 23:36:02.271065   End to click on the next page link
2024-12-20 23:36:02.271110   Start to check presenting pagination on the page

2024-12-20 23:36:02.278334   The page 'Market analysis' have pagination in DOM

2024-12-20 23:36:02.278365   Start to check presenting target article on the page

2024-12-20 23:36:07.294764   => The current page don't have target article. Try find on the other page.
2024-12-20 23:36:07.294810   Start to click on the next page link
2024-12-20 23:36:07.345234   End to click on the next page link
2024-12-20 23:36:07.345274   Start to check visibility target article'

2024-12-20 23:36:07.562760   Target article is visible 

2024-12-20 23:36:07.562797   Start to check clickability target article

2024-12-20 23:36:07.580741   Target article clickable

2024-12-20 23:36:07.594123   Start to click on target article
2024-12-20 23:36:07.662874   End to click on target article
Link article: https://capital.com/en-ae/analysis/ecb-preview-higher-cpi-expected-to-keep-lagarde-on-a-hawkish-path
2024-12-20 23:36:08.174040   Current page is: https://capital.com/en-ae/analysis/ecb-preview-higher-cpi-expected-to-keep-lagarde-on-a-hawkish-path
2024-12-20 23:36:08.185357   The page 'ECB Preview...' have link "Daniela Hathorn" in DOM

2024-12-20 23:36:08.199113   Start to check visibility link "Daniela Hathorn"'

2024-12-20 23:36:08.208572   Link "Daniela Hathorn" visible 

2024-12-20 23:36:08.208600   Start to check clickability link "Daniela Hathorn"

2024-12-20 23:36:08.230431   Link "Daniela Hathorn" clickable


2024-12-20 23:36:08.230640   2. Start Act. Click on the link "Daniela Hathorn"

2024-12-20 23:36:08.342296   Link "Daniela Hathorn" is clicked

2024-12-20 23:36:08.342554   3. Start Assert. Check message '404 not found' on the opened page
2024-12-20 23:36:08.342573   IS message '404 not found' on the opened page?
2024-12-20 23:36:08.581618   Opened page have message '404 not found' in the DOM
2024-12-20 23:36:08.594254   IS message '404 not found' on the opened page?
2024-12-20 23:36:08.605471   => Message '404 not found' is visible on the opened page
