{'width': 1280, 'height': 800}

2024-05-08 21:47:21.816420   worker_id = master

2024-05-08 21:47:21.816434   0. Allure grouping v4

2024-05-08 21:47:21.816615   START PRECONDITIONS =>

2024-05-08 21:47:21.816630   => URL after prev. preconditions - https://capital.com/de
2024-05-08 21:47:21.816640   => flag_of_bug - False
2024-05-08 21:47:21.816650   => Current URL - https://capital.com/de/margin-trading
2024-05-08 21:47:21.821940   Current page URL = https://capital.com/de/margin-trading
2024-05-08 21:47:21.824371   self.link = https://capital.com/de
2024-05-08 21:47:21.824384   driver.get(https://capital.com/de) =>
2024-05-08 21:47:23.723767   => Loaded page https://capital.com/de

2024-05-08 21:47:23.732159   => Windows size - {'width': 1280, 'height': 800}
2024-05-08 21:47:23.733752   Set windows position at (0, 0) =>
2024-05-08 21:47:23.735481   Set resolution 1280 * 800 =>
2024-05-08 21:47:23.737134   => Windows size is set to {'width': 1280, 'height': 800}

2024-05-08 21:47:24.777042   Капчи нет. Идем дальше

2024-05-08 21:47:24.777129   Работа с куками =>

2024-05-08 21:47:24.777143   => не требуется

2024-05-08 21:47:24.777152   Prev. country - 'ae'
2024-05-08 21:47:24.777161   Cur. country - 'ae'
2024-05-08 21:47:24.777170   => Country set to 'ae'

2024-05-08 21:47:24.777179   Prev. language - 'de'
2024-05-08 21:47:24.777187   Cur. language - 'de'
2024-05-08 21:47:24.777196   => Language is set to 'de'

2024-05-08 21:47:24.777205   Prev. role - 'NoReg'
2024-05-08 21:47:24.777244   Cur. role - 'NoReg'
2024-05-08 21:47:24.777255   => The 'NoReg' role is set

2024-05-08 21:47:24.780232   => Current URL - https://capital.com/de

2024-05-08 21:47:24.780254   => THE END PRECONDITIONS

2024-05-08 21:47:24.780304   1. Arrange_v0
2024-05-08 21:47:24.780317   current_page = https://capital.com/de
2024-05-08 21:47:24.782860   link = https://capital.com/de/margin-trading
2024-05-08 21:47:24.785400   Current page URL = https://capital.com/de
2024-05-08 21:47:24.787969   self.link = https://capital.com/de/margin-trading
2024-05-08 21:47:24.787982   driver.get(https://capital.com/de/margin-trading) =>
2024-05-08 21:47:27.290074   => Loaded page https://capital.com/de/margin-trading
2024-05-08 21:47:27.294949   BUTTON_CREATE_YOUR_ACCOUNT is located on the page? =>

2024-05-08 21:47:27.303749   2. Act_v0: Define of locator

2024-05-08 21:47:27.303778   2. Act_v0: Go to web element

2024-05-08 21:47:28.341373   2. Act_v0: Click web element
2024-05-08 21:47:28.368501   => BUTTON_CREATE_YOUR_ACCOUNT is clicked

2024-05-08 21:47:28.368723   3. Assert_v0
2024-05-08 21:47:28.368810   Start step Check that [Sign up] form is opened
2024-05-08 21:47:28.605932   'Sign up' form opened
2024-05-08 21:47:28.605974   Assert SIGNUP_HEADER =>
2024-05-08 21:47:28.617336   Assert SIGNUP_REF_LOGIN =>
2024-05-08 21:47:28.628152   Assert SIGNUP_PRIVACY_POLICY_ALL_2 =>
2024-05-08 21:47:28.640173   => SIGNUP_PRIVACY_POLICY_ALL
2024-05-08 21:47:28.640214   => 'Signup' form is checked
2024-05-08 21:47:28.640385   Start step Close [Sign up] form =>
2024-05-08 21:47:28.706817   => 'Signup' form closed
2024-05-08 21:47:28.996356   => Focus moved to 'capital*com' logo
