{'width': 1280, 'height': 800}

2024-05-08 21:22:41.996924   worker_id = master

2024-05-08 21:22:41.996939   0. Allure grouping v4

2024-05-08 21:22:41.997137   START PRECONDITIONS =>

2024-05-08 21:22:41.997153   => URL after prev. preconditions - https://capital.com/de
2024-05-08 21:22:41.997162   => flag_of_bug - False
2024-05-08 21:22:41.997172   => Current URL - https://capital.com/de/indizeshandel
2024-05-08 21:22:42.002602   Current page URL = https://capital.com/de/indizeshandel
2024-05-08 21:22:42.005181   self.link = https://capital.com/de
2024-05-08 21:22:42.005195   driver.get(https://capital.com/de) =>
2024-05-08 21:22:43.839447   => Loaded page https://capital.com/de

2024-05-08 21:22:43.844734   => Windows size - {'width': 1280, 'height': 800}
2024-05-08 21:22:43.846268   Set windows position at (0, 0) =>
2024-05-08 21:22:43.847996   Set resolution 1280 * 800 =>
2024-05-08 21:22:43.849680   => Windows size is set to {'width': 1280, 'height': 800}

2024-05-08 21:22:44.890075   Капчи нет. Идем дальше

2024-05-08 21:22:44.890167   Работа с куками =>

2024-05-08 21:22:44.890181   => не требуется

2024-05-08 21:22:44.890190   Prev. country - 'ae'
2024-05-08 21:22:44.890200   Cur. country - 'ae'
2024-05-08 21:22:44.890208   => Country set to 'ae'

2024-05-08 21:22:44.890217   Prev. language - 'de'
2024-05-08 21:22:44.890226   Cur. language - 'de'
2024-05-08 21:22:44.890235   => Language is set to 'de'

2024-05-08 21:22:44.890243   Prev. role - 'NoReg'
2024-05-08 21:22:44.890252   Cur. role - 'NoReg'
2024-05-08 21:22:44.890260   => The 'NoReg' role is set

2024-05-08 21:22:44.893191   => Current URL - https://capital.com/de

2024-05-08 21:22:44.893239   => THE END PRECONDITIONS

2024-05-08 21:22:44.893422   1. Cur URL = https://capital.com/de

2024-05-08 21:22:44.895991   2. Link = https://capital.com/de
2024-05-08 21:22:44.896006   current_page = https://capital.com/de
2024-05-08 21:22:44.898512   link = https://capital.com/de
2024-05-08 21:22:45.409542   => Education menu is present in DOM
2024-05-08 21:22:45.414595   => Education menu is visible
2024-05-08 21:22:46.689772   => Focus moved to Education menu
2024-05-08 21:22:48.740585   => Focus moved to 'capital*com' logo

2024-05-08 21:22:48.740632   3. Cur URL = https://capital.com/de/indizeshandel

2024-05-08 21:22:48.746440   1. Arrange
2024-05-08 21:22:48.746470   current_page = https://capital.com/de/indizeshandel
2024-05-08 21:22:48.749172   link = https://capital.com/de/indizeshandel
2024-05-08 21:22:48.751734   BUTTON_ON_VER_BANNER is present? =>
2024-05-08 21:22:48.760728   => BUTTON_ON_VER_BANNER is present on the page!
2024-05-08 21:22:48.760761   BUTTON_ON_VER_BANNER scroll =>
2024-05-08 21:22:48.764454   BUTTON_ON_VER_BANNER is visible? =>
2024-05-08 21:22:48.798919   => BUTTON_ON_VER_BANNER is visible on the page!
2024-05-08 21:22:48.799183   Start Checking that form [Sign up] popped up on the page =>
2024-05-08 21:22:50.329153   '[Sign up]' form was not popped up

2024-05-08 21:22:50.329381   2. Act

2024-05-08 21:22:50.347829   => Button on Vertical banner clickable

2024-05-08 21:22:50.357008   data_id = 166
2024-05-08 21:22:51.247870   => BUTTON_ON_VER_BANNER clicked!

2024-05-08 21:22:51.248159   3. Assert_v0
2024-05-08 21:22:51.248287   Start step Check that [Sign up] form is opened
2024-05-08 21:22:58.558970   'Sign up' form not opened
2024-05-08 21:22:58.559183   Start step Check that new [Sign up] form is opened
2024-05-08 21:23:01.656483   => new 'Sign up' form not opened
2024-05-08 21:23:01.656685   Start method Check that [Sign up] page opened =>
2024-05-08 21:23:02.660734   'Sign up' page opened
2024-05-08 21:23:02.660777   Assert SIGNUP_SIGNUP_FRAME =>
2024-05-08 21:23:02.669385   Assert SIGNUP_REF_LOGIN =>
2024-05-08 21:23:02.696295   Assert SIGNUP_PRIVACY_POLICY_ALL_1 =>
2024-05-08 21:23:04.265110   Assert SIGNUP_PRIVACY_POLICY_ALL_2 =>
2024-05-08 21:23:04.280401   => SIGNUP_PRIVACY_POLICY_ALL
2024-05-08 21:23:04.280437   => 'Signup' page is checked
2024-05-08 21:23:05.280834   Start method 'Close [Sign up] page' =>
2024-05-08 21:23:06.789715   => [Sign up] page is closed
