{'width': 1280, 'height': 800}

2024-05-08 19:50:16.922087   worker_id = master

2024-05-08 19:50:16.922101   0. Allure grouping v4

2024-05-08 19:50:16.922281   START PRECONDITIONS =>

2024-05-08 19:50:16.922296   => URL after prev. preconditions - https://capital.com/de
2024-05-08 19:50:16.922305   => flag_of_bug - False
2024-05-08 19:50:16.922317   => Current URL - https://capital.com/de/australian-dollar-us-dollar-kurs
2024-05-08 19:50:16.929763   Current page URL = https://capital.com/de/australian-dollar-us-dollar-kurs
2024-05-08 19:50:16.932212   self.link = https://capital.com/de
2024-05-08 19:50:16.932225   driver.get(https://capital.com/de) =>
2024-05-08 19:50:18.677610   => Loaded page https://capital.com/de

2024-05-08 19:50:18.680892   => Windows size - {'width': 1280, 'height': 800}
2024-05-08 19:50:18.682251   Set windows position at (0, 0) =>
2024-05-08 19:50:18.683906   Set resolution 1280 * 800 =>
2024-05-08 19:50:18.685609   => Windows size is set to {'width': 1280, 'height': 800}

2024-05-08 19:50:19.721190   Капчи нет. Идем дальше

2024-05-08 19:50:19.721308   Работа с куками =>

2024-05-08 19:50:19.721323   => не требуется

2024-05-08 19:50:19.721332   Prev. country - 'ae'
2024-05-08 19:50:19.721342   Cur. country - 'ae'
2024-05-08 19:50:19.721351   => Country set to 'ae'

2024-05-08 19:50:19.721359   Prev. language - 'de'
2024-05-08 19:50:19.721368   Cur. language - 'de'
2024-05-08 19:50:19.721377   => Language is set to 'de'

2024-05-08 19:50:19.721385   Prev. role - 'NoReg'
2024-05-08 19:50:19.721394   Cur. role - 'NoReg'
2024-05-08 19:50:19.721402   => The 'NoReg' role is set

2024-05-08 19:50:19.724101   => Current URL - https://capital.com/de

2024-05-08 19:50:19.724121   => THE END PRECONDITIONS

2024-05-08 19:50:19.724163   1. Arrange_v0
2024-05-08 19:50:19.724178   current_page = https://capital.com/de
2024-05-08 19:50:19.726726   link = https://capital.com/de/australian-dollar-us-dollar-kurs
2024-05-08 19:50:19.729061   Current page URL = https://capital.com/de
2024-05-08 19:50:19.731436   self.link = https://capital.com/de/australian-dollar-us-dollar-kurs
2024-05-08 19:50:19.731449   driver.get(https://capital.com/de/australian-dollar-us-dollar-kurs) =>
2024-05-08 19:50:21.416849   => Loaded page https://capital.com/de/australian-dollar-us-dollar-kurs
2024-05-08 19:50:21.421187   BUTTON_SELL is located on the page? =>
2024-05-08 19:50:21.431710   => BUTTON_SELL is located on the page!
2024-05-08 19:50:21.431893   Start Checking that form [Sign up] popped up on the page =>
2024-05-08 19:50:22.979693   '[Sign up]' form was not popped up

2024-05-08 19:50:22.979893   2. Act_v0
2024-05-08 19:50:22.985482   BUTTON_SELL is present? =>
2024-05-08 19:50:22.985507   => BUTTON_SELL is present on the page
2024-05-08 19:50:22.985516   BUTTON_SELL scroll =>
2024-05-08 19:50:22.988785   => BUTTON_SELL scrolled
2024-05-08 19:50:22.996972   BUTTON_SELL is clickable? =>
2024-05-08 19:50:23.025341   BUTTON_SELL CLICK =>
2024-05-08 19:50:23.064050   => BUTTON_SELL clicked!

2024-05-08 19:50:23.064294   3. Assert_v0
2024-05-08 19:50:23.064382   Start step Check that [Sign up] form is opened
2024-05-08 19:50:23.319115   'Sign up' form opened
2024-05-08 19:50:23.319176   Assert SIGNUP_HEADER =>
2024-05-08 19:50:23.332286   Assert SIGNUP_REF_LOGIN =>
2024-05-08 19:50:23.344511   Assert SIGNUP_PRIVACY_POLICY_ALL_2 =>
2024-05-08 19:50:23.355467   => SIGNUP_PRIVACY_POLICY_ALL
2024-05-08 19:50:23.355504   => 'Signup' form is checked
2024-05-08 19:50:23.355677   Start step Close [Sign up] form =>
2024-05-08 19:50:23.428115   => 'Signup' form closed
2024-05-08 19:50:23.695635   => Focus moved to 'capital*com' logo
