{'width': 1280, 'height': 800}

2024-04-02 04:34:53.737936   worker_id = master

2024-04-02 04:34:53.737950   0. Allure grouping v4

2024-04-02 04:34:53.738034   START PRECONDITIONS =>

2024-04-02 04:34:53.738046   => flag_of_bug - True
2024-04-02 04:34:53.738057   Current page URL = https://capital.com/trading/platform/
2024-04-02 04:34:53.740883   self.link = https://capital.com/
2024-04-02 04:34:53.740897   link = https://capital.com/
2024-04-02 04:34:55.600361   => Loaded page https://capital.com/

2024-04-02 04:34:55.606545   => Windows size - {'width': 1280, 'height': 800}
2024-04-02 04:34:55.607978   Set windows position at (0, 0) =>
2024-04-02 04:34:55.710101   Set resolution 1280 * 800 =>
2024-04-02 04:34:55.812142   => Windows size is set to {'width': 1280, 'height': 800}

2024-04-02 04:34:56.860292   Капчи нет. Идем дальше

2024-04-02 04:34:56.860376   Работа с куками

2024-04-02 04:34:56.860390   Prev. country - 'de'
2024-04-02 04:34:56.860399   Cur. country - 'de'
2024-04-02 04:34:56.860408   => Country set to 'de'

2024-04-02 04:34:56.860417   Prev. language - 'ro'
2024-04-02 04:34:56.860426   Cur. language - 'ro'
2024-04-02 04:34:56.860434   => Language is set to 'ro'

2024-04-02 04:34:56.860443   Prev. role - 'Auth'
2024-04-02 04:34:56.860452   Cur. role - 'Auth'
2024-04-02 04:34:56.860461   => The 'Auth' role is set

2024-04-02 04:34:56.863211   => THE END PRECONDITIONS

2024-04-02 04:34:56.863382   1. Arrange_v0
2024-04-02 04:34:56.863399   current_page = https://capital.com/
2024-04-02 04:34:56.865895   link = https://capital.com/ro/aud-nzd-rata
2024-04-02 04:34:56.868358   Current page URL = https://capital.com/
2024-04-02 04:34:56.872573   self.link = https://capital.com/ro/aud-nzd-rata
2024-04-02 04:34:56.872587   link = https://capital.com/ro/aud-nzd-rata
2024-04-02 04:34:58.628067   => Loaded page https://capital.com/ro/aud-nzd-rata
2024-04-02 04:34:58.641872   Is button BUTTON_VIEW_DETAILED_CHART present on the page? =>
2024-04-02 04:34:58.641900   => BUTTON_VIEW_DETAILED_CHART is present on the page
2024-04-02 04:34:58.641909   BUTTON_VIEW_DETAILED_CHART scroll =>
2024-04-02 04:34:58.645374   => BUTTON_VIEW_DETAILED_CHART scrolled
2024-04-02 04:34:58.645545   Start Checking that form [Sign up] popped up on the page =>
2024-04-02 04:35:00.172721   '[Sign up]' form was not popped up

2024-04-02 04:35:00.172896   2. Act_v0
2024-04-02 04:35:00.172911   Start Click button [View Detailed Chart] =>
2024-04-02 04:35:00.187688   BUTTON_VIEW_DETAILED_CHART is clickable =>
2024-04-02 04:35:00.421920 => BUTTON_VIEW_DETAILED_CHART clicked

2024-04-02 04:35:00.422244   3. Assert_v4
2024-04-02 04:35:00.422476   Checking that the trading platform page has opened (v4) =>
2024-04-02 04:35:00.429283   Checking way # 1 => 

2024-04-02 04:35:00.429326   1. Checking that the Trading platform page has valid title =>
2024-04-02 04:35:00.431923   => The title of current page is 'Trading Platform | Capital.com'

2024-04-02 04:35:00.431962   2. Checking that the LOGO is present on the page =>
2024-04-02 04:35:01.976778   => 'capital*com' logo is present on the current page

2024-04-02 04:35:01.976814   tpd = False
2024-04-02 04:35:02.020550   => Driver.backed
2024-04-02 04:35:02.058017   => Driver.backed
2024-04-02 04:35:02.893922   => Driver.backed
