{'width': 1280, 'height': 720}

2024-01-04 06:44:43.097196   worker_id = master

2024-01-04 06:44:43.097212   0. Allure grouping v4


2024-01-04 06:44:43.097368   START PRECONDITIONS =>


2024-01-04 06:44:43.097382   {'width': 1280, 'height': 720}

2024-01-04 06:44:43.098736   Set windows position at (0, 0) =>

2024-01-04 06:44:43.200725   Set resolution 1280 * 720 =>

2024-01-04 06:44:43.304704   => Resolution seted {'width': 1280, 'height': 720}

2024-01-04 06:44:47.350113   Капчи нет. Тестим дальше

2024-01-04 06:44:47.350179   Prev. Role: NoAuth

2024-01-04 06:44:47.350190   Current role: NoAuth

2024-01-04 06:44:47.350199   Prev language: it

2024-01-04 06:44:47.350207   => Current language: it

2024-01-04 06:44:47.350215   Prev country: au

2024-01-04 06:44:47.350223   => Current country: au

2024-01-04 06:44:47.350231   => THE END PRECONDITIONS

2024-01-04 06:44:47.350299   1. Arrange_v4
2024-01-04 06:44:47.353662   MOST_TRADED is visible? =>
2024-01-04 06:44:47.362484   => MOST_TRADED is visible on the page!
2024-01-04 06:44:47.362507   => Found 5 elements in block MOST_TRADED

2024-01-04 06:44:47.362533   Testing Most traded random element #1

2024-01-04 06:44:47.362673   2. Act_v4
2024-01-04 06:44:47.362687   MOST_TRADED delete js-mostTraded class =>
2024-01-04 06:44:47.386498   MOST_TRADED scroll =>
2024-01-04 06:44:47.386627   Start Checking that form [Sign up] popped up on the page =>
2024-01-04 06:44:47.398454   'Sign up' form opened
2024-01-04 06:44:47.398571   Start step Close [Sign up] form =>
2024-01-04 06:44:47.455134   => 'Signup' form closed
2024-01-04 06:44:47.462809   MOST_TRADED click for 'Marathon Digital Holdings, Inc' trading instrument =>
2024-01-04 06:44:47.531789   => MOST_TRADED clicked!

2024-01-04 06:44:47.532037   3. Assert_Login_v0
2024-01-04 06:44:47.548257   'Login' form opened
2024-01-04 06:44:47.548284   Assert LOGIN_REF_SIGNUP =>
2024-01-04 06:44:47.564904   Assert LOGIN_CHECKBOX =>
2024-01-04 06:44:47.580680   Assert LOGIN_PASS_FORGOT =>
2024-01-04 06:44:47.601325   => 'Login' form is checked
2024-01-04 06:44:47.622181   Click 'Close' button on 'Login' form =>
2024-01-04 06:44:47.685612   => 'Login' form closed

2024-01-04 06:44:47.685742   Clear Top Chart list =>
2024-01-04 06:44:49.199317   Load page https://capital.com/trading/platform/charting/

2024-01-04 06:44:57.281162   1. Arrange_v4
2024-01-04 06:44:57.814003   Load page https://capital.com/it/trade-amazon
2024-01-04 06:44:57.814053   MOST_TRADED is visible? =>
2024-01-04 06:44:57.842200   => MOST_TRADED is visible on the page!
2024-01-04 06:44:57.842244   => Found 5 elements in block MOST_TRADED

2024-01-04 06:44:57.842260   Testing Most traded random element #2

2024-01-04 06:44:57.842463   2. Act_v4
2024-01-04 06:44:57.842488   MOST_TRADED delete js-mostTraded class =>
2024-01-04 06:44:58.201176   MOST_TRADED scroll =>
2024-01-04 06:44:58.201353   Start Checking that form [Sign up] popped up on the page =>
2024-01-04 06:45:02.762344   '[Sign up]' form was not popped up
2024-01-04 06:45:02.767153   MOST_TRADED click for 'Coinbase Global Inc' trading instrument =>
2024-01-04 06:45:02.870649   => MOST_TRADED clicked!

2024-01-04 06:45:02.870870   3. Assert_Login_v0
2024-01-04 06:45:03.113786   'Login' form opened
2024-01-04 06:45:03.113826   Assert LOGIN_REF_SIGNUP =>
2024-01-04 06:45:03.127007   Assert LOGIN_CHECKBOX =>
2024-01-04 06:45:03.138887   Assert LOGIN_PASS_FORGOT =>
2024-01-04 06:45:03.155001   => 'Login' form is checked
2024-01-04 06:45:03.175184   Click 'Close' button on 'Login' form =>
2024-01-04 06:45:03.237299   => 'Login' form closed
