


Current language - ru
{'width': 1280, 'height': 800}

2024-07-20 03:26:33.218592   worker_id = master

2024-07-20 03:26:33.218614   0. Allure grouping for US_55

2024-07-20 03:26:33.925959   START PRECONDITIONS =>

2024-07-20 03:26:33.926006   => URL after prev. preconditions - https://capital.com/ru
2024-07-20 03:26:33.926022   => flag_of_bug - True
2024-07-20 03:26:33.926041   => Current URL - https://capital.com/ru

2024-07-20 03:26:33.933405   => Windows size: {'width': 1280, 'height': 800}
2024-07-20 03:26:33.934665   Set windows position at (0, 0) =>
2024-07-20 03:26:33.939524   Set resolution 1280 * 800 =>
2024-07-20 03:26:33.941736   => Windows size is set to {'width': 1280, 'height': 800}

2024-07-20 03:26:34.948179   Капчи нет. Идем дальше

2024-07-20 03:26:34.948268   Работа с куками =>

2024-07-20 03:26:34.948282   => не требуется

2024-07-20 03:26:35.969751   Капчи нет. Идем дальше

2024-07-20 03:26:35.969832   Prev. country - 'de'
2024-07-20 03:26:35.969846   Cur. country - 'au'
2024-07-20 03:26:35.969855   Set 'au' country =>
2024-07-20 03:26:35.977211   => Language and Country menu is present
2024-07-20 03:26:35.986398   => Language and Country menu is visible
2024-07-20 03:26:37.256942   => Focus is moved on Language and Country menu 
2024-07-20 03:26:40.496659   => Cur url = https://capital.com/ru?country=au
2024-07-20 03:26:40.508092   => Country set to 'au'

2024-07-20 03:26:41.516139   Капчи нет. Идем дальше

2024-07-20 03:26:41.516224   Prev. language - 'ru'
2024-07-20 03:26:41.516237   Cur. language - 'ru'
2024-07-20 03:26:41.516247   => Language is set to 'ru'

2024-07-20 03:26:42.536631   Капчи нет. Идем дальше

2024-07-20 03:26:42.536714   Prev. role - 'NoReg'
2024-07-20 03:26:42.536728   Cur. role - 'NoReg'
2024-07-20 03:26:42.536737   => The 'NoReg' role is set

2024-07-20 03:26:42.539364   => Current URL - https://capital.com/ru?country=au

2024-07-20 03:26:42.539386   => THE END PRECONDITIONS

2024-07-20 03:26:42.539641   1. Arrange
2024-07-20 03:26:42.539657   IS [Sign up] button present on this page? =>
2024-07-20 03:26:42.543950   => [Sign up] button present on this page!

2024-07-20 03:26:42.551188   IS [Sign up] button visible on this page? =>
2024-07-20 03:26:42.560169   => [Sign up] button is visible on this page!


2024-07-20 03:26:42.560312   2. Act_v0
2024-07-20 03:26:42.560327   IS [Sign up] clickable on the page? =>
2024-07-20 03:26:42.573410   => [Sign up] is clickable on the page!


2024-07-20 03:26:42.573433   Start Click button [Sign up] =>
2024-07-20 03:26:42.609142   => End Click button [Sign up] 
2024-07-20 03:26:42.609343   Start step Check that [Sign up] form is opened
2024-07-20 03:26:42.949956   'Sign up' form opened
2024-07-20 03:26:42.949989   Assert SIGNUP_HEADER =>
2024-07-20 03:26:42.959822   Assert SIGNUP_REF_LOGIN =>
2024-07-20 03:26:42.969620   Assert SIGNUP_PRIVACY_POLICY_ALL_2 =>
2024-07-20 03:26:42.978970   => SIGNUP_PRIVACY_POLICY_ALL
2024-07-20 03:26:42.978996   => 'Signup' form is checked
2024-07-20 03:26:42.979047   => 'Sign up' form is opened

2024-07-20 03:26:42.979208   3. Assert
2024-07-20 03:26:42.979226   Is 'Please enter a valid Email' message displayed on this page after putting invalid email? =>
2024-07-20 03:26:42.979235   => Start fill out 'Email address' field.
2024-07-20 03:26:43.046137   => 'Email address' is inputted

2024-07-20 03:26:43.156167   => Switch to 'Password' field

get_attribute:  
