{'width': 1280, 'height': 720}

2023-12-18 13:37:12.270044   worker_id = master

2023-12-18 13:37:12.270072   0. Allure grouping


2023-12-18 13:37:12.270363   START PRECONDITIONS =>


2023-12-18 13:37:12.270385   {'width': 1280, 'height': 720}

2023-12-18 13:37:12.275734   Set windows position at (320, 180) =>

2023-12-18 13:37:12.387392   Set resolution 1280 * 720 =>

2023-12-18 13:37:12.489664   => Resolution seted {'width': 1280, 'height': 720}

2023-12-18 13:37:16.502812   Капчи нет. Тестим дальше

2023-12-18 13:37:16.502855   Prev. Role: NoReg

2023-12-18 13:37:16.502866   Current role: NoReg

2023-12-18 13:37:16.502874   Prev language: ro

2023-12-18 13:37:16.502882   => Current language: ro

2023-12-18 13:37:16.502890   Prev country: ae

2023-12-18 13:37:16.502898   => Current country: ae

2023-12-18 13:37:16.502905   => THE END PRECONDITIONS

2023-12-18 13:37:16.503078   START Open "Education" menu, "CFD trading guide" submenu =>

2023-12-18 13:37:16.503093   1. Cur URL = https://capital.com/ro/what-is-cfd-trading

2023-12-18 13:37:16.505888   2. Link = https://capital.com/ro
2023-12-18 13:37:17.132647   Load page https://capital.com/ro
2023-12-18 13:37:17.290917   => Education menu is present
2023-12-18 13:37:17.367666   => Education menu is visible
2023-12-18 13:37:19.144763   => Education menu focus moved

2023-12-18 13:37:21.036976   3. Cur URL = https://capital.com/ro/what-is-cfd-trading
2023-12-18 13:37:21.150551
2023-12-18 13:37:21.150590   CFD Trading guide include 4 child items for random select
2023-12-18 13:37:21.197068   k = 1 - https://capital.com/ro/cum-inseamna-cfd
2023-12-18 13:37:21.200447   k = 1 - https://capital.com/ro/cum-inseamna-cfd
2023-12-18 13:37:21.203266   k = 2 - https://capital.com/ro/piata-CFD
2023-12-18 13:37:21.206209   k = 1 - https://capital.com/ro/cum-inseamna-cfd
2023-12-18 13:37:21.211591   k = 2 - https://capital.com/ro/piata-CFD
2023-12-18 13:37:21.214308   k = 2 - https://capital.com/ro/piata-CFD
2023-12-18 13:37:21.217246   k = 1 - https://capital.com/ro/cum-inseamna-cfd
2023-12-18 13:37:21.230986   k = 1 - https://capital.com/ro/cum-inseamna-cfd
2023-12-18 13:37:21.251908   k = 2 - https://capital.com/ro/piata-CFD
2023-12-18 13:37:21.255623   k = 3 - https://capital.com/ro/CFD-trading-explicat
2023-12-18 13:37:21.255706   The file of hrefs contains the following URLs:
2023-12-18 13:37:21.255721   https://capital.com/ro/cum-inseamna-cfd
2023-12-18 13:37:21.255730   https://capital.com/ro/piata-CFD
2023-12-18 13:37:21.255739   https://capital.com/ro/CFD-trading-explicat
2023-12-18 13:37:21.255768   Test data include 3 item(s)
2023-12-18 13:37:21.255779   The test coverage = 75.0 %
