Current test role - NoReg

{'width': 1280, 'height': 800}

2024-03-26 07:56:52.446809   worker_id = master

2024-03-26 07:56:52.446824   0. Allure grouping v4


2024-03-26 07:56:52.447016   START PRECONDITIONS =>


2024-03-26 07:56:52.447031   => flag_of_bug - False

2024-03-26 07:56:52.447044   => Windows size - {'width': 1280, 'height': 800}
2024-03-26 07:56:52.448321   Set windows position at (0, 0) =>
2024-03-26 07:56:52.550533   Set resolution 1280 * 800 =>
2024-03-26 07:56:52.652690   => Windows size is set to {'width': 1280, 'height': 800}

2024-03-26 07:56:53.682530   Капчи нет. Идем дальше

2024-03-26 07:56:53.682614   Работа с куками
2024-03-26 07:56:53.682628   => Prev. role - 'NoAuth'
2024-03-26 07:56:53.682638   => Current testing role - 'NoReg'
2024-03-26 07:56:53.682647   All cookies must be delete =>

2024-03-26 07:56:53.752288   => All cookies are deleted
2024-03-26 07:56:53.752324   Current page URL = https://capital.com/fr/dictionnaire-financier
2024-03-26 07:56:53.754877   self.link = https://capital.com
2024-03-26 07:56:53.754890   link = https://capital.com
2024-03-26 07:56:55.397426   => Loaded page https://capital.com/

2024-03-26 07:56:55.401198   Step 'Click button [Accept all cookies]'
2024-03-26 07:56:55.401215   Is Visible Button [Accept all cookies]? =>
2024-03-26 07:56:55.421013   => Button [Accept all cookies] is visible
2024-03-26 07:56:55.921138   Is clickable Button [Accept all cookies] =>
2024-03-26 07:56:55.939037   => Button [Accept all cookies] is clickable
2024-03-26 07:56:55.939069   Click Button [Accept all cookies] =>
2024-03-26 07:56:56.079447   => Button [Accept all cookies] is clicked
2024-03-26 07:56:56.079504   => Accepted All Cookies

2024-03-26 07:56:56.579686   => Prev. country - '?'
2024-03-26 07:56:56.579734   Set 'au' country =>
2024-03-26 07:56:56.594940   => Language and Country menu is present
2024-03-26 07:56:56.611807   => Language and Country menu is visible
2024-03-26 07:56:57.889064   => Focus is moved on Language and Country menu 
2024-03-26 07:57:00.779859   => Cur url = https://capital.com/?country=au
2024-03-26 07:57:00.792258   => Country set to 'au'

2024-03-26 07:57:00.792284   => Prev. language - '?'
2024-03-26 07:57:00.792295   Set 'fr' language =>
2024-03-26 07:57:00.800570   => Language and Country menu is present
2024-03-26 07:57:00.813197   => Language and Country menu is visible
2024-03-26 07:57:02.087773   => Focus is moved on Language and Country menu 
2024-03-26 07:57:02.096303   Move focus on fr item and click =>
2024-03-26 07:57:03.659589   => Focus moved on fr item and clicked
2024-03-26 07:57:03.659637   => Cur url = https://capital.com/fr
2024-03-26 07:57:03.666966   => Language is set to 'fr'

2024-03-26 07:57:03.666997   => Prev. role - 'NoAuth'
2024-03-26 07:57:03.667016   => The 'NoReg' role is set

2024-03-26 07:57:03.689977   => THE END PRECONDITIONS
2024-03-26 07:57:04.199077   => Education menu is present in DOM
2024-03-26 07:57:04.209778   element = <selenium.webdriver.remote.webelement.WebElement (session="bbc6eb0386c646f3a7561367778c59ff", element="f.402885ABDAF2E1B209945ED927161DDB.d.F96B8C6AA23444A46D0E1971E687CF77.e.1024")>
2024-03-26 07:57:04.209811   => Education menu is visible
2024-03-26 07:57:05.486650   => Focus moved to Education menu


2024-03-26 07:57:06.908119   => Glossary sub-menu clicked

2024-03-26 07:57:06.912655   1. Arrange_v0
2024-03-26 07:57:06.912689   current_page = https://capital.com/fr/dictionnaire-financier
2024-03-26 07:57:06.916188   link = https://capital.com/fr/dictionnaire-financier
2024-03-26 07:57:06.934527   BUTTON_CREATE_YOUR_ACCOUNT is located on the page? =>

2024-03-26 07:57:06.940188   2. Act_v0: Define of locator

2024-03-26 07:57:06.940213   2. Act_v0: Go to web element

2024-03-26 07:57:07.990475   2. Act_v0: Click web element
2024-03-26 07:57:08.017337   => BUTTON_CREATE_YOUR_ACCOUNT is clicked

2024-03-26 07:57:08.017554   3. Assert_v0
2024-03-26 07:57:08.017682   Start step Check that [Sign up] form is opened
2024-03-26 07:57:08.182883   'Sign up' form opened
2024-03-26 07:57:08.182933   Assert SIGNUP_HEADER =>
2024-03-26 07:57:08.201981   Assert SIGNUP_REF_LOGIN =>
2024-03-26 07:57:08.215904   Assert SIGNUP_PRIVACY_POLICY_ALL_2 =>
2024-03-26 07:57:08.230370   => SIGNUP_PRIVACY_POLICY_ALL
2024-03-26 07:57:08.230412   => 'Signup' form is checked
2024-03-26 07:57:08.230592   Start step Close [Sign up] form =>
2024-03-26 07:57:08.313711   => 'Signup' form closed
