


Current sorting - Most traded
{'width': 1280, 'height': 800}

2024-03-26 07:30:33.421620   worker_id = master

2024-03-26 07:30:33.421638   0. Allure grouping v4


2024-03-26 07:30:33.421836   START PRECONDITIONS =>


2024-03-26 07:30:33.421852   => flag_of_bug - False

2024-03-26 07:30:33.421864   => Windows size - {'width': 1280, 'height': 800}
2024-03-26 07:30:33.423164   Set windows position at (0, 0) =>
2024-03-26 07:30:33.525473   Set resolution 1280 * 800 =>
2024-03-26 07:30:33.627906   => Windows size is set to {'width': 1280, 'height': 800}

2024-03-26 07:30:34.662990   Капчи нет. Идем дальше

2024-03-26 07:30:34.663078   Работа с куками

2024-03-26 07:30:34.663092   => Prev. country - 'au'
2024-03-26 07:30:34.663103   => Country set to 'au'

2024-03-26 07:30:34.663112   => Prev. language - 'fr'
2024-03-26 07:30:34.663121   => Language is set to 'fr'

2024-03-26 07:30:34.663130   => Prev. role - 'NoReg'
2024-03-26 07:30:34.663138   => The 'NoReg' role is set

2024-03-26 07:30:34.666642   => THE END PRECONDITIONS

2024-03-26 07:30:34.666851   START Open "Markets" menu, "Indices" submenu =>

2024-03-26 07:30:34.666867   1. Cur URL = https://capital.com/fr/indices-principaux

2024-03-26 07:30:34.669339   2. Link = https://capital.com/fr/indices-principaux
2024-03-26 07:30:34.669356   current_page = https://capital.com/fr/indices-principaux
2024-03-26 07:30:34.671761   link = https://capital.com/fr/indices-principaux
2024-03-26 07:30:35.180354   => 'Markets' menu is present
2024-03-26 07:30:35.196171   element = <selenium.webdriver.remote.webelement.WebElement (session="bb0a063e6b918f946df798083a8c177f", element="f.9E70D75AF9784D0D56B3B768687D07D0.d.9F2B5063CA84EDE5487CF888BDC70DAA.e.5267")>
2024-03-26 07:30:35.196212   => 'Markets' menu is visible
2024-03-26 07:30:36.465964   => Focus moved to 'Markets' menu


2024-03-26 07:30:37.874793   => 'Indices' submenu clicked

2024-03-26 07:30:37.878727   3. Cur URL = https://capital.com/fr/indices-principaux

2024-03-26 07:30:37.901115   1. Arrange for TABLE_TRADING_INSTRUMENTS and 'Most traded' cur_sort
2024-03-26 07:30:37.901141   current_page = https://capital.com/fr/indices-principaux
2024-03-26 07:30:37.903582   link = https://capital.com/fr/indices-principaux
2024-03-26 07:30:37.906178   TABLE_TRADING_INSTRUMENTS present on this page? =>
2024-03-26 07:30:37.914708   => TABLE_TRADING_INSTRUMENTS is present on the page!
2024-03-26 07:30:37.921161   IS FIELD_DROPDOWN_SORT present in the Live prices table? =>
2024-03-26 07:30:37.928522   =>  FIELD_DROPDOWN_SORT is present in the Live prices table!
2024-03-26 07:30:37.928543   Start scroll and click FIELD_DROPDOWN_SORT =>
2024-03-26 07:30:38.020043   Is item_sort_list visible on the FIELD_DROPDOWN_SORT ? =>
2024-03-26 07:30:38.070908   => item_sort_list is visible on the FIELD_DROPDOWN_SORT!
2024-03-26 07:30:38.070946   Is cur_sort "Most traded" present in item_sort_list? =>
2024-03-26 07:30:38.078393   => cur_sort "Most traded" is present in item_sort_list!
2024-03-26 07:30:38.078420   Start click cur_sort "Most traded" =>
2024-03-26 07:30:38.723771   => End Click cur_sort "Most traded"

2024-03-26 07:30:38.723817   Buttons [Sell] is visible and sum buttons no zero? =>
2024-03-26 07:30:38.757661   => Buttons [Sell] is visible and sum buttons no zero!

2024-03-26 07:30:38.757701   Start find two random buttons [Sell] on cur_sort "Most traded"=>
2024-03-26 07:30:38.764479   => End find two random buttons [Sell] on the cur_sort "Most traded"


2024-03-26 07:30:38.764510   item_list = [13]
2024-03-26 07:30:38.764701   Start Checking that form [Sign up] popped up on the page =>
2024-03-26 07:30:40.305830   '[Sign up]' form was not popped up
2024-03-26 07:30:40.306029   2. Act for trading instrument and "Most traded" cur_sort
2024-03-26 07:30:40.306045   Start click button [Sell] =>
