{'width': 1280, 'height': 800}

2024-03-26 08:31:33.908595   worker_id = master

2024-03-26 08:31:33.908612   0. Allure grouping v4


2024-03-26 08:31:33.908819   START PRECONDITIONS =>


2024-03-26 08:31:33.908835   => flag_of_bug - False

2024-03-26 08:31:33.908846   => Windows size - {'width': 1280, 'height': 800}
2024-03-26 08:31:33.910228   Set windows position at (0, 0) =>
2024-03-26 08:31:34.012466   Set resolution 1280 * 800 =>
2024-03-26 08:31:34.115077   => Windows size is set to {'width': 1280, 'height': 800}

2024-03-26 08:31:35.147991   Капчи нет. Идем дальше

2024-03-26 08:31:35.148080   Работа с куками

2024-03-26 08:31:35.148094   => Prev. country - 'au'
2024-03-26 08:31:35.148104   => Country set to 'au'

2024-03-26 08:31:35.148113   => Prev. language - 'fr'
2024-03-26 08:31:35.148122   => Language is set to 'fr'

2024-03-26 08:31:35.148131   => Prev. role - 'NoReg'
2024-03-26 08:31:35.148139   => The 'NoReg' role is set

2024-03-26 08:31:35.151067   => THE END PRECONDITIONS

2024-03-26 08:31:35.151126   1. Cur URL = https://capital.com/fr/trade-cryptocurrency

2024-03-26 08:31:35.153820   2. Link = https://capital.com/fr/trade-cryptocurrency
2024-03-26 08:31:35.153837   current_page = https://capital.com/fr/trade-cryptocurrency
2024-03-26 08:31:35.156421   link = https://capital.com/fr/trade-cryptocurrency
2024-03-26 08:31:35.665877   => Education menu is present in DOM
2024-03-26 08:31:35.673420   element = <selenium.webdriver.remote.webelement.WebElement (session="e92e4da8a56f3ae8f2490b224284bda2", element="f.6A828B7E9932C4E2222BEC7E7DD9690B.d.940E74F24E1F1E7C22FC54E1606FB0D4.e.4604")>
2024-03-26 08:31:35.673454   => Education menu is visible
2024-03-26 08:31:36.952701   => Focus moved to Education menu

2024-03-26 08:31:39.153032   1. Arrange_v3
2024-03-26 08:31:39.153076   current_page = https://capital.com/fr/trade-cryptocurrency
2024-03-26 08:31:39.155920   link = https://capital.com/fr/trade-cryptocurrency
2024-03-26 08:31:39.158503   Is visible BUTTON_START_TRADING_IN_ARTICLE? =>
2024-03-26 08:31:39.158524   => BUTTON_START_TRADING_IN_ARTICLE =>

2024-03-26 08:31:39.166886   2. Act_v3
2024-03-26 08:31:39.166907   Start Click button BUTTON_START_TRADING_IN_ARTICLE =>
2024-03-26 08:31:39.231932   => BUTTON_START_TRADING_IN_ARTICLE is clicked

2024-03-26 08:31:39.232147   3. Assert_v0
2024-03-26 08:31:39.232237   Start step Check that [Sign up] form is opened
2024-03-26 08:31:39.415337   'Sign up' form opened
2024-03-26 08:31:39.415380   Assert SIGNUP_HEADER =>
2024-03-26 08:31:39.432702   Assert SIGNUP_REF_LOGIN =>
2024-03-26 08:31:39.448144   Assert SIGNUP_PRIVACY_POLICY_ALL_2 =>
2024-03-26 08:31:39.462675   => SIGNUP_PRIVACY_POLICY_ALL
2024-03-26 08:31:39.462717   => 'Signup' form is checked
2024-03-26 08:31:39.462887   Start step Close [Sign up] form =>
2024-03-26 08:31:39.572235   => 'Signup' form closed
