{'width': 1280, 'height': 800}

2024-05-22 23:24:20.790709   worker_id = master

2024-05-22 23:24:20.790709   0. Allure grouping v4

2024-05-22 23:24:20.790709   START PRECONDITIONS =>

2024-05-22 23:24:20.790709   => URL after prev. preconditions - https://capital.com/cn
2024-05-22 23:24:20.790709   => flag_of_bug - False
2024-05-22 23:24:20.790709   => Current URL - https://capital.com/cn/new-zealand-dollar-us-dollar-rate
2024-05-22 23:24:20.798460   Current page URL = https://capital.com/cn/new-zealand-dollar-us-dollar-rate
2024-05-22 23:24:20.801457   self.link = https://capital.com/cn
2024-05-22 23:24:20.801457   driver.get(https://capital.com/cn) =>
2024-05-22 23:24:22.560298   => Loaded page https://capital.com/cn

2024-05-22 23:24:22.567618   => Windows size: {'width': 1280, 'height': 800}
2024-05-22 23:24:22.569622   Set windows position at (0, 0) =>
2024-05-22 23:24:22.572171   Set resolution 1280 * 800 =>
2024-05-22 23:24:22.575172   => Windows size is set to {'width': 1280, 'height': 800}

2024-05-22 23:24:23.592394   Капчи нет. Идем дальше

2024-05-22 23:24:23.592394   Работа с куками =>

2024-05-22 23:24:23.592394   => не требуется

2024-05-22 23:24:23.592394   Prev. country - 'de'
2024-05-22 23:24:23.592394   Cur. country - 'de'
2024-05-22 23:24:23.592394   => Country set to 'de'

2024-05-22 23:24:23.592394   Prev. language - 'cn'
2024-05-22 23:24:23.592394   Cur. language - 'cn'
2024-05-22 23:24:23.592394   => Language is set to 'cn'

2024-05-22 23:24:23.592394   Prev. role - 'NoAuth'
2024-05-22 23:24:23.592394   Cur. role - 'NoAuth'
2024-05-22 23:24:23.592394   => The 'NoAuth' role is set

2024-05-22 23:24:23.592394   => Current URL - https://capital.com/cn

2024-05-22 23:24:23.592394   => THE END PRECONDITIONS

2024-05-22 23:24:23.592394   1. Arrange_v0
2024-05-22 23:24:23.592394   current_page = https://capital.com/cn
2024-05-22 23:24:23.592394   link = https://capital.com/cn/new-zealand-dollar-us-dollar-rate
2024-05-22 23:24:23.592394   Current page URL = https://capital.com/cn
2024-05-22 23:24:23.607999   self.link = https://capital.com/cn/new-zealand-dollar-us-dollar-rate
2024-05-22 23:24:23.607999   driver.get(https://capital.com/cn/new-zealand-dollar-us-dollar-rate) =>
2024-05-22 23:24:25.333303   => Loaded page https://capital.com/cn/new-zealand-dollar-us-dollar-rate
2024-05-22 23:24:25.338331   BUTTON_SELL is located on the page? =>
2024-05-22 23:24:25.350253   => BUTTON_SELL is located on the page!
2024-05-22 23:24:25.350253   Start Checking that form [Sign up] popped up on the page =>
2024-05-22 23:24:26.907112   '[Sign up]' form was not popped up

2024-05-22 23:24:26.908120   2. Act_v0
2024-05-22 23:24:26.913111   BUTTON_SELL is present? =>
2024-05-22 23:24:26.913111   => BUTTON_SELL is present on the page
2024-05-22 23:24:26.913111   BUTTON_SELL scroll =>
2024-05-22 23:24:26.920108   => BUTTON_SELL scrolled
2024-05-22 23:24:26.926106   BUTTON_SELL is clickable? =>
2024-05-22 23:24:26.968428   BUTTON_SELL CLICK =>
2024-05-22 23:24:27.011608   => BUTTON_SELL clicked!

2024-05-22 23:24:27.011608   3. Assert_Login_v0
2024-05-22 23:24:27.011608   Check that 'Login' form is opened
2024-05-22 23:24:27.197233   'Login' form opened
2024-05-22 23:24:27.197233   Assert LOGIN_REF_SIGNUP =>
2024-05-22 23:24:27.211871   Assert LOGIN_CHECKBOX =>
2024-05-22 23:24:27.226564   Assert LOGIN_PASS_FORGOT =>
2024-05-22 23:24:27.270615   => 'Login' form is checked
2024-05-22 23:24:27.305711   Click 'Close' button on 'Login' form =>
2024-05-22 23:24:27.651814   => Focus moved to 'capital*com' logo
2024-05-22 23:24:27.651814   => 'Login' form closed
