{'width': 1280, 'height': 800}

2024-05-22 23:27:20.529760   worker_id = master

2024-05-22 23:27:20.529760   0. Allure grouping v4

2024-05-22 23:27:20.529760   START PRECONDITIONS =>

2024-05-22 23:27:20.529760   => URL after prev. preconditions - https://capital.com/cn
2024-05-22 23:27:20.529760   => flag_of_bug - False
2024-05-22 23:27:20.529760   => Current URL - https://capital.com/cn/live-commodity-prices
2024-05-22 23:27:20.538613   Current page URL = https://capital.com/cn/live-commodity-prices
2024-05-22 23:27:20.541604   self.link = https://capital.com/cn
2024-05-22 23:27:20.541604   driver.get(https://capital.com/cn) =>
2024-05-22 23:27:22.507100   => Loaded page https://capital.com/cn

2024-05-22 23:27:22.514417   => Windows size: {'width': 1280, 'height': 800}
2024-05-22 23:27:22.516060   Set windows position at (0, 0) =>
2024-05-22 23:27:22.518691   Set resolution 1280 * 800 =>
2024-05-22 23:27:22.520691   => Windows size is set to {'width': 1280, 'height': 800}

2024-05-22 23:27:23.539512   Капчи нет. Идем дальше

2024-05-22 23:27:23.539512   Работа с куками =>

2024-05-22 23:27:23.539512   => не требуется

2024-05-22 23:27:23.539512   Prev. country - 'de'
2024-05-22 23:27:23.539512   Cur. country - 'de'
2024-05-22 23:27:23.539512   => Country set to 'de'

2024-05-22 23:27:23.539512   Prev. language - 'cn'
2024-05-22 23:27:23.539512   Cur. language - 'cn'
2024-05-22 23:27:23.539512   => Language is set to 'cn'

2024-05-22 23:27:23.539512   Prev. role - 'NoReg'
2024-05-22 23:27:23.539512   Cur. role - 'NoReg'
2024-05-22 23:27:23.539512   => The 'NoReg' role is set

2024-05-22 23:27:23.544511   => Current URL - https://capital.com/cn

2024-05-22 23:27:23.544511   => THE END PRECONDITIONS

2024-05-22 23:27:23.544511   START Open "Markets" menu, "Commodities" submenu =>

2024-05-22 23:27:23.544511   1. Cur URL = https://capital.com/cn

2024-05-22 23:27:23.548514   2. Link = https://capital.com/cn
2024-05-22 23:27:23.548514   current_page = https://capital.com/cn
2024-05-22 23:27:23.551512   link = https://capital.com/cn
2024-05-22 23:27:24.064116   => 'Markets' menu is present
2024-05-22 23:27:24.081961   => 'Markets' menu is visible
2024-05-22 23:27:25.364212   => Focus moved to 'Markets' menu
2024-05-22 23:27:25.370213   => 'Markets > Commodities' submenu is present
2024-05-22 23:27:27.696419   => Focus moved to 'capital*com' logo

2024-05-22 23:27:27.696419   3. Cur URL = https://capital.com/cn/live-commodity-prices

2024-05-22 23:27:27.703424   1. Arrange_v0
2024-05-22 23:27:27.703424   current_page = https://capital.com/cn/live-commodity-prices
2024-05-22 23:27:27.706423   link = https://capital.com/cn/live-commodity-prices
2024-05-22 23:27:27.710420   BUTTON_CREATE_YOUR_ACCOUNT is located on the page? =>

2024-05-22 23:27:27.719421   2. Act_v0: Define of locator

2024-05-22 23:27:27.719421   2. Act_v0: Go to web element

2024-05-22 23:27:28.750664   2. Act_v0: Click web element
2024-05-22 23:27:28.799751   => BUTTON_CREATE_YOUR_ACCOUNT is clicked

2024-05-22 23:27:28.799751   3. Assert_Signup_v0
2024-05-22 23:27:28.799751   Start step Check that [Sign up] form is opened
2024-05-22 23:27:28.963674   'Sign up' form opened
2024-05-22 23:27:28.963674   Assert SIGNUP_HEADER =>
2024-05-22 23:27:28.978144   Assert SIGNUP_REF_LOGIN =>
2024-05-22 23:27:28.990927   Assert SIGNUP_PRIVACY_POLICY_ALL_2 =>
2024-05-22 23:27:29.006743   => SIGNUP_PRIVACY_POLICY_ALL
2024-05-22 23:27:29.006743   => 'Signup' form is checked
2024-05-22 23:27:29.006743   Start step Close [Sign up] form =>
2024-05-22 23:27:29.103742   => 'Signup' form closed
2024-05-22 23:27:29.390754   => Focus moved to 'capital*com' logo
