
2023-12-11 11:31:42.019762   Работает obj <US_11-02-02-01_Shares_trading_test.TestSharesTradingItems object at 0x7f74c3e9ff50> с именем TC_11.02.02.01_08
{'width': 1280, 'height': 720}

2023-12-11 11:31:42.021268   worker_id = master

2023-12-11 11:31:42.021281   0. Allure grouping


2023-12-11 11:31:42.021424   START PRECONDITIONS =>


2023-12-11 11:31:42.021438   {'width': 1280, 'height': 720}

2023-12-11 11:31:42.022681   Set windows position at (320, 180) =>

2023-12-11 11:31:42.125090   Set resolution 1280 * 720 =>

2023-12-11 11:31:42.230265   => Resolution seted {'width': 1280, 'height': 720}

2023-12-11 11:31:46.246807   Капчи нет. Тестим дальше

2023-12-11 11:31:46.246852   Prev. Role: Reg/NoAuth

2023-12-11 11:31:46.246862   Current role: Reg/NoAuth

2023-12-11 11:31:46.246871   Prev language: de

2023-12-11 11:31:46.246879   => Current language: de

2023-12-11 11:31:46.246886   Prev country: de

2023-12-11 11:31:46.246894   => Current country: de

2023-12-11 11:31:46.246901   => THE END PRECONDITIONS

2023-12-11 11:31:46.246958   1. Arrange_v0
2023-12-11 11:31:46.250090   BUTTON_CREATE_YOUR_ACCOUNT is located on the page? =>

2023-12-11 11:31:46.258073   2. Act_v0
2023-12-11 11:31:46.439540   => BUTTON_CREATE_YOUR_ACCOUNT is clicked

2023-12-11 11:31:46.439815   3. Assert_v0
2023-12-11 11:31:46.439928   Start step Check that [Sign up] form is opened
2023-12-11 11:31:46.476301   'Sign up' form opened
2023-12-11 11:31:46.476341   Assert SIGNUP_HEADER =>
2023-12-11 11:31:46.489480   Assert SIGNUP_REF_LOGIN =>
2023-12-11 11:31:46.502387   Assert SIGNUP_PRIVACY_POLICY_ALL_2 =>
2023-12-11 11:31:46.514950   => SIGNUP_PRIVACY_POLICY_ALL
2023-12-11 11:31:46.514990   => 'Signup' form is checked
2023-12-11 11:31:46.515204   Start step Close [Sign up] form =>
2023-12-11 11:31:46.616471   => 'Signup' form closed
