
2023-12-11 11:29:43.789403   Работает obj <US_11-02-02-01_Shares_trading_test.TestSharesTradingItems object at 0x7f74c4061a90> с именем TC_11.02.02.01_02
{'width': 1280, 'height': 720}

2023-12-11 11:29:43.790862   worker_id = master

2023-12-11 11:29:43.790875   0. Allure grouping


2023-12-11 11:29:43.791018   START PRECONDITIONS =>


2023-12-11 11:29:43.791032   {'width': 1280, 'height': 720}

2023-12-11 11:29:43.792351   Set windows position at (320, 180) =>

2023-12-11 11:29:43.894319   Set resolution 1280 * 720 =>

2023-12-11 11:29:43.996472   => Resolution seted {'width': 1280, 'height': 720}

2023-12-11 11:29:48.001901   Капчи нет. Тестим дальше

2023-12-11 11:29:48.001939   Prev. Role: Reg/NoAuth

2023-12-11 11:29:48.001948   Current role: Reg/NoAuth

2023-12-11 11:29:48.001957   Prev language: de

2023-12-11 11:29:48.001964   => Current language: de

2023-12-11 11:29:48.001972   Prev country: de

2023-12-11 11:29:48.001980   => Current country: de

2023-12-11 11:29:48.001987   => THE END PRECONDITIONS

2023-12-11 11:29:48.002045   1. Arrange_v0
2023-12-11 11:29:48.005094   BUTTON_TRY_DEMO is visible? =>
2023-12-11 11:29:48.020172   => BUTTON_TRY_DEMO is visible on the page!

2023-12-11 11:29:48.020334   2. Act_v0
2023-12-11 11:29:48.020349   BUTTON_TRY_DEMO is present? =>
2023-12-11 11:29:48.027961   => BUTTON_TRY_DEMO is present on the page!
2023-12-11 11:29:48.027986   BUTTON_TRY_DEMO scroll =>
2023-12-11 11:29:48.096613   => BUTTON_TRY_DEMO clicked!

2023-12-11 11:29:48.096889   3. Assert_Login_v0
2023-12-11 11:29:52.624767   'Login' form not opened
2023-12-11 11:29:52.628531   'Login' page not opened
2023-12-11 11:30:01.716365   'Login' form on trading platform not opened
2023-12-11 11:30:01.716649   Start step Check that [Sign up] form is opened
2023-12-11 11:30:01.729796   'Sign up' form opened
2023-12-11 11:30:01.729819   Assert SIGNUP_HEADER =>
2023-12-11 11:30:01.741644   Assert SIGNUP_REF_LOGIN =>
2023-12-11 11:30:01.753863   Assert SIGNUP_PRIVACY_POLICY_ALL_2 =>
2023-12-11 11:30:01.765116   => SIGNUP_PRIVACY_POLICY_ALL
2023-12-11 11:30:01.765137   => 'Signup' form is checked
