{'width': 1280, 'height': 800}

2024-04-23 07:55:13.303562   worker_id = master

2024-04-23 07:55:13.303576   0. Allure grouping v4

2024-04-23 07:55:13.303757   START PRECONDITIONS =>

2024-04-23 07:55:13.303773   => URL after prev. preconditions - https://capital.com/de
2024-04-23 07:55:13.303783   => flag_of_bug - False
2024-04-23 07:55:13.303794   => Current URL - https://capital.com/de

2024-04-23 07:55:13.309005   => Windows size - {'width': 1280, 'height': 800}
2024-04-23 07:55:13.310322   Set windows position at (0, 0) =>
2024-04-23 07:55:13.413182   Set resolution 1280 * 800 =>
2024-04-23 07:55:13.527656   => Windows size is set to {'width': 1280, 'height': 800}

2024-04-23 07:55:14.543862   Капчи нет. Идем дальше

2024-04-23 07:55:14.543955   Работа с куками =>

2024-04-23 07:55:14.543969   => не требуется

2024-04-23 07:55:14.543979   Prev. country - 'au'
2024-04-23 07:55:14.543989   Cur. country - 'au'
2024-04-23 07:55:14.543998   => Country set to 'au'

2024-04-23 07:55:14.544007   Prev. language - 'de'
2024-04-23 07:55:14.544016   Cur. language - 'de'
2024-04-23 07:55:14.544025   => Language is set to 'de'

2024-04-23 07:55:14.544034   Prev. role - 'Auth'
2024-04-23 07:55:14.544042   Cur. role - 'Auth'
2024-04-23 07:55:14.544051   => The 'Auth' role is set

2024-04-23 07:55:14.549641   => Current URL - https://capital.com/de

2024-04-23 07:55:14.549665   => THE END PRECONDITIONS

2024-04-23 07:55:14.549890   1. Arrange_v0
2024-04-23 07:55:14.549912   current_page = https://capital.com/de
2024-04-23 07:55:14.552451   link = https://capital.com/de
2024-04-23 07:55:14.555007   IS "Why choose Capital.com?" block present on this page? =>
2024-04-23 07:55:14.565094   => "Why choose Capital.com?" block present on this page!

2024-04-23 07:55:14.573830   IS "Why choose Capital.com?" block visible on this page? =>
2024-04-23 07:55:14.604407   => "Why choose Capital.com?" block is visible on this page!

2024-04-23 07:55:14.604464   IS [Try now] button present on this page? =>
2024-04-23 07:55:14.618562   => [Try now] button present on this page!

2024-04-23 07:55:14.626797   IS [Try now] button visible on this page? =>
2024-04-23 07:55:14.643480   => [Try now] button is visible on this page!

2024-04-23 07:55:14.643519   [Try now] button scroll =>

2024-04-23 07:55:14.652282   2. Act_v0
2024-04-23 07:55:14.652326   [Try now] button is clickable? =>
2024-04-23 07:55:14.670813   => [Try now] button is clickable!

2024-04-23 07:55:14.919610   => [Try now] button clicked!

2024-04-23 07:55:14.919947   3. Assert_v4

2024-04-23 07:55:14.919973   
2024-04-23 07:55:14.920130   Checking that the trading platform page has opened (v4) =>
2024-04-23 07:55:15.430402   Checking way # 1 => 

2024-04-23 07:55:15.430588   1. Checking that the Trading platform (or TradingView site) page has valid title =>
2024-04-23 07:55:15.433118   => The title of current page is 'Trading Platform | Capital.com'

2024-04-23 07:55:15.433188   2. Checking that the LOGO is present on the page =>
2024-04-23 07:55:15.778233   => 'capital*com' logo is present on the current page

2024-04-23 07:55:15.778299   tpd = False
2024-04-23 07:55:16.813453   => Driver.backed
