{'width': 1280, 'height': 800}

2024-04-23 08:35:26.323959   worker_id = master

2024-04-23 08:35:26.323986   0. Allure grouping v4

2024-04-23 08:35:26.324323   START PRECONDITIONS =>

2024-04-23 08:35:26.324347   => URL after prev. preconditions - https://capital.com/de
2024-04-23 08:35:26.324363   => flag_of_bug - False
2024-04-23 08:35:26.324381   => Current URL - https://capital.com/de/chf-jpy-kurs
2024-04-23 08:35:26.353137   Current page URL = https://capital.com/de/chf-jpy-kurs
2024-04-23 08:35:26.355664   self.link = https://capital.com/de
2024-04-23 08:35:26.355677   driver.get(https://capital.com/de) =>
2024-04-23 08:35:29.398696   => Loaded page https://capital.com/de

2024-04-23 08:35:29.404328   => Windows size - {'width': 1280, 'height': 800}
2024-04-23 08:35:29.405699   Set windows position at (0, 0) =>
2024-04-23 08:35:29.507799   Set resolution 1280 * 800 =>
2024-04-23 08:35:29.610210   => Windows size is set to {'width': 1280, 'height': 800}

2024-04-23 08:35:30.655453   Капчи нет. Идем дальше

2024-04-23 08:35:30.655545   Работа с куками =>

2024-04-23 08:35:30.655559   => не требуется

2024-04-23 08:35:30.655569   Prev. country - 'au'
2024-04-23 08:35:30.655578   Cur. country - 'au'
2024-04-23 08:35:30.655587   => Country set to 'au'

2024-04-23 08:35:30.655596   Prev. language - 'de'
2024-04-23 08:35:30.655605   Cur. language - 'de'
2024-04-23 08:35:30.655613   => Language is set to 'de'

2024-04-23 08:35:30.655622   Prev. role - 'Auth'
2024-04-23 08:35:30.655630   Cur. role - 'Auth'
2024-04-23 08:35:30.655639   => The 'Auth' role is set

2024-04-23 08:35:30.658423   => Current URL - https://capital.com/de

2024-04-23 08:35:30.658449   => THE END PRECONDITIONS

2024-04-23 08:35:30.658640   1. Arrange_v2
2024-04-23 08:35:30.658657   current_page = https://capital.com/de
2024-04-23 08:35:30.661164   link = https://capital.com/de/chf-jpy-kurs
2024-04-23 08:35:30.663801   Current page URL = https://capital.com/de
2024-04-23 08:35:30.669504   self.link = https://capital.com/de/chf-jpy-kurs
2024-04-23 08:35:30.669522   driver.get(https://capital.com/de/chf-jpy-kurs) =>
2024-04-23 08:35:32.488669   => Loaded page https://capital.com/de/chf-jpy-kurs
2024-04-23 08:35:32.492946 Is SHORT_POSITION_OVERNIGHT_FEE present on the page? =>
2024-04-23 08:35:32.503477   => SHORT_POSITION_OVERNIGHT_FEE is present on the page
2024-04-23 08:35:32.503510   SHORT_POSITION_OVERNIGHT_FEE  scroll =>
2024-04-23 08:35:32.506971   => SHORT_POSITION_OVERNIGHT_FEE  scrolled

2024-04-23 08:35:32.507128   2. Act_v2
2024-04-23 08:35:32.507143   SHORT_POSITION_OVERNIGHT_FEE open =>
2024-04-23 08:35:33.286145   Is SHORT_POSITION_OVERNIGHT_FEE open?  =>
2024-04-23 08:35:33.300896   => TOOLTIP_SHORT_POSITION_FEE is open
2024-04-23 08:35:33.300932   Move focus to button [Go to platform] and click on =>
2024-04-23 08:35:34.077085   => BUTTON_GO_TO_PLATFORM is clickable
2024-04-23 08:35:34.415910 => BUTTON_GO_TO_PLATFORM clicked

2024-04-23 08:35:34.416243   3. Assert_v4

2024-04-23 08:35:34.416272   
2024-04-23 08:35:34.416439   Checking that the trading platform page has opened (v4) =>
2024-04-23 08:35:34.932139   Checking way # 1 => 

2024-04-23 08:35:34.932360   1. Checking that the Trading platform (or TradingView site) page has valid title =>
2024-04-23 08:35:34.944805   => The title of current page is 'Trading Platform | Capital.com'

2024-04-23 08:35:34.944917   2. Checking that the LOGO is present on the page =>
2024-04-23 08:35:35.219398   => 'capital*com' logo is present on the current page

2024-04-23 08:35:35.219440   tpd = False
2024-04-23 08:35:36.571850   => Driver.backed
