{'width': 1280, 'height': 720}

2024-01-29 22:08:36.813914   worker_id = master

2024-01-29 22:08:36.813932   0. Allure grouping v4


2024-01-29 22:08:36.814128   START PRECONDITIONS =>


2024-01-29 22:08:36.814146   {'width': 1280, 'height': 720}

2024-01-29 22:08:36.815558   Set windows position at (0, 0) =>

2024-01-29 22:08:36.917614   Set resolution 1280 * 720 =>

2024-01-29 22:08:37.019825   => Resolution seted {'width': 1280, 'height': 720}

2024-01-29 22:08:38.052796   Капчи нет. Идем дальше

2024-01-29 22:08:38.052872   Prev. Role: NoReg

2024-01-29 22:08:38.052885   Current role: NoReg

2024-01-29 22:08:39.082441   Капчи нет. Идем дальше

2024-01-29 22:08:39.082536   Prev language: de

2024-01-29 22:08:39.082548   => Current language: de

2024-01-29 22:08:40.113143   Капчи нет. Идем дальше

2024-01-29 22:08:40.113230   Prev country: gb

2024-01-29 22:08:40.113242   => Current country: gb

2024-01-29 22:08:40.113250   => THE END PRECONDITIONS

2024-01-29 22:08:40.113285   1. Arrange_v0
2024-01-29 22:08:40.937836   Load page https://capital.com/de/trade-eurusd
2024-01-29 22:08:40.945548   BUTTON_START_TRADING scroll =>
2024-01-29 22:08:40.949337   BUTTON_START_TRADING is visible? =>
2024-01-29 22:08:41.053069   => BUTTON_START_TRADING is visible on the page!

2024-01-29 22:08:41.053227   2. Act_v0
2024-01-29 22:08:41.053241   Start Click button [Start Trading] =>
2024-01-29 22:08:41.058539   BUTTON_START_TRADING is clickable? =>
2024-01-29 22:08:41.072983   BUTTON_START_TRADING click =>
2024-01-29 22:08:41.119136   => BUTTON_START_TRADING clicked

2024-01-29 22:08:41.119406   3. Assert_v0
2024-01-29 22:08:41.119514   Start step Check that [Sign up] form is opened
2024-01-29 22:08:41.391299   'Sign up' form opened
2024-01-29 22:08:41.391336   Assert SIGNUP_HEADER =>
2024-01-29 22:08:41.406195   Assert SIGNUP_REF_LOGIN =>
2024-01-29 22:08:41.425093   Assert SIGNUP_PRIVACY_POLICY_ALL_2 =>
2024-01-29 22:08:41.441138   => SIGNUP_PRIVACY_POLICY_ALL
2024-01-29 22:08:41.441177   => 'Signup' form is checked
2024-01-29 22:08:41.441324   Start step Close [Sign up] form =>
2024-01-29 22:08:41.526410   => 'Signup' form closed
