{'width': 1280, 'height': 800}

2024-04-23 09:09:51.190108   worker_id = master

2024-04-23 09:09:51.190121   0. Allure grouping v4

2024-04-23 09:09:51.190300   START PRECONDITIONS =>

2024-04-23 09:09:51.190315   => URL after prev. preconditions - https://capital.com/de
2024-04-23 09:09:51.190325   => flag_of_bug - False
2024-04-23 09:09:51.190335   => Current URL - https://capital.com/de/rohstoff-us-coffee-arabica-spot
2024-04-23 09:09:51.197137   Current page URL = https://capital.com/de/rohstoff-us-coffee-arabica-spot
2024-04-23 09:09:51.200414   self.link = https://capital.com/de
2024-04-23 09:09:51.200432   driver.get(https://capital.com/de) =>
2024-04-23 09:09:52.980573   => Loaded page https://capital.com/de

2024-04-23 09:09:52.986782   => Windows size - {'width': 1280, 'height': 800}
2024-04-23 09:09:52.988233   Set windows position at (0, 0) =>
2024-04-23 09:09:53.090674   Set resolution 1280 * 800 =>
2024-04-23 09:09:53.193068   => Windows size is set to {'width': 1280, 'height': 800}

2024-04-23 09:09:54.245059   Капчи нет. Идем дальше

2024-04-23 09:09:54.245150   Работа с куками =>

2024-04-23 09:09:54.245164   => не требуется

2024-04-23 09:09:54.245174   Prev. country - 'au'
2024-04-23 09:09:54.245183   Cur. country - 'au'
2024-04-23 09:09:54.245192   => Country set to 'au'

2024-04-23 09:09:54.245201   Prev. language - 'de'
2024-04-23 09:09:54.245210   Cur. language - 'de'
2024-04-23 09:09:54.245219   => Language is set to 'de'

2024-04-23 09:09:54.245228   Prev. role - 'NoAuth'
2024-04-23 09:09:54.245236   Cur. role - 'NoAuth'
2024-04-23 09:09:54.245245   => The 'NoAuth' role is set

2024-04-23 09:09:54.248111   => Current URL - https://capital.com/de

2024-04-23 09:09:54.248137   => THE END PRECONDITIONS

2024-04-23 09:09:54.248332   1. Arrange_v0
2024-04-23 09:09:54.248350   current_page = https://capital.com/de
2024-04-23 09:09:54.253798   link = https://capital.com/de/rohstoff-us-coffee-arabica-spot
2024-04-23 09:09:54.256351   Current page URL = https://capital.com/de
2024-04-23 09:09:54.258849   self.link = https://capital.com/de/rohstoff-us-coffee-arabica-spot
2024-04-23 09:09:54.258863   driver.get(https://capital.com/de/rohstoff-us-coffee-arabica-spot) =>
2024-04-23 09:09:55.893134   => Loaded page https://capital.com/de/rohstoff-us-coffee-arabica-spot
2024-04-23 09:09:55.897480   IS 'Trading calculator' widget present on this page? =>
2024-04-23 09:09:55.906278   => 'Trading calculator' widget present on this page!

2024-04-23 09:09:55.906308   IS 'Trading calculator' widget visible on this page? =>
2024-04-23 09:09:55.918868   => 'Trading calculator' widget is visible on this page!

2024-04-23 09:09:55.918894   IS [Start Trading] button present on this page? =>
2024-04-23 09:09:55.926567   => [Start Trading] button present on this page!

2024-04-23 09:09:55.926591   IS [Start Trading] button visible on this page? =>
2024-04-23 09:09:55.939572   => [Start Trading] button is visible on this page!

2024-04-23 09:09:55.939605   [Start Trading] button scroll =>

2024-04-23 09:09:55.942932   2. Act_v0
2024-04-23 09:09:55.942954   [Start Trading] button is clickable? =>
2024-04-23 09:09:55.978959   => [Start Trading] button is clickable!

2024-04-23 09:09:56.020282   => [Start Trading] button clicked!

2024-04-23 09:09:56.020506   3. Assert_Login_v0
2024-04-23 09:09:56.020589   Check that 'Login' form is opened
2024-04-23 09:09:56.177023   'Login' form opened
2024-04-23 09:09:56.177072   Assert LOGIN_REF_SIGNUP =>
2024-04-23 09:09:56.190680   Assert LOGIN_CHECKBOX =>
2024-04-23 09:09:56.202232   Assert LOGIN_PASS_FORGOT =>
2024-04-23 09:09:56.213124   => 'Login' form is checked
2024-04-23 09:09:56.230867   Click 'Close' button on 'Login' form =>
2024-04-23 09:09:56.569578   => Focus moved to 'capital*com' logo
2024-04-23 09:09:56.569627   => 'Login' form closed
