Current test role - NoReg

{'width': 1280, 'height': 800}

2024-04-23 10:38:13.465051   worker_id = master

2024-04-23 10:38:13.465065   0. Allure grouping v4

2024-04-23 10:38:13.465237   START PRECONDITIONS =>

2024-04-23 10:38:13.465252   => URL after prev. preconditions - https://capital.com/de
2024-04-23 10:38:13.465262   => flag_of_bug - False
2024-04-23 10:38:13.465272   => Current URL - https://capital.com/de/trading-strategien-leitfaden
2024-04-23 10:38:13.470398   Current page URL = https://capital.com/de/trading-strategien-leitfaden
2024-04-23 10:38:13.472807   self.link = https://capital.com/de
2024-04-23 10:38:13.472820   driver.get(https://capital.com/de) =>
2024-04-23 10:38:15.259888   => Loaded page https://capital.com/de

2024-04-23 10:38:15.264134   => Windows size - {'width': 1280, 'height': 800}
2024-04-23 10:38:15.265416   Set windows position at (0, 0) =>
2024-04-23 10:38:15.367615   Set resolution 1280 * 800 =>
2024-04-23 10:38:15.470061   => Windows size is set to {'width': 1280, 'height': 800}

2024-04-23 10:38:16.510177   Капчи нет. Идем дальше

2024-04-23 10:38:16.510268   Работа с куками =>
2024-04-23 10:38:16.510281   Prev. role - 'NoAuth'
2024-04-23 10:38:16.510291   Current testing role - 'NoReg'

2024-04-23 10:38:16.510300   All cookies must be delete =>
2024-04-23 10:38:16.574717   => All cookies are deleted
2024-04-23 10:38:16.574755   Current page URL = https://capital.com/de
2024-04-23 10:38:16.577444   self.link = https://capital.com/
2024-04-23 10:38:16.577458   driver.get(https://capital.com/) =>
2024-04-23 10:38:18.037910   => Loaded page https://capital.com/

2024-04-23 10:38:18.042623   Step 'Click button [Accept all cookies]'
2024-04-23 10:38:18.042635   Is Visible Button [Accept all cookies]? =>
2024-04-23 10:38:18.058847   => Button [Accept all cookies] is visible
2024-04-23 10:38:18.558987   Is clickable Button [Accept all cookies] =>
2024-04-23 10:38:18.577910   => Button [Accept all cookies] is clickable
2024-04-23 10:38:18.577952   Click Button [Accept all cookies] =>
2024-04-23 10:38:18.726012   => Button [Accept all cookies] is clicked
2024-04-23 10:38:18.726057   => Accepted All Cookies

2024-04-23 10:38:19.226156   Prev. country - '?'
2024-04-23 10:38:19.226217   Cur. country - 'au'
2024-04-23 10:38:19.226228   Set 'au' country =>
2024-04-23 10:38:19.241816   => Language and Country menu is present
2024-04-23 10:38:19.254237   => Language and Country menu is visible
2024-04-23 10:38:20.524691   => Focus is moved on Language and Country menu 
2024-04-23 10:38:23.170107   => Cur url = https://capital.com/?country=au
2024-04-23 10:38:23.214523   => Country set to 'au'

2024-04-23 10:38:23.214552   Prev. language - '?'
2024-04-23 10:38:23.214562   Cur. language - 'de'
2024-04-23 10:38:23.214571   Set 'de' language =>
2024-04-23 10:38:23.226451   => Language and Country menu is present
2024-04-23 10:38:23.236700   => Language and Country menu is visible
2024-04-23 10:38:24.507869   => Focus is moved on Language and Country menu 
2024-04-23 10:38:24.516592   Move focus on de item and click =>
2024-04-23 10:38:26.021102   => Focus moved on de item and clicked
2024-04-23 10:38:26.021152   => Cur url = https://capital.com/de
2024-04-23 10:38:26.062291   => Language is set to 'de'

2024-04-23 10:38:26.062332   Prev. role - 'NoAuth'
2024-04-23 10:38:26.062342   Cur. role - 'NoReg'
2024-04-23 10:38:26.062352   => The 'NoReg' role is set

2024-04-23 10:38:26.065074   => Current URL - https://capital.com/de

2024-04-23 10:38:26.065097   => THE END PRECONDITIONS
2024-04-23 10:38:26.578797   => Education menu is present in DOM
2024-04-23 10:38:26.584703   => Education menu is visible
2024-04-23 10:38:27.856674   => Focus moved to Education menu

2024-04-23 10:38:29.394710   1. Arrange_v0
2024-04-23 10:38:29.394755   current_page = https://capital.com/de/trading-strategien-leitfaden
2024-04-23 10:38:29.397392   link = https://capital.com/de/trading-strategien-leitfaden
2024-04-23 10:38:29.399829   => current_url == cur_item_link
2024-04-23 10:38:29.409631   BUTTON_START_TRADING scroll =>
2024-04-23 10:38:29.413518   BUTTON_START_TRADING is visible? =>
2024-04-23 10:38:29.428407   => BUTTON_START_TRADING is visible on the page!

2024-04-23 10:38:29.428568   2. Act_v0
2024-04-23 10:38:29.428583   Start Click button [Start Trading] =>
2024-04-23 10:38:29.433846   BUTTON_START_TRADING is clickable? =>
2024-04-23 10:38:29.445455   BUTTON_START_TRADING click =>
2024-04-23 10:38:29.489683   => BUTTON_START_TRADING clicked

2024-04-23 10:38:29.489997   3. Assert_v0
2024-04-23 10:38:29.490119   Start step Check that [Sign up] form is opened
2024-04-23 10:38:29.666624   'Sign up' form opened
2024-04-23 10:38:29.666674   Assert SIGNUP_HEADER =>
2024-04-23 10:38:29.683647   Assert SIGNUP_REF_LOGIN =>
2024-04-23 10:38:29.699720   Assert SIGNUP_PRIVACY_POLICY_ALL_2 =>
2024-04-23 10:38:29.718546   => SIGNUP_PRIVACY_POLICY_ALL
2024-04-23 10:38:29.718589   => 'Signup' form is checked
2024-04-23 10:38:29.718756   Start step Close [Sign up] form =>
2024-04-23 10:38:29.815030   => 'Signup' form closed
2024-04-23 10:38:30.089592   => Focus moved to 'capital*com' logo
