{'width': 1280, 'height': 800}

2024-04-23 07:55:10.487247   worker_id = master

2024-04-23 07:55:10.487264   0. Allure grouping v4

2024-04-23 07:55:10.487487   START PRECONDITIONS =>

2024-04-23 07:55:10.487504   => URL after prev. preconditions - https://capital.com/de
2024-04-23 07:55:10.487513   => flag_of_bug - False
2024-04-23 07:55:10.487525   => Current URL - https://capital.com/de

2024-04-23 07:55:10.499887   => Windows size - {'width': 1280, 'height': 800}
2024-04-23 07:55:10.501879   Set windows position at (0, 0) =>
2024-04-23 07:55:10.604196   Set resolution 1280 * 800 =>
2024-04-23 07:55:10.706757   => Windows size is set to {'width': 1280, 'height': 800}

2024-04-23 07:55:11.749135   Капчи нет. Идем дальше

2024-04-23 07:55:11.749225   Работа с куками =>

2024-04-23 07:55:11.749239   => не требуется

2024-04-23 07:55:11.749248   Prev. country - 'au'
2024-04-23 07:55:11.749258   Cur. country - 'au'
2024-04-23 07:55:11.749267   => Country set to 'au'

2024-04-23 07:55:11.749276   Prev. language - 'de'
2024-04-23 07:55:11.749285   Cur. language - 'de'
2024-04-23 07:55:11.749293   => Language is set to 'de'

2024-04-23 07:55:11.749302   Prev. role - 'Auth'
2024-04-23 07:55:11.749310   Cur. role - 'Auth'
2024-04-23 07:55:11.749319   => The 'Auth' role is set

2024-04-23 07:55:11.752025   => Current URL - https://capital.com/de

2024-04-23 07:55:11.752047   => THE END PRECONDITIONS

2024-04-23 07:55:11.752091   1. Arrange for 'Trade CFDs on Capital.com via TradingView' block
2024-04-23 07:55:11.752106   current_page = https://capital.com/de
2024-04-23 07:55:11.754595   link = https://capital.com/de

2024-04-23 07:55:11.757023   IS 'Trade CFDs on Capital.com via TradingView' block present on this page? =>
2024-04-23 07:55:11.764834   => 'Trade CFDs on Capital.com via TradingView' block present on this page!

2024-04-23 07:55:11.772482   IS 'Trade CFDs on Capital.com via TradingView' block visible on this page? =>
2024-04-23 07:55:11.808391   => 'Trade CFDs on Capital.com via TradingView' block is visible on this page!

2024-04-23 07:55:11.808428   IS [Explore features] button present on this page? =>
2024-04-23 07:55:11.824122   => [Explore features] button present on this page!

2024-04-23 07:55:11.837032   IS [Explore features] button visible on this page? =>
2024-04-23 07:55:11.850662   => [Explore features] button is visible on this page!
2024-04-23 07:55:11.850856   2. Act for [Explore features] button on 'Trade CFDs on Capital.com via TradingView' block 
2024-04-23 07:55:11.850872   Start Click [Explore features] button =>
2024-04-23 07:55:11.958705   => [Explore features] button clicked!


2024-04-23 07:55:13.202711   3. Assert_v0
2024-04-23 07:55:13.202833   Checking that the TradingView page has opened =>
2024-04-23 07:55:13.206718   => TradingView page has opened


2024-04-23 07:55:13.206858   Checking that the page has expected title =>
2024-04-23 07:55:13.210571   The title of current page is 'Capital.com — Reviews and Terms — TradingView'
2024-04-23 07:55:13.210596   The expected title is 'Capital.com'
2024-04-23 07:55:13.213356   => The page has expected title.

2024-04-23 07:55:13.213542   Checking that the TradingView site has expected app title =>
2024-04-23 07:55:13.234011   The app title of current page is 'Capital.com'
2024-04-23 07:55:13.234053   The expected app title is 'Capital.com'
2024-04-23 07:55:13.236855   => The app title has expected title.

