


Current language - it



Current country - de



Current market - Indices
{'width': 1920, 'height': 1080}

2025-04-30 22:36:04.026024   worker_id = master

2025-04-30 22:36:04.026034   0. Allure grouping for US_55


2025-04-30 22:36:04.026214   START PRECONDITIONS =>

2025-04-30 22:36:04.026225   => URL after prev. preconditions - https://capital.com/en-gb
2025-04-30 22:36:04.026231   => flag_of_bug - True
2025-04-30 22:36:04.026239   => Current URL - https://capital.com/ru-de
2025-04-30 22:36:04.032106   Current page URL = https://capital.com/ru-de
2025-04-30 22:36:04.034648   self.link = https://capital.com/en-gb
2025-04-30 22:36:04.034658   driver.get(https://capital.com/en-gb) =>
2025-04-30 22:36:06.461369   => Loaded page https://capital.com/en-gb

2025-04-30 22:36:06.468209   => Windows size: {'width': 1920, 'height': 1080}

2025-04-30 22:36:06.469630   Set windows position at (0, 0) =>

2025-04-30 22:36:06.471351   Set resolution 1920 * 1080 =>

2025-04-30 22:36:06.473052   => Resolution set {'width': 1920, 'height': 1080}

2025-04-30 22:36:06.476391   Работа с куками =>

2025-04-30 22:36:06.476401   => не требуется

2025-04-30 22:36:06.476408   Prev. role - 'Auth'
2025-04-30 22:36:06.476413   Cur. role - 'Auth'

2025-04-30 22:36:06.476419   => The 'Auth' role is set

2025-04-30 22:36:06.476425   Prev. language: ?
2025-04-30 22:36:06.476430   Cur. language - 'it'

2025-04-30 22:36:06.476435   Prev. country: ?
2025-04-30 22:36:06.476441   Cur. country: de

2025-04-30 22:36:06.476586   Set "it" language and "de" country =>
2025-04-30 22:36:06.476598   Current page URL = https://capital.com/en-gb
2025-04-30 22:36:06.479184   self.link = https://capital.com/it-de
2025-04-30 22:36:06.479193   driver.get(https://capital.com/it-de) =>
2025-04-30 22:36:09.759550   => Loaded page https://capital.com/it-de

2025-04-30 22:36:09.765878   Step 'Click button [Stay on this site]'
2025-04-30 22:36:09.765886   Is Visible Button [Stay on this site]? =>
2025-04-30 22:36:14.779689   => Button [Stay on this site] is not visible after 5 sec.
2025-04-30 22:36:14.779719   => Cur url = https://capital.com/it-de
2025-04-30 22:36:14.782454   => Language is set to 'it'
2025-04-30 22:36:14.782467   => Country is set to 'de'
2025-04-30 22:36:14.782475   => Current URL - https://capital.com/it-de

2025-04-30 22:36:14.787717   => Current URL - https://capital.com/it-de

2025-04-30 22:36:14.787738   => END PRECONDITIONS

2025-04-30 22:36:14.787962   START Open "Markets" menu, "Indices" submenu =>

2025-04-30 22:36:14.787980   1. Cur URL = https://capital.com/it-de

2025-04-30 22:36:14.790961   2. Link = https://capital.com/it-de
2025-04-30 22:36:14.790975   current_page = https://capital.com/it-de
2025-04-30 22:36:14.793603   link = https://capital.com/it-de
2025-04-30 22:36:20.349383   => 'Markets' menu not present
