Current country of trading - de
{'width': 1280, 'height': 720}

2024-03-07 11:44:28.481352   worker_id = master

2024-03-07 11:44:28.481369   0. Allure grouping v4


2024-03-07 11:44:28.481565   START PRECONDITIONS =>


2024-03-07 11:44:28.481581   {'width': 1280, 'height': 720}

2024-03-07 11:44:28.482893   Set windows position at (0, 0) =>

2024-03-07 11:44:28.584959   Set resolution 1280 * 720 =>

2024-03-07 11:44:28.687169   => Resolution seted {'width': 1280, 'height': 720}

2024-03-07 11:44:29.712301   Капчи нет. Идем дальше

2024-03-07 11:44:29.712387   Работа с куками

2024-03-07 11:44:29.712401   => Prev. country - 'ae'
2024-03-07 11:44:29.712410   Set 'de' country =>
2024-03-07 11:44:29.719979   => Language and Country menu is present
2024-03-07 11:44:29.730751   => Language and Country menu is visible
2024-03-07 11:44:30.996318   => Focus is moved on Language and Country menu 
2024-03-07 11:44:33.569559   => Cur url = https://capital.com/nl/trading-guides?country=de
2024-03-07 11:44:33.577906   => Current country is 'de'

2024-03-07 11:44:33.577933   => Prev. language - 'nl'

2024-03-07 11:44:33.577943   => Current language is 'nl'

2024-03-07 11:44:33.577952   => Prev. role - 'NoReg'

2024-03-07 11:44:33.577961   => Current role is 'NoReg'

2024-03-07 11:44:33.581126   => THE END PRECONDITIONS
2024-03-07 11:44:34.088731   => Education menu is present in DOM
2024-03-07 11:44:34.098438   element = <selenium.webdriver.remote.webelement.WebElement (session="d47ee5f2f7b74e7b0267b010e0af20bc", element="f.30935C4FD58B9495DD026A021E76FD0B.d.BF23E2930A45161AB205D8E425650D48.e.1674")>
2024-03-07 11:44:34.098477   => Education menu is visible
2024-03-07 11:44:35.361684   => Focus moved to Education menu

2024-03-07 11:44:36.732158   1. Arrange_v0
2024-03-07 11:44:36.739458   BUTTON_CREATE_YOUR_ACCOUNT is located on the page? =>

2024-03-07 11:44:36.758874   2. Act_v0: Define of locator

2024-03-07 11:44:36.758914   2. Act_v0: Go to web element

2024-03-07 11:44:37.821872   2. Act_v0: Click web element
2024-03-07 11:44:37.847532   => BUTTON_CREATE_YOUR_ACCOUNT is clicked

2024-03-07 11:44:37.847743   3. Assert_v0
2024-03-07 11:44:37.847834   Start step Check that [Sign up] form is opened
2024-03-07 11:44:38.056917   'Sign up' form opened
2024-03-07 11:44:38.056967   Assert SIGNUP_HEADER =>
2024-03-07 11:44:38.068470   Assert SIGNUP_REF_LOGIN =>
2024-03-07 11:44:38.081743   Assert SIGNUP_PRIVACY_POLICY_ALL_2 =>
2024-03-07 11:44:38.094886   => SIGNUP_PRIVACY_POLICY_ALL
2024-03-07 11:44:38.094918   => 'Signup' form is checked
2024-03-07 11:44:38.095103   Start step Close [Sign up] form =>
2024-03-07 11:44:38.148501   => 'Signup' form closed
