{'width': 1280, 'height': 720}

2024-03-01 05:34:53.267609   worker_id = master

2024-03-01 05:34:53.267626   0. Allure grouping v4


2024-03-01 05:34:53.267819   START PRECONDITIONS =>


2024-03-01 05:34:53.267835   {'width': 1280, 'height': 720}

2024-03-01 05:34:53.269107   Set windows position at (0, 0) =>

2024-03-01 05:34:53.371230   Set resolution 1280 * 720 =>

2024-03-01 05:34:53.473208   => Resolution seted {'width': 1280, 'height': 720}

2024-03-01 05:34:54.497883   Капчи нет. Идем дальше

2024-03-01 05:34:54.497963   Prev. Role: NoReg

2024-03-01 05:34:54.497976   Current role: NoReg

2024-03-01 05:34:55.524939   Капчи нет. Идем дальше

2024-03-01 05:34:55.525030   Prev language: ru

2024-03-01 05:34:55.525043   => Current language: ru

2024-03-01 05:34:56.549839   Капчи нет. Идем дальше

2024-03-01 05:34:56.549927   Prev country: au
2024-03-01 05:34:56.549940   => Current country: au

2024-03-01 05:34:56.549949   => THE END PRECONDITIONS

2024-03-01 05:34:56.549981   1. Arrange
2024-03-01 05:34:56.552952   BUTTON_ON_VER_BANNER is present? =>
2024-03-01 05:34:56.560767   => BUTTON_ON_VER_BANNER is present on the page!
2024-03-01 05:34:56.560789   BUTTON_ON_VER_BANNER scroll =>
2024-03-01 05:34:56.572158   BUTTON_ON_VER_BANNER is visible? =>
2024-03-01 05:34:56.591763   => BUTTON_ON_VER_BANNER is visible on the page!
2024-03-01 05:34:56.591946   Start Checking that form [Sign up] popped up on the page =>
2024-03-01 05:34:58.132714   '[Sign up]' form was not popped up

2024-03-01 05:34:58.132897   2. Act

2024-03-01 05:34:58.149628   => Button on Vertical banner clickable

2024-03-01 05:34:58.153374   data_id = 391
2024-03-01 05:34:58.177533   => BUTTON_ON_VER_BANNER clicked!

2024-03-01 05:34:58.177844   3. Assert_v0
2024-03-01 05:34:58.177987   Start step Check that [Sign up] form is opened
2024-03-01 05:34:58.195472   'Sign up' form opened
2024-03-01 05:34:58.195511   Assert SIGNUP_HEADER =>
2024-03-01 05:34:58.207600   Assert SIGNUP_REF_LOGIN =>
2024-03-01 05:34:58.222400   Assert SIGNUP_PRIVACY_POLICY_ALL_2 =>
2024-03-01 05:34:58.234307   => SIGNUP_PRIVACY_POLICY_ALL
2024-03-01 05:34:58.234344   => 'Signup' form is checked
2024-03-01 05:34:58.234555   Start step Close [Sign up] form =>
2024-03-01 05:34:58.287747   => 'Signup' form closed
