{'width': 1280, 'height': 720}

2024-03-01 05:54:36.690804   worker_id = master

2024-03-01 05:54:36.690821   0. Allure grouping v4


2024-03-01 05:54:36.691053   START PRECONDITIONS =>


2024-03-01 05:54:36.691071   {'width': 1280, 'height': 720}

2024-03-01 05:54:36.692386   Set windows position at (0, 0) =>

2024-03-01 05:54:36.794539   Set resolution 1280 * 720 =>

2024-03-01 05:54:36.896754   => Resolution seted {'width': 1280, 'height': 720}

2024-03-01 05:54:37.937409   Капчи нет. Идем дальше

2024-03-01 05:54:37.937507   Prev. Role: NoReg

2024-03-01 05:54:37.937520   Current role: NoReg

2024-03-01 05:54:38.962973   Капчи нет. Идем дальше

2024-03-01 05:54:38.963066   Prev language: ru

2024-03-01 05:54:38.963079   => Current language: ru

2024-03-01 05:54:39.991756   Капчи нет. Идем дальше

2024-03-01 05:54:39.991841   Prev country: au
2024-03-01 05:54:39.991855   => Current country: au

2024-03-01 05:54:39.991865   => THE END PRECONDITIONS

2024-03-01 05:54:39.992045   1. Arrange_v0
2024-03-01 05:54:40.002607   => BUTTON_TRY_DEMO is present on this page
2024-03-01 05:54:40.002635   BUTTON_TRY_DEMO scroll =>
2024-03-01 05:54:40.006083   BUTTON_TRY_DEMO is visible? =>
2024-03-01 05:54:40.020359   => BUTTON_TRY_DEMO is visible on this page

2024-03-01 05:54:40.020482   2. Act_v0
2024-03-01 05:54:40.025326   BUTTON_TRY_DEMO is clickable? =>
2024-03-01 05:54:40.060163   => BUTTON_TRY_DEMO clicked!

2024-03-01 05:54:40.060485   3. Assert_v0
2024-03-01 05:54:40.060627   Start step Check that [Sign up] form is opened
2024-03-01 05:54:40.074977   'Sign up' form opened
2024-03-01 05:54:40.075013   Assert SIGNUP_HEADER =>
2024-03-01 05:54:40.087664   Assert SIGNUP_REF_LOGIN =>
2024-03-01 05:54:40.099935   Assert SIGNUP_PRIVACY_POLICY_ALL_2 =>
2024-03-01 05:54:40.111636   => SIGNUP_PRIVACY_POLICY_ALL
2024-03-01 05:54:40.111662   => 'Signup' form is checked
2024-03-01 05:54:40.111826   Start step Close [Sign up] form =>
2024-03-01 05:54:40.161026   => 'Signup' form closed
