{'width': 1920, 'height': 1080}

2025-05-22 00:58:56.984255   worker_id = master

2025-05-22 00:58:56.984265   0. Allure grouping for US_55


2025-05-22 00:58:56.984441   START PRECONDITIONS =>

2025-05-22 00:58:56.984452   => URL after prev. preconditions - https://capital.com/en-gb
2025-05-22 00:58:56.984458   => flag_of_bug - True
2025-05-22 00:58:56.984467   => Current URL - https://capital.com/ar-ae/why-capital
2025-05-22 00:58:56.990364   Current page URL = https://capital.com/ar-ae/why-capital
2025-05-22 00:58:56.992955   self.link = https://capital.com/en-gb
2025-05-22 00:58:56.992965   driver.get(https://capital.com/en-gb) =>
2025-05-22 00:58:59.368192   => Loaded page https://capital.com/en-gb

2025-05-22 00:58:59.386760   => Windows size: {'width': 1920, 'height': 1080}

2025-05-22 00:58:59.388306   Set windows position at (0, 0) =>

2025-05-22 00:58:59.390301   Set resolution 1920 * 1080 =>

2025-05-22 00:58:59.392523   => Resolution set {'width': 1920, 'height': 1080}

2025-05-22 00:58:59.398845   Работа с куками =>
2025-05-22 00:58:59.398862   Prev. role - 'Auth'
2025-05-22 00:58:59.398871   Current testing role - 'NoAuth'

2025-05-22 00:58:59.398881   All cookies must be delete =>
2025-05-22 00:58:59.491411   => All cookies are deleted
2025-05-22 00:58:59.491443   Current page URL = https://capital.com/en-gb
2025-05-22 00:58:59.498216   self.link = https://capital.com/en-gb
2025-05-22 00:58:59.498229   driver.get(https://capital.com/en-gb) =>
2025-05-22 00:59:01.764899   => Loaded page https://capital.com/en-gb

2025-05-22 00:59:01.772717   Step 'Click button [Accept all cookies]'
2025-05-22 00:59:01.772725   Is Visible Button [Accept all cookies]? =>
2025-05-22 00:59:03.352412   => Button [Accept all cookies] is visible
2025-05-22 00:59:03.852537   Is clickable Button [Accept all cookies] =>
2025-05-22 00:59:03.872210   => Button [Accept all cookies] is clickable
2025-05-22 00:59:03.872243   Click Button [Accept all cookies] =>
2025-05-22 00:59:04.157373   => Button [Accept all cookies] is clicked
2025-05-22 00:59:04.157407   => Accepted All Cookies

2025-05-22 00:59:04.657566   Step 'Click button [Stay on this site]'
2025-05-22 00:59:04.657597   Is Visible Button [Stay on this site]? =>
2025-05-22 00:59:09.678547   => Button [Stay on this site] is not visible after 5 sec.
2025-05-22 00:59:09.678580   => Cur url = https://capital.com/en-gb

2025-05-22 00:59:09.681387   Prev. role - 'Auth'
2025-05-22 00:59:09.681398   Cur. role - 'NoAuth'

2025-05-22 00:59:09.681546   Start Authorization
2025-05-22 00:59:09.835791   => 'Login' form is opened
2025-05-22 00:59:10.143971   => "login" and "password" are inputted
2025-05-22 00:59:10.144014   Click [Continue] button on [Login] form =>
2025-05-22 00:59:10.291258   => [Continue] button on [Login] form is clicked
2025-05-22 00:59:10.291307   Set timeout = 30
2025-05-22 00:59:11.346868   => Page with 'Trading Platform | Capital.com' title opened

2025-05-22 00:59:11.346945   2. Checking that the LOGO is present on the page =>
2025-05-22 00:59:12.715150   => 'capital*com' logo is present on the current page

2025-05-22 00:59:12.715424   Start Deauthorization
2025-05-22 00:59:12.715541   Start Logout from account info menu in top bar =>
2025-05-22 00:59:12.715556   Set timeout = 15
2025-05-22 00:59:12.715570   Is visible account info icon? =>
2025-05-22 00:59:13.283633   => Account info icon is visible on this page
2025-05-22 00:59:13.283677   Account info icon is click =>
2025-05-22 00:59:13.416741   => Account info icon is clicked
2025-05-22 00:59:13.416790   Is visible logout button in account info menu? =>
2025-05-22 00:59:13.435559   => Logout button from account info menu is visible
2025-05-22 00:59:13.435595   Logout button is click =>
2025-05-22 00:59:13.506562   => Logout button from Account info menu is clicked
2025-05-22 00:59:13.506671   => Logout is OK

2025-05-22 00:59:13.506716   => The 'NoAuth' role is set

2025-05-22 00:59:13.506731   Prev. language: ?
2025-05-22 00:59:13.506742   Cur. language - 'ar'

2025-05-22 00:59:13.506751   Prev. country: ?
2025-05-22 00:59:13.506770   Cur. country: ae

2025-05-22 00:59:13.506958   Set "ar" language and "ae" country =>
2025-05-22 00:59:13.506981   Current page URL = https://capital.com/trading/platform/
2025-05-22 00:59:13.511256   self.link = https://capital.com/ar-ae
2025-05-22 00:59:13.511270   driver.get(https://capital.com/ar-ae) =>
2025-05-22 00:59:15.811297   => Loaded page https://capital.com/ar-ae

2025-05-22 00:59:15.818009   Step 'Click button [Stay on this site]'
2025-05-22 00:59:15.818024   Is Visible Button [Stay on this site]? =>
2025-05-22 00:59:20.847216   => Button [Stay on this site] is not visible after 5 sec.
2025-05-22 00:59:20.847249   => Cur url = https://capital.com/ar-ae
2025-05-22 00:59:20.849926   => Language is set to 'ar'
2025-05-22 00:59:20.849936   => Country is set to 'ae'
2025-05-22 00:59:20.849942   => Current URL - https://capital.com/ar-ae

2025-05-22 00:59:20.855337   => Current URL - https://capital.com/ar-ae

2025-05-22 00:59:20.855354   => END PRECONDITIONS

2025-05-22 00:59:20.855535   START Open "About us" menu, "Why Capital.com?" submenu =>

2025-05-22 00:59:20.855548   1. Cur URL = https://capital.com/ar-ae

2025-05-22 00:59:20.858291   2. Link = https://capital.com/ar-ae
2025-05-22 00:59:20.858303   current_page = https://capital.com/ar-ae
2025-05-22 00:59:20.862021   link = https://capital.com/ar-ae
2025-05-22 00:59:21.374313   => 'About us' menu is present
2025-05-22 00:59:21.392170   => 'About us' menu is visible
2025-05-22 00:59:22.663763   => Focus moved to 'About us' menu
2025-05-22 00:59:22.686611   => 'Why Capital.com?' submenu is visible
2025-05-22 00:59:23.473789   => 'Why Capital.com?' sub-menu clicked
