Current test language - en
{'width': 1920, 'height': 1080}

2025-01-25 01:51:09.615271   worker_id = master

2025-01-25 01:51:09.615283   0. Allure grouping for US_55


2025-01-25 01:51:09.615471   START PRECONDITIONS =>

2025-01-25 01:51:09.615482   => URL after prev. preconditions - https://capital.com/en-gb
2025-01-25 01:51:09.615489   => flag_of_bug - False
2025-01-25 01:51:09.615496   => Current URL - https://capital.com/en-eu
2025-01-25 01:51:09.624129   Current page URL = https://capital.com/en-eu
2025-01-25 01:51:09.626918   self.link = https://capital.com/en-gb
2025-01-25 01:51:09.626931   driver.get(https://capital.com/en-gb) =>
2025-01-25 01:51:12.048387   => Loaded page https://capital.com/en-gb

2025-01-25 01:51:12.052992   => Windows size: {'width': 1920, 'height': 1080}

2025-01-25 01:51:12.054408   Set windows position at (0, 0) =>

2025-01-25 01:51:12.056106   Set resolution 1920 * 1080 =>

2025-01-25 01:51:12.057830   => Resolution set {'width': 1920, 'height': 1080}

2025-01-25 01:51:12.059172   Работа с куками =>
2025-01-25 01:51:12.059183   Prev. role - 'NoAuth'
2025-01-25 01:51:12.059189   Current testing role - 'Auth'

2025-01-25 01:51:12.059194   All cookies must be delete =>
2025-01-25 01:51:12.134811   => All cookies are deleted
2025-01-25 01:51:12.134867   Current page URL = https://capital.com/en-gb
2025-01-25 01:51:12.148287   self.link = https://capital.com/en-gb
2025-01-25 01:51:12.148306   driver.get(https://capital.com/en-gb) =>
2025-01-25 01:51:14.618413   => Loaded page https://capital.com/en-gb

2025-01-25 01:51:14.623423   Step 'Click button [Accept all cookies]'
2025-01-25 01:51:14.623437   Is Visible Button [Accept all cookies]? =>
2025-01-25 01:51:15.967158   => Button [Accept all cookies] is visible
2025-01-25 01:51:16.467306   Is clickable Button [Accept all cookies] =>
2025-01-25 01:51:16.485249   => Button [Accept all cookies] is clickable
2025-01-25 01:51:16.485280   Click Button [Accept all cookies] =>
2025-01-25 01:51:16.752891   => Button [Accept all cookies] is clicked
2025-01-25 01:51:16.752932   => Accepted All Cookies

2025-01-25 01:51:17.253041   Prev. role - 'NoAuth'
2025-01-25 01:51:17.253105   Cur. role - 'Auth'

2025-01-25 01:51:17.253317   Start Authorization
2025-01-25 01:51:17.390671   => 'Login' form is opened
2025-01-25 01:51:17.645632   => "login" and "password" are inputted
2025-01-25 01:51:17.645681   Click [Continue] button on [Login] form =>
2025-01-25 01:51:17.740540   => [Continue] button on [Login] form is clicked
2025-01-25 01:51:17.740590   Set timeout = 30
2025-01-25 01:51:18.939000   => Page with 'Trading Platform | Capital.com' title opened

2025-01-25 01:51:18.939091   2. Checking that the LOGO is present on the page =>
2025-01-25 01:51:19.852024   => 'capital*com' logo is present on the current page

2025-01-25 01:51:20.366316   => The 'Auth' role is set

2025-01-25 01:51:20.366361   Prev. language: ?
2025-01-25 01:51:20.366371   Cur. language - 'en'

2025-01-25 01:51:20.366380   Prev. country: ?
2025-01-25 01:51:20.366388   Cur. country: de

2025-01-25 01:51:20.366562   Set "en" language and "de" country =>
2025-01-25 01:51:20.366580   Current page URL = https://capital.com/en-gb
2025-01-25 01:51:20.410087   self.link = https://capital.com/en-eu
2025-01-25 01:51:20.410109   driver.get(https://capital.com/en-eu) =>
2025-01-25 01:51:22.797253   => Loaded page https://capital.com/en-eu
2025-01-25 01:51:22.812097   => Language is set to 'en'
2025-01-25 01:51:22.812114   => Country is set to 'de'
2025-01-25 01:51:22.812120   => Current URL - https://capital.com/en-eu

2025-01-25 01:51:22.817481   => Current URL - https://capital.com/en-eu

2025-01-25 01:51:22.817505   => END PRECONDITIONS
