{'width': 1920, 'height': 1080}

2025-01-25 01:27:42.453423   worker_id = master

2025-01-25 01:27:42.453448   0. Allure grouping for US_55


2025-01-25 01:27:42.453819   START PRECONDITIONS =>

2025-01-25 01:27:42.453876   => URL after prev. preconditions - https://capital.com/en-gb
2025-01-25 01:27:42.453896   => flag_of_bug - True
2025-01-25 01:27:42.453913   => Current URL - https://capital.com/en-au/ways-to-trade/cfd-trading/what-is-cfd-trading
2025-01-25 01:27:42.492084   Current page URL = https://capital.com/en-au/ways-to-trade/cfd-trading/what-is-cfd-trading
2025-01-25 01:27:42.494800   self.link = https://capital.com/en-gb
2025-01-25 01:27:42.494812   driver.get(https://capital.com/en-gb) =>
2025-01-25 01:27:44.758360   => Loaded page https://capital.com/en-gb

2025-01-25 01:27:44.763304   => Windows size: {'width': 1920, 'height': 1080}

2025-01-25 01:27:44.764971   Set windows position at (0, 0) =>

2025-01-25 01:27:44.766750   Set resolution 1920 * 1080 =>

2025-01-25 01:27:44.768499   => Resolution set {'width': 1920, 'height': 1080}

2025-01-25 01:27:44.769821   Работа с куками =>

2025-01-25 01:27:44.769833   => не требуется

2025-01-25 01:27:44.769869   Prev. role - 'Auth'
2025-01-25 01:27:44.769880   Cur. role - 'Auth'

2025-01-25 01:27:44.769886   => The 'Auth' role is set

2025-01-25 01:27:44.769892   Prev. language: de
2025-01-25 01:27:44.769897   Cur. language - 'en'

2025-01-25 01:27:44.769903   Prev. country: ua
2025-01-25 01:27:44.769908   Cur. country: ae

2025-01-25 01:27:44.770061   Set "en" language and "ae" country =>
2025-01-25 01:27:44.770077   Current page URL = https://capital.com/en-gb
2025-01-25 01:27:44.772766   self.link = https://capital.com/en-ae
2025-01-25 01:27:44.772777   driver.get(https://capital.com/en-ae) =>
2025-01-25 01:27:46.965236   => Loaded page https://capital.com/en-ae
2025-01-25 01:27:46.969915   => Language is set to 'en'
2025-01-25 01:27:46.969934   => Country is set to 'ae'
2025-01-25 01:27:46.969942   => Current URL - https://capital.com/en-ae

2025-01-25 01:27:46.975473   => Current URL - https://capital.com/en-ae

2025-01-25 01:27:46.975499   => END PRECONDITIONS

2025-01-25 01:27:46.975688   START Open "Trading" menu, "CFD trading" submenu =>

2025-01-25 01:27:46.975704   1. Cur URL = https://capital.com/en-ae

2025-01-25 01:27:46.978404   2. Link = https://capital.com/en-ae
2025-01-25 01:27:46.978418   current_page = https://capital.com/en-ae
2025-01-25 01:27:46.981124   link = https://capital.com/en-ae
2025-01-25 01:27:47.493097   => 'Trading' menu is present
2025-01-25 01:27:47.512332   => 'Trading' menu is visible
2025-01-25 01:27:49.399170   => Focus moved to 'Trading' menu
2025-01-25 01:27:49.421101   => 'CFD trading' submenu is visible
2025-01-25 01:27:50.237408   => 'CFD trading' sub-menu clicked
2025-01-25 01:27:55.565439   => Focus moved to 'capital*com' logo
2025-01-25 01:27:55.565483   3. Cur URL = https://capital.com/en-ae/ways-to-trade/cfd-trading
2025-01-25 01:27:55.571606   1. Arrange
2025-01-25 01:27:55.571634   current_page = https://capital.com/en-ae/ways-to-trade/cfd-trading
2025-01-25 01:27:55.574410   link = https://capital.com/en-ae/ways-to-trade/cfd-trading
2025-01-25 01:27:55.577116   Scroll down to the block 'Read more before you trade'
2025-01-25 01:27:55.586336   Click the link [Go CFD trading guide]
2025-01-25 01:27:56.038507   Scroll down to the block 'What is a contract for difference (CFD)?'
2025-01-25 01:27:56.061014   2.Assert
2025-01-25 01:27:56.088875   The words {'indices', 'stocks', 'commodities', 'forex'} are simple text
