{'width': 1280, 'height': 800}

2024-04-27 04:19:44.551910   worker_id = master

2024-04-27 04:19:44.551924   0. Allure grouping v4

2024-04-27 04:19:44.552111   START PRECONDITIONS =>

2024-04-27 04:19:44.552127   => URL after prev. preconditions - https://capital.com/ar
2024-04-27 04:19:44.552137   => flag_of_bug - True
2024-04-27 04:19:44.552147   => Current URL - https://capital.com/ar

2024-04-27 04:19:44.557680   => Windows size - {'width': 1280, 'height': 800}
2024-04-27 04:19:44.558948   Set windows position at (0, 0) =>
2024-04-27 04:19:44.560602   Set resolution 1280 * 800 =>
2024-04-27 04:19:44.562282   => Windows size is set to {'width': 1280, 'height': 800}

2024-04-27 04:19:45.594578   Капчи нет. Идем дальше

2024-04-27 04:19:45.594675   Работа с куками =>

2024-04-27 04:19:45.594689   => не требуется

2024-04-27 04:19:45.594699   Prev. country - 'de'
2024-04-27 04:19:45.594709   Cur. country - 'de'
2024-04-27 04:19:45.594718   => Country set to 'de'

2024-04-27 04:19:45.594727   Prev. language - 'ar'
2024-04-27 04:19:45.594736   Cur. language - 'ar'
2024-04-27 04:19:45.594745   => Language is set to 'ar'

2024-04-27 04:19:45.594753   Prev. role - 'NoAuth'
2024-04-27 04:19:45.594762   Cur. role - 'NoAuth'
2024-04-27 04:19:45.594771   => The 'NoAuth' role is set

2024-04-27 04:19:45.597751   => Current URL - https://capital.com/ar

2024-04-27 04:19:45.597773   => THE END PRECONDITIONS

2024-04-27 04:19:45.597966   1. Arrange_v0
2024-04-27 04:19:45.597984   current_page = https://capital.com/ar
2024-04-27 04:19:45.600526   link = https://capital.com/ar
2024-04-27 04:19:45.603063   IS "Explore our platform" block present on this page? =>
2024-04-27 04:19:45.610496   => "Explore our platform" block present on this page!

2024-04-27 04:19:45.619532   IS "Explore our platform" block visible on this page? =>
2024-04-27 04:19:45.643116   => "Explore our platform" block is visible on this page!

2024-04-27 04:19:45.643160   IS [easy-to-use] link present on this page? =>
2024-04-27 04:19:46.679141   => [easy-to-use] link is NOT present on this page

