{'width': 1280, 'height': 720}

2024-01-11 02:33:47.167388   worker_id = master

2024-01-11 02:33:47.167408   0. Allure grouping v4


2024-01-11 02:33:47.167635   START PRECONDITIONS =>


2024-01-11 02:33:47.167659   {'width': 1280, 'height': 720}

2024-01-11 02:33:47.169343   Set windows position at (0, 0) =>

2024-01-11 02:33:47.271405   Set resolution 1280 * 720 =>

2024-01-11 02:33:47.373535   => Resolution seted {'width': 1280, 'height': 720}

2024-01-11 02:33:51.376539   Капчи нет. Тестим дальше

2024-01-11 02:33:51.376587   Prev. Role: NoReg

2024-01-11 02:33:51.376598   Current role: NoReg

2024-01-11 02:33:51.376607   Prev language: fr

2024-01-11 02:33:51.376615   => Current language: fr

2024-01-11 02:33:51.376623   Prev country: gb

2024-01-11 02:33:51.376632   => Current country: gb

2024-01-11 02:33:51.376639   => THE END PRECONDITIONS
2024-01-11 02:33:51.381624   => Education menu is present
2024-01-11 02:33:51.392138   => Education menu is visible
2024-01-11 02:33:53.155819   => Education menu focus moved

2024-01-11 02:33:54.482223   1. Arrange_v0
2024-01-11 02:33:54.485512   BUTTON_CREATE_YOUR_ACCOUNT is located on the page? =>

2024-01-11 02:33:54.493581   2. Act_v0
2024-01-11 02:33:54.589525   => BUTTON_CREATE_YOUR_ACCOUNT is clicked

2024-01-11 02:33:54.589728   3. Assert_v0
2024-01-11 02:33:54.589804   Start step Check that [Sign up] form is opened
2024-01-11 02:33:54.806342   'Sign up' form opened
2024-01-11 02:33:54.806395   Assert SIGNUP_HEADER =>
2024-01-11 02:33:54.827245   Assert SIGNUP_REF_LOGIN =>
2024-01-11 02:33:54.840915   Assert SIGNUP_PRIVACY_POLICY_ALL_2 =>
2024-01-11 02:33:54.855042   => SIGNUP_PRIVACY_POLICY_ALL
2024-01-11 02:33:54.855078   => 'Signup' form is checked
2024-01-11 02:33:54.855230   Start step Close [Sign up] form =>
2024-01-11 02:33:54.947744   => 'Signup' form closed
