{'width': 1280, 'height': 800}

2024-04-08 17:35:37.291329   worker_id = master

2024-04-08 17:35:37.291343   0. Allure grouping v4

2024-04-08 17:35:37.291544   START PRECONDITIONS =>

2024-04-08 17:35:37.291565   => Current URL - https://capital.com/zh/trade-cryptocurrency

2024-04-08 17:35:37.294407   => URL after prev. preconditions - https://capital.com/zh/trade-cryptocurrency

2024-04-08 17:35:37.294421   => flag_of_bug - False

2024-04-08 17:35:37.294432   => Windows size - {'width': 1280, 'height': 800}
2024-04-08 17:35:37.295705   Set windows position at (0, 0) =>
2024-04-08 17:35:37.397881   Set resolution 1280 * 800 =>
2024-04-08 17:35:37.500131   => Windows size is set to {'width': 1280, 'height': 800}

2024-04-08 17:35:38.527234   Капчи нет. Идем дальше

2024-04-08 17:35:38.527327   Работа с куками

2024-04-08 17:35:38.527341   Prev. country - 'ae'
2024-04-08 17:35:38.527351   Cur. country - 'ae'
2024-04-08 17:35:38.527360   => Country set to 'ae'

2024-04-08 17:35:38.527369   Prev. language - 'zh'
2024-04-08 17:35:38.527378   Cur. language - 'zh'
2024-04-08 17:35:38.527387   => Language is set to 'zh'

2024-04-08 17:35:38.527396   Prev. role - 'NoAuth'
2024-04-08 17:35:38.527404   Cur. role - 'NoAuth'
2024-04-08 17:35:38.527413   => The 'NoAuth' role is set

2024-04-08 17:35:38.530242   => Current URL - https://capital.com/zh/trade-cryptocurrency

2024-04-08 17:35:38.530264   => THE END PRECONDITIONS

2024-04-08 17:35:38.530441   1. Cur URL = https://capital.com/zh/trade-cryptocurrency

2024-04-08 17:35:38.532984   2. Link = https://capital.com/zh/trade-cryptocurrency
2024-04-08 17:35:38.533000   current_page = https://capital.com/zh/trade-cryptocurrency
2024-04-08 17:35:38.535603   link = https://capital.com/zh/trade-cryptocurrency
2024-04-08 17:35:39.044547   => Education menu is present in DOM
2024-04-08 17:35:39.049814   => Education menu is visible
2024-04-08 17:35:40.318573   => Focus moved to Education menu
2024-04-08 17:35:41.091541   => Cryptocurrency trading submenu focus moved and clicked
2024-04-08 17:35:41.368668   => Focus moved to 'capital*com' logo

2024-04-08 17:35:41.368707   3. Cur URL = https://capital.com/zh/trade-cryptocurrency

2024-04-08 17:35:41.374478   1. Arrange
2024-04-08 17:35:41.374502   current_page = https://capital.com/zh/trade-cryptocurrency
2024-04-08 17:35:41.377111   link = https://capital.com/zh/trade-cryptocurrency
2024-04-08 17:35:41.379641   BUTTON_ON_VER_BANNER is present? =>
2024-04-08 17:35:41.387830   => BUTTON_ON_VER_BANNER is present on the page!
2024-04-08 17:35:41.387853   BUTTON_ON_VER_BANNER scroll =>
2024-04-08 17:35:41.429007   BUTTON_ON_VER_BANNER is visible? =>
2024-04-08 17:35:41.468952   => BUTTON_ON_VER_BANNER is visible on the page!
2024-04-08 17:35:41.469182   Start Checking that form [Sign up] popped up on the page =>
2024-04-08 17:35:41.480512   'Sign up' form opened
2024-04-08 17:35:41.480663   Start step Close [Sign up] form =>
2024-04-08 17:35:41.532514   => 'Signup' form closed
2024-04-08 17:35:41.826707   => Focus moved to 'capital*com' logo

2024-04-08 17:35:41.827003   2. Act

2024-04-08 17:35:41.851525   => Button on Vertical banner clickable

2024-04-08 17:35:41.861478   data_id = 425
2024-04-08 17:35:41.966872   => BUTTON_ON_VER_BANNER clicked!

2024-04-08 17:35:41.967206   3. Assert_Login_v0
2024-04-08 17:35:41.967355   Check that 'Login' form is opened
2024-04-08 17:35:45.057910   'Login' form not opened
2024-04-08 17:35:45.058138   Check that new 'Login' form is opened
2024-04-08 17:35:48.147426   => New 'Login' form not opened
2024-04-08 17:35:48.151276   'Login' page not opened
2024-04-08 17:35:51.228310   'Login' form on trading platform not opened
2024-04-08 17:35:51.228514   Start step Check that [Sign up] form is opened
2024-04-08 17:35:51.240121   'Sign up' form opened
2024-04-08 17:35:51.240151   Assert SIGNUP_HEADER =>
2024-04-08 17:35:51.250365   Assert SIGNUP_REF_LOGIN =>
2024-04-08 17:35:51.261998   Assert SIGNUP_PRIVACY_POLICY_ALL_2 =>
2024-04-08 17:35:51.272890   => SIGNUP_PRIVACY_POLICY_ALL
2024-04-08 17:35:51.272934   => 'Signup' form is checked

Bug: Bid:11.02.05.00_05-zh.ae.NoAuth

2024-04-08 17:35:51.272998   Проверка бага в таблице ретеста  =>
