


Current market - Forex
{'width': 1280, 'height': 800}

2024-04-08 16:13:58.607803   worker_id = master

2024-04-08 16:13:58.607826   0. Allure grouping v4

2024-04-08 16:13:58.608199   START PRECONDITIONS =>

2024-04-08 16:13:58.608225   => Current URL - https://capital.com/zh

2024-04-08 16:13:58.634695   => URL after prev. preconditions - https://capital.com/zh

2024-04-08 16:13:58.634713   => flag_of_bug - False

2024-04-08 16:13:58.634727   => Windows size - {'width': 1280, 'height': 800}
2024-04-08 16:13:58.636207   Set windows position at (0, 0) =>
2024-04-08 16:13:58.738492   Set resolution 1280 * 800 =>
2024-04-08 16:13:58.840847   => Windows size is set to {'width': 1280, 'height': 800}

2024-04-08 16:13:59.899730   Капчи нет. Идем дальше

2024-04-08 16:13:59.899835   Работа с куками

2024-04-08 16:13:59.899852   Prev. country - 'ae'
2024-04-08 16:13:59.899864   Cur. country - 'ae'
2024-04-08 16:13:59.899875   => Country set to 'ae'

2024-04-08 16:13:59.899892   Prev. language - 'zh'
2024-04-08 16:13:59.899904   Cur. language - 'zh'
2024-04-08 16:13:59.899914   => Language is set to 'zh'

2024-04-08 16:13:59.899925   Prev. role - 'NoAuth'
2024-04-08 16:13:59.899936   Cur. role - 'NoAuth'
2024-04-08 16:13:59.899947   => The 'NoAuth' role is set

2024-04-08 16:13:59.902840   => Current URL - https://capital.com/zh

2024-04-08 16:13:59.902865   => THE END PRECONDITIONS

2024-04-08 16:13:59.902920   1. Arrange for 'Trading instrument' widget: 'Forex' market
2024-04-08 16:13:59.902935   current_page = https://capital.com/zh
2024-04-08 16:13:59.905630   link = https://capital.com/zh

2024-04-08 16:13:59.908129   IS 'Trading instrument' widget present on this page? =>
2024-04-08 16:13:59.913237   => 'Trading instrument' widget present on this page!

2024-04-08 16:13:59.923059   IS 'Trading instrument' widget visible on this page? =>
2024-04-08 16:13:59.947080   => 'Trading instrument' widget is visible on this page!

2024-04-08 16:13:59.947142   IS MARKET 'Forex' present on this page? =>
2024-04-08 16:13:59.957952   => MARKET 'Forex' present on this page!

2024-04-08 16:13:59.961254   IS MARKET 'Forex' visible on this page? =>
2024-04-08 16:13:59.990263   => MARKET 'Forex' is visible on this page!

2024-04-08 16:13:59.990298   Start Click Tab 'Forex' MARKET =>
2024-04-08 16:13:59.990308   Check that Tab 'Forex' MARKET is clickable =>
2024-04-08 16:14:00.008213   => Tab 'Forex' MARKET is clickable
2024-04-08 16:14:00.058999   => End Click Tab 'Forex' MARKET

2024-04-08 16:14:00.059056   Is Instruments present? =>
2024-04-08 16:14:00.067619   => Instruments is present on this page

2024-04-08 16:14:00.067648   Is Instruments visible? =>
2024-04-08 16:14:00.076958   => Instruments is visible on this page

2024-04-08 16:14:00.076984   Start find random buttons [Trade] on the TAB 'Forex'=>
2024-04-08 16:14:00.077008   => End find '1' random buttons [Trade] from list [4] on the TAB 'Forex'
2024-04-08 16:14:00.077182   2. Act for 'Trading instrument' widget and 'Forex' tab 4-item from item list [4]
2024-04-08 16:14:00.077199   Start Click button TAB 'Forex' in METHOD: element_click =>
2024-04-08 16:14:00.087939   IS MARKET 'Forex' visible on this page? =>
2024-04-08 16:14:00.099845   Check that MARKET 'Forex' is visible on this page =>
2024-04-08 16:14:00.109775   => MARKET 'Forex' is visible on this page!
2024-04-08 16:14:00.109801   Tab 'Forex' MARKET is scroll =>
2024-04-08 16:14:00.121600   => Tab 'Forex' MARKET is scrolled
2024-04-08 16:14:00.121633   Check that Tab 'Forex' MARKET is clickable =>
2024-04-08 16:14:00.133785   => Tab 'Forex' MARKET is clickable
2024-04-08 16:14:00.158629   => End Click Tab 'Forex' MARKET

2024-04-08 16:14:00.158679   Start click button [Trade] =>
2024-04-08 16:14:00.224410   => Button [Trade] for 4-item clicked!


2024-04-08 16:14:00.224539   1. Arrange for 'Trading instrument' widget: 'Forex' market

2024-04-08 16:14:00.224718   3. Assert_Login_v0
2024-04-08 16:14:00.224802   Check that 'Login' form is opened
2024-04-08 16:14:00.418451   'Login' form opened
2024-04-08 16:14:00.418494   Assert LOGIN_REF_SIGNUP =>
2024-04-08 16:14:00.428683   Assert LOGIN_CHECKBOX =>
2024-04-08 16:14:00.445132   Assert LOGIN_PASS_FORGOT =>
2024-04-08 16:14:00.488915   => 'Login' form is checked
2024-04-08 16:14:00.507209   Click 'Close' button on 'Login' form =>
2024-04-08 16:14:00.831152   => Focus moved to 'capital*com' logo
2024-04-08 16:14:00.831200   => 'Login' form closed
