{'width': 1280, 'height': 800}

2024-04-08 16:24:45.003432   worker_id = master

2024-04-08 16:24:45.003446   0. Allure grouping v4

2024-04-08 16:24:45.003629   START PRECONDITIONS =>

2024-04-08 16:24:45.003653   => Current URL - https://capital.com/trading/platform/

2024-04-08 16:24:45.006406   => URL after prev. preconditions - https://capital.com/trading/platform/

2024-04-08 16:24:45.006420   => flag_of_bug - False

2024-04-08 16:24:45.006432   => Windows size - {'width': 1280, 'height': 800}
2024-04-08 16:24:45.007667   Set windows position at (0, 0) =>
2024-04-08 16:24:45.110149   Set resolution 1280 * 800 =>
2024-04-08 16:24:45.212562   => Windows size is set to {'width': 1280, 'height': 800}

2024-04-08 16:24:46.250595   Капчи нет. Идем дальше

2024-04-08 16:24:46.250717   Работа с куками

2024-04-08 16:24:46.250742   Prev. country - 'ae'
2024-04-08 16:24:46.250759   Cur. country - 'ae'
2024-04-08 16:24:46.250769   => Country set to 'ae'

2024-04-08 16:24:46.250778   Prev. language - 'zh'
2024-04-08 16:24:46.250786   Cur. language - 'zh'
2024-04-08 16:24:46.250795   => Language is set to 'zh'

2024-04-08 16:24:46.250804   Prev. role - 'NoAuth'
2024-04-08 16:24:46.250812   Cur. role - 'NoAuth'
2024-04-08 16:24:46.250821   => The 'NoAuth' role is set

2024-04-08 16:24:46.253565   => Current URL - https://capital.com/trading/platform/

2024-04-08 16:24:46.253594   => THE END PRECONDITIONS

2024-04-08 16:24:46.253655   1. Arrange_v0
2024-04-08 16:24:46.253679   current_page = https://capital.com/trading/platform/
2024-04-08 16:24:46.256139   link = https://capital.com/zh/tilray-inc-gu-jia
2024-04-08 16:24:46.258642   Current page URL = https://capital.com/trading/platform/
2024-04-08 16:24:46.261062   self.link = https://capital.com/zh/tilray-inc-gu-jia
2024-04-08 16:24:46.261076   link = https://capital.com/zh/tilray-inc-gu-jia
2024-04-08 16:24:48.127442   => Loaded page https://capital.com/zh/tilray-inc-gu-jia
2024-04-08 16:24:48.131802   BUTTON_BUY is located on the page? =>
2024-04-08 16:24:48.140208   => BUTTON_BUY is located on the page!
2024-04-08 16:24:48.140388   Start Checking that form [Sign up] popped up on the page =>
2024-04-08 16:24:49.682004   '[Sign up]' form was not popped up

2024-04-08 16:24:49.682203   2. Act_v0
2024-04-08 16:24:49.687738   BUTTON_BUY is present? =>
2024-04-08 16:24:49.687763   => BUTTON_BUY is present on the page
2024-04-08 16:24:49.687772   BUTTON_BUY scroll =>
2024-04-08 16:24:49.691188   => BUTTON_BUY scrolled
2024-04-08 16:24:49.711248   BUTTON_BUY is clickable? =>
2024-04-08 16:24:49.735291   BUTTON_BUY CLICK =>
2024-04-08 16:24:49.770054   => BUTTON_BUY clicked!

2024-04-08 16:24:49.770341   3. Assert_Login_v0
2024-04-08 16:24:49.770431   Check that 'Login' form is opened
2024-04-08 16:24:50.279105   'Login' form opened
2024-04-08 16:24:50.279145   Assert LOGIN_REF_SIGNUP =>
2024-04-08 16:24:50.295758   Assert LOGIN_CHECKBOX =>
2024-04-08 16:24:50.313944   Assert LOGIN_PASS_FORGOT =>
2024-04-08 16:24:50.328683   => 'Login' form is checked
2024-04-08 16:24:50.350074   Click 'Close' button on 'Login' form =>
2024-04-08 16:24:50.705234   => Focus moved to 'capital*com' logo
2024-04-08 16:24:50.705278   => 'Login' form closed
