


Current sort - Most volatile
{'width': 1280, 'height': 800}

2024-04-08 16:20:48.840266   worker_id = master

2024-04-08 16:20:48.840280   0. Allure grouping v4

2024-04-08 16:20:48.840465   START PRECONDITIONS =>

2024-04-08 16:20:48.840480   => Current URL - https://capital.com/zh/live-share-prices?t=most

2024-04-08 16:20:48.843333   => URL after prev. preconditions - https://capital.com/zh/live-share-prices?t=most

2024-04-08 16:20:48.843346   => flag_of_bug - False

2024-04-08 16:20:48.843357   => Windows size - {'width': 1280, 'height': 800}
2024-04-08 16:20:48.844607   Set windows position at (0, 0) =>
2024-04-08 16:20:48.947005   Set resolution 1280 * 800 =>
2024-04-08 16:20:49.050957   => Windows size is set to {'width': 1280, 'height': 800}

2024-04-08 16:20:50.091563   Капчи нет. Идем дальше

2024-04-08 16:20:50.091661   Работа с куками

2024-04-08 16:20:50.091675   Prev. country - 'ae'
2024-04-08 16:20:50.091685   Cur. country - 'ae'
2024-04-08 16:20:50.091695   => Country set to 'ae'

2024-04-08 16:20:50.091703   Prev. language - 'zh'
2024-04-08 16:20:50.091712   Cur. language - 'zh'
2024-04-08 16:20:50.091721   => Language is set to 'zh'

2024-04-08 16:20:50.091730   Prev. role - 'NoReg'
2024-04-08 16:20:50.091738   Cur. role - 'NoReg'
2024-04-08 16:20:50.091747   => The 'NoReg' role is set

2024-04-08 16:20:50.094705   => Current URL - https://capital.com/zh/live-share-prices?t=most

2024-04-08 16:20:50.094728   => THE END PRECONDITIONS

2024-04-08 16:20:50.094917   START Open "Markets" menu, "Shares" submenu =>
2024-04-08 16:20:50.094933   1. Cur URL = https://capital.com/zh/live-share-prices?t=most
2024-04-08 16:20:50.098337   2. Link = https://capital.com/zh/live-share-prices?t=most
2024-04-08 16:20:50.098353   current_page = https://capital.com/zh/live-share-prices?t=most
2024-04-08 16:20:50.100994   link = https://capital.com/zh/live-share-prices?t=most
2024-04-08 16:20:50.610180   => 'Markets' menu is present
2024-04-08 16:20:50.625752   => 'Markets' menu is visible
2024-04-08 16:20:51.899138   => Focus moved to 'Markets' menu
2024-04-08 16:20:53.168573   => Focus moved to 'Shares' submenu and clicked
2024-04-08 16:20:53.449482   => Focus moved to 'capital*com' logo
2024-04-08 16:20:53.449527   3. Cur URL = https://capital.com/zh/live-share-prices?t=most

2024-04-08 16:20:53.455062   1. Arrange for Trading instrument table and "Most volatile" cur_sort
2024-04-08 16:20:53.455085   current_page = https://capital.com/zh/live-share-prices?t=most
2024-04-08 16:20:53.457531   link = https://capital.com/zh/live-share-prices?t=most
2024-04-08 16:20:53.460071   IS TABLE_TRADING_INSTRUMENTS  present on the  page? =>
2024-04-08 16:20:53.465493   => TABLE_TRADING_INSTRUMENTS is present on the page!
2024-04-08 16:20:53.465517   IS FIELD_DROPDOWN_SORT present in the table? =>
2024-04-08 16:20:53.470070   =>  FIELD_DROPDOWN_SORT is present in the table!
2024-04-08 16:20:53.470092   Start scroll and click FIELD_DROPDOWN_SORT =>
