


Current market - Shares
{'width': 1280, 'height': 800}

2024-04-08 16:14:54.842827   worker_id = master

2024-04-08 16:14:54.842841   0. Allure grouping v4

2024-04-08 16:14:54.843024   START PRECONDITIONS =>

2024-04-08 16:14:54.843040   => Current URL - https://capital.com/zh

2024-04-08 16:14:54.849337   => URL after prev. preconditions - https://capital.com/zh

2024-04-08 16:14:54.849353   => flag_of_bug - False

2024-04-08 16:14:54.849366   => Windows size - {'width': 1280, 'height': 800}
2024-04-08 16:14:54.854166   Set windows position at (0, 0) =>
2024-04-08 16:14:54.956534   Set resolution 1280 * 800 =>
2024-04-08 16:14:55.059076   => Windows size is set to {'width': 1280, 'height': 800}

2024-04-08 16:14:56.106095   Капчи нет. Идем дальше

2024-04-08 16:14:56.106191   Работа с куками

2024-04-08 16:14:56.106205   Prev. country - 'ae'
2024-04-08 16:14:56.106215   Cur. country - 'ae'
2024-04-08 16:14:56.106224   => Country set to 'ae'

2024-04-08 16:14:56.106233   Prev. language - 'zh'
2024-04-08 16:14:56.106242   Cur. language - 'zh'
2024-04-08 16:14:56.106250   => Language is set to 'zh'

2024-04-08 16:14:56.106259   Prev. role - 'NoReg'
2024-04-08 16:14:56.106268   Cur. role - 'NoReg'
2024-04-08 16:14:56.106276   => The 'NoReg' role is set

2024-04-08 16:14:56.109126   => Current URL - https://capital.com/zh

2024-04-08 16:14:56.109146   => THE END PRECONDITIONS

2024-04-08 16:14:56.109189   1. Arrange for 'Trading instrument' widget: 'Shares' market
2024-04-08 16:14:56.109204   current_page = https://capital.com/zh
2024-04-08 16:14:56.114795   link = https://capital.com/zh

2024-04-08 16:14:56.117436   IS 'Trading instrument' widget present on this page? =>
2024-04-08 16:14:56.122649   => 'Trading instrument' widget present on this page!

2024-04-08 16:14:56.133181   IS 'Trading instrument' widget visible on this page? =>
2024-04-08 16:14:56.142820   => 'Trading instrument' widget is visible on this page!

2024-04-08 16:14:56.142849   IS MARKET 'Shares' present on this page? =>
2024-04-08 16:14:56.155512   => MARKET 'Shares' present on this page!

2024-04-08 16:14:56.158796   IS MARKET 'Shares' visible on this page? =>
2024-04-08 16:14:56.186558   => MARKET 'Shares' is visible on this page!

2024-04-08 16:14:56.186595   Start Click Tab 'Shares' MARKET =>
2024-04-08 16:14:56.186606   Check that Tab 'Shares' MARKET is clickable =>
2024-04-08 16:14:56.203394   => Tab 'Shares' MARKET is clickable
