{'width': 1280, 'height': 800}

2024-04-08 17:36:31.205487   worker_id = master

2024-04-08 17:36:31.205501   0. Allure grouping v4

2024-04-08 17:36:31.205683   START PRECONDITIONS =>

2024-04-08 17:36:31.205699   => Current URL - https://capital.com/zh/trade-cryptocurrency

2024-04-08 17:36:31.208343   => URL after prev. preconditions - https://capital.com/zh

2024-04-08 17:36:31.208357   => flag_of_bug - False

2024-04-08 17:36:31.208368   => Windows size - {'width': 1280, 'height': 800}
2024-04-08 17:36:31.209658   Set windows position at (0, 0) =>
2024-04-08 17:36:31.311827   Set resolution 1280 * 800 =>
2024-04-08 17:36:31.414083   => Windows size is set to {'width': 1280, 'height': 800}

2024-04-08 17:36:32.440706   Капчи нет. Идем дальше

2024-04-08 17:36:32.440789   Работа с куками

2024-04-08 17:36:32.440803   Prev. country - 'ae'
2024-04-08 17:36:32.440812   Cur. country - 'ae'
2024-04-08 17:36:32.440821   => Country set to 'ae'

2024-04-08 17:36:32.440830   Prev. language - 'zh'
2024-04-08 17:36:32.440839   Cur. language - 'zh'
2024-04-08 17:36:32.440847   => Language is set to 'zh'

2024-04-08 17:36:32.440856   Prev. role - 'NoReg'
2024-04-08 17:36:32.440865   Cur. role - 'NoReg'
2024-04-08 17:36:32.440874   => The 'NoReg' role is set

2024-04-08 17:36:32.443647   => Current URL - https://capital.com/zh/trade-cryptocurrency

2024-04-08 17:36:32.443669   => THE END PRECONDITIONS

2024-04-08 17:36:32.443842   1. Cur URL = https://capital.com/zh/trade-cryptocurrency

2024-04-08 17:36:32.446333   2. Link = https://capital.com/zh/trade-cryptocurrency
2024-04-08 17:36:32.446348   current_page = https://capital.com/zh/trade-cryptocurrency
2024-04-08 17:36:32.449346   link = https://capital.com/zh/trade-cryptocurrency
2024-04-08 17:36:32.958078   => Education menu is present in DOM
2024-04-08 17:36:32.963037   => Education menu is visible
2024-04-08 17:36:34.233596   => Focus moved to Education menu
2024-04-08 17:36:35.839776   => Cryptocurrency trading submenu focus moved and clicked
2024-04-08 17:36:36.133189   => Focus moved to 'capital*com' logo

2024-04-08 17:36:36.133234   3. Cur URL = https://capital.com/zh/trade-cryptocurrency

2024-04-08 17:36:36.139065   1. Arrange_v0
2024-04-08 17:36:36.139089   current_page = https://capital.com/zh/trade-cryptocurrency
2024-04-08 17:36:36.141564   link = https://capital.com/zh/trade-cryptocurrency
2024-04-08 17:36:36.153487   => BUTTON_TRY_DEMO is present on this page
2024-04-08 17:36:36.153520   BUTTON_TRY_DEMO scroll =>
2024-04-08 17:36:36.156950   BUTTON_TRY_DEMO is visible? =>
2024-04-08 17:36:36.171784   => BUTTON_TRY_DEMO is visible on this page

2024-04-08 17:36:36.171946   2. Act_v0
2024-04-08 17:36:36.177032   BUTTON_TRY_DEMO is clickable? =>
2024-04-08 17:36:36.202820   => BUTTON_TRY_DEMO clicked!

2024-04-08 17:36:36.203086   3. Assert_v0
2024-04-08 17:36:36.203183   Start step Check that [Sign up] form is opened
2024-04-08 17:36:36.509978   'Sign up' form opened
2024-04-08 17:36:36.510016   Assert SIGNUP_HEADER =>
2024-04-08 17:36:36.523745   Assert SIGNUP_REF_LOGIN =>
2024-04-08 17:36:36.535614   Assert SIGNUP_PRIVACY_POLICY_ALL_2 =>
2024-04-08 17:36:36.545748   => SIGNUP_PRIVACY_POLICY_ALL
2024-04-08 17:36:36.545778   => 'Signup' form is checked
2024-04-08 17:36:36.545963   Start step Close [Sign up] form =>
2024-04-08 17:36:36.628450   => 'Signup' form closed
2024-04-08 17:36:36.899431   => Focus moved to 'capital*com' logo
