{'width': 1280, 'height': 800}

2024-05-31 06:57:59.748068   worker_id = master

2024-05-31 06:57:59.748068   0. Allure grouping v4

2024-05-31 06:57:59.748068   START PRECONDITIONS =>

2024-05-31 06:57:59.748068   => URL after prev. preconditions - https://capital.com/
2024-05-31 06:57:59.748068   => flag_of_bug - False
2024-05-31 06:57:59.748068   => Current URL - https://capital.com/

2024-05-31 06:57:59.755060   => Windows size: {'width': 1280, 'height': 800}
2024-05-31 06:57:59.757066   Set windows position at (0, 0) =>
2024-05-31 06:57:59.762064   Set resolution 1280 * 800 =>
2024-05-31 06:57:59.764063   => Windows size is set to {'width': 1280, 'height': 800}

2024-05-31 06:58:00.768797   Капчи нет. Идем дальше

2024-05-31 06:58:00.769799   Работа с куками =>

2024-05-31 06:58:00.769799   => не требуется

2024-05-31 06:58:00.769799   Prev. country - 'au'
2024-05-31 06:58:00.769799   Cur. country - 'au'
2024-05-31 06:58:00.769799   => Country set to 'au'

2024-05-31 06:58:00.769799   Prev. language - 'en'
2024-05-31 06:58:00.769799   Cur. language - 'en'
2024-05-31 06:58:00.769799   => Language is set to 'en'

2024-05-31 06:58:00.769799   Prev. role - 'NoAuth'
2024-05-31 06:58:00.769799   Cur. role - 'NoAuth'
2024-05-31 06:58:00.769799   => The 'NoAuth' role is set

2024-05-31 06:58:00.772796   => Current URL - https://capital.com/

2024-05-31 06:58:00.772796   => THE END PRECONDITIONS

2024-05-31 06:58:00.772796   1. Arrange_v0
2024-05-31 06:58:00.772796   current_page = https://capital.com/
2024-05-31 06:58:00.778797   link = https://capital.com/eur-jpy-rate
2024-05-31 06:58:00.781801   Current page URL = https://capital.com/
2024-05-31 06:58:00.785799   self.link = https://capital.com/eur-jpy-rate
2024-05-31 06:58:00.785799   driver.get(https://capital.com/eur-jpy-rate) =>
2024-05-31 06:58:02.670909   => Loaded page https://capital.com/eur-jpy-rate
2024-05-31 06:58:02.688617   Is button BUTTON_VIEW_DETAILED_CHART present on the page? =>
2024-05-31 06:58:02.688617   => BUTTON_VIEW_DETAILED_CHART is present on the page
2024-05-31 06:58:02.688617   BUTTON_VIEW_DETAILED_CHART scroll =>
2024-05-31 06:58:02.697745   => BUTTON_VIEW_DETAILED_CHART scrolled
2024-05-31 06:58:02.697745   Start Checking that form [Sign up] popped up on the page =>
2024-05-31 06:58:04.234095   '[Sign up]' form was not popped up

2024-05-31 06:58:04.234095   2. Act_v0
2024-05-31 06:58:04.234095   Start Click button [View Detailed Chart] =>
2024-05-31 06:58:04.253990   BUTTON_VIEW_DETAILED_CHART is clickable =>
2024-05-31 06:58:04.302633 => BUTTON_VIEW_DETAILED_CHART clicked

2024-05-31 06:58:04.302633   3. Assert_Login_v0
2024-05-31 06:58:04.302633   Check that 'Login' form is opened
2024-05-31 06:58:04.551712   'Login' form opened
2024-05-31 06:58:04.551712   Assert LOGIN_REF_SIGNUP =>
2024-05-31 06:58:04.565256   Assert LOGIN_CHECKBOX =>
2024-05-31 06:58:04.590429   Assert LOGIN_PASS_FORGOT =>
2024-05-31 06:58:04.615921   => 'Login' form is checked
2024-05-31 06:58:04.641577   Click 'Close' button on 'Login' form =>
2024-05-31 06:58:05.011707   => Focus moved to 'capital*com' logo
2024-05-31 06:58:05.011707   => 'Login' form closed
