


Current market - Cryptocurrencies



Current sort - Most volatile
{'width': 1280, 'height': 800}

2024-05-01 13:57:23.195123   worker_id = master

2024-05-01 13:57:23.195137   0. Allure grouping v4

2024-05-01 13:57:23.195321   START PRECONDITIONS =>

2024-05-01 13:57:23.195336   => URL after prev. preconditions - https://capital.com/es
2024-05-01 13:57:23.195346   => flag_of_bug - True
2024-05-01 13:57:23.195357   => Current URL - https://capital.com/es/instrumentos-financieros-derivados
2024-05-01 13:57:23.201287   Current page URL = https://capital.com/es/instrumentos-financieros-derivados
2024-05-01 13:57:23.203809   self.link = https://capital.com/es
2024-05-01 13:57:23.203823   driver.get(https://capital.com/es) =>
2024-05-01 13:57:25.079330   => Loaded page https://capital.com/es

2024-05-01 13:57:25.086120   => Windows size - {'width': 1280, 'height': 800}
2024-05-01 13:57:25.087575   Set windows position at (0, 0) =>
2024-05-01 13:57:25.089244   Set resolution 1280 * 800 =>
2024-05-01 13:57:25.090869   => Windows size is set to {'width': 1280, 'height': 800}

2024-05-01 13:57:26.133475   Капчи нет. Идем дальше

2024-05-01 13:57:26.133565   Работа с куками =>

2024-05-01 13:57:26.133579   => не требуется

2024-05-01 13:57:26.133589   Prev. country - 'ae'
2024-05-01 13:57:26.133599   Cur. country - 'ae'
2024-05-01 13:57:26.133608   => Country set to 'ae'

2024-05-01 13:57:26.133617   Prev. language - 'es'
2024-05-01 13:57:26.133625   Cur. language - 'es'
2024-05-01 13:57:26.133635   => Language is set to 'es'

2024-05-01 13:57:26.133643   Prev. role - 'NoAuth'
2024-05-01 13:57:26.133652   Cur. role - 'NoAuth'
2024-05-01 13:57:26.133661   => The 'NoAuth' role is set

2024-05-01 13:57:26.136461   => Current URL - https://capital.com/es

2024-05-01 13:57:26.136483   => THE END PRECONDITIONS

2024-05-01 13:57:26.136661   START Open "Markets" menu, "All Markets" submenu =>

2024-05-01 13:57:26.136677   1. Cur URL = https://capital.com/es

2024-05-01 13:57:26.139217   2. Link = https://capital.com/es
2024-05-01 13:57:26.139233   current_page = https://capital.com/es
2024-05-01 13:57:26.141720   link = https://capital.com/es
2024-05-01 13:57:26.654995   => 'Markets' menu is present
2024-05-01 13:57:26.673169   => 'Markets' menu is visible
2024-05-01 13:57:27.948997   => Focus moved to 'Markets' menu
2024-05-01 13:57:27.957828   => 'Markets > All Markets' submenu is present
2024-05-01 13:57:29.707732   => Focus moved to 'capital*com' logo

2024-05-01 13:57:29.707774   3. Cur URL = https://capital.com/es/instrumentos-financieros-derivados

2024-05-01 13:57:29.713230   1. Arrange for TABLE_TRADING_INSTRUMENTS and 'Most volatile' cur_sort
2024-05-01 13:57:29.713257   current_page = https://capital.com/es/instrumentos-financieros-derivados
2024-05-01 13:57:29.715791   link = https://capital.com/es/instrumentos-financieros-derivados
2024-05-01 13:57:29.718237   TABLE_TRADING_INSTRUMENTS present on this page? =>
2024-05-01 13:57:29.725881   => TABLE_TRADING_INSTRUMENTS is present on the page!
2024-05-01 13:57:29.725904   IS MARKETS_LIST present on this page? =>
2024-05-01 13:57:29.732964   Start scroll to markets list =>
2024-05-01 13:57:29.737190   => MARKETS_LIST is present on the page!
2024-05-01 13:57:29.737223   Start scroll and click cur_market 'Cryptocurrencies' =>
2024-05-01 13:57:29.780657   => End Click cur_market "Cryptocurrencies"
2024-05-01 13:57:29.780708   IS FIELD_DROPDOWN_SORT present in the Live prices table? =>
2024-05-01 13:57:29.812541   =>  FIELD_DROPDOWN_SORT is present in the table!
2024-05-01 13:57:29.812592   Start scroll and click FIELD_DROPDOWN_SORT =>
2024-05-01 13:57:29.848486   Is item_sort_list visible on the FIELD_DROPDOWN_SORT ? =>
2024-05-01 13:57:29.866735   => item_sort_list is visible on the FIELD_DROPDOWN_SORT!
2024-05-01 13:57:29.866767   Is cur_sort "Most volatile" present in item_sort_list? =>
2024-05-01 13:57:29.874652   => cur_sort "Most volatile" is present in item_sort_list!
2024-05-01 13:57:29.874677   Start click cur_sort "Most volatile" =>
2024-05-01 13:57:29.905177   => End Click cur_sort "Most volatile"

2024-05-01 13:57:29.905230   Buttons [Sell] is visible and sum buttons no zero? =>
2024-05-01 13:57:29.915097   => Buttons [Sell] is visible and sum buttons no zero!

2024-05-01 13:57:29.915134   Start find 1 random buttons [Sell] on cur_sort=>
2024-05-01 13:57:29.922086   => End find 1 random buttons [Sell] on the cur_sort "Most volatile"

2024-05-01 13:57:29.922117   List of random items = [3]
2024-05-01 13:57:29.922331   2. Act for trading instrument, "Most volatile" cur_sort and "Cryptocurrencies" cur_market
