{'width': 1280, 'height': 800}

2024-05-01 15:48:33.624190   worker_id = master

2024-05-01 15:48:33.624204   0. Allure grouping v4

2024-05-01 15:48:33.624388   START PRECONDITIONS =>

2024-05-01 15:48:33.624404   => URL after prev. preconditions - https://capital.com/es
2024-05-01 15:48:33.624414   => flag_of_bug - True
2024-05-01 15:48:33.624424   => Current URL - https://capital.com/trading/platform/
2024-05-01 15:48:33.629997   Current page URL = https://capital.com/trading/platform/
2024-05-01 15:48:33.632576   self.link = https://capital.com/es
2024-05-01 15:48:33.632590   driver.get(https://capital.com/es) =>
2024-05-01 15:48:35.870696   => Loaded page https://capital.com/es

2024-05-01 15:48:35.875447   => Windows size - {'width': 1280, 'height': 800}
2024-05-01 15:48:35.876880   Set windows position at (0, 0) =>
2024-05-01 15:48:35.878561   Set resolution 1280 * 800 =>
2024-05-01 15:48:35.882296   => Windows size is set to {'width': 1280, 'height': 800}

2024-05-01 15:48:36.922957   Капчи нет. Идем дальше

2024-05-01 15:48:36.923049   Работа с куками =>

2024-05-01 15:48:36.923063   => не требуется

2024-05-01 15:48:36.923072   Prev. country - 'ae'
2024-05-01 15:48:36.923082   Cur. country - 'ae'
2024-05-01 15:48:36.923091   => Country set to 'ae'

2024-05-01 15:48:36.923100   Prev. language - 'es'
2024-05-01 15:48:36.923109   Cur. language - 'es'
2024-05-01 15:48:36.923118   => Language is set to 'es'

2024-05-01 15:48:36.923131   Prev. role - 'Auth'
2024-05-01 15:48:36.923140   Cur. role - 'Auth'
2024-05-01 15:48:36.923149   => The 'Auth' role is set

2024-05-01 15:48:36.925951   => Current URL - https://capital.com/es

2024-05-01 15:48:36.925977   => THE END PRECONDITIONS

2024-05-01 15:48:36.926163   1. Cur URL = https://capital.com/es

2024-05-01 15:48:36.928798   2. Link = https://capital.com/es
2024-05-01 15:48:36.928814   current_page = https://capital.com/es
2024-05-01 15:48:36.931364   link = https://capital.com/es
2024-05-01 15:48:37.443434   => Education menu is present in DOM
2024-05-01 15:48:37.451438   => Education menu is visible
2024-05-01 15:48:38.747042   => Focus moved to Education menu
2024-05-01 15:48:42.017459   => Focus moved to 'capital*com' logo

2024-05-01 15:48:42.017512   3. Cur URL = https://capital.com/es/trade-commodities

2024-05-01 15:48:42.023224   1. Arrange
2024-05-01 15:48:42.023252   current_page = https://capital.com/es/trade-commodities
2024-05-01 15:48:42.025800   link = https://capital.com/es/trade-commodities
2024-05-01 15:48:42.028387   BUTTON_ON_VER_BANNER is present? =>
2024-05-01 15:48:42.037966   => BUTTON_ON_VER_BANNER is present on the page!
2024-05-01 15:48:42.038000   BUTTON_ON_VER_BANNER scroll =>
2024-05-01 15:48:42.042041   BUTTON_ON_VER_BANNER is visible? =>
2024-05-01 15:48:42.085108   => BUTTON_ON_VER_BANNER is visible on the page!
2024-05-01 15:48:42.085381   Start Checking that form [Sign up] popped up on the page =>
2024-05-01 15:48:43.611320   '[Sign up]' form was not popped up

2024-05-01 15:48:43.611512   2. Act

2024-05-01 15:48:43.629086   => Button on Vertical banner clickable

2024-05-01 15:48:43.633827   data_id = 196
2024-05-01 15:48:49.461105   => BUTTON_ON_VER_BANNER clicked!
2024-05-01 15:48:49.461205   For Vertical banner [type-id=196] Trading platform should be open in Live Mode =>

2024-05-01 15:48:49.461450   3. Assert_v4

2024-05-01 15:48:49.461474   
2024-05-01 15:48:49.461582   Checking that the trading platform page has opened (v4) =>
2024-05-01 15:48:49.956602   Checking way # 1 => 

2024-05-01 15:48:49.956797   1. Checking that the Trading platform (or TradingView site) page has valid title =>
2024-05-01 15:48:50.004733   => The title of current page is 'Trading Platform | Capital.com'

2024-05-01 15:48:50.004894   2. Checking that the LOGO is present on the page =>
2024-05-01 15:48:51.578895   => 'capital*com' logo is present on the current page

2024-05-01 15:48:51.578949   tpd = False
2024-05-01 15:48:53.280794   => Driver.backed
