{'width': 1280, 'height': 800}

2024-05-01 15:23:46.845070   worker_id = master

2024-05-01 15:23:46.845083   0. Allure grouping v4

2024-05-01 15:23:46.845265   START PRECONDITIONS =>

2024-05-01 15:23:46.845281   => URL after prev. preconditions - https://capital.com/es
2024-05-01 15:23:46.845290   => flag_of_bug - False
2024-05-01 15:23:46.845301   => Current URL - https://capital.com/es/online-finance-courses
2024-05-01 15:23:46.850382   Current page URL = https://capital.com/es/online-finance-courses
2024-05-01 15:23:46.852854   self.link = https://capital.com/es
2024-05-01 15:23:46.852867   driver.get(https://capital.com/es) =>
2024-05-01 15:23:50.257092   => Loaded page https://capital.com/es

2024-05-01 15:23:50.261548   => Windows size - {'width': 1280, 'height': 800}
2024-05-01 15:23:50.262928   Set windows position at (0, 0) =>
2024-05-01 15:23:50.264574   Set resolution 1280 * 800 =>
2024-05-01 15:23:50.266157   => Windows size is set to {'width': 1280, 'height': 800}

2024-05-01 15:23:51.297979   Капчи нет. Идем дальше

2024-05-01 15:23:51.298077   Работа с куками =>

2024-05-01 15:23:51.298090   => не требуется

2024-05-01 15:23:51.298100   Prev. country - 'ae'
2024-05-01 15:23:51.298109   Cur. country - 'ae'
2024-05-01 15:23:51.298118   => Country set to 'ae'

2024-05-01 15:23:51.298127   Prev. language - 'es'
2024-05-01 15:23:51.298136   Cur. language - 'es'
2024-05-01 15:23:51.298145   => Language is set to 'es'

2024-05-01 15:23:51.298153   Prev. role - 'NoReg'
2024-05-01 15:23:51.298162   Cur. role - 'NoReg'
2024-05-01 15:23:51.298171   => The 'NoReg' role is set

2024-05-01 15:23:51.300931   => Current URL - https://capital.com/es

2024-05-01 15:23:51.300953   => THE END PRECONDITIONS
2024-05-01 15:23:51.809245   => Education menu is present in DOM
2024-05-01 15:23:51.814235   => Education menu is visible
2024-05-01 15:23:53.091487   => Focus moved to Education menu

2024-05-01 15:23:54.531287   1. Arrange_v0
2024-05-01 15:23:54.531324   current_page = https://capital.com/es/online-finance-courses
2024-05-01 15:23:54.534237   link = https://capital.com/es/online-finance-courses
2024-05-01 15:23:54.537523   BUTTON_CREATE_YOUR_ACCOUNT is located on the page? =>

2024-05-01 15:23:54.546560   2. Act_v0: Define of locator

2024-05-01 15:23:54.546591   2. Act_v0: Go to web element

2024-05-01 15:23:55.614546   2. Act_v0: Click web element
2024-05-01 15:23:55.640641   => BUTTON_CREATE_YOUR_ACCOUNT is clicked

2024-05-01 15:23:55.640856   3. Assert_v0
2024-05-01 15:23:55.640946   Start step Check that [Sign up] form is opened
2024-05-01 15:23:55.829365   'Sign up' form opened
2024-05-01 15:23:55.829404   Assert SIGNUP_HEADER =>
2024-05-01 15:23:55.840086   Assert SIGNUP_REF_LOGIN =>
2024-05-01 15:23:55.849624   Assert SIGNUP_PRIVACY_POLICY_ALL_2 =>
2024-05-01 15:23:55.860089   => SIGNUP_PRIVACY_POLICY_ALL
2024-05-01 15:23:55.860120   => 'Signup' form is checked
2024-05-01 15:23:55.860337   Start step Close [Sign up] form =>
2024-05-01 15:23:55.922502   => 'Signup' form closed
2024-05-01 15:23:56.189709   => Focus moved to 'capital*com' logo
