{'width': 1280, 'height': 800}

2024-04-23 20:34:17.190253   worker_id = master

2024-04-23 20:34:17.190268   0. Allure grouping v4

2024-04-23 20:34:17.190472   START PRECONDITIONS =>

2024-04-23 20:34:17.190488   => URL after prev. preconditions - https://capital.com/hu
2024-04-23 20:34:17.190497   => flag_of_bug - False
2024-04-23 20:34:17.190508   => Current URL - https://capital.com/hu/eur-jpy-arfolyam
2024-04-23 20:34:17.196253   Current page URL = https://capital.com/hu/eur-jpy-arfolyam
2024-04-23 20:34:17.199101   self.link = https://capital.com/hu
2024-04-23 20:34:17.199124   driver.get(https://capital.com/hu) =>
2024-04-23 20:34:18.933743   => Loaded page https://capital.com/hu

2024-04-23 20:34:18.939422   => Windows size - {'width': 1280, 'height': 800}
2024-04-23 20:34:18.940856   Set windows position at (0, 0) =>
2024-04-23 20:34:19.043299   Set resolution 1280 * 800 =>
2024-04-23 20:34:19.146272   => Windows size is set to {'width': 1280, 'height': 800}

2024-04-23 20:34:20.182361   Капчи нет. Идем дальше

2024-04-23 20:34:20.182461   Работа с куками =>

2024-04-23 20:34:20.182475   => не требуется

2024-04-23 20:34:20.182485   Prev. country - 'de'
2024-04-23 20:34:20.182495   Cur. country - 'de'
2024-04-23 20:34:20.182504   => Country set to 'de'

2024-04-23 20:34:20.182513   Prev. language - 'hu'
2024-04-23 20:34:20.182522   Cur. language - 'hu'
2024-04-23 20:34:20.182531   => Language is set to 'hu'

2024-04-23 20:34:20.182540   Prev. role - 'NoReg'
2024-04-23 20:34:20.182548   Cur. role - 'NoReg'
2024-04-23 20:34:20.182557   => The 'NoReg' role is set

2024-04-23 20:34:20.185427   => Current URL - https://capital.com/hu

2024-04-23 20:34:20.185452   => THE END PRECONDITIONS

2024-04-23 20:34:20.185651   1. Arrange_v0
2024-04-23 20:34:20.185669   current_page = https://capital.com/hu
2024-04-23 20:34:20.188393   link = https://capital.com/hu/eur-jpy-arfolyam
2024-04-23 20:34:20.191036   Current page URL = https://capital.com/hu
2024-04-23 20:34:20.193567   self.link = https://capital.com/hu/eur-jpy-arfolyam
2024-04-23 20:34:20.193582   driver.get(https://capital.com/hu/eur-jpy-arfolyam) =>
2024-04-23 20:34:21.851126   => Loaded page https://capital.com/hu/eur-jpy-arfolyam
2024-04-23 20:34:21.855827   BUTTON_CREATE_YOUR_ACCOUNT is located on the page? =>

2024-04-23 20:34:21.865083   2. Act_v0: Define of locator

2024-04-23 20:34:21.865127   2. Act_v0: Go to web element

2024-04-23 20:34:22.936182   2. Act_v0: Click web element
2024-04-23 20:34:22.971465   => BUTTON_CREATE_YOUR_ACCOUNT is clicked

2024-04-23 20:34:22.971720   3. Assert_v0
2024-04-23 20:34:22.971812   Start step Check that [Sign up] form is opened
2024-04-23 20:34:23.238380   'Sign up' form opened
2024-04-23 20:34:23.238434   Assert SIGNUP_HEADER =>
2024-04-23 20:34:23.252600   Assert SIGNUP_REF_LOGIN =>
2024-04-23 20:34:23.263899   Assert SIGNUP_PRIVACY_POLICY_ALL_2 =>
2024-04-23 20:34:23.279544   => SIGNUP_PRIVACY_POLICY_ALL
2024-04-23 20:34:23.279585   => 'Signup' form is checked
2024-04-23 20:34:23.279797   Start step Close [Sign up] form =>
2024-04-23 20:34:23.369776   => 'Signup' form closed
2024-04-23 20:34:23.650460   => Focus moved to 'capital*com' logo

2024-04-23 20:34:23.799498   *** end fixture Browser = teardown ***

