{'width': 1280, 'height': 800}

2024-04-23 19:51:06.141285   worker_id = master

2024-04-23 19:51:06.141300   0. Allure grouping v4

2024-04-23 19:51:06.141500   START PRECONDITIONS =>

2024-04-23 19:51:06.141517   => URL after prev. preconditions - https://capital.com/hu
2024-04-23 19:51:06.141527   => flag_of_bug - True
2024-04-23 19:51:06.141539   => Current URL - https://capital.com/hu

2024-04-23 19:51:06.147623   => Windows size - {'width': 1280, 'height': 800}
2024-04-23 19:51:06.148998   Set windows position at (0, 0) =>
2024-04-23 19:51:06.251395   Set resolution 1280 * 800 =>
2024-04-23 19:51:06.356100   => Windows size is set to {'width': 1280, 'height': 800}

2024-04-23 19:51:07.405656   Капчи нет. Идем дальше

2024-04-23 19:51:07.406157   Работа с куками =>

2024-04-23 19:51:07.406189   => не требуется

2024-04-23 19:51:07.406200   Prev. country - 'de'
2024-04-23 19:51:07.406210   Cur. country - 'de'
2024-04-23 19:51:07.406219   => Country set to 'de'

2024-04-23 19:51:07.406235   Prev. language - 'hu'
2024-04-23 19:51:07.406250   Cur. language - 'hu'
2024-04-23 19:51:07.406266   => Language is set to 'hu'

2024-04-23 19:51:07.406282   Prev. role - 'NoAuth'
2024-04-23 19:51:07.406313   Cur. role - 'NoAuth'
2024-04-23 19:51:07.406329   => The 'NoAuth' role is set

2024-04-23 19:51:07.409414   => Current URL - https://capital.com/hu

2024-04-23 19:51:07.409436   => THE END PRECONDITIONS

2024-04-23 19:51:07.409648   1. Arrange_v0
2024-04-23 19:51:07.409667   current_page = https://capital.com/hu
2024-04-23 19:51:07.412388   link = https://capital.com/hu
2024-04-23 19:51:07.415011   IS "Explore our platform" block present on this page? =>
2024-04-23 19:51:07.425598   => "Explore our platform" block present on this page!

2024-04-23 19:51:07.457755   IS "Explore our platform" block visible on this page? =>
2024-04-23 19:51:07.492136   => "Explore our platform" block is visible on this page!

2024-04-23 19:51:07.492176   IS [easy-to-use] link present on this page? =>
2024-04-23 19:51:07.507404   => [easy-to-use] link present on this page!

2024-04-23 19:51:07.516763   IS [easy-to-use] link visible on this page? =>
2024-04-23 19:51:07.533192   => [easy-to-use] link is visible on this page!

2024-04-23 19:51:07.533230   [easy-to-use] link scroll =>

2024-04-23 19:51:07.539788   2. Act_v0
2024-04-23 19:51:07.539832   [easy-to-use] link is clickable? =>
2024-04-23 19:51:07.561315   => [easy-to-use] link is clickable!

2024-04-23 19:51:08.656309   => [easy-to-use] link NOT CLICKED

2024-04-23 19:51:08.656563   3. Assert_Login_v0
2024-04-23 19:51:08.656654   Check that 'Login' form is opened
2024-04-23 19:51:11.768103   'Login' form not opened
2024-04-23 19:51:11.768290   Check that new 'Login' form is opened
2024-04-23 19:51:14.893866   => New 'Login' form not opened
2024-04-23 19:51:14.896825   'Login' page not opened
2024-04-23 19:51:17.990874   'Login' form on trading platform not opened
2024-04-23 19:51:17.991082   Start step Check that [Sign up] form is opened
2024-04-23 19:51:18.006531   'Sign up' form opened
2024-04-23 19:51:18.006569   Assert SIGNUP_HEADER =>
2024-04-23 19:51:18.022355   Assert SIGNUP_REF_LOGIN =>
2024-04-23 19:51:18.035268   Assert SIGNUP_PRIVACY_POLICY_ALL_2 =>
2024-04-23 19:51:18.049879   => SIGNUP_PRIVACY_POLICY_ALL
2024-04-23 19:51:18.049909   => 'Signup' form is checked

Bug: Bid:00.00_012-hu.de.NoAuth

2024-04-23 19:51:18.049974   Проверка бага в таблице ретеста  =>

2024-04-23 19:51:18.430892   4. Fixing one row check results into Google Sheet Bugs Report =>
1 cells updated.
2024-04-23 19:51:18.760164   => 4. One row check results into Google Sheet Bugs Report fixed

2024-04-23 19:51:20.467448   4. Fixing one row check results into Google Sheet Bugs Report =>
1 cells updated.
2024-04-23 19:51:20.689503   => 4. One row check results into Google Sheet Bugs Report fixed

2024-04-23 19:51:21.968056   4. Fixing one row check results into Google Sheet Bugs Report =>
1 cells updated.
2024-04-23 19:51:22.180993   => 4. One row check results into Google Sheet Bugs Report fixed

2024-04-23 19:51:22.183753   Добавление новой строки =>

2024-04-23 19:51:23.880380   => Новая строка добавлена

2024-04-23 19:51:26.460786   4. Fixing one row check results into Google Sheet Bugs Report =>
1 cells updated.
2024-04-23 19:51:26.818581   => 4. One row check results into Google Sheet Bugs Report fixed

2024-04-23 19:51:26.821437   4. Fixing one row check results into Google Sheet Bugs Report =>
7 cells updated.
2024-04-23 19:51:27.275223   => 4. One row check results into Google Sheet Bugs Report fixed

2024-04-23 19:51:27.275454   4. Fixing one row check results into Google Sheet Bugs Report =>
2 cells updated.
2024-04-23 19:51:27.659988   => 4. One row check results into Google Sheet Bugs Report fixed

2024-04-23 19:51:27.660244   4. Fixing one row check results into Google Sheet Bugs Report =>
1 cells updated.
2024-04-23 19:51:27.997557   => 4. One row check results into Google Sheet Bugs Report fixed

2024-04-23 19:51:27.997817   4. Fixing one row check results into Google Sheet Bugs Report =>
1 cells updated.
2024-04-23 19:51:28.211917   => 4. One row check results into Google Sheet Bugs Report fixed

2024-04-23 19:51:28.211995   Баг Bid:00.00_012-hu.de.NoAuth-05 добавлен в таблицу 'Bugs Report Auto detect' (для ретестов)
