{'width': 1280, 'height': 800}

2024-04-04 10:52:32.000396   worker_id = master

2024-04-04 10:52:32.000411   0. Allure grouping v4

2024-04-04 10:52:32.000620   START PRECONDITIONS =>

2024-04-04 10:52:32.000636   => Current URL - https://capital.com/cn/trade-forex

2024-04-04 10:52:32.003232   => URL after prev. preconditions - https://capital.com/cn

2024-04-04 10:52:32.003246   => flag_of_bug - False

2024-04-04 10:52:32.003258   => Windows size - {'width': 1280, 'height': 800}
2024-04-04 10:52:32.004562   Set windows position at (0, 0) =>
2024-04-04 10:52:32.109034   Set resolution 1280 * 800 =>
2024-04-04 10:52:32.215571   => Windows size is set to {'width': 1280, 'height': 800}

2024-04-04 10:52:33.266241   Капчи нет. Идем дальше

2024-04-04 10:52:33.266331   Работа с куками

2024-04-04 10:52:33.266345   Prev. country - 'de'
2024-04-04 10:52:33.266356   Cur. country - 'de'
2024-04-04 10:52:33.266365   => Country set to 'de'

2024-04-04 10:52:33.266374   Prev. language - 'cn'
2024-04-04 10:52:33.266383   Cur. language - 'cn'
2024-04-04 10:52:33.266392   => Language is set to 'cn'

2024-04-04 10:52:33.266401   Prev. role - 'Auth'
2024-04-04 10:52:33.266410   Cur. role - 'Auth'
2024-04-04 10:52:33.266419   => The 'Auth' role is set

2024-04-04 10:52:33.269457   => Current URL - https://capital.com/cn/trade-forex

2024-04-04 10:52:33.269480   => THE END PRECONDITIONS

2024-04-04 10:52:33.269662   1. Cur URL = https://capital.com/cn/trade-forex

2024-04-04 10:52:33.272100   2. Link = https://capital.com/cn/trade-forex
2024-04-04 10:52:33.272116   current_page = https://capital.com/cn/trade-forex
2024-04-04 10:52:33.274578   link = https://capital.com/cn/trade-forex
2024-04-04 10:52:33.782887   => Education menu is present in DOM
2024-04-04 10:52:33.787865   => Education menu is visible
2024-04-04 10:52:35.051449   => Focus moved to Education menu
2024-04-04 10:52:35.833686   => Focus moved to Forex trading sub-menu and clicked
2024-04-04 10:52:36.180344   => Focus moved to 'capital*com' logo

2024-04-04 10:52:36.180395   3. Cur URL = https://capital.com/cn/trade-forex

2024-04-04 10:52:36.186787   1. Arrange_v0
2024-04-04 10:52:36.186811   current_page = https://capital.com/cn/trade-forex
2024-04-04 10:52:36.189359   link = https://capital.com/cn/trade-forex
2024-04-04 10:52:36.204311   => BUTTON_TRY_DEMO is present on this page
2024-04-04 10:52:36.204344   BUTTON_TRY_DEMO scroll =>
2024-04-04 10:52:36.207665   BUTTON_TRY_DEMO is visible? =>
2024-04-04 10:52:36.224007   => BUTTON_TRY_DEMO is visible on this page

2024-04-04 10:52:36.224263   2. Act_v0
2024-04-04 10:52:36.233506   BUTTON_TRY_DEMO is clickable? =>
2024-04-04 10:52:36.264677   => BUTTON_TRY_DEMO clicked!

2024-04-04 10:52:36.264955   3. Assert_v4
2024-04-04 10:52:36.265068   Checking that the trading platform page has opened (v4) =>
2024-04-04 10:52:37.403756   Checking way # 1 => 

2024-04-04 10:52:37.403945   1. Checking that the Trading platform (or TradingView site) page has valid title =>
2024-04-04 10:52:37.406382   => The title of current page is 'Trading Platform | Capital.com'

2024-04-04 10:52:37.406452   2. Checking that the LOGO is present on the page =>
2024-04-04 10:52:38.151611   => 'capital*com' logo is present on the current page

2024-04-04 10:52:38.151656   tpd = True
2024-04-04 10:52:38.151699   3.1. Checking that the Trading platform opened in DEMO mode =>
2024-04-04 10:52:38.165093   => The page with https://capital.com/trading/platform/?mode=demo url was opened in DEMO mode
2024-04-04 10:52:39.397374   => Driver.backed
