{'width': 1280, 'height': 800}

2024-04-04 10:53:29.414888   worker_id = master

2024-04-04 10:53:29.414907   0. Allure grouping v4

2024-04-04 10:53:29.415182   START PRECONDITIONS =>

2024-04-04 10:53:29.415198   => Current URL - https://capital.com/cn/trade-forex

2024-04-04 10:53:29.419085   => URL after prev. preconditions - https://capital.com/cn/trade-forex

2024-04-04 10:53:29.419106   => flag_of_bug - False

2024-04-04 10:53:29.419131   => Windows size - {'width': 1280, 'height': 800}
2024-04-04 10:53:29.422852   Set windows position at (0, 0) =>
2024-04-04 10:53:29.527812   Set resolution 1280 * 800 =>
2024-04-04 10:53:29.630408   => Windows size is set to {'width': 1280, 'height': 800}

2024-04-04 10:53:30.677701   Капчи нет. Идем дальше

2024-04-04 10:53:30.677794   Работа с куками

2024-04-04 10:53:30.677807   Prev. country - 'de'
2024-04-04 10:53:30.677817   Cur. country - 'de'
2024-04-04 10:53:30.677826   => Country set to 'de'

2024-04-04 10:53:30.677835   Prev. language - 'cn'
2024-04-04 10:53:30.677844   Cur. language - 'cn'
2024-04-04 10:53:30.677852   => Language is set to 'cn'

2024-04-04 10:53:30.677861   Prev. role - 'Auth'
2024-04-04 10:53:30.677870   Cur. role - 'Auth'
2024-04-04 10:53:30.677879   => The 'Auth' role is set

2024-04-04 10:53:30.680625   => Current URL - https://capital.com/cn/trade-forex

2024-04-04 10:53:30.680658   => THE END PRECONDITIONS

2024-04-04 10:53:30.680836   1. Cur URL = https://capital.com/cn/trade-forex

2024-04-04 10:53:30.683345   2. Link = https://capital.com/cn/trade-forex
2024-04-04 10:53:30.683361   current_page = https://capital.com/cn/trade-forex
2024-04-04 10:53:30.685814   link = https://capital.com/cn/trade-forex
2024-04-04 10:53:31.194614   => Education menu is present in DOM
2024-04-04 10:53:31.199671   => Education menu is visible
2024-04-04 10:53:32.463744   => Focus moved to Education menu
2024-04-04 10:53:33.252490   => Focus moved to Forex trading sub-menu and clicked
2024-04-04 10:53:33.517533   => Focus moved to 'capital*com' logo

2024-04-04 10:53:33.517594   3. Cur URL = https://capital.com/cn/trade-forex
2024-04-04 10:53:34.553032
2024-04-04 10:53:34.553071   Forex trading include -1 child items for random select
2024-04-04 10:53:34.553159   The file of hrefs contains the following URLs:
2024-04-04 10:53:34.553184   Test data include 0 item(s)
2024-04-04 10:53:34.553196   The test coverage = -0.0 %
