{'width': 1920, 'height': 1080}

2024-09-05 23:58:05.181787   worker_id = master

2024-09-05 23:58:05.181801   0. Allure grouping for US_55


2024-09-05 23:58:05.181996   START NEW PRECONDITIONS =>

2024-09-05 23:58:05.182012   => URL after prev. preconditions - https://capital.com/en-ae
2024-09-05 23:58:05.182022   => flag_of_bug - True
2024-09-05 23:58:05.182032   => Current URL - https://capital.com/trading/platform/
2024-09-05 23:58:05.187393   Current page URL = https://capital.com/trading/platform/
2024-09-05 23:58:05.189834   self.link = https://capital.com/en-ae
2024-09-05 23:58:05.189847   driver.get(https://capital.com/en-ae) =>
2024-09-05 23:58:06.685284   => Loaded page https://capital.com/en-ae

2024-09-05 23:58:06.749875   => Windows size: {'width': 1920, 'height': 1080}

2024-09-05 23:58:06.751441   Set windows position at (0, 0) =>

2024-09-05 23:58:06.753107   Set resolution 1920 * 1080 =>

2024-09-05 23:58:06.754767   => Resolution set {'width': 1920, 'height': 1080}

2024-09-05 23:58:06.756075   Работа с куками =>
2024-09-05 23:58:06.756089   Prev. role - 'NoReg'
2024-09-05 23:58:06.756099   Current testing role - 'Auth'

2024-09-05 23:58:06.756108   All cookies must be delete =>
2024-09-05 23:58:06.828141   => All cookies are deleted
2024-09-05 23:58:06.828174   Current page URL = https://capital.com/en-ae
2024-09-05 23:58:06.830788   self.link = https://capital.com/en-ae
2024-09-05 23:58:06.830802   driver.get(https://capital.com/en-ae) =>
2024-09-05 23:58:08.319362   => Loaded page https://capital.com/en-ae

2024-09-05 23:58:08.341460   Step 'Click button [Accept all cookies]'
2024-09-05 23:58:08.341472   Is Visible Button [Accept all cookies]? =>
2024-09-05 23:58:09.497877   => Button [Accept all cookies] is visible
2024-09-05 23:58:09.998003   Is clickable Button [Accept all cookies] =>
2024-09-05 23:58:10.013830   => Button [Accept all cookies] is clickable
2024-09-05 23:58:10.013856   Click Button [Accept all cookies] =>
2024-09-05 23:58:10.201418   => Button [Accept all cookies] is clicked
2024-09-05 23:58:10.201466   => Accepted All Cookies

2024-09-05 23:58:10.701573   Prev. role - 'NoReg'
2024-09-05 23:58:10.701629   Cur. role - 'Auth'

2024-09-05 23:58:10.701879   Start Autorization
2024-09-05 23:58:10.772599   => 'Login' form is opened
2024-09-05 23:58:11.018165   => "login" and "password" are inputted
2024-09-05 23:58:11.018221   Click [Continue] button on [Login] form =>
2024-09-05 23:58:11.067284   => [Continue] button on [Login] form is clicked
2024-09-05 23:58:11.067334   Set timeout = 30
2024-09-05 23:58:12.108502   => Page with 'Trading Platform | Capital.com' title opened

2024-09-05 23:58:12.108594   2. Checking that the LOGO is present on the page =>
2024-09-05 23:58:13.483492   => 'capital*com' logo is present on the current page

2024-09-05 23:58:13.846408   => The 'Auth' role is set

2024-09-05 23:58:13.846461   Prev. language: ?
2024-09-05 23:58:13.846477   Cur. language - 'ar'

2024-09-05 23:58:13.846491   Prev. country: ?

2024-09-05 23:58:13.846505   Cur. country: ae
2024-09-05 23:58:13.846519   Set 'ar' language and 'ae' country =>
2024-09-05 23:58:13.846726   Set "ar" language and "ae" country =>
2024-09-05 23:58:13.846754   Current page URL = https://capital.com/en-ae
2024-09-05 23:58:13.928204   self.link = https://capital.com/ar-ae
2024-09-05 23:58:13.928230   driver.get(https://capital.com/ar-ae) =>
2024-09-05 23:58:15.409055   => Loaded page https://capital.com/ar-ae
2024-09-05 23:58:15.415608   => Language is set to 'ar'
2024-09-05 23:58:15.415624   => Country is set to 'ae'
2024-09-05 23:58:15.415633   => Current URL - https://capital.com/ar-ae

2024-09-05 23:58:15.420471   => Current URL - https://capital.com/ar-ae

2024-09-05 23:58:15.420493   => THE END PRECONDITIONS

2024-09-05 23:58:15.420677   START Open "Learn" menu, "Demo" submenu =>

2024-09-05 23:58:15.420693   1. Cur URL = https://capital.com/ar-ae

2024-09-05 23:58:15.423110   2. Link = https://capital.com/ar-ae
2024-09-05 23:58:15.423126   current_page = https://capital.com/ar-ae
2024-09-05 23:58:15.428046   link = https://capital.com/ar-ae
2024-09-05 23:58:15.939440   => 'Learn' menu is present
2024-09-05 23:58:15.958563   => 'Learn' menu is visible
2024-09-05 23:58:17.427358   => Focus moved to 'Learn' menu
2024-09-05 23:58:17.447157   => 'Demo' submenu is visible
2024-09-05 23:58:18.228976   => 'Demo' sub-menu clicked
2024-09-05 23:58:28.526886   => Focus moved to 'capital*com' logo
2024-09-05 23:58:28.526936   3. Cur URL = https://capital.com/ar-ae/trading-platforms/demo-account

2024-09-05 23:58:28.532244   Click the [More] button on the Cryptocurrencies tile =>
2024-09-05 23:58:29.333163   => Done, the button is clicked
2024-09-05 23:58:29.333218   Check if the Cryptocurrency Trading page is opened => 
2024-09-05 23:58:34.359221   => The page is not opened (Breadcrumb Element not found)
