{'width': 1280, 'height': 720}

2023-12-18 07:11:48.881728   worker_id = master

2023-12-18 07:11:48.881745   0. Allure grouping


2023-12-18 07:11:48.881895   START PRECONDITIONS =>


2023-12-18 07:11:48.881909   {'width': 1280, 'height': 720}

2023-12-18 07:11:48.883183   Set windows position at (320, 180) =>

2023-12-18 07:11:48.985598   Set resolution 1280 * 720 =>

2023-12-18 07:11:49.088163   => Resolution seted {'width': 1280, 'height': 720}

2023-12-18 07:11:53.124225   Капчи нет. Тестим дальше

2023-12-18 07:11:53.124272   Prev. Role: NoAuth

2023-12-18 07:11:53.124281   Current role: NoAuth

2023-12-18 07:11:53.124290   Prev language: zh

2023-12-18 07:11:53.124297   => Current language: zh

2023-12-18 07:11:53.124305   Prev country: gb

2023-12-18 07:11:53.124313   => Current country: gb

2023-12-18 07:11:53.124321   => THE END PRECONDITIONS

2023-12-18 07:11:53.124379   1. Arrange_v0
2023-12-18 07:11:53.626113   Load page https://capital.com/zh/trade-cfd-online-markets
2023-12-18 07:11:53.849616   BUTTON_START_TRADING scroll =>
2023-12-18 07:11:53.858809   BUTTON_START_TRADING is visible? =>
2023-12-18 07:11:53.878664   => BUTTON_START_TRADING is visible on the page!

2023-12-18 07:11:53.878863   2. Act_v0
2023-12-18 07:11:53.878880   Start Click button [Start Trading] =>
2023-12-18 07:11:53.888597   BUTTON_START_TRADING is clickable? =>
2023-12-18 07:11:53.902040   BUTTON_START_TRADING click =>
2023-12-18 07:11:53.993538   => BUTTON_START_TRADING clicked

2023-12-18 07:11:53.993761   3. Assert_Login_v0
2023-12-18 07:11:58.530920   'Login' form not opened
2023-12-18 07:11:58.534958   'Login' page not opened
2023-12-18 07:12:03.074569   'Login' form on trading platform not opened
2023-12-18 07:12:03.074755   Start step Check that [Sign up] form is opened
2023-12-18 07:12:03.090229   'Sign up' form opened
2023-12-18 07:12:03.090257   Assert SIGNUP_HEADER =>
2023-12-18 07:12:03.104231   Assert SIGNUP_REF_LOGIN =>
2023-12-18 07:12:03.118628   Assert SIGNUP_PRIVACY_POLICY_ALL_2 =>
2023-12-18 07:12:03.134015   => SIGNUP_PRIVACY_POLICY_ALL
2023-12-18 07:12:03.134053   => 'Signup' form is checked
