{'width': 1280, 'height': 800}

2024-04-23 15:07:51.086018   worker_id = master

2024-04-23 15:07:51.086031   0. Allure grouping v4

2024-04-23 15:07:51.086212   START PRECONDITIONS =>

2024-04-23 15:07:51.086228   => URL after prev. preconditions - https://capital.com/de
2024-04-23 15:07:51.086237   => flag_of_bug - False
2024-04-23 15:07:51.086248   => Current URL - https://capital.com/de/trade-eos
2024-04-23 15:07:51.091298   Current page URL = https://capital.com/de/trade-eos
2024-04-23 15:07:51.097413   self.link = https://capital.com/de
2024-04-23 15:07:51.097427   driver.get(https://capital.com/de) =>
2024-04-23 15:07:54.340253   => Loaded page https://capital.com/de

2024-04-23 15:07:54.346381   => Windows size - {'width': 1280, 'height': 800}
2024-04-23 15:07:54.347879   Set windows position at (0, 0) =>
2024-04-23 15:07:54.450222   Set resolution 1280 * 800 =>
2024-04-23 15:07:54.552632   => Windows size is set to {'width': 1280, 'height': 800}

2024-04-23 15:07:55.585596   Капчи нет. Идем дальше

2024-04-23 15:07:55.585684   Работа с куками =>

2024-04-23 15:07:55.585698   => не требуется

2024-04-23 15:07:55.585708   Prev. country - 'ae'
2024-04-23 15:07:55.585717   Cur. country - 'ae'
2024-04-23 15:07:55.585726   => Country set to 'ae'

2024-04-23 15:07:55.585735   Prev. language - 'de'
2024-04-23 15:07:55.585743   Cur. language - 'de'
2024-04-23 15:07:55.585752   => Language is set to 'de'

2024-04-23 15:07:55.585761   Prev. role - 'NoReg'
2024-04-23 15:07:55.585770   Cur. role - 'NoReg'
2024-04-23 15:07:55.585793   => The 'NoReg' role is set

2024-04-23 15:07:55.588594   => Current URL - https://capital.com/de

2024-04-23 15:07:55.588614   => THE END PRECONDITIONS

2024-04-23 15:07:55.588791   1. Arrange_v4
2024-04-23 15:07:55.588808   current_page = https://capital.com/de
2024-04-23 15:07:55.591252   link = https://capital.com/de/trade-eos
2024-04-23 15:07:55.593782   Current page URL = https://capital.com/de
2024-04-23 15:07:55.600093   self.link = https://capital.com/de/trade-eos
2024-04-23 15:07:55.600107   driver.get(https://capital.com/de/trade-eos) =>
2024-04-23 15:07:57.404611   => Loaded page https://capital.com/de/trade-eos
2024-04-23 15:07:57.411908   MOST_TRADED is present? =>
2024-04-23 15:07:57.420656   => MOST_TRADED widget is present on this page
2024-04-23 15:07:57.420685   => Found 5 elements in block MOST_TRADED
2024-04-23 15:07:57.420696   Most traded widget is scroll =>
2024-04-23 15:07:57.424177   => Most traded widget is scrolled into screen center

2024-04-23 15:07:57.424216   Random indexes = [1]

2024-04-23 15:07:57.424230   Testing Most traded 1 random element with 1 index

2024-04-23 15:07:57.424371   2. Act_v4
2024-04-23 15:07:57.424463   Start Checking that form [Sign up] popped up on the page =>
2024-04-23 15:07:58.973417   '[Sign up]' form was not popped up
2024-04-23 15:07:58.986359   instrument_title = 'Ripple to US Dollar'
2024-04-23 15:07:58.991315   Selected Trade button on Most traded widget is scroll =>
2024-04-23 15:07:58.994648   Selected Trade button click for 'Ripple to US Dollar' trading instrument =>
2024-04-23 15:08:00.051536   => Selected Trade button clicked!

2024-04-23 15:08:00.051742   3. Assert_v0
2024-04-23 15:08:00.051831   Start step Check that [Sign up] form is opened
2024-04-23 15:08:00.323797   'Sign up' form opened
2024-04-23 15:08:00.323837   Assert SIGNUP_HEADER =>
2024-04-23 15:08:00.335839   Assert SIGNUP_REF_LOGIN =>
2024-04-23 15:08:00.361173   Assert SIGNUP_PRIVACY_POLICY_ALL_2 =>
2024-04-23 15:08:00.380486   => SIGNUP_PRIVACY_POLICY_ALL
2024-04-23 15:08:00.380528   => 'Signup' form is checked
2024-04-23 15:08:00.380694   Start step Close [Sign up] form =>
2024-04-23 15:08:00.457367   => 'Signup' form closed
2024-04-23 15:08:00.746352   => Focus moved to 'capital*com' logo
