{'width': 1280, 'height': 800}

2024-04-23 14:25:31.232790   worker_id = master

2024-04-23 14:25:31.232805   0. Allure grouping v4

2024-04-23 14:25:31.232998   START PRECONDITIONS =>

2024-04-23 14:25:31.233014   => URL after prev. preconditions - https://capital.com/de
2024-04-23 14:25:31.233023   => flag_of_bug - False
2024-04-23 14:25:31.233034   => Current URL - https://capital.com/de/trade-microsoft
2024-04-23 14:25:31.253498   Current page URL = https://capital.com/de/trade-microsoft
2024-04-23 14:25:31.255898   self.link = https://capital.com/de
2024-04-23 14:25:31.255911   driver.get(https://capital.com/de) =>
2024-04-23 14:25:33.393578   => Loaded page https://capital.com/de

2024-04-23 14:25:33.398976   => Windows size - {'width': 1280, 'height': 800}
2024-04-23 14:25:33.400316   Set windows position at (0, 0) =>
2024-04-23 14:25:33.502421   Set resolution 1280 * 800 =>
2024-04-23 14:25:33.604617   => Windows size is set to {'width': 1280, 'height': 800}

2024-04-23 14:25:34.640738   Капчи нет. Идем дальше

2024-04-23 14:25:34.640827   Работа с куками =>

2024-04-23 14:25:34.640841   => не требуется

2024-04-23 14:25:34.640851   Prev. country - 'ae'
2024-04-23 14:25:34.640860   Cur. country - 'ae'
2024-04-23 14:25:34.640869   => Country set to 'ae'

2024-04-23 14:25:34.640878   Prev. language - 'de'
2024-04-23 14:25:34.640887   Cur. language - 'de'
2024-04-23 14:25:34.640896   => Language is set to 'de'

2024-04-23 14:25:34.640904   Prev. role - 'Auth'
2024-04-23 14:25:34.640913   Cur. role - 'Auth'
2024-04-23 14:25:34.640922   => The 'Auth' role is set

2024-04-23 14:25:34.646282   => Current URL - https://capital.com/de

2024-04-23 14:25:34.646306   => THE END PRECONDITIONS

2024-04-23 14:25:34.646357   1. Arrange
2024-04-23 14:25:34.646372   current_page = https://capital.com/de
2024-04-23 14:25:34.648834   link = https://capital.com/de/trade-microsoft

2024-04-23 14:25:34.651217   Open page: https://capital.com/de/trade-microsoft
2024-04-23 14:25:34.651240   Current page URL = https://capital.com/de
2024-04-23 14:25:34.653561   self.link = https://capital.com/de/trade-microsoft
2024-04-23 14:25:34.653574   driver.get(https://capital.com/de/trade-microsoft) =>
2024-04-23 14:25:36.679961   => Loaded page https://capital.com/de/trade-microsoft
2024-04-23 14:25:36.684216   BUTTON_ON_HOR_BANNER is present? =>
2024-04-23 14:25:36.692072   => BUTTON_ON_HOR_BANNER is present on this page
2024-04-23 14:25:36.692097   BUTTON_ON_HOR_BANNER scroll =>
2024-04-23 14:25:36.699386   BUTTON_ON_HOR_BANNER is visible? =>
2024-04-23 14:25:36.725412   => BUTTON_ON_HOR_BANNER is visible on the page!
2024-04-23 14:25:36.725645   Start Checking that form [Sign up] popped up on the page =>
2024-04-23 14:25:38.258222   '[Sign up]' form was not popped up

2024-04-23 14:25:38.258403   2. Act

2024-04-23 14:25:38.275604   => Button on Horizontal banner is clickable

2024-04-23 14:25:38.286555   data_id = 169
2024-04-23 14:25:44.728986   => BUTTON_ON_HOR_BANNER clicked!
2024-04-23 14:25:44.729077   For Horizontal banner [type-id=169] Trading platform should be open in Live Mode =>

2024-04-23 14:25:44.729241   3. Assert_v4

2024-04-23 14:25:44.729260   
2024-04-23 14:25:44.729398   Checking that the trading platform page has opened (v4) =>
2024-04-23 14:25:45.496263   Checking way # 1 => 

2024-04-23 14:25:45.496510   1. Checking that the Trading platform (or TradingView site) page has valid title =>
2024-04-23 14:25:45.503995   => The title of current page is 'Trading Platform | Capital.com'

2024-04-23 14:25:45.504100   2. Checking that the LOGO is present on the page =>
2024-04-23 14:25:47.541199   => 'capital*com' logo is present on the current page

2024-04-23 14:25:47.541234   tpd = False
2024-04-23 14:25:53.442986   => Driver.backed
2024-04-23 14:25:55.190027   => Driver.backed
