


Current language - zh



Current country - de



Current market - Commodities
{'width': 1920, 'height': 1080}

2024-11-02 22:35:40.658825   worker_id = master

2024-11-02 22:35:40.658848   0. Allure grouping for US_55


2024-11-02 22:35:40.659091   START PRECONDITIONS =>

2024-11-02 22:35:40.659108   => URL after prev. preconditions - https://capital.com/en-gb
2024-11-02 22:35:40.659117   => flag_of_bug - False
2024-11-02 22:35:40.659128   => Current URL - https://capital.com/en-gb

2024-11-02 22:35:40.667107   => Windows size: {'width': 1920, 'height': 1080}

2024-11-02 22:35:40.670020   Set windows position at (0, 0) =>

2024-11-02 22:35:40.671755   Set resolution 1920 * 1080 =>

2024-11-02 22:35:40.673891   => Resolution set {'width': 1920, 'height': 1080}

2024-11-02 22:35:40.675310   Работа с куками =>

2024-11-02 22:35:40.675325   => не требуется

2024-11-02 22:35:40.675335   Prev. role - 'Auth'
2024-11-02 22:35:40.675345   Cur. role - 'Auth'

2024-11-02 22:35:40.675353   => The 'Auth' role is set

2024-11-02 22:35:40.675363   Prev. language: ?
2024-11-02 22:35:40.675371   Cur. language - 'zh'

2024-11-02 22:35:40.675380   Prev. country: ?
2024-11-02 22:35:40.675388   Cur. country: de

2024-11-02 22:35:40.675533   Set "zh" language and "de" country =>
2024-11-02 22:35:40.675549   Stop! Указанный язык 'zh' не обрабатывается. Stop running
