{'width': 1280, 'height': 800}

2024-04-23 15:21:33.852309   worker_id = master

2024-04-23 15:21:33.852323   0. Allure grouping v4

2024-04-23 15:21:33.852501   START PRECONDITIONS =>

2024-04-23 15:21:33.852516   => URL after prev. preconditions - https://capital.com/de
2024-04-23 15:21:33.852526   => flag_of_bug - False
2024-04-23 15:21:33.852536   => Current URL - https://capital.com/de/trade-asx-200
2024-04-23 15:21:33.857555   Current page URL = https://capital.com/de/trade-asx-200
2024-04-23 15:21:33.863468   self.link = https://capital.com/de
2024-04-23 15:21:33.863482   driver.get(https://capital.com/de) =>
2024-04-23 15:21:35.702389   => Loaded page https://capital.com/de

2024-04-23 15:21:35.706639   => Windows size - {'width': 1280, 'height': 800}
2024-04-23 15:21:35.708046   Set windows position at (0, 0) =>
2024-04-23 15:21:35.811225   Set resolution 1280 * 800 =>
2024-04-23 15:21:35.913164   => Windows size is set to {'width': 1280, 'height': 800}

2024-04-23 15:21:36.939431   Капчи нет. Идем дальше

2024-04-23 15:21:36.939516   Работа с куками =>

2024-04-23 15:21:36.939530   => не требуется

2024-04-23 15:21:36.939540   Prev. country - 'ae'
2024-04-23 15:21:36.939549   Cur. country - 'ae'
2024-04-23 15:21:36.939557   => Country set to 'ae'

2024-04-23 15:21:36.939566   Prev. language - 'de'
2024-04-23 15:21:36.939575   Cur. language - 'de'
2024-04-23 15:21:36.939584   => Language is set to 'de'

2024-04-23 15:21:36.939592   Prev. role - 'NoReg'
2024-04-23 15:21:36.939601   Cur. role - 'NoReg'
2024-04-23 15:21:36.939609   => The 'NoReg' role is set

2024-04-23 15:21:36.942400   => Current URL - https://capital.com/de

2024-04-23 15:21:36.942422   => THE END PRECONDITIONS

2024-04-23 15:21:36.942462   1. Arrange_v0
2024-04-23 15:21:36.942476   current_page = https://capital.com/de
2024-04-23 15:21:36.944966   link = https://capital.com/de/trade-asx-200
2024-04-23 15:21:36.947461   Current page URL = https://capital.com/de
2024-04-23 15:21:36.949944   self.link = https://capital.com/de/trade-asx-200
2024-04-23 15:21:36.949958   driver.get(https://capital.com/de/trade-asx-200) =>
2024-04-23 15:21:38.803847   => Loaded page https://capital.com/de/trade-asx-200

2024-04-23 15:21:38.820633   2. Act_v0
2024-04-23 15:21:38.820666   BUTTON_GET_STARTED_ON_STICKY_BAR is present? =>
2024-04-23 15:21:38.825465   => BUTTON_GET_STARTED_ON_STICKY_BAR is present on the page!
2024-04-23 15:21:38.825494   BUTTON_GET_STARTED_ON_STICKY_BAR scroll =>
2024-04-23 15:21:38.890282   => BUTTON_GET_STARTED_ON_STICKY_BAR clicked!

2024-04-23 15:21:38.890501   3. Assert_v0
2024-04-23 15:21:38.890595   Start step Check that [Sign up] form is opened
2024-04-23 15:21:39.152244   'Sign up' form opened
2024-04-23 15:21:39.152284   Assert SIGNUP_HEADER =>
2024-04-23 15:21:39.168245   Assert SIGNUP_REF_LOGIN =>
2024-04-23 15:21:39.186959   Assert SIGNUP_PRIVACY_POLICY_ALL_2 =>
2024-04-23 15:21:39.201150   => SIGNUP_PRIVACY_POLICY_ALL
2024-04-23 15:21:39.201189   => 'Signup' form is checked
2024-04-23 15:21:39.201374   Start step Close [Sign up] form =>
2024-04-23 15:21:39.273458   => 'Signup' form closed
2024-04-23 15:21:39.547589   => Focus moved to 'capital*com' logo
