{'width': 1280, 'height': 720}

2024-01-29 22:43:02.102026   worker_id = master

2024-01-29 22:43:02.102054   0. Allure grouping v4


2024-01-29 22:43:02.102305   START PRECONDITIONS =>


2024-01-29 22:43:02.102475   {'width': 1280, 'height': 720}

2024-01-29 22:43:02.104138   Set windows position at (0, 0) =>

2024-01-29 22:43:02.207275   Set resolution 1280 * 720 =>

2024-01-29 22:43:02.309672   => Resolution seted {'width': 1280, 'height': 720}

2024-01-29 22:43:03.342700   Капчи нет. Идем дальше

2024-01-29 22:43:03.342793   Prev. Role: NoAuth

2024-01-29 22:43:03.342805   Current role: NoAuth

2024-01-29 22:43:04.368824   Капчи нет. Идем дальше

2024-01-29 22:43:04.368906   Prev language: de

2024-01-29 22:43:04.368918   => Current language: de

2024-01-29 22:43:05.403267   Капчи нет. Идем дальше

2024-01-29 22:43:05.403348   Prev country: au

2024-01-29 22:43:05.403360   => Current country: au

2024-01-29 22:43:05.403368   => THE END PRECONDITIONS
2024-01-29 22:43:05.909684   => Education menu is present
2024-01-29 22:43:05.920674   => Education menu is visible
2024-01-29 22:43:07.189020   => Education menu focus moved

2024-01-29 22:43:07.963157   1. Arrange_v0
2024-01-29 22:43:07.965689   BUTTON_CREATE_YOUR_ACCOUNT is located on the page? =>

2024-01-29 22:43:07.974529   2. Act_v0
2024-01-29 22:43:08.190785   => BUTTON_CREATE_YOUR_ACCOUNT is clicked

2024-01-29 22:43:08.191053   3. Assert_v0
2024-01-29 22:43:08.191157   Start step Check that [Sign up] form is opened
2024-01-29 22:43:08.205866   'Sign up' form opened
2024-01-29 22:43:08.205910   Assert SIGNUP_HEADER =>
2024-01-29 22:43:08.219306   Assert SIGNUP_REF_LOGIN =>
2024-01-29 22:43:08.233460   Assert SIGNUP_PRIVACY_POLICY_ALL_2 =>
2024-01-29 22:43:08.266073   => SIGNUP_PRIVACY_POLICY_ALL
2024-01-29 22:43:08.266113   => 'Signup' form is checked
2024-01-29 22:43:08.266282   Start step Close [Sign up] form =>
2024-01-29 22:43:08.331331   => 'Signup' form closed
