{'width': 1280, 'height': 800}

2024-04-23 13:54:57.654969   worker_id = master

2024-04-23 13:54:57.654985   0. Allure grouping v4

2024-04-23 13:54:57.655211   START PRECONDITIONS =>

2024-04-23 13:54:57.655228   => URL after prev. preconditions - https://capital.com/de
2024-04-23 13:54:57.655238   => flag_of_bug - True
2024-04-23 13:54:57.655249   => Current URL - https://capital.com/trading/platform/
2024-04-23 13:54:57.660579   Current page URL = https://capital.com/trading/platform/
2024-04-23 13:54:57.663115   self.link = https://capital.com/de
2024-04-23 13:54:57.663129   driver.get(https://capital.com/de) =>
2024-04-23 13:54:59.584816   => Loaded page https://capital.com/de

2024-04-23 13:54:59.589253   => Windows size - {'width': 1280, 'height': 800}
2024-04-23 13:54:59.590698   Set windows position at (0, 0) =>
2024-04-23 13:54:59.692984   Set resolution 1280 * 800 =>
2024-04-23 13:54:59.795548   => Windows size is set to {'width': 1280, 'height': 800}

2024-04-23 13:55:00.836142   Капчи нет. Идем дальше

2024-04-23 13:55:00.836239   Работа с куками =>

2024-04-23 13:55:00.836257   => не требуется

2024-04-23 13:55:00.836269   Prev. country - 'ae'
2024-04-23 13:55:00.836280   Cur. country - 'ae'
2024-04-23 13:55:00.836291   => Country set to 'ae'

2024-04-23 13:55:00.836303   Prev. language - 'de'
2024-04-23 13:55:00.836313   Cur. language - 'de'
2024-04-23 13:55:00.836325   => Language is set to 'de'

2024-04-23 13:55:00.836335   Prev. role - 'NoAuth'
2024-04-23 13:55:00.836346   Cur. role - 'NoAuth'
2024-04-23 13:55:00.836357   => The 'NoAuth' role is set

2024-04-23 13:55:00.839180   => Current URL - https://capital.com/de

2024-04-23 13:55:00.839202   => THE END PRECONDITIONS

2024-04-23 13:55:00.839246   1. Arrange_v0
2024-04-23 13:55:00.839261   current_page = https://capital.com/de
2024-04-23 13:55:00.841698   link = https://capital.com/de/palladium-preis
2024-04-23 13:55:00.844054   Current page URL = https://capital.com/de
2024-04-23 13:55:00.846497   self.link = https://capital.com/de/palladium-preis
2024-04-23 13:55:00.846511   driver.get(https://capital.com/de/palladium-preis) =>
2024-04-23 13:55:02.535351   => Loaded page https://capital.com/de/palladium-preis
2024-04-23 13:55:02.539510   BUTTON_BUY is located on the page? =>
2024-04-23 13:55:02.547595   => BUTTON_BUY is located on the page!
2024-04-23 13:55:02.547761   Start Checking that form [Sign up] popped up on the page =>
2024-04-23 13:55:04.087454   '[Sign up]' form was not popped up

2024-04-23 13:55:04.087649   2. Act_v0
2024-04-23 13:55:04.093284   BUTTON_BUY is present? =>
2024-04-23 13:55:04.093335   => BUTTON_BUY is present on the page
2024-04-23 13:55:04.093346   BUTTON_BUY scroll =>
2024-04-23 13:55:04.097000   => BUTTON_BUY scrolled
2024-04-23 13:55:04.145353   BUTTON_BUY is clickable? =>
2024-04-23 13:55:04.159158   BUTTON_BUY CLICK =>
2024-04-23 13:55:04.203886   => BUTTON_BUY clicked!

2024-04-23 13:55:04.204148   3. Assert_Login_v0
2024-04-23 13:55:04.204264   Check that 'Login' form is opened
2024-04-23 13:55:04.457240   'Login' form opened
2024-04-23 13:55:04.457279   Assert LOGIN_REF_SIGNUP =>
2024-04-23 13:55:04.474629   Assert LOGIN_CHECKBOX =>
2024-04-23 13:55:04.489123   Assert LOGIN_PASS_FORGOT =>
2024-04-23 13:55:04.506282   => 'Login' form is checked
2024-04-23 13:55:04.525861   Click 'Close' button on 'Login' form =>
2024-04-23 13:55:04.868001   => Focus moved to 'capital*com' logo
2024-04-23 13:55:04.868041   => 'Login' form closed
