{'width': 1280, 'height': 720}

2023-12-25 23:18:15.396039   worker_id = master

2023-12-25 23:18:15.396053   0. Allure grouping v4


2023-12-25 23:18:15.396195   START PRECONDITIONS =>


2023-12-25 23:18:15.396209   {'width': 1280, 'height': 720}

2023-12-25 23:18:15.397413   Set windows position at (320, 180) =>

2023-12-25 23:18:15.499395   Set resolution 1280 * 720 =>

2023-12-25 23:18:15.601539   => Resolution seted {'width': 1280, 'height': 720}

2023-12-25 23:18:19.644023   Капчи нет. Тестим дальше

2023-12-25 23:18:19.644063   Prev. Role: NoReg

2023-12-25 23:18:19.644072   Current role: NoReg

2023-12-25 23:18:19.644080   Prev language: de

2023-12-25 23:18:19.644088   => Current language: de

2023-12-25 23:18:19.644096   Prev country: au

2023-12-25 23:18:19.644104   => Current country: au

2023-12-25 23:18:19.644112   => THE END PRECONDITIONS

2023-12-25 23:18:19.644166   1. Arrange_v0
2023-12-25 23:18:20.096205   Load page https://capital.com/de/trade-usgas
2023-12-25 23:18:20.282432   BUTTON_START_TRADING scroll =>
2023-12-25 23:18:20.398496   BUTTON_START_TRADING is visible? =>
2023-12-25 23:18:20.418132   => BUTTON_START_TRADING is visible on the page!

2023-12-25 23:18:20.418282   2. Act_v0
2023-12-25 23:18:20.418296   Start Click button [Start Trading] =>
2023-12-25 23:18:20.423234   BUTTON_START_TRADING is clickable? =>
2023-12-25 23:18:20.436807   BUTTON_START_TRADING click =>
2023-12-25 23:18:20.513542   => BUTTON_START_TRADING clicked

2023-12-25 23:18:20.513803   3. Assert_v0
2023-12-25 23:18:20.513906   Start step Check that [Sign up] form is opened
2023-12-25 23:18:20.670833   'Sign up' form opened
2023-12-25 23:18:20.670874   Assert SIGNUP_HEADER =>
2023-12-25 23:18:20.687408   Assert SIGNUP_REF_LOGIN =>
2023-12-25 23:18:20.703319   Assert SIGNUP_PRIVACY_POLICY_ALL_2 =>
2023-12-25 23:18:20.721129   => SIGNUP_PRIVACY_POLICY_ALL
2023-12-25 23:18:20.721163   => 'Signup' form is checked
2023-12-25 23:18:20.721338   Start step Close [Sign up] form =>
2023-12-25 23:18:20.819743   => 'Signup' form closed
