{'width': 1280, 'height': 720}

2023-12-25 23:04:31.145149   worker_id = master

2023-12-25 23:04:31.145176   0. Allure grouping v4

2023-12-25 23:04:31.145409   0. Arrange_0
2023-12-25 23:04:32.281144   Load page https://capital.com


2023-12-25 23:04:32.281385   START PRECONDITIONS =>


2023-12-25 23:04:32.281402   {'width': 1280, 'height': 720}

2023-12-25 23:04:32.298275   Set windows position at (320, 180) =>

2023-12-25 23:04:32.681210   Set resolution 1280 * 720 =>

2023-12-25 23:04:32.815284   => Resolution seted {'width': 1280, 'height': 720}

2023-12-25 23:04:36.862397   Капчи нет. Тестим дальше

2023-12-25 23:04:36.862445   Prev. Role: NoReg

2023-12-25 23:04:36.862455   Current role: NoReg

2023-12-25 23:04:36.862464   Prev language: de

2023-12-25 23:04:36.862472   => Current language: de

2023-12-25 23:04:36.862480   Prev country: au

2023-12-25 23:04:36.862488   => Current country: au

2023-12-25 23:04:36.862495   => THE END PRECONDITIONS

2023-12-25 23:04:36.862551   1. Arrange_v0
2023-12-25 23:04:37.443859   Load page https://capital.com/de/trade-uber
2023-12-25 23:04:37.519997   BUTTON_START_TRADING scroll =>
2023-12-25 23:04:37.790721   BUTTON_START_TRADING is visible? =>
2023-12-25 23:04:37.855092   => BUTTON_START_TRADING is visible on the page!

2023-12-25 23:04:37.855248   2. Act_v0
2023-12-25 23:04:37.855263   Start Click button [Start Trading] =>
2023-12-25 23:04:37.882798   BUTTON_START_TRADING is clickable? =>
2023-12-25 23:04:37.900422   BUTTON_START_TRADING click =>
2023-12-25 23:04:37.989065   => BUTTON_START_TRADING clicked

2023-12-25 23:04:37.989288   3. Assert_v0
2023-12-25 23:04:37.989410   Start step Check that [Sign up] form is opened
2023-12-25 23:04:38.172265   'Sign up' form opened
2023-12-25 23:04:38.172305   Assert SIGNUP_HEADER =>
2023-12-25 23:04:38.198602   Assert SIGNUP_REF_LOGIN =>
2023-12-25 23:04:38.247520   Assert SIGNUP_PRIVACY_POLICY_ALL_2 =>
2023-12-25 23:04:38.297992   => SIGNUP_PRIVACY_POLICY_ALL
2023-12-25 23:04:38.298032   => 'Signup' form is checked
2023-12-25 23:04:38.298192   Start step Close [Sign up] form =>
2023-12-25 23:04:38.398148   => 'Signup' form closed
