{'width': 1280, 'height': 720}

2023-12-25 23:03:31.652041   worker_id = master

2023-12-25 23:03:31.652057   0. Allure grouping v4


2023-12-25 23:03:31.652226   START PRECONDITIONS =>


2023-12-25 23:03:31.652242   {'width': 1280, 'height': 720}

2023-12-25 23:03:31.653592   Set windows position at (320, 180) =>

2023-12-25 23:03:31.755618   Set resolution 1280 * 720 =>

2023-12-25 23:03:31.857833   => Resolution seted {'width': 1280, 'height': 720}

2023-12-25 23:03:35.870163   Капчи нет. Тестим дальше

2023-12-25 23:03:35.870210   Prev. Role: NoReg

2023-12-25 23:03:35.870220   Current role: NoReg

2023-12-25 23:03:35.870228   Prev language: de

2023-12-25 23:03:35.870236   => Current language: de

2023-12-25 23:03:35.870244   Prev country: au

2023-12-25 23:03:35.870252   => Current country: au

2023-12-25 23:03:35.870260   => THE END PRECONDITIONS

2023-12-25 23:03:35.870316   1. Arrange_v0

2023-12-25 23:03:35.881011   2. Act_v0
2023-12-25 23:03:35.881035   BUTTON_GET_STARTED_ON_STICKY_BAR is present? =>
2023-12-25 23:03:35.885878   => BUTTON_GET_STARTED_ON_STICKY_BAR is present on the page!
2023-12-25 23:03:35.885900   BUTTON_GET_STARTED_ON_STICKY_BAR scroll =>
2023-12-25 23:03:35.982789   => BUTTON_GET_STARTED_ON_STICKY_BAR clicked!

2023-12-25 23:03:35.983080   3. Assert_v0
2023-12-25 23:03:35.983195   Start step Check that [Sign up] form is opened
2023-12-25 23:03:35.996269   'Sign up' form opened
2023-12-25 23:03:35.996295   Assert SIGNUP_HEADER =>
2023-12-25 23:03:36.010230   Assert SIGNUP_REF_LOGIN =>
2023-12-25 23:03:36.022142   Assert SIGNUP_PRIVACY_POLICY_ALL_2 =>
2023-12-25 23:03:36.034898   => SIGNUP_PRIVACY_POLICY_ALL
2023-12-25 23:03:36.034948   => 'Signup' form is checked
2023-12-25 23:03:36.035102   Start step Close [Sign up] form =>
2023-12-25 23:03:36.122455   => 'Signup' form closed
