{'width': 1920, 'height': 1080}

2025-01-04 23:36:14.299039   worker_id = master

2025-01-04 23:36:14.299049   0. Allure grouping for US_55


2025-01-04 23:36:14.299224   START PRECONDITIONS =>

2025-01-04 23:36:14.299235   => URL after prev. preconditions - https://capital.com/en-gb
2025-01-04 23:36:14.299241   => flag_of_bug - True
2025-01-04 23:36:14.299248   => Current URL - https://capital.com/en-ae/markets/forex/major-world-indices
2025-01-04 23:36:14.304597   Current page URL = https://capital.com/en-ae/markets/forex/major-world-indices
2025-01-04 23:36:14.307185   self.link = https://capital.com/en-gb
2025-01-04 23:36:14.307195   driver.get(https://capital.com/en-gb) =>
2025-01-04 23:36:16.533102   => Loaded page https://capital.com/en-gb

2025-01-04 23:36:16.537626   => Windows size: {'width': 1920, 'height': 1080}

2025-01-04 23:36:16.539019   Set windows position at (0, 0) =>

2025-01-04 23:36:16.540683   Set resolution 1920 * 1080 =>

2025-01-04 23:36:16.542429   => Resolution set {'width': 1920, 'height': 1080}

2025-01-04 23:36:16.543815   Работа с куками =>
2025-01-04 23:36:16.543825   Prev. role - 'NoReg'
2025-01-04 23:36:16.543831   Current testing role - 'Auth'

2025-01-04 23:36:16.543837   All cookies must be delete =>
2025-01-04 23:36:16.614885   => All cookies are deleted
2025-01-04 23:36:16.614912   Current page URL = https://capital.com/en-gb
2025-01-04 23:36:16.617690   self.link = https://capital.com/en-gb
2025-01-04 23:36:16.617700   driver.get(https://capital.com/en-gb) =>
2025-01-04 23:36:18.938594   => Loaded page https://capital.com/en-gb

2025-01-04 23:36:18.943042   Step 'Click button [Accept all cookies]'
2025-01-04 23:36:18.943049   Is Visible Button [Accept all cookies]? =>
2025-01-04 23:36:20.177671   => Button [Accept all cookies] is visible
2025-01-04 23:36:20.677813   Is clickable Button [Accept all cookies] =>
2025-01-04 23:36:20.693574   => Button [Accept all cookies] is clickable
2025-01-04 23:36:20.693603   Click Button [Accept all cookies] =>
2025-01-04 23:36:20.929776   => Button [Accept all cookies] is clicked
2025-01-04 23:36:20.929808   => Accepted All Cookies

2025-01-04 23:36:21.429925   Prev. role - 'NoReg'
2025-01-04 23:36:21.429974   Cur. role - 'Auth'

2025-01-04 23:36:21.430188   Start Authorization
2025-01-04 23:36:21.553119   => 'Login' form is opened
2025-01-04 23:36:21.792022   => "login" and "password" are inputted
2025-01-04 23:36:21.792072   Click [Continue] button on [Login] form =>
2025-01-04 23:36:21.876968   => [Continue] button on [Login] form is clicked
2025-01-04 23:36:21.877035   Set timeout = 30
2025-01-04 23:36:22.991317   => Page with 'Trading Platform | Capital.com' title opened

2025-01-04 23:36:22.991404   2. Checking that the LOGO is present on the page =>
2025-01-04 23:36:24.003034   => 'capital*com' logo is present on the current page

2025-01-04 23:36:24.321352   => The 'Auth' role is set

2025-01-04 23:36:24.321399   Prev. language: ru
2025-01-04 23:36:24.321409   Cur. language - 'en'

2025-01-04 23:36:24.321418   Prev. country: ua
2025-01-04 23:36:24.321426   Cur. country: gb

2025-01-04 23:36:24.321592   Set "en" language and "gb" country =>
2025-01-04 23:36:24.321611   Current page URL = https://capital.com/en-gb
2025-01-04 23:36:24.377106   self.link = https://capital.com/en-gb
2025-01-04 23:36:24.377127   driver.get(https://capital.com/en-gb) =>
2025-01-04 23:36:26.666926   => Loaded page https://capital.com/en-gb
2025-01-04 23:36:26.671611   => Language is set to 'en'
2025-01-04 23:36:26.671622   => Country is set to 'gb'
2025-01-04 23:36:26.671628   => Current URL - https://capital.com/en-gb

2025-01-04 23:36:26.676837   => Current URL - https://capital.com/en-gb

2025-01-04 23:36:26.676858   => END PRECONDITIONS

2025-01-04 23:36:26.677079   START Open "Markets" menu, "Markets" submenu =>

2025-01-04 23:36:26.677092   1. Cur URL = https://capital.com/en-gb

2025-01-04 23:36:26.681760   2. Link = https://capital.com/en-gb
2025-01-04 23:36:26.681771   current_page = https://capital.com/en-gb
2025-01-04 23:36:26.684343   link = https://capital.com/en-gb
2025-01-04 23:36:27.197982   => 'Markets' menu is present
2025-01-04 23:36:27.215834   => 'Markets' menu is visible
2025-01-04 23:36:28.719133   => Focus moved to 'Markets' menu
2025-01-04 23:36:28.740219   => 'Markets' submenu is visible
2025-01-04 23:36:29.531522   => 'Markets' sub-menu clicked
2025-01-04 23:36:34.845656   => Focus moved to 'capital*com' logo
2025-01-04 23:36:34.845700   3. Cur URL = https://capital.com/en-gb/markets

2025-01-04 23:36:34.851353   1. Start Arrange: find block search field. 
2025-01-04 23:36:34.851375   current_page = https://capital.com/en-gb/markets
2025-01-04 23:36:34.853971   link = https://capital.com/en-gb/markets

2025-01-04 23:36:34.861646   Page have block 'Search field' in DOM.
2025-01-04 23:36:34.869573   Scrolled to block 'Search field'
2025-01-04 23:36:34.869593   Start to check visibility block 'Search field'.'
2025-01-04 23:36:34.898299   Block 'Search field' visible on the current page

2025-01-04 23:36:34.963192   'Search field' is clicked

2025-01-04 23:36:34.993083   Write message CHF in search field

2025-01-04 23:36:34.993125   Save current screenshot into PNG file
2025-01-04 23:36:36.442859   Page have link 'indices' in DOM

2025-01-04 23:36:36.505809   Scrolled to link 'indices'
2025-01-04 23:36:36.505846   Start to check visibility link 'indices'.'
2025-01-04 23:36:36.528375   Link 'indices' visible on the current page

2025-01-04 23:36:36.528417   Start to check clickability link 'indices'.
2025-01-04 23:36:36.543057   Link 'indices' is clickable.

2025-01-04 23:36:36.543315   Start to click on the link 'indices'
2025-01-04 23:36:37.204143   Link 'indices' is clicked

2025-01-04 23:36:37.204200   Save current screenshot into PNG file
2025-01-04 23:36:37.438073   3. Start Assert.
2025-01-04 23:36:37.438113   Check page with '404 error' message is displayed instead 'Indices' page.
2025-01-04 23:36:37.438129   IS page with '404 error' message is displayed instead 'Indices' page.? =>
2025-01-04 23:36:37.438143   Current page is: https://capital.com/en-gb/markets/forex/major-world-indices
2025-01-04 23:36:37.487820   => Page with '404 error' message is displayed instead 'Indices' page

