{'width': 1280, 'height': 800}

2024-05-15 02:46:28.953484   worker_id = master

2024-05-15 02:46:28.953505   0. Allure grouping v4

2024-05-15 02:46:28.953903   START PRECONDITIONS =>

2024-05-15 02:46:28.953927   => URL after prev. preconditions - https://capital.com/ar
2024-05-15 02:46:28.953942   => flag_of_bug - False
2024-05-15 02:46:28.953959   => Current URL - https://capital.com/ar/trade-stocks
2024-05-15 02:46:28.959190   Current page URL = https://capital.com/ar/trade-stocks
2024-05-15 02:46:28.961516   self.link = https://capital.com/ar
2024-05-15 02:46:28.961530   driver.get(https://capital.com/ar) =>
2024-05-15 02:46:30.858999   => Loaded page https://capital.com/ar

2024-05-15 02:46:30.863445   => Windows size - {'width': 1280, 'height': 800}
2024-05-15 02:46:30.866046   Set windows position at (0, 0) =>
2024-05-15 02:46:30.867767   Set resolution 1280 * 800 =>
2024-05-15 02:46:30.869398   => Windows size is set to {'width': 1280, 'height': 800}

2024-05-15 02:46:31.920814   Капчи нет. Идем дальше

2024-05-15 02:46:31.920907   Работа с куками =>

2024-05-15 02:46:31.920922   => не требуется

2024-05-15 02:46:31.920932   Prev. country - 'au'
2024-05-15 02:46:31.920941   Cur. country - 'au'
2024-05-15 02:46:31.920950   => Country set to 'au'

2024-05-15 02:46:31.920959   Prev. language - 'ar'
2024-05-15 02:46:31.920968   Cur. language - 'ar'
2024-05-15 02:46:31.920976   => Language is set to 'ar'

2024-05-15 02:46:31.920985   Prev. role - 'Auth'
2024-05-15 02:46:31.920993   Cur. role - 'Auth'
2024-05-15 02:46:31.921002   => The 'Auth' role is set

2024-05-15 02:46:31.923844   => Current URL - https://capital.com/ar

2024-05-15 02:46:31.923868   => THE END PRECONDITIONS

2024-05-15 02:46:31.924062   1. Cur URL = https://capital.com/ar

2024-05-15 02:46:31.926583   2. Link = https://capital.com/ar
2024-05-15 02:46:31.926599   current_page = https://capital.com/ar
2024-05-15 02:46:31.929093   link = https://capital.com/ar
2024-05-15 02:46:32.439646   => Education menu is present in DOM
2024-05-15 02:46:32.444469   => Education menu is visible
2024-05-15 02:46:33.717096   => Focus moved to Education menu


2024-05-15 02:46:35.869738   => Shares trading sub-menu clicked
2024-05-15 02:46:36.166406   => Focus moved to 'capital*com' logo

2024-05-15 02:46:36.166454   3. Cur URL = https://capital.com/ar/trade-stocks

2024-05-15 02:46:36.172243   1. Arrange
2024-05-15 02:46:36.172272   current_page = https://capital.com/ar/trade-stocks
2024-05-15 02:46:36.174826   link = https://capital.com/ar/trade-stocks
2024-05-15 02:46:36.177369   BUTTON_ON_HOR_BANNER is present? =>
2024-05-15 02:46:36.186334   => BUTTON_ON_HOR_BANNER is present on this page
2024-05-15 02:46:36.186358   BUTTON_ON_HOR_BANNER scroll =>
2024-05-15 02:46:36.189919   BUTTON_ON_HOR_BANNER is visible? =>
2024-05-15 02:46:36.313196   => BUTTON_ON_HOR_BANNER is visible on the page!
2024-05-15 02:46:36.313405   Start Checking that form [Sign up] popped up on the page =>
2024-05-15 02:46:37.826306   '[Sign up]' form was not popped up

2024-05-15 02:46:37.826493   2. Act

2024-05-15 02:46:37.841407   => Button on Horizontal banner is clickable

2024-05-15 02:46:37.846097   data_id = 103
2024-05-15 02:46:44.649460   => BUTTON_ON_HOR_BANNER clicked!
2024-05-15 02:46:44.649586   For Horizontal banner [type-id=103] Trading platform should be open in Demo Mode =>

2024-05-15 02:46:44.649827   3. Assert_v4

2024-05-15 02:46:44.649854   
2024-05-15 02:46:44.650011   Checking that the trading platform page has opened (v4) =>
2024-05-15 02:46:44.681731   Checking way # 1 => 

2024-05-15 02:46:44.681898   1. Checking that the Trading platform (or TradingView site) page has valid title =>
2024-05-15 02:46:44.686206   => The title of current page is 'Trading Platform | Capital.com'

2024-05-15 02:46:44.686290   2. Checking that the LOGO is present on the page =>
2024-05-15 02:46:46.262196   => 'capital*com' logo is present on the current page

2024-05-15 02:46:46.262236   tpd = True
2024-05-15 02:46:46.262277   3.1. Checking that the Trading platform opened in DEMO mode =>

Bug: Bid:11.02.02.00_09-ar.au.Auth

2024-05-15 02:46:57.158620   Проверка бага в таблице ретеста  =>

2024-05-15 02:46:57.450752   4. Fixing one row check results into Google Sheet Bugs Report =>
1 cells updated.
2024-05-15 02:46:57.652848   => 4. One row check results into Google Sheet Bugs Report fixed

2024-05-15 02:46:59.489196   4. Fixing one row check results into Google Sheet Bugs Report =>
1 cells updated.
2024-05-15 02:46:59.664742   => 4. One row check results into Google Sheet Bugs Report fixed

2024-05-15 02:46:59.666997   Баг Bid:11.02.02.00_09-ar.au.Auth-11 обнаружен ранее и уже находится в 'Bugs Report Auto detect'
