{'width': 1280, 'height': 800}

2024-04-26 16:12:36.462402   worker_id = master

2024-04-26 16:12:36.462416   0. Allure grouping v4

2024-04-26 16:12:36.462597   START PRECONDITIONS =>

2024-04-26 16:12:36.462613   => URL after prev. preconditions - https://capital.com/
2024-04-26 16:12:36.462622   => flag_of_bug - False
2024-04-26 16:12:36.462633   => Current URL - https://capital.com/trade-forex
2024-04-26 16:12:36.467799   Current page URL = https://capital.com/trade-forex
2024-04-26 16:12:36.470188   self.link = https://capital.com/
2024-04-26 16:12:36.470201   driver.get(https://capital.com/) =>
2024-04-26 16:12:38.267413   => Loaded page https://capital.com/

2024-04-26 16:12:38.271989   => Windows size - {'width': 1280, 'height': 800}
2024-04-26 16:12:38.275990   Set windows position at (0, 0) =>
2024-04-26 16:12:38.277668   Set resolution 1280 * 800 =>
2024-04-26 16:12:38.279305   => Windows size is set to {'width': 1280, 'height': 800}

2024-04-26 16:12:39.325318   Капчи нет. Идем дальше

2024-04-26 16:12:39.325408   Работа с куками =>

2024-04-26 16:12:39.325422   => не требуется

2024-04-26 16:12:39.325431   Prev. country - 'au'
2024-04-26 16:12:39.325440   Cur. country - 'au'
2024-04-26 16:12:39.325450   => Country set to 'au'

2024-04-26 16:12:39.325458   Prev. language - 'en'
2024-04-26 16:12:39.325467   Cur. language - 'en'
2024-04-26 16:12:39.325476   => Language is set to 'en'

2024-04-26 16:12:39.325485   Prev. role - 'NoAuth'
2024-04-26 16:12:39.325493   Cur. role - 'NoAuth'
2024-04-26 16:12:39.325502   => The 'NoAuth' role is set

2024-04-26 16:12:39.328252   => Current URL - https://capital.com/

2024-04-26 16:12:39.328274   => THE END PRECONDITIONS

2024-04-26 16:12:39.328456   1. Cur URL = https://capital.com/

2024-04-26 16:12:39.330948   2. Link = https://capital.com/
2024-04-26 16:12:39.330963   current_page = https://capital.com/
2024-04-26 16:12:39.333442   link = https://capital.com/
2024-04-26 16:12:39.843435   => Education menu is present in DOM
2024-04-26 16:12:39.849224   => Education menu is visible
2024-04-26 16:12:41.124494   => Focus moved to Education menu
2024-04-26 16:12:42.840565   => Focus moved to Forex trading sub-menu and clicked
2024-04-26 16:12:43.177408   => Focus moved to 'capital*com' logo

2024-04-26 16:12:43.177467   3. Cur URL = https://capital.com/trade-forex

2024-04-26 16:12:43.183069   1. Arrange_v0
2024-04-26 16:12:43.183091   current_page = https://capital.com/trade-forex
2024-04-26 16:12:43.185615   link = https://capital.com/trade-forex
2024-04-26 16:12:43.188034   BUTTON_CREATE_YOUR_ACCOUNT is located on the page? =>

2024-04-26 16:12:43.200444   2. Act_v0: Define of locator

2024-04-26 16:12:43.200479   2. Act_v0: Go to web element

2024-04-26 16:12:44.335857   2. Act_v0: Click web element
2024-04-26 16:12:44.368519   => BUTTON_CREATE_YOUR_ACCOUNT is clicked

2024-04-26 16:12:44.368744   3. Assert_v0
2024-04-26 16:12:44.368833   Start step Check that [Sign up] form is opened
2024-04-26 16:12:44.797465   'Sign up' form opened
2024-04-26 16:12:44.797506   Assert SIGNUP_HEADER =>
2024-04-26 16:12:44.814421   Assert SIGNUP_REF_LOGIN =>
2024-04-26 16:12:44.831385   Assert SIGNUP_PRIVACY_POLICY_ALL_2 =>
2024-04-26 16:12:44.849940   => SIGNUP_PRIVACY_POLICY_ALL
2024-04-26 16:12:44.849991   => 'Signup' form is checked
2024-04-26 16:12:44.850182   Start step Close [Sign up] form =>
2024-04-26 16:12:44.952111   => 'Signup' form closed
2024-04-26 16:12:45.224888   => Focus moved to 'capital*com' logo
