{'width': 1280, 'height': 800}

2024-04-26 17:08:47.483716   worker_id = master

2024-04-26 17:08:47.483730   0. Allure grouping v4

2024-04-26 17:08:47.483937   START PRECONDITIONS =>

2024-04-26 17:08:47.483955   => URL after prev. preconditions - https://capital.com/
2024-04-26 17:08:47.483965   => flag_of_bug - False
2024-04-26 17:08:47.483976   => Current URL - https://capital.com/swing-trading
2024-04-26 17:08:47.490179   Current page URL = https://capital.com/swing-trading
2024-04-26 17:08:47.492622   self.link = https://capital.com/
2024-04-26 17:08:47.492636   driver.get(https://capital.com/) =>
2024-04-26 17:08:49.148478   => Loaded page https://capital.com/

2024-04-26 17:08:49.151901   => Windows size - {'width': 1280, 'height': 800}
2024-04-26 17:08:49.153362   Set windows position at (0, 0) =>
2024-04-26 17:08:49.158094   Set resolution 1280 * 800 =>
2024-04-26 17:08:49.159748   => Windows size is set to {'width': 1280, 'height': 800}

2024-04-26 17:08:50.203510   Капчи нет. Идем дальше

2024-04-26 17:08:50.203623   Работа с куками =>

2024-04-26 17:08:50.203645   => не требуется

2024-04-26 17:08:50.203659   Prev. country - 'au'
2024-04-26 17:08:50.203675   Cur. country - 'au'
2024-04-26 17:08:50.203690   => Country set to 'au'

2024-04-26 17:08:50.203703   Prev. language - 'en'
2024-04-26 17:08:50.203717   Cur. language - 'en'
2024-04-26 17:08:50.203732   => Language is set to 'en'

2024-04-26 17:08:50.203747   Prev. role - 'NoAuth'
2024-04-26 17:08:50.203793   Cur. role - 'NoAuth'
2024-04-26 17:08:50.203810   => The 'NoAuth' role is set

2024-04-26 17:08:50.208619   => Current URL - https://capital.com/

2024-04-26 17:08:50.208645   => THE END PRECONDITIONS

2024-04-26 17:08:50.208704   1. Arrange
2024-04-26 17:08:50.208719   current_page = https://capital.com/
2024-04-26 17:08:50.211283   link = https://capital.com/swing-trading
2024-04-26 17:08:50.213807   Current page URL = https://capital.com/
2024-04-26 17:08:50.216429   self.link = https://capital.com/swing-trading
2024-04-26 17:08:50.216443   driver.get(https://capital.com/swing-trading) =>
2024-04-26 17:08:51.920149   => Loaded page https://capital.com/swing-trading
2024-04-26 17:08:51.924937   Is visible BUTTON_DOWNLOAD_APP_STORE? =>
2024-04-26 17:08:51.938917   => BUTTON_DOWNLOAD_APP_STORE is visible on the page!

2024-04-26 17:08:51.939097   2. Act
2024-04-26 17:08:51.948109   1 checking element(s) with current CSS locator is(are) present(s) on this page
2024-04-26 17:08:52.029273   => BUTTON_DOWNLOAD_APP_STORE IS CLICKED

2024-04-26 17:08:52.029502   3. Assert_v0
2024-04-26 17:08:52.029592   Checking that the App Store page has opened

2024-04-26 17:08:52.989305   1. Checking that the Trading platform (or TradingView site) page has valid title =>
2024-04-26 17:08:52.992651   => The title of current page is 'Capital.com: Trading & Finance on the App Store'
2024-04-26 17:08:52.992817   Checking that the App Store app title
2024-04-26 17:08:53.012717   Checking that the App Store specifies provider
2024-04-26 17:08:53.026316   Current page URL = https://apps.apple.com/ie/app/capital-com-trading-finance/id1230088754?mt=8
2024-04-26 17:08:53.028928   self.link = https://capital.com/swing-trading
2024-04-26 17:08:53.028942   driver.get(https://capital.com/swing-trading) =>
2024-04-26 17:08:54.848196   => Loaded page https://capital.com/swing-trading
