{'width': 1280, 'height': 800}

2024-04-26 15:39:17.669070   worker_id = master

2024-04-26 15:39:17.669084   0. Allure grouping v4

2024-04-26 15:39:17.669278   START PRECONDITIONS =>

2024-04-26 15:39:17.669293   => URL after prev. preconditions - https://capital.com/
2024-04-26 15:39:17.669303   => flag_of_bug - True
2024-04-26 15:39:17.669314   => Current URL - https://capital.com/

2024-04-26 15:39:17.675845   => Windows size - {'width': 1280, 'height': 800}
2024-04-26 15:39:17.677135   Set windows position at (0, 0) =>
2024-04-26 15:39:17.678707   Set resolution 1280 * 800 =>
2024-04-26 15:39:17.680525   => Windows size is set to {'width': 1280, 'height': 800}

2024-04-26 15:39:18.729040   Капчи нет. Идем дальше

2024-04-26 15:39:18.729132   Работа с куками =>

2024-04-26 15:39:18.729146   => не требуется

2024-04-26 15:39:18.729155   Prev. country - 'au'
2024-04-26 15:39:18.729165   Cur. country - 'au'
2024-04-26 15:39:18.729174   => Country set to 'au'

2024-04-26 15:39:18.729183   Prev. language - 'en'
2024-04-26 15:39:18.729192   Cur. language - 'en'
2024-04-26 15:39:18.729200   => Language is set to 'en'

2024-04-26 15:39:18.729209   Prev. role - 'NoAuth'
2024-04-26 15:39:18.729217   Cur. role - 'NoAuth'
2024-04-26 15:39:18.729226   => The 'NoAuth' role is set

2024-04-26 15:39:18.731946   => Current URL - https://capital.com/

2024-04-26 15:39:18.731969   => THE END PRECONDITIONS

2024-04-26 15:39:18.734640   START Open "Education" menu, "Spread betting guide" submenu =>

2024-04-26 15:39:18.734660   1. Cur URL = https://capital.com/

2024-04-26 15:39:18.739335   2. Link = https://capital.com/
2024-04-26 15:39:18.739351   current_page = https://capital.com/
2024-04-26 15:39:18.741839   link = https://capital.com/
2024-04-26 15:39:19.250499   => Education menu is present in DOM
2024-04-26 15:39:19.258668   => Education menu is visible
2024-04-26 15:39:20.539089   => Focus moved to Education menu
