{'width': 1280, 'height': 720}

2024-02-01 22:44:25.914578   worker_id = master

2024-02-01 22:44:25.914600   0. Allure grouping v4


2024-02-01 22:44:25.914872   START PRECONDITIONS =>


2024-02-01 22:44:25.914895   {'width': 1280, 'height': 720}

2024-02-01 22:44:25.916477   Set windows position at (0, 0) =>

2024-02-01 22:44:26.018579   Set resolution 1280 * 720 =>

2024-02-01 22:44:26.120967   => Resolution seted {'width': 1280, 'height': 720}

2024-02-01 22:44:27.150403   Капчи нет. Идем дальше

2024-02-01 22:44:27.150492   Prev. Role: NoReg

2024-02-01 22:44:27.150504   Current role: NoReg

2024-02-01 22:44:28.177103   Капчи нет. Идем дальше

2024-02-01 22:44:28.177201   Prev language: en

2024-02-01 22:44:28.177213   => Current language: en

2024-02-01 22:44:29.205829   Капчи нет. Идем дальше

2024-02-01 22:44:29.205919   Prev country: ae
2024-02-01 22:44:29.205931   => Current country: ae

2024-02-01 22:44:29.205939   => THE END PRECONDITIONS

2024-02-01 22:44:29.206092   START Open "Education" menu, "CFD trading guide" submenu =>

2024-02-01 22:44:29.206106   1. Cur URL = https://capital.com/what-is-cfd-trading

2024-02-01 22:44:29.208916   2. Link = https://capital.com/
2024-02-01 22:44:29.211366   Current page URL = https://capital.com/what-is-cfd-trading
2024-02-01 22:44:29.726316   => Loaded page https://capital.com/
2024-02-01 22:44:30.237148   => Education menu is present
2024-02-01 22:44:30.250425   => Education menu is visible
2024-02-01 22:44:31.545391   => Education menu focus moved

2024-02-01 22:44:33.520886   3. Cur URL = https://capital.com/what-is-cfd-trading

2024-02-01 22:44:33.526895   1. Arrange_v0
2024-02-01 22:44:33.547410   BUTTON_CREATE_YOUR_ACCOUNT is located on the page? =>

2024-02-01 22:44:33.555665   2. Act_v0
2024-02-01 22:44:33.636048   => BUTTON_CREATE_YOUR_ACCOUNT is clicked

2024-02-01 22:44:33.636285   3. Assert_v0
2024-02-01 22:44:33.636364   Start step Check that [Sign up] form is opened
2024-02-01 22:44:34.152869   'Sign up' form opened
2024-02-01 22:44:34.152910   Assert SIGNUP_HEADER =>
2024-02-01 22:44:34.164998   Assert SIGNUP_REF_LOGIN =>
2024-02-01 22:44:34.176101   Assert SIGNUP_PRIVACY_POLICY_ALL_2 =>
2024-02-01 22:44:34.189987   => SIGNUP_PRIVACY_POLICY_ALL
2024-02-01 22:44:34.190022   => 'Signup' form is checked
2024-02-01 22:44:34.190180   Start step Close [Sign up] form =>
2024-02-01 22:44:34.291890   => 'Signup' form closed
