{'width': 1280, 'height': 800}

2024-04-26 16:17:39.588256   worker_id = master

2024-04-26 16:17:39.588269   0. Allure grouping v4

2024-04-26 16:17:39.588452   START PRECONDITIONS =>

2024-04-26 16:17:39.588467   => URL after prev. preconditions - https://capital.com/
2024-04-26 16:17:39.588476   => flag_of_bug - False
2024-04-26 16:17:39.588487   => Current URL - https://capital.com/trade-gbpusd
2024-04-26 16:17:39.599935   Current page URL = https://capital.com/trade-gbpusd
2024-04-26 16:17:39.602448   self.link = https://capital.com/
2024-04-26 16:17:39.602462   driver.get(https://capital.com/) =>
2024-04-26 16:17:41.391337   => Loaded page https://capital.com/

2024-04-26 16:17:41.397729   => Windows size - {'width': 1280, 'height': 800}
2024-04-26 16:17:41.399286   Set windows position at (0, 0) =>
2024-04-26 16:17:41.405323   Set resolution 1280 * 800 =>
2024-04-26 16:17:41.407224   => Windows size is set to {'width': 1280, 'height': 800}

2024-04-26 16:17:42.447890   Капчи нет. Идем дальше

2024-04-26 16:17:42.447979   Работа с куками =>

2024-04-26 16:17:42.447993   => не требуется

2024-04-26 16:17:42.448002   Prev. country - 'au'
2024-04-26 16:17:42.448012   Cur. country - 'au'
2024-04-26 16:17:42.448021   => Country set to 'au'

2024-04-26 16:17:42.448030   Prev. language - 'en'
2024-04-26 16:17:42.448038   Cur. language - 'en'
2024-04-26 16:17:42.448047   => Language is set to 'en'

2024-04-26 16:17:42.448056   Prev. role - 'NoAuth'
2024-04-26 16:17:42.448064   Cur. role - 'NoAuth'
2024-04-26 16:17:42.448073   => The 'NoAuth' role is set

2024-04-26 16:17:42.450684   => Current URL - https://capital.com/

2024-04-26 16:17:42.450705   => THE END PRECONDITIONS

2024-04-26 16:17:42.450748   1. Arrange_v0
2024-04-26 16:17:42.450763   current_page = https://capital.com/
2024-04-26 16:17:42.453135   link = https://capital.com/trade-gbpusd
2024-04-26 16:17:42.455454   Current page URL = https://capital.com/
2024-04-26 16:17:42.457858   self.link = https://capital.com/trade-gbpusd
2024-04-26 16:17:42.457872   driver.get(https://capital.com/trade-gbpusd) =>
2024-04-26 16:17:44.465966   => Loaded page https://capital.com/trade-gbpusd

2024-04-26 16:17:44.484495   2. Act_v0
2024-04-26 16:17:44.484528   BUTTON_GET_STARTED_ON_STICKY_BAR is present? =>
2024-04-26 16:17:44.489777   => BUTTON_GET_STARTED_ON_STICKY_BAR is present on the page!
2024-04-26 16:17:44.489801   BUTTON_GET_STARTED_ON_STICKY_BAR scroll =>
2024-04-26 16:17:44.559430   => BUTTON_GET_STARTED_ON_STICKY_BAR clicked!

2024-04-26 16:17:44.559710   3. Assert_Login_v0
2024-04-26 16:17:44.559854   Check that 'Login' form is opened
2024-04-26 16:17:50.704958   'Login' form not opened
2024-04-26 16:17:50.705142   Check that new 'Login' form is opened
2024-04-26 16:17:53.786312   => New 'Login' form not opened
2024-04-26 16:17:53.789101   'Login' page not opened
2024-04-26 16:17:56.846443   'Login' form on trading platform not opened
2024-04-26 16:17:56.846629   Start step Check that [Sign up] form is opened
2024-04-26 16:17:56.857370   'Sign up' form opened
2024-04-26 16:17:56.857393   Assert SIGNUP_HEADER =>
2024-04-26 16:17:56.866735   Assert SIGNUP_REF_LOGIN =>
2024-04-26 16:17:56.877095   Assert SIGNUP_PRIVACY_POLICY_ALL_2 =>
2024-04-26 16:17:56.886546   => SIGNUP_PRIVACY_POLICY_ALL
2024-04-26 16:17:56.886568   => 'Signup' form is checked

Bug: Bid:11.02.04.01_08-en.au.NoAuth

2024-04-26 16:17:56.886620   Проверка бага в таблице ретеста  =>

2024-04-26 16:17:57.201483   4. Fixing one row check results into Google Sheet Bugs Report =>
1 cells updated.
2024-04-26 16:17:57.374889   => 4. One row check results into Google Sheet Bugs Report fixed

2024-04-26 16:17:58.987171   4. Fixing one row check results into Google Sheet Bugs Report =>
1 cells updated.
2024-04-26 16:17:59.155521   => 4. One row check results into Google Sheet Bugs Report fixed

2024-04-26 16:17:59.157887   Баг Bid:11.02.04.01_08-en.au.NoAuth-05 обнаружен ранее и уже находится в 'Bugs Report Auto detect'
