{'width': 1280, 'height': 800}

2024-04-26 17:12:38.834674   worker_id = master

2024-04-26 17:12:38.834688   0. Allure grouping v4

2024-04-26 17:12:38.834871   START PRECONDITIONS =>

2024-04-26 17:12:38.834887   => URL after prev. preconditions - https://capital.com/
2024-04-26 17:12:38.834896   => flag_of_bug - False
2024-04-26 17:12:38.834906   => Current URL - https://capital.com/margin-trading
2024-04-26 17:12:38.840062   Current page URL = https://capital.com/margin-trading
2024-04-26 17:12:38.842529   self.link = https://capital.com/
2024-04-26 17:12:38.842542   driver.get(https://capital.com/) =>
2024-04-26 17:12:41.599731   => Loaded page https://capital.com/

2024-04-26 17:12:41.604134   => Windows size - {'width': 1280, 'height': 800}
2024-04-26 17:12:41.605461   Set windows position at (0, 0) =>
2024-04-26 17:12:41.607063   Set resolution 1280 * 800 =>
2024-04-26 17:12:41.608698   => Windows size is set to {'width': 1280, 'height': 800}

2024-04-26 17:12:42.648107   Капчи нет. Идем дальше

2024-04-26 17:12:42.648195   Работа с куками =>

2024-04-26 17:12:42.648209   => не требуется

2024-04-26 17:12:42.648218   Prev. country - 'au'
2024-04-26 17:12:42.648228   Cur. country - 'au'
2024-04-26 17:12:42.648237   => Country set to 'au'

2024-04-26 17:12:42.648246   Prev. language - 'en'
2024-04-26 17:12:42.648255   Cur. language - 'en'
2024-04-26 17:12:42.648263   => Language is set to 'en'

2024-04-26 17:12:42.648272   Prev. role - 'NoAuth'
2024-04-26 17:12:42.648281   Cur. role - 'NoAuth'
2024-04-26 17:12:42.648289   => The 'NoAuth' role is set

2024-04-26 17:12:42.651112   => Current URL - https://capital.com/

2024-04-26 17:12:42.651133   => THE END PRECONDITIONS

2024-04-26 17:12:42.651177   1. Arrange_v0
2024-04-26 17:12:42.651191   current_page = https://capital.com/
2024-04-26 17:12:42.653727   link = https://capital.com/margin-trading
2024-04-26 17:12:42.656219   Current page URL = https://capital.com/
2024-04-26 17:12:42.658694   self.link = https://capital.com/margin-trading
2024-04-26 17:12:42.658708   driver.get(https://capital.com/margin-trading) =>
2024-04-26 17:12:44.802895   => Loaded page https://capital.com/margin-trading
2024-04-26 17:12:44.807447   BUTTON_CREATE_YOUR_ACCOUNT is located on the page? =>

2024-04-26 17:12:44.817241   2. Act_v0: Define of locator

2024-04-26 17:12:44.817272   2. Act_v0: Go to web element

2024-04-26 17:12:45.935545   2. Act_v0: Click web element
2024-04-26 17:12:45.960022   => BUTTON_CREATE_YOUR_ACCOUNT is clicked

2024-04-26 17:12:45.960225   3. Assert_v0
2024-04-26 17:12:45.960314   Start step Check that [Sign up] form is opened
2024-04-26 17:12:46.309125   'Sign up' form opened
2024-04-26 17:12:46.309162   Assert SIGNUP_HEADER =>
2024-04-26 17:12:46.323888   Assert SIGNUP_REF_LOGIN =>
2024-04-26 17:12:46.337329   Assert SIGNUP_PRIVACY_POLICY_ALL_2 =>
2024-04-26 17:12:46.375282   => SIGNUP_PRIVACY_POLICY_ALL
2024-04-26 17:12:46.375321   => 'Signup' form is checked
2024-04-26 17:12:46.375495   Start step Close [Sign up] form =>
2024-04-26 17:12:46.438351   => 'Signup' form closed
2024-04-26 17:12:46.712710   => Focus moved to 'capital*com' logo
