{'width': 1280, 'height': 720}

2023-12-27 08:48:10.988498   worker_id = master

2023-12-27 08:48:10.988521   0. Allure grouping v4


2023-12-27 08:48:10.988769   START PRECONDITIONS =>


2023-12-27 08:48:10.988794   {'width': 1280, 'height': 720}

2023-12-27 08:48:11.031080   Set windows position at (320, 180) =>

2023-12-27 08:48:11.403910   Set resolution 1280 * 720 =>

2023-12-27 08:48:11.524438   => Resolution seted {'width': 1280, 'height': 720}

2023-12-27 08:48:15.532928   Капчи нет. Тестим дальше

2023-12-27 08:48:15.532974   Prev. Role: Auth

2023-12-27 08:48:15.532984   Current role: Auth

2023-12-27 08:48:15.532992   Prev language: en

2023-12-27 08:48:15.533000   => Current language: en

2023-12-27 08:48:15.533008   Prev country: de

2023-12-27 08:48:15.533015   => Current country: de

2023-12-27 08:48:15.533023   => THE END PRECONDITIONS

2023-12-27 08:48:15.533083   1. Arrange_v0
2023-12-27 08:48:15.536349   BUTTON_CREATE_YOUR_ACCOUNT is located on the page? =>

2023-12-27 08:48:15.544594   2. Act_v0
2023-12-27 08:48:15.855100   => BUTTON_CREATE_YOUR_ACCOUNT is clicked

2023-12-27 08:48:15.855401   3. Assert_v4
2023-12-27 08:48:15.855537   Checking that the trading platform page has opened (v4) =>
2023-12-27 08:48:16.403001   => Current page title: Trading Platform | Capital.com
2023-12-27 08:48:16.403163   Checking that the Trading platform LOGO is present on the page =>
2023-12-27 08:48:17.016702   Checking that the Trading platform opened in LIVE mode =>
2023-12-27 08:48:17.028121   => The page with https://capital.com/trading/platform url was opened in lIVE mode
2023-12-27 08:48:17.665916   Load page https://capital.com/hot-hand-fallacy-bias
