{'width': 1280, 'height': 720}

2023-12-27 07:08:40.661205   worker_id = master

2023-12-27 07:08:40.661222   0. Allure grouping v4


2023-12-27 07:08:40.661365   START PRECONDITIONS =>


2023-12-27 07:08:40.661380   {'width': 1280, 'height': 720}

2023-12-27 07:08:40.662588   Set windows position at (320, 180) =>

2023-12-27 07:08:40.764479   Set resolution 1280 * 720 =>

2023-12-27 07:08:40.866393   => Resolution seted {'width': 1280, 'height': 720}

2023-12-27 07:08:44.900180   Капчи нет. Тестим дальше

2023-12-27 07:08:44.900226   Prev. Role: NoAuth

2023-12-27 07:08:44.900236   Current role: NoAuth

2023-12-27 07:08:44.900244   Prev language: en

2023-12-27 07:08:44.900252   => Current language: en

2023-12-27 07:08:44.900260   Prev country: de

2023-12-27 07:08:44.900268   => Current country: de

2023-12-27 07:08:44.900276   => THE END PRECONDITIONS

2023-12-27 07:08:44.900333   1. Arrange_v0
2023-12-27 07:08:44.903108   BUTTON_CREATE_YOUR_ACCOUNT is located on the page? =>

2023-12-27 07:08:44.910834   2. Act_v0
2023-12-27 07:08:45.022320   => BUTTON_CREATE_YOUR_ACCOUNT is clicked

2023-12-27 07:08:45.022600   3. Assert_v0
2023-12-27 07:08:45.022723   Start step Check that [Sign up] form is opened
2023-12-27 07:08:45.036864   'Sign up' form opened
2023-12-27 07:08:45.036889   Assert SIGNUP_HEADER =>
2023-12-27 07:08:45.049443   Assert SIGNUP_REF_LOGIN =>
2023-12-27 07:08:45.061674   Assert SIGNUP_PRIVACY_POLICY_ALL_2 =>
2023-12-27 07:08:45.072652   => SIGNUP_PRIVACY_POLICY_ALL
2023-12-27 07:08:45.072678   => 'Signup' form is checked
2023-12-27 07:08:45.072852   Start step Close [Sign up] form =>
2023-12-27 07:08:45.129216   => 'Signup' form closed
