{'width': 1280, 'height': 720}

2023-12-27 08:20:27.139199   worker_id = master

2023-12-27 08:20:27.139216   0. Allure grouping v4


2023-12-27 08:20:27.139374   START PRECONDITIONS =>


2023-12-27 08:20:27.139388   {'width': 1280, 'height': 720}

2023-12-27 08:20:27.140700   Set windows position at (320, 180) =>

2023-12-27 08:20:27.242928   Set resolution 1280 * 720 =>

2023-12-27 08:20:27.345383   => Resolution seted {'width': 1280, 'height': 720}

2023-12-27 08:20:31.395668   Капчи нет. Тестим дальше

2023-12-27 08:20:31.395713   Prev. Role: NoAuth

2023-12-27 08:20:31.395723   Current role: NoAuth

2023-12-27 08:20:31.395732   Prev language: en

2023-12-27 08:20:31.395740   => Current language: en

2023-12-27 08:20:31.395748   Prev country: de

2023-12-27 08:20:31.395755   => Current country: de

2023-12-27 08:20:31.395763   => THE END PRECONDITIONS

2023-12-27 08:20:31.395820   1. Arrange_v4
2023-12-27 08:20:31.398744   MOST_TRADED is visible? =>
2023-12-27 08:20:31.407253   => MOST_TRADED is visible on the page!
2023-12-27 08:20:31.407282   => Found 5 elements in block MOST_TRADED

2023-12-27 08:20:31.407309   Testing Most traded random element #1

2023-12-27 08:20:31.407440   2. Act_v4
2023-12-27 08:20:31.407454   MOST_TRADED delete js-mostTraded class =>
2023-12-27 08:20:31.433112   MOST_TRADED scroll =>
2023-12-27 08:20:31.433321   Start Checking that form [Sign up] popped up on the page =>
2023-12-27 08:20:31.456247   'Sign up' form opened
2023-12-27 08:20:31.456407   Start step Close [Sign up] form =>
2023-12-27 08:20:31.521121   => 'Signup' form closed
2023-12-27 08:20:31.526454   MOST_TRADED click for 'Ripple to US Dollar' trading instrument =>
2023-12-27 08:20:31.601121   => MOST_TRADED clicked!

2023-12-27 08:20:31.601342   3. Assert_Login_v0
2023-12-27 08:20:31.615185   'Login' form opened
2023-12-27 08:20:31.615220   Assert LOGIN_REF_SIGNUP =>
2023-12-27 08:20:31.631901   Assert LOGIN_CHECKBOX =>
2023-12-27 08:20:31.647774   Assert LOGIN_PASS_FORGOT =>
2023-12-27 08:20:31.661622   => 'Login' form is checked
2023-12-27 08:20:31.680788   Click 'Close' button on 'Login' form =>
2023-12-27 08:20:31.726563   => 'Login' form closed

2023-12-27 08:20:31.726686   Clear Top Chart list =>
2023-12-27 08:20:33.181655   Load page https://capital.com/trading/platform/charting/

2023-12-27 08:20:41.256574   1. Arrange_v4
2023-12-27 08:20:41.705194   Load page https://capital.com/day-trading
2023-12-27 08:20:41.705236   MOST_TRADED is visible? =>
2023-12-27 08:20:41.893226   => MOST_TRADED is visible on the page!
2023-12-27 08:20:41.893262   => Found 5 elements in block MOST_TRADED

2023-12-27 08:20:41.893272   Testing Most traded random element #2

2023-12-27 08:20:41.893412   2. Act_v4
2023-12-27 08:20:41.893425   MOST_TRADED delete js-mostTraded class =>
2023-12-27 08:20:41.971403   MOST_TRADED scroll =>
2023-12-27 08:20:41.971577   Start Checking that form [Sign up] popped up on the page =>
2023-12-27 08:20:46.525540   '[Sign up]' form was not popped up
2023-12-27 08:20:46.530505   MOST_TRADED click for 'US Tech 100' trading instrument =>
2023-12-27 08:20:46.587492   => MOST_TRADED clicked!

2023-12-27 08:20:46.587727   3. Assert_Login_v0
2023-12-27 08:20:46.860004   'Login' form opened
2023-12-27 08:20:46.860043   Assert LOGIN_REF_SIGNUP =>
2023-12-27 08:20:46.874106   Assert LOGIN_CHECKBOX =>
2023-12-27 08:20:46.886398   Assert LOGIN_PASS_FORGOT =>
2023-12-27 08:20:46.897665   => 'Login' form is checked
2023-12-27 08:20:46.914241   Click 'Close' button on 'Login' form =>
2023-12-27 08:20:46.949494   => 'Login' form closed
