Current test role - Auth

{'width': 1280, 'height': 800}

2024-03-28 02:32:20.554343   worker_id = master

2024-03-28 02:32:20.554361   0. Allure grouping v4


2024-03-28 02:32:20.554562   START PRECONDITIONS =>


2024-03-28 02:32:20.554579   => flag_of_bug - True
2024-03-28 02:32:20.554590   Current page URL = https://capital.com/trading/signup
2024-03-28 02:32:20.558593   self.link = https://capital.com
2024-03-28 02:32:20.558606   link = https://capital.com
2024-03-28 02:32:22.833148   => Loaded page https://capital.com/

2024-03-28 02:32:22.836716   => Windows size - {'width': 1280, 'height': 800}
2024-03-28 02:32:22.838222   Set windows position at (0, 0) =>
2024-03-28 02:32:22.940767   Set resolution 1280 * 800 =>
2024-03-28 02:32:23.044407   => Windows size is set to {'width': 1280, 'height': 800}

2024-03-28 02:32:24.090760   Капчи нет. Идем дальше

2024-03-28 02:32:24.090838   Работа с куками
2024-03-28 02:32:24.090851   => Prev. role - 'NoAuth'
2024-03-28 02:32:24.090861   => Current testing role - 'Auth'
2024-03-28 02:32:24.090870   All cookies must be delete =>

2024-03-28 02:32:24.177268   => All cookies are deleted
2024-03-28 02:32:24.177316   Current page URL = https://capital.com/
2024-03-28 02:32:24.181798   self.link = https://capital.com
2024-03-28 02:32:24.181813   link = https://capital.com
2024-03-28 02:32:25.847327   => Loaded page https://capital.com/

2024-03-28 02:32:25.865663   Step 'Click button [Accept all cookies]'
2024-03-28 02:32:25.865695   Is Visible Button [Accept all cookies]? =>
2024-03-28 02:32:26.109042   => Button [Accept all cookies] is visible
2024-03-28 02:32:26.609170   Is clickable Button [Accept all cookies] =>
2024-03-28 02:32:26.629662   => Button [Accept all cookies] is clickable
2024-03-28 02:32:26.629699   Click Button [Accept all cookies] =>
2024-03-28 02:32:26.830455   => Button [Accept all cookies] is clicked
2024-03-28 02:32:26.830493   => Accepted All Cookies

2024-03-28 02:32:27.330661   => Prev. country - '?'
2024-03-28 02:32:27.330707   Set 'de' country =>
2024-03-28 02:32:27.347025   => Language and Country menu is present
2024-03-28 02:32:27.363204   => Language and Country menu is visible
2024-03-28 02:32:28.645827   => Focus is moved on Language and Country menu 
2024-03-28 02:32:31.316479   => Cur url = https://capital.com/?country=de
2024-03-28 02:32:31.379340   => Country set to 'de'

2024-03-28 02:32:31.379374   => Prev. language - '?'
2024-03-28 02:32:31.379385   Set 'pl' language =>
2024-03-28 02:32:31.397094   => Language and Country menu is present
2024-03-28 02:32:31.417642   => Language and Country menu is visible
2024-03-28 02:32:32.695358   => Focus is moved on Language and Country menu 
2024-03-28 02:32:32.703924   Move focus on pl item and click =>
2024-03-28 02:32:34.301554   => Focus moved on pl item and clicked
2024-03-28 02:32:34.301603   => Cur url = https://capital.com/pl
2024-03-28 02:32:34.379824   => Language is set to 'pl'

2024-03-28 02:32:34.379860   => Prev. role - 'NoAuth'
2024-03-28 02:32:34.382562   Start Autorization

2024-03-28 02:32:34.382658   2. Act
2024-03-28 02:32:34.382673   Start Click button [Log in] =>
2024-03-28 02:32:34.398678   BUTTON_LOGIN scroll =>
2024-03-28 02:32:34.405732   Is BUTTON_LOGIN clickable? =>
2024-03-28 02:32:34.423612   => BUTTON_LOGIN is clickable
2024-03-28 02:32:34.423650   BUTTON_LOGIN click =>
2024-03-28 02:32:34.489274   => BUTTON_LOGIN is clicked!
2024-03-28 02:32:34.489539   Check that 'Login' form is opened
2024-03-28 02:32:34.737445   'Login' form opened
2024-03-28 02:32:34.737485   Assert LOGIN_REF_SIGNUP =>
2024-03-28 02:32:34.760581   Assert LOGIN_CHECKBOX =>
2024-03-28 02:32:34.779182   Assert LOGIN_PASS_FORGOT =>
2024-03-28 02:32:34.796224   => 'Login' form is checked
2024-03-28 02:32:34.796312   => 'Login' form is opened
2024-03-28 02:32:35.021612   => "login" and "password" are inputted
2024-03-28 02:32:35.021655   Click [Continue] button on [Login] form =>
2024-03-28 02:32:35.094481   => [Continue] button on [Login] form is clicked
2024-03-28 02:32:35.094533   Set timeout = 30
2024-03-28 02:32:36.736202   -> Page with 'Trading Platform | Capital.com' title opened

2024-03-28 02:32:36.736387   Checking that the Trading platform LOGO is present on the page =>
2024-03-28 02:32:37.637256   => Trading platform 'capital*com' logo is present on the current page
2024-03-28 02:32:37.637347   -> "Capital.com" logo mission
2024-03-28 02:32:38.663728   => The 'Auth' role is set

2024-03-28 02:32:38.752165   => THE END PRECONDITIONS

2024-03-28 02:32:38.752443   1. Arrange_v0
2024-03-28 02:32:38.752476   current_page = https://capital.com/pl
2024-03-28 02:32:38.755262   link = https://capital.com/pl/handlovac-uber
2024-03-28 02:32:38.761301   => current_url != cur_item_link
2024-03-28 02:32:38.761328   Current page URL = https://capital.com/pl
2024-03-28 02:32:38.763904   self.link = https://capital.com/pl/handlovac-uber
2024-03-28 02:32:38.763918   link = https://capital.com/pl/handlovac-uber
2024-03-28 02:32:40.679315   => Loaded page https://capital.com/pl/handlovac-uber
2024-03-28 02:32:40.733798   BUTTON_START_TRADING scroll =>
2024-03-28 02:32:40.737732   BUTTON_START_TRADING is visible? =>
2024-03-28 02:32:40.781503   => BUTTON_START_TRADING is visible on the page!

2024-03-28 02:32:40.781681   2. Act_v0
2024-03-28 02:32:40.781698   Start Click button [Start Trading] =>
2024-03-28 02:32:40.787602   BUTTON_START_TRADING is clickable? =>
2024-03-28 02:32:40.801872   BUTTON_START_TRADING click =>
2024-03-28 02:32:41.123346   => BUTTON_START_TRADING clicked

2024-03-28 02:32:41.123672   3. Assert_v4
2024-03-28 02:32:41.123864   Checking that the trading platform page has opened (v4) =>
2024-03-28 02:32:41.638679   Checking way # 1 => 

2024-03-28 02:32:41.638854   Checking that the Trading platform page has valid title =>
2024-03-28 02:32:41.641557   => The title of current page is 'Trading Platform | Capital.com'

2024-03-28 02:32:41.641701   Checking that the Trading platform LOGO is present on the page =>
2024-03-28 02:32:42.296160   => Trading platform 'capital*com' logo is present on the current page

2024-03-28 02:32:42.296245   tpd = False
2024-03-28 02:32:42.296407   Checking that the Trading platform opened in LIVE mode =>
2024-03-28 02:32:42.311010   => The page with https://capital.com/trading/platform/ url was opened in lIVE mode
2024-03-28 02:32:43.422229   => Driver.backed
