{'width': 1280, 'height': 720}

2023-12-27 08:33:27.457737   worker_id = master

2023-12-27 08:33:27.457752   0. Allure grouping v4


2023-12-27 08:33:27.457902   START PRECONDITIONS =>


2023-12-27 08:33:27.457916   {'width': 1280, 'height': 720}

2023-12-27 08:33:27.459165   Set windows position at (320, 180) =>

2023-12-27 08:33:27.712837   Set resolution 1280 * 720 =>

2023-12-27 08:33:27.829878   => Resolution seted {'width': 1280, 'height': 720}

2023-12-27 08:33:31.954293   Капчи нет. Тестим дальше

2023-12-27 08:33:31.954339   Prev. Role: NoReg

2023-12-27 08:33:31.954349   Current role: NoReg

2023-12-27 08:33:31.954358   Prev language: en

2023-12-27 08:33:31.954366   => Current language: en

2023-12-27 08:33:31.954374   Prev country: de

2023-12-27 08:33:31.954381   => Current country: de

2023-12-27 08:33:31.954389   => THE END PRECONDITIONS

2023-12-27 08:33:31.954444   1. Arrange_v0
2023-12-27 08:33:32.404268   Load page https://capital.com/position-trading
2023-12-27 08:33:32.404321   BUTTON_CREATE_YOUR_ACCOUNT is located on the page? =>

2023-12-27 08:33:32.562232   2. Act_v0
2023-12-27 08:33:32.710209   => BUTTON_CREATE_YOUR_ACCOUNT is clicked

2023-12-27 08:33:32.710400   3. Assert_v0
2023-12-27 08:33:32.710476   Start step Check that [Sign up] form is opened
2023-12-27 08:33:32.992460   'Sign up' form opened
2023-12-27 08:33:32.992501   Assert SIGNUP_HEADER =>
2023-12-27 08:33:33.008574   Assert SIGNUP_REF_LOGIN =>
2023-12-27 08:33:33.023259   Assert SIGNUP_PRIVACY_POLICY_ALL_2 =>
2023-12-27 08:33:33.040576   => SIGNUP_PRIVACY_POLICY_ALL
2023-12-27 08:33:33.040623   => 'Signup' form is checked
2023-12-27 08:33:33.040821   Start step Close [Sign up] form =>
2023-12-27 08:33:33.111866   => 'Signup' form closed

2023-12-27 08:33:33.315662   *** end fixture Chrome = teardown ***

