{'width': 1280, 'height': 800}

2024-03-28 02:44:23.618392   worker_id = master

2024-03-28 02:44:23.618409   0. Allure grouping v4


2024-03-28 02:44:23.618620   START PRECONDITIONS =>


2024-03-28 02:44:23.618636   => flag_of_bug - False

2024-03-28 02:44:23.618648   => Windows size - {'width': 1280, 'height': 800}
2024-03-28 02:44:23.619911   Set windows position at (0, 0) =>
2024-03-28 02:44:23.722912   Set resolution 1280 * 800 =>
2024-03-28 02:44:23.825790   => Windows size is set to {'width': 1280, 'height': 800}

2024-03-28 02:44:24.836055   Капчи нет. Идем дальше

2024-03-28 02:44:24.836151   Работа с куками

2024-03-28 02:44:24.836165   => Prev. country - 'de'
2024-03-28 02:44:24.836176   => Country set to 'de'

2024-03-28 02:44:24.836185   => Prev. language - 'pl'
2024-03-28 02:44:24.836196   => Language is set to 'pl'

2024-03-28 02:44:24.836205   => Prev. role - 'Auth'
2024-03-28 02:44:24.836213   => The 'Auth' role is set

2024-03-28 02:44:24.839242   => THE END PRECONDITIONS

2024-03-28 02:44:24.839477   1. Arrange_v0
2024-03-28 02:44:24.839497   current_page = https://capital.com/pl/ropa-naftowa-brent
2024-03-28 02:44:24.842246   link = https://capital.com/pl/ropa-naftowa-brent
2024-03-28 02:44:24.860175   => BUTTON_TRY_DEMO is present on this page
2024-03-28 02:44:24.860205   BUTTON_TRY_DEMO scroll =>
2024-03-28 02:44:24.867890   BUTTON_TRY_DEMO is visible? =>
2024-03-28 02:44:24.886250   => BUTTON_TRY_DEMO is visible on this page

2024-03-28 02:44:24.886432   2. Act_v0
2024-03-28 02:44:24.891705   BUTTON_TRY_DEMO is clickable? =>
2024-03-28 02:44:24.926932   => BUTTON_TRY_DEMO clicked!

2024-03-28 02:44:24.927224   3. Assert_v4
2024-03-28 02:44:24.927360   Checking that the trading platform page has opened (v4) =>
2024-03-28 02:44:26.147839   Checking way # 1 => 

2024-03-28 02:44:26.148072   Checking that the Trading platform page has valid title =>
2024-03-28 02:44:26.151584   => The title of current page is 'Trading Platform | Capital.com'

2024-03-28 02:44:26.151764   Checking that the Trading platform LOGO is present on the page =>
2024-03-28 02:44:27.062194   => Trading platform 'capital*com' logo is present on the current page

2024-03-28 02:44:27.062287   tpd = True
2024-03-28 02:44:27.062512   Checking that the Trading platform opened in DEMO mode =>
2024-03-28 02:44:27.077736   => The page with https://capital.com/trading/platform/?mode=demo url was opened in DEMO mode
2024-03-28 02:44:28.319863   => Driver.backed
