


Current language - de



Current country - ua
{'width': 1920, 'height': 1080}

2025-01-16 22:47:42.100032   worker_id = master

2025-01-16 22:47:42.100043   0. Allure grouping for US_55

2025-01-16 22:47:43.013185   START PRECONDITIONS =>

2025-01-16 22:47:43.013229   => URL after prev. preconditions - https://capital.com/de
2025-01-16 22:47:43.013239   => flag_of_bug - True
2025-01-16 22:47:43.013250   => Current URL - https://capital.com/de

2025-01-16 22:47:43.088903   => Windows size: {'width': 1920, 'height': 1080}
2025-01-16 22:47:43.090374   Set windows position at (0, 0) =>
2025-01-16 22:47:43.092033   Set resolution 1920 * 1080 =>
2025-01-16 22:47:43.093718   => Windows size is set to {'width': 1920, 'height': 1080}

2025-01-16 22:47:48.147570   Капчи нет. Идем дальше

2025-01-16 22:47:48.147644   Работа с куками =>
2025-01-16 22:47:48.147654   Prev. role - 'NoAuth'
2025-01-16 22:47:48.147660   Current testing role - 'NoReg'

2025-01-16 22:47:48.147665   All cookies must be delete =>
2025-01-16 22:47:48.234983   => All cookies are deleted
2025-01-16 22:47:48.235007   Current page URL = https://capital.com/de
2025-01-16 22:47:48.237588   self.link = https://capital.com/
2025-01-16 22:47:48.237598   driver.get(https://capital.com/) =>
2025-01-16 22:47:50.923755   => Loaded page https://capital.com/

2025-01-16 22:47:50.927252   Step 'Click button [Accept all cookies]'
2025-01-16 22:47:50.927260   Is Visible Button [Accept all cookies]? =>
2025-01-16 22:47:50.942950   => Button [Accept all cookies] is visible
2025-01-16 22:47:51.443084   Is clickable Button [Accept all cookies] =>
2025-01-16 22:47:51.458560   => Button [Accept all cookies] is clickable
2025-01-16 22:47:51.458583   Click Button [Accept all cookies] =>
2025-01-16 22:47:51.692838   => Button [Accept all cookies] is clicked
2025-01-16 22:47:51.692879   => Accepted All Cookies

2025-01-16 22:47:57.211163   Капчи нет. Идем дальше

2025-01-16 22:47:57.211246   Prev. country - '?'
2025-01-16 22:47:57.211258   Cur. country - 'ua'
2025-01-16 22:47:57.211267   Set 'ua' country =>
2025-01-16 22:47:57.221741   => Language and Country menu is present
2025-01-16 22:47:57.233897   => Language and Country menu is visible
2025-01-16 22:47:58.525107   => Focus is moved on Language and Country menu 
2025-01-16 22:48:01.245816   => Cur url = https://capital.com/?country=ua
2025-01-16 22:48:01.315540   => Country set to 'ua'

2025-01-16 22:48:06.348618   Капчи нет. Идем дальше

2025-01-16 22:48:06.348709   Prev. language - '?'
2025-01-16 22:48:06.348726   Cur. language - 'de'
2025-01-16 22:48:06.348739   Set 'de' language =>
2025-01-16 22:48:06.356471   => Language and Country menu is present
2025-01-16 22:48:06.365651   => Language and Country menu is visible
2025-01-16 22:48:07.654993   => Focus is moved on Language and Country menu 
2025-01-16 22:48:07.663859   Move focus on de item and click =>
2025-01-16 22:48:09.312875   => Focus moved on de item and clicked
2025-01-16 22:48:09.312925   => Cur url = https://capital.com/de
2025-01-16 22:48:09.375333   => Language is set to 'de'

2025-01-16 22:48:14.421444   Капчи нет. Идем дальше

2025-01-16 22:48:14.421523   Prev. role - 'NoAuth'
2025-01-16 22:48:14.421535   Cur. role - 'NoReg'
2025-01-16 22:48:14.421544   => The 'NoReg' role is set

2025-01-16 22:48:14.424331   => Current URL - https://capital.com/de

2025-01-16 22:48:14.424351   => END PRECONDITIONS

2025-01-16 22:48:14.424580   1. Arrange
2025-01-16 22:48:14.424594   IS [Sign up] button present on this page? =>
2025-01-16 22:48:14.431887   => [Sign up] button present on this page!

2025-01-16 22:48:14.440088   IS [Sign up] button visible on this page? =>
2025-01-16 22:48:14.451823   => [Sign up] button is visible on this page!


2025-01-16 22:48:14.451956   2. Act_v0
2025-01-16 22:48:14.451970   IS [Sign up] clickable on the page? =>
2025-01-16 22:48:14.464953   => [Sign up] is clickable on the page!


2025-01-16 22:48:14.464974   Start Click button [Sign up] =>
2025-01-16 22:48:14.523992   => End Click button [Sign up] 
2025-01-16 22:48:14.524197   Start step Check that [Sign up] form is opened
2025-01-16 22:48:14.739328   'Sign up' form opened
2025-01-16 22:48:14.739361   Assert SIGNUP_HEADER =>
2025-01-16 22:48:14.756749   Assert SIGNUP_REF_LOGIN =>
2025-01-16 22:48:14.771212   Assert SIGNUP_PRIVACY_POLICY_ALL_2 =>
2025-01-16 22:48:14.785905   => SIGNUP_PRIVACY_POLICY_ALL
2025-01-16 22:48:14.785938   => 'Signup' form is checked
2025-01-16 22:48:14.785984   => 'Sign up' form is opened

2025-01-16 22:48:14.786133   3. Assert
2025-01-16 22:48:14.786145   Is 'Please enter a valid Email' message displayed on this page after putting invalid email? =>
2025-01-16 22:48:14.786151   => Start fill out 'Email address' field.
2025-01-16 22:48:14.888001   => 'Email address' is inputted

2025-01-16 22:48:15.010098   => Switch to 'Password' field

get_attribute:  display: block;
2025-01-16 22:48:15.054478   => 'Please enter a valid Email' message is displayed

2025-01-16 22:48:15.054516   Save current screenshot into PNG file
2025-01-16 22:48:15.197858   Is [Continue] button active after putting invalid email? =>
2025-01-16 22:48:15.197882   => Start fill out 'Password' field.
2025-01-16 22:48:15.290442   => 'Password' is inputted

continue_button:  btn btn--md btn--wide s2_btn disabled hasPointer
2025-01-16 22:48:15.310979   => '[Continue] button is not active after putting invalid email

2025-01-16 22:48:15.311004   Save current screenshot into PNG file
