


Current country - de
{'width': 1920, 'height': 1080}

2024-12-16 22:42:55.455405   worker_id = master

2024-12-16 22:42:55.455421   0. Allure grouping for US_55


2024-12-16 22:42:55.455642   START PRECONDITIONS =>

2024-12-16 22:42:55.455659   => URL after prev. preconditions - https://capital.com/en-gb
2024-12-16 22:42:55.455669   => flag_of_bug - True
2024-12-16 22:42:55.455681   => Current URL - https://capital.com/en-eu
2024-12-16 22:42:55.461806   Current page URL = https://capital.com/en-eu
2024-12-16 22:42:55.464551   self.link = https://capital.com/en-gb
2024-12-16 22:42:55.464565   driver.get(https://capital.com/en-gb) =>
2024-12-16 22:42:57.768408   => Loaded page https://capital.com/en-gb

2024-12-16 22:42:57.776509   => Windows size: {'width': 1920, 'height': 1080}

2024-12-16 22:42:57.782086   Set windows position at (0, 0) =>

2024-12-16 22:42:57.784009   Set resolution 1920 * 1080 =>

2024-12-16 22:42:57.785763   => Resolution set {'width': 1920, 'height': 1080}

2024-12-16 22:42:57.787207   Работа с куками =>
2024-12-16 22:42:57.787222   Prev. role - 'NoReg'
2024-12-16 22:42:57.787231   Current testing role - 'Auth'

2024-12-16 22:42:57.787240   All cookies must be delete =>
2024-12-16 22:42:57.840106   => All cookies are deleted
2024-12-16 22:42:57.840146   Current page URL = https://capital.com/en-gb
2024-12-16 22:42:57.846903   self.link = https://capital.com/en-gb
2024-12-16 22:42:57.846920   driver.get(https://capital.com/en-gb) =>
2024-12-16 22:43:00.272256   => Loaded page https://capital.com/en-gb

2024-12-16 22:43:00.284487   Step 'Click button [Accept all cookies]'
2024-12-16 22:43:00.284506   Is Visible Button [Accept all cookies]? =>
2024-12-16 22:43:01.426428   => Button [Accept all cookies] is visible
2024-12-16 22:43:01.926552   Is clickable Button [Accept all cookies] =>
2024-12-16 22:43:01.943014   => Button [Accept all cookies] is clickable
2024-12-16 22:43:01.943051   Click Button [Accept all cookies] =>
2024-12-16 22:43:02.171652   => Button [Accept all cookies] is clicked
2024-12-16 22:43:02.171706   => Accepted All Cookies

2024-12-16 22:43:02.671840   Prev. role - 'NoReg'
2024-12-16 22:43:02.671907   Cur. role - 'Auth'

2024-12-16 22:43:02.672163   Start Authorization
2024-12-16 22:43:02.784649   => 'Login' form is opened
2024-12-16 22:43:02.988310   => "login" and "password" are inputted
2024-12-16 22:43:02.988368   Click [Continue] button on [Login] form =>
2024-12-16 22:43:03.078921   => [Continue] button on [Login] form is clicked
2024-12-16 22:43:03.078997   Set timeout = 30
2024-12-16 22:43:04.295932   => Page with 'Trading Platform | Capital.com' title opened

2024-12-16 22:43:04.296038   2. Checking that the LOGO is present on the page =>
2024-12-16 22:43:05.439905   => 'capital*com' logo is present on the current page

2024-12-16 22:43:05.862455   => The 'Auth' role is set

2024-12-16 22:43:05.862511   Prev. language: ?
2024-12-16 22:43:05.862527   Cur. language - 'en'

2024-12-16 22:43:05.862543   Prev. country: ?
2024-12-16 22:43:05.862558   Cur. country: de

2024-12-16 22:43:05.862791   Set "en" language and "de" country =>
2024-12-16 22:43:05.862819   Current page URL = https://capital.com/en-gb
2024-12-16 22:43:05.904876   self.link = https://capital.com/en-eu
2024-12-16 22:43:05.904902   driver.get(https://capital.com/en-eu) =>
2024-12-16 22:43:08.193397   => Loaded page https://capital.com/en-eu
2024-12-16 22:43:08.270825   => Language is set to 'en'
2024-12-16 22:43:08.270849   => Country is set to 'de'
2024-12-16 22:43:08.270859   => Current URL - https://capital.com/en-eu

2024-12-16 22:43:08.279998   => Current URL - https://capital.com/en-eu

2024-12-16 22:43:08.280033   => END PRECONDITIONS

2024-12-16 22:43:08.280264   START Open "News and Analysis" menu, "Market analysis" submenu =>

2024-12-16 22:43:08.280282   1. Cur URL = https://capital.com/en-eu

2024-12-16 22:43:08.283113   2. Link = https://capital.com/en-eu
2024-12-16 22:43:08.283130   current_page = https://capital.com/en-eu
2024-12-16 22:43:08.285753   link = https://capital.com/en-eu
2024-12-16 22:43:13.820474   => 'News and Analysis' menu not present
