{'width': 1280, 'height': 720}

2024-02-07 05:55:26.958454   worker_id = master

2024-02-07 05:55:26.958471   0. Allure grouping v4


2024-02-07 05:55:26.958663   START PRECONDITIONS =>


2024-02-07 05:55:26.958679   {'width': 1280, 'height': 720}

2024-02-07 05:55:26.959909   Set windows position at (0, 0) =>

2024-02-07 05:55:27.061891   Set resolution 1280 * 720 =>

2024-02-07 05:55:27.164496   => Resolution seted {'width': 1280, 'height': 720}

2024-02-07 05:55:28.195114   Капчи нет. Идем дальше

2024-02-07 05:55:28.195216   Prev. Role: NoReg

2024-02-07 05:55:28.195239   Current role: NoReg

2024-02-07 05:55:29.222379   Капчи нет. Идем дальше

2024-02-07 05:55:29.222465   Prev language: el

2024-02-07 05:55:29.222478   => Current language: el

2024-02-07 05:55:30.250455   Капчи нет. Идем дальше

2024-02-07 05:55:30.250533   Prev country: de
2024-02-07 05:55:30.250545   => Current country: de

2024-02-07 05:55:30.250554   => THE END PRECONDITIONS

2024-02-07 05:55:30.250585   1. Arrange_v0
2024-02-07 05:55:30.253304   Current page URL = https://capital.com/el/axiologese-orismos
2024-02-07 05:55:31.263157   => Loaded page https://capital.com/el/deiktes-dow-30-orismos
2024-02-07 05:55:31.266930   BUTTON_CREATE_YOUR_ACCOUNT is located on the page? =>

2024-02-07 05:55:31.274841   2. Act_v0: Define of locator

2024-02-07 05:55:31.274874   2. Act_v0: Go to web element

2024-02-07 05:55:32.394058   2. Act_v0: Click web element
2024-02-07 05:55:32.420731   => BUTTON_CREATE_YOUR_ACCOUNT is clicked

2024-02-07 05:55:32.420942   3. Assert_v0
2024-02-07 05:55:32.421031   Start step Check that [Sign up] form is opened
2024-02-07 05:55:33.105479   'Sign up' form opened
2024-02-07 05:55:33.105525   Assert SIGNUP_HEADER =>
2024-02-07 05:55:33.117201   Assert SIGNUP_REF_LOGIN =>
2024-02-07 05:55:33.129507   Assert SIGNUP_PRIVACY_POLICY_ALL_2 =>
2024-02-07 05:55:33.141573   => SIGNUP_PRIVACY_POLICY_ALL
2024-02-07 05:55:33.141601   => 'Signup' form is checked
2024-02-07 05:55:33.141775   Start step Close [Sign up] form =>
2024-02-07 05:55:33.191475   => 'Signup' form closed

2024-02-07 05:55:33.600422   *** end fixture Browser = teardown ***

