{'width': 1920, 'height': 1080}

2024-12-16 23:34:53.389813   worker_id = master

2024-12-16 23:34:53.389828   0. Allure grouping for US_55


2024-12-16 23:34:53.390041   START PRECONDITIONS =>

2024-12-16 23:34:53.390057   => URL after prev. preconditions - https://capital.com/en-gb
2024-12-16 23:34:53.390067   => flag_of_bug - True
2024-12-16 23:34:53.390079   => Current URL - https://capital.com/en-gb/learn/market-guides/trade-microsoft
2024-12-16 23:34:53.395810   Current page URL = https://capital.com/en-gb/learn/market-guides/trade-microsoft
2024-12-16 23:34:53.398493   self.link = https://capital.com/en-gb
2024-12-16 23:34:53.398507   driver.get(https://capital.com/en-gb) =>
2024-12-16 23:34:55.693503   => Loaded page https://capital.com/en-gb

2024-12-16 23:34:55.761944   => Windows size: {'width': 1920, 'height': 1080}

2024-12-16 23:34:55.763545   Set windows position at (0, 0) =>

2024-12-16 23:34:55.765337   Set resolution 1920 * 1080 =>

2024-12-16 23:34:55.767062   => Resolution set {'width': 1920, 'height': 1080}

2024-12-16 23:34:55.772084   Работа с куками =>
2024-12-16 23:34:55.772100   Prev. role - 'NoReg'
2024-12-16 23:34:55.772109   Current testing role - 'Auth'

2024-12-16 23:34:55.772118   All cookies must be delete =>
2024-12-16 23:34:55.828511   => All cookies are deleted
2024-12-16 23:34:55.828549   Current page URL = https://capital.com/en-gb
2024-12-16 23:34:55.833971   self.link = https://capital.com/en-gb
2024-12-16 23:34:55.833994   driver.get(https://capital.com/en-gb) =>
2024-12-16 23:34:58.142293   => Loaded page https://capital.com/en-gb

2024-12-16 23:34:58.149069   Step 'Click button [Accept all cookies]'
2024-12-16 23:34:58.149088   Is Visible Button [Accept all cookies]? =>
2024-12-16 23:34:59.432783   => Button [Accept all cookies] is visible
2024-12-16 23:34:59.932926   Is clickable Button [Accept all cookies] =>
2024-12-16 23:34:59.949717   => Button [Accept all cookies] is clickable
2024-12-16 23:34:59.949756   Click Button [Accept all cookies] =>
2024-12-16 23:35:00.224784   => Button [Accept all cookies] is clicked
2024-12-16 23:35:00.224841   => Accepted All Cookies

2024-12-16 23:35:00.724975   Prev. role - 'NoReg'
2024-12-16 23:35:00.725046   Cur. role - 'Auth'

2024-12-16 23:35:00.725287   Start Authorization
2024-12-16 23:35:00.846170   => 'Login' form is opened
2024-12-16 23:35:01.127344   => "login" and "password" are inputted
2024-12-16 23:35:01.127400   Click [Continue] button on [Login] form =>
2024-12-16 23:35:01.224809   => [Continue] button on [Login] form is clicked
2024-12-16 23:35:01.224870   Set timeout = 30
2024-12-16 23:35:02.408218   => Page with 'Trading Platform | Capital.com' title opened

2024-12-16 23:35:02.408299   2. Checking that the LOGO is present on the page =>
2024-12-16 23:35:03.782793   => 'capital*com' logo is present on the current page

2024-12-16 23:35:04.105407   => The 'Auth' role is set

2024-12-16 23:35:04.105453   Prev. language: it
2024-12-16 23:35:04.105467   Cur. language - 'en'

2024-12-16 23:35:04.105480   Prev. country: ua
2024-12-16 23:35:04.105493   Cur. country: ae

2024-12-16 23:35:04.105689   Set "en" language and "ae" country =>
2024-12-16 23:35:04.105715   Current page URL = https://capital.com/en-gb
2024-12-16 23:35:04.207681   self.link = https://capital.com/en-ae
2024-12-16 23:35:04.207707   driver.get(https://capital.com/en-ae) =>
2024-12-16 23:35:06.535198   => Loaded page https://capital.com/en-ae
2024-12-16 23:35:06.539964   => Language is set to 'en'
2024-12-16 23:35:06.539984   => Country is set to 'ae'
2024-12-16 23:35:06.539993   => Current URL - https://capital.com/en-ae

2024-12-16 23:35:06.546109   => Current URL - https://capital.com/en-ae

2024-12-16 23:35:06.546134   => END PRECONDITIONS

2024-12-16 23:35:06.546345   START Open "Learn" menu, "Market guides" submenu =>

2024-12-16 23:35:06.546362   1. Cur URL = https://capital.com/en-ae

2024-12-16 23:35:06.548986   2. Link = https://capital.com/en-ae
2024-12-16 23:35:06.549002   current_page = https://capital.com/en-ae
2024-12-16 23:35:06.552431   link = https://capital.com/en-ae
2024-12-16 23:35:07.061819   => 'Learn' menu is present
2024-12-16 23:35:07.079213   => 'Learn' menu is visible
2024-12-16 23:35:08.628812   => Focus moved to 'Learn' menu
2024-12-16 23:35:08.646528   => 'Market guides' submenu is visible
2024-12-16 23:35:09.434659   => 'Market guides' sub-menu clicked
2024-12-16 23:35:14.752954   => Focus moved to 'capital*com' logo
2024-12-16 23:35:14.753000   3. Cur URL = https://capital.com/en-ae/learn/market-guides

2024-12-16 23:35:14.758794   1. Start Arrange: find 'Market trading guides' block.
2024-12-16 23:35:14.758820   current_page = https://capital.com/en-ae/learn/market-guides
2024-12-16 23:35:14.761454   link = https://capital.com/en-ae/learn/market-guides

2024-12-16 23:35:14.769774   Page have block 'Market trading guides' in DOM.
2024-12-16 23:35:14.778253   Scrolled to block 'Market trading guides'
2024-12-16 23:35:14.778287   Start to check visibility block 'Market trading guides'.'
2024-12-16 23:35:14.790346   Block 'Market trading guides' visible on the current page

2024-12-16 23:35:14.796115   Page have link 'Shares trading guide' in DOM

2024-12-16 23:35:14.806012   Scrolled to link 'Shares trading guide'
2024-12-16 23:35:14.806062   Start to check visibility link 'Shares trading guide'.'
2024-12-16 23:35:14.819526   Link 'Shares trading guide' visible on the current page

2024-12-16 23:35:14.819581   Start to check clickability link 'Shares trading guide'.
2024-12-16 23:35:14.843495   Link 'Shares trading guide' is clickable.

2024-12-16 23:35:14.843542   Start to click on the link 'Shares trading guide'
2024-12-16 23:35:14.901043   Link 'Shares trading guide' is clicked


2024-12-16 23:35:15.117961   Page have block 'Popular shares to trade' in DOM.
2024-12-16 23:35:15.127879   Scrolled to block 'Popular shares to trade'
2024-12-16 23:35:15.127920   Start to check visibility block 'Popular shares to trade'.'
2024-12-16 23:35:15.142068   Block 'Popular shares to trade' visible on the current page

2024-12-16 23:35:15.148317   Page have link 'Microsoft' in DOM

2024-12-16 23:35:15.157926   Scrolled to link 'Microsoft'
2024-12-16 23:35:15.157966   Start to check visibility link 'Microsoft'.'
2024-12-16 23:35:15.170696   Link 'Microsoft' visible on the current page

2024-12-16 23:35:15.170748   Start to check clickability link 'Microsoft'.
2024-12-16 23:35:15.188220   Link 'Microsoft' is clickable.

2024-12-16 23:35:15.188453   2. Start Act.
2024-12-16 23:35:15.188474   Start to click on the link 'Microsoft'
2024-12-16 23:35:15.489523   Link 'Microsoft' is clicked

2024-12-16 23:35:15.489583   Save current screenshot into PNG file
2024-12-16 23:35:15.766908   3. Start Assert.
2024-12-16 23:35:15.766950   Do current page have 'en-gb'? =>
2024-12-16 23:35:15.766995   Current page is: https://capital.com/en-gb/learn/market-guides/trade-microsoft
2024-12-16 23:35:15.902679   => Current page opened in FCA License. Current page is: https://capital.com/en-gb/learn/market-guides/trade-microsoft

