


Current sort - Most volatile
{'width': 1280, 'height': 800}

2024-03-25 11:41:14.695332   worker_id = master

2024-03-25 11:41:14.695349   0. Allure grouping v4


2024-03-25 11:41:14.695583   START PRECONDITIONS =>


2024-03-25 11:41:14.695602   => flag_of_bug - False

2024-03-25 11:41:14.695614   => Windows size - {'width': 1280, 'height': 800}
2024-03-25 11:41:14.697286   Set windows position at (0, 0) =>
2024-03-25 11:41:14.801969   Set resolution 1280 * 800 =>
2024-03-25 11:41:14.904402   => Windows size is set to {'width': 1280, 'height': 800}

2024-03-25 11:41:15.940194   Капчи нет. Идем дальше

2024-03-25 11:41:15.940285   Работа с куками

2024-03-25 11:41:15.940298   => Prev. country - 'de'
2024-03-25 11:41:15.940308   => Country set to 'de'

2024-03-25 11:41:15.940318   => Prev. language - 'cn'
2024-03-25 11:41:15.940328   => Language is set to 'cn'

2024-03-25 11:41:15.940336   => Prev. role - 'NoReg'
2024-03-25 11:41:15.940345   => The 'NoReg' role is set

2024-03-25 11:41:15.942999   => THE END PRECONDITIONS

2024-03-25 11:41:15.943190   START Open "Markets" menu, "Forex" submenu =>

2024-03-25 11:41:15.943205   1. Cur URL = https://capital.com/cn/live-currency-prices?t=most

2024-03-25 11:41:15.945659   2. Link = https://capital.com/cn/live-currency-prices?t=most
2024-03-25 11:41:15.945674   current_page = https://capital.com/cn/live-currency-prices?t=most
2024-03-25 11:41:15.948103   link = https://capital.com/cn/live-currency-prices?t=most
2024-03-25 11:41:16.459698   => 'Markets' menu is present
2024-03-25 11:41:16.476645   element = <selenium.webdriver.remote.webelement.WebElement (session="39aecc76cc88870dd4020e1017b5f19a", element="f.B9A41AC01E37F79253A3F69720AA93B6.d.65BB71961774B323B4D83E165799D65E.e.9115")>
2024-03-25 11:41:16.476679   => 'Markets' menu is visible
2024-03-25 11:41:17.754550   => Focus moved to 'Markets' menu


2024-03-25 11:41:18.524164   => 'Forex' sub-menu clicked

2024-03-25 11:41:18.526884   3. Cur URL = https://capital.com/cn/live-currency-prices?t=most

2024-03-25 11:41:18.531901   1. Arrange for TABLE_TRADING_INSTRUMENTS and 'Most volatile' cur_sort
2024-03-25 11:41:18.531924   current_page = https://capital.com/cn/live-currency-prices?t=most
2024-03-25 11:41:18.534268   link = https://capital.com/cn/live-currency-prices?t=most
2024-03-25 11:41:18.536808   TABLE_TRADING_INSTRUMENTS present on this page? =>
2024-03-25 11:41:18.544567   => TABLE_TRADING_INSTRUMENTS is present on the page!
2024-03-25 11:41:18.544589   IS FIELD_DROPDOWN_SORT present in the Live prices table? =>
2024-03-25 11:41:18.551406   =>  FIELD_DROPDOWN_SORT is present in the Live prices table!
2024-03-25 11:41:18.551428   Start scroll and click FIELD_DROPDOWN_SORT =>
2024-03-25 11:41:18.642284   Is item_sort_list visible on the FIELD_DROPDOWN_SORT ? =>
2024-03-25 11:41:18.662749   => item_sort_list is visible on the FIELD_DROPDOWN_SORT!
2024-03-25 11:41:18.662784   Is cur_sort "Most volatile" present in item_sort_list? =>
2024-03-25 11:41:18.672184   => cur_sort "Most volatile" is present in item_sort_list!
2024-03-25 11:41:18.672228   Start click cur_sort "Most volatile" =>
2024-03-25 11:41:19.403747   => End Click cur_sort "Most volatile"

2024-03-25 11:41:19.403784   Buttons [Sell] is visible and sum buttons no zero? =>
2024-03-25 11:41:19.415020   => Buttons [Sell] is visible and sum buttons no zero!

2024-03-25 11:41:19.415053   Start find two random buttons [Sell] on cur_sort "Most volatile"=>
2024-03-25 11:41:19.420612   => End find two random buttons [Sell] on the cur_sort "Most volatile"


2024-03-25 11:41:19.420636   item_list = [16]
2024-03-25 11:41:19.420796   Start Checking that form [Sign up] popped up on the page =>
2024-03-25 11:41:20.963802   '[Sign up]' form was not popped up
2024-03-25 11:41:20.964009   2. Act for trading instrument and "Most volatile" cur_sort
2024-03-25 11:41:20.964025   Start click button [Sell] =>
