Current country of trading - au
{'width': 1280, 'height': 800}

2024-03-25 13:03:47.095199   worker_id = master

2024-03-25 13:03:47.095216   0. Allure grouping v4


2024-03-25 13:03:47.095412   START PRECONDITIONS =>


2024-03-25 13:03:47.095428   => flag_of_bug - False

2024-03-25 13:03:47.095440   => Windows size - {'width': 1280, 'height': 800}
2024-03-25 13:03:47.096790   Set windows position at (0, 0) =>
2024-03-25 13:03:47.198755   Set resolution 1280 * 800 =>
2024-03-25 13:03:47.300845   => Windows size is set to {'width': 1280, 'height': 800}

2024-03-25 13:03:48.331285   Капчи нет. Идем дальше

2024-03-25 13:03:48.331365   Работа с куками

2024-03-25 13:03:48.331379   => Prev. country - 'de'
2024-03-25 13:03:48.331389   Set 'au' country =>
2024-03-25 13:03:48.341242   => Language and Country menu is present
2024-03-25 13:03:48.354013   => Language and Country menu is visible
2024-03-25 13:03:49.619876   => Focus is moved on Language and Country menu 
2024-03-25 13:03:53.003865   => Cur url = https://capital.com/cn/basics-of-trading?country=au
2024-03-25 13:03:53.038134   => Country set to 'au'

2024-03-25 13:03:53.038169   => Prev. language - 'cn'
2024-03-25 13:03:53.038180   => Language is set to 'cn'

2024-03-25 13:03:53.038189   => Prev. role - 'NoAuth'
2024-03-25 13:03:53.038198   => The 'NoAuth' role is set

2024-03-25 13:03:53.040724   => THE END PRECONDITIONS
2024-03-25 13:03:53.546982   => Education menu is present in DOM
2024-03-25 13:03:53.553387   element = <selenium.webdriver.remote.webelement.WebElement (session="f5694acfd6f7d66b7e724dbe78ff548e", element="f.3714590FE90F88B7F4F8F25615F62B27.d.CD9D3B03595B4DB2022856B0C494354C.e.759")>
2024-03-25 13:03:53.553413   => Education menu is visible
2024-03-25 13:03:54.816213   => Focus moved to Education menu

2024-03-25 13:03:56.644465   1. Arrange_v0
2024-03-25 13:03:56.644513   current_page = https://capital.com/cn/basics-of-trading
2024-03-25 13:03:56.647779   link = https://capital.com/cn/basics-of-trading
2024-03-25 13:03:56.650080   BUTTON_CREATE_YOUR_ACCOUNT is located on the page? =>

2024-03-25 13:03:56.655621   2. Act_v0: Define of locator

2024-03-25 13:03:56.655644   2. Act_v0: Go to web element

2024-03-25 13:03:57.721609   2. Act_v0: Click web element
2024-03-25 13:03:57.747593   => BUTTON_CREATE_YOUR_ACCOUNT is clicked

2024-03-25 13:03:57.747805   3. Assert_v0
2024-03-25 13:03:57.747893   Start step Check that [Sign up] form is opened
2024-03-25 13:03:57.997043   'Sign up' form opened
2024-03-25 13:03:57.997087   Assert SIGNUP_HEADER =>
2024-03-25 13:03:58.009207   Assert SIGNUP_REF_LOGIN =>
2024-03-25 13:03:58.023203   Assert SIGNUP_PRIVACY_POLICY_ALL_2 =>
2024-03-25 13:03:58.034727   => SIGNUP_PRIVACY_POLICY_ALL
2024-03-25 13:03:58.034756   => 'Signup' form is checked
2024-03-25 13:03:58.034916   Start step Close [Sign up] form =>
2024-03-25 13:03:58.119131   => 'Signup' form closed
