{'width': 1280, 'height': 720}

2023-12-22 19:43:00.905839   worker_id = master

2023-12-22 19:43:00.905862   0. Allure grouping v4


2023-12-22 19:43:00.906064   START PRECONDITIONS =>


2023-12-22 19:43:00.906087   {'width': 1280, 'height': 720}

2023-12-22 19:43:00.907427   Set windows position at (320, 180) =>

2023-12-22 19:43:01.009728   Set resolution 1280 * 720 =>

2023-12-22 19:43:01.112081   => Resolution seted {'width': 1280, 'height': 720}

2023-12-22 19:43:05.118159   Капчи нет. Тестим дальше

2023-12-22 19:43:05.118205   Prev. Role: NoAuth

2023-12-22 19:43:05.118214   Current role: NoAuth

2023-12-22 19:43:05.118223   Prev language: ru

2023-12-22 19:43:05.118231   => Current language: ru

2023-12-22 19:43:05.118238   Prev country: ae

2023-12-22 19:43:05.118246   => Current country: ae

2023-12-22 19:43:05.118254   => THE END PRECONDITIONS

2023-12-22 19:43:05.118311   1. Arrange
2023-12-22 19:43:05.121227   BUTTON_BUY_IN_CONTENT_BLOCK is visible? =>
2023-12-22 19:43:05.126195   => BUTTON_BUY_IN_CONTENT_BLOCK is visible on the page!

2023-12-22 19:43:05.139175   2. Act
2023-12-22 19:43:05.139196   BUTTON_BUY_IN_CONTENT_BLOCK is present? =>
2023-12-22 19:43:05.139206   => BUTTON_BUY_IN_CONTENT_BLOCK is present on the page
2023-12-22 19:43:05.139215   BUTTON_BUY_IN_CONTENT_BLOCK scroll =>
2023-12-22 19:43:05.142745   => BUTTON_BUY_IN_CONTENT_BLOCK scrolled
2023-12-22 19:43:05.142767   BUTTON_BUY_IN_CONTENT_BLOCK is clickable? =>
2023-12-22 19:43:05.153783   BUTTON_BUY_IN_CONTENT_BLOCK CLICK =>
2023-12-22 19:43:05.167957   => BUTTON_BUY_IN_CONTENT_BLOCK clicked!

2023-12-22 19:43:05.171564   3. Assert_Login_v0
2023-12-22 19:43:09.731931   'Login' form not opened
2023-12-22 19:43:09.736180   'Login' page not opened
2023-12-22 19:43:14.249381   'Login' form on trading platform not opened
2023-12-22 19:43:14.249590   Start step Check that [Sign up] form is opened
2023-12-22 19:43:14.261810   'Sign up' form opened
2023-12-22 19:43:14.261833   Assert SIGNUP_HEADER =>
2023-12-22 19:43:14.272318   Assert SIGNUP_REF_LOGIN =>
2023-12-22 19:43:14.283104   Assert SIGNUP_PRIVACY_POLICY_ALL_2 =>
2023-12-22 19:43:14.293838   => SIGNUP_PRIVACY_POLICY_ALL
2023-12-22 19:43:14.293859   => 'Signup' form is checked
