{'width': 1280, 'height': 800}

2024-03-25 11:51:12.717728   worker_id = master

2024-03-25 11:51:12.717746   0. Allure grouping v4


2024-03-25 11:51:12.718033   START PRECONDITIONS =>


2024-03-25 11:51:12.718050   => flag_of_bug - False

2024-03-25 11:51:12.718063   => Windows size - {'width': 1280, 'height': 800}
2024-03-25 11:51:12.719453   Set windows position at (0, 0) =>
2024-03-25 11:51:12.821566   Set resolution 1280 * 800 =>
2024-03-25 11:51:12.923873   => Windows size is set to {'width': 1280, 'height': 800}

2024-03-25 11:51:13.970419   Капчи нет. Идем дальше

2024-03-25 11:51:13.970511   Работа с куками

2024-03-25 11:51:13.970525   => Prev. country - 'de'
2024-03-25 11:51:13.970535   => Country set to 'de'

2024-03-25 11:51:13.970545   => Prev. language - 'cn'
2024-03-25 11:51:13.970555   => Language is set to 'cn'

2024-03-25 11:51:13.970564   => Prev. role - 'Auth'
2024-03-25 11:51:13.970573   => The 'Auth' role is set

2024-03-25 11:51:13.973122   => THE END PRECONDITIONS

2024-03-25 11:51:13.973317   1. Arrange_v0
2024-03-25 11:51:13.973335   current_page = https://capital.com/cn/australian-dollar-swiss-franc-rate
2024-03-25 11:51:13.975720   link = https://capital.com/cn/australian-dollar-swiss-franc-rate
2024-03-25 11:51:13.978099 Is TOOLINFO_SHORT_POSITION_OVERNIGHT_FEE present on the page? =>
