{'width': 1280, 'height': 720}

2023-12-22 18:30:14.635170   worker_id = master

2023-12-22 18:30:14.635198   0. Allure grouping v4


2023-12-22 18:30:14.635571   START PRECONDITIONS =>


2023-12-22 18:30:14.635598   {'width': 1280, 'height': 720}

2023-12-22 18:30:14.668723   Set windows position at (320, 180) =>

2023-12-22 18:30:14.774205   Set resolution 1280 * 720 =>

2023-12-22 18:30:14.877214   => Resolution seted {'width': 1280, 'height': 720}

2023-12-22 18:30:18.917940   Капчи нет. Тестим дальше

2023-12-22 18:30:18.917985   Prev. Role: Auth

2023-12-22 18:30:18.917995   Current role: Auth

2023-12-22 18:30:18.918003   Prev language: ru

2023-12-22 18:30:18.918011   => Current language: ru

2023-12-22 18:30:18.918019   Prev country: ae

2023-12-22 18:30:18.918027   => Current country: ae

2023-12-22 18:30:18.918034   => THE END PRECONDITIONS

2023-12-22 18:30:18.918093   1. Arrange_v0
2023-12-22 18:30:19.421988   Load page https://capital.com/ru/cfd-rynki
2023-12-22 18:30:19.595006   BUTTON_START_TRADING scroll =>
2023-12-22 18:30:19.710347   BUTTON_START_TRADING is visible? =>
2023-12-22 18:30:19.727255   => BUTTON_START_TRADING is visible on the page!

2023-12-22 18:30:19.727458   2. Act_v0
2023-12-22 18:30:19.727476   Start Click button [Start Trading] =>
2023-12-22 18:30:19.732680   BUTTON_START_TRADING is clickable? =>
2023-12-22 18:30:19.744095   BUTTON_START_TRADING click =>
2023-12-22 18:30:20.024304   => BUTTON_START_TRADING clicked

2023-12-22 18:30:20.024608   3. Assert_v4
2023-12-22 18:30:20.024741   Checking that the trading platform page has opened (v4) =>
2023-12-22 18:30:20.543151   => Current page title: Trading Platform | Capital.com
2023-12-22 18:30:20.543279   Checking that the Trading platform LOGO is present on the page =>
2023-12-22 18:30:20.888292   Checking that the Trading platform opened in LIVE mode =>
2023-12-22 18:30:20.899117   => The page with https://capital.com/trading/platform url was opened in lIVE mode
2023-12-22 18:30:21.364895   Load page https://capital.com/ru/cfd-rynki
