{'width': 1280, 'height': 800}

2024-03-25 11:17:34.763347   worker_id = master

2024-03-25 11:17:34.763365   0. Allure grouping v4


2024-03-25 11:17:34.763690   START PRECONDITIONS =>


2024-03-25 11:17:34.763712   => flag_of_bug - False

2024-03-25 11:17:34.763724   => Windows size - {'width': 1280, 'height': 800}
2024-03-25 11:17:34.765215   Set windows position at (0, 0) =>
2024-03-25 11:17:34.867282   Set resolution 1280 * 800 =>
2024-03-25 11:17:34.969402   => Windows size is set to {'width': 1280, 'height': 800}

2024-03-25 11:17:35.990063   Капчи нет. Идем дальше

2024-03-25 11:17:35.990150   Работа с куками

2024-03-25 11:17:35.990163   => Prev. country - 'au'
2024-03-25 11:17:35.990173   => Country set to 'au'

2024-03-25 11:17:35.990182   => Prev. language - 'cn'
2024-03-25 11:17:35.990191   => Language is set to 'cn'

2024-03-25 11:17:35.990200   => Prev. role - 'NoReg'
2024-03-25 11:17:35.990209   => The 'NoReg' role is set

2024-03-25 11:17:35.992805   => THE END PRECONDITIONS
2024-03-25 11:17:36.499209   => 'Markets' menu is present
2024-03-25 11:17:36.513193   element = <selenium.webdriver.remote.webelement.WebElement (session="e53bb4e71c5f0110261a799c12cc462d", element="f.EB5CF95E8A5E2BAAAB66C6BF47A5D5FC.d.FBBE7098ABDE2FEAA5E08C2D793EEA80.e.15335")>
2024-03-25 11:17:36.513230   => 'Markets' menu is visible
2024-03-25 11:17:37.777364   => Focus moved to 'Markets' menu
2024-03-25 11:17:42.157340   => Focus moved to 'Shares' submenu and clicked

2024-03-25 11:17:42.202132   1. Arrange_v0
2024-03-25 11:17:42.202170   current_page = https://capital.com/cn/live-share-prices
2024-03-25 11:17:42.204700   link = https://capital.com/cn/live-share-prices
2024-03-25 11:17:42.207109   BUTTON_CREATE_YOUR_ACCOUNT is located on the page? =>

2024-03-25 11:17:42.215394   2. Act_v0: Define of locator

2024-03-25 11:17:42.215421   2. Act_v0: Go to web element

2024-03-25 11:17:43.269160   2. Act_v0: Click web element
2024-03-25 11:17:43.295156   => BUTTON_CREATE_YOUR_ACCOUNT is clicked

2024-03-25 11:17:43.295365   3. Assert_v0
2024-03-25 11:17:43.295455   Start step Check that [Sign up] form is opened
2024-03-25 11:17:44.323913   'Sign up' form opened
2024-03-25 11:17:44.323967   Assert SIGNUP_HEADER =>
2024-03-25 11:17:44.357089   Assert SIGNUP_REF_LOGIN =>
2024-03-25 11:17:44.371970   Assert SIGNUP_PRIVACY_POLICY_ALL_2 =>
2024-03-25 11:17:44.384397   => SIGNUP_PRIVACY_POLICY_ALL
2024-03-25 11:17:44.384429   => 'Signup' form is checked
2024-03-25 11:17:44.384596   Start step Close [Sign up] form =>
2024-03-25 11:17:44.458185   => 'Signup' form closed
