{'width': 1280, 'height': 800}

2024-03-25 13:31:30.550066   worker_id = master

2024-03-25 13:31:30.550083   0. Allure grouping v4


2024-03-25 13:31:30.550286   START PRECONDITIONS =>


2024-03-25 13:31:30.550302   => flag_of_bug - False

2024-03-25 13:31:30.550313   => Windows size - {'width': 1280, 'height': 800}
2024-03-25 13:31:30.551663   Set windows position at (0, 0) =>
2024-03-25 13:31:30.658216   Set resolution 1280 * 800 =>
2024-03-25 13:31:30.760514   => Windows size is set to {'width': 1280, 'height': 800}

2024-03-25 13:31:31.815571   Капчи нет. Идем дальше

2024-03-25 13:31:31.815653   Работа с куками

2024-03-25 13:31:31.815667   => Prev. country - 'de'
2024-03-25 13:31:31.815678   => Country set to 'de'

2024-03-25 13:31:31.815687   => Prev. language - 'cn'
2024-03-25 13:31:31.815697   => Language is set to 'cn'

2024-03-25 13:31:31.815706   => Prev. role - 'Auth'
2024-03-25 13:31:31.815715   => The 'Auth' role is set

2024-03-25 13:31:31.818428   => THE END PRECONDITIONS

2024-03-25 13:31:31.818487   1. Cur URL = https://capital.com/cn/trade-stocks

2024-03-25 13:31:31.821112   2. Link = https://capital.com/cn/trade-stocks
2024-03-25 13:31:31.821128   current_page = https://capital.com/cn/trade-stocks
2024-03-25 13:31:31.823638   link = https://capital.com/cn/trade-stocks
2024-03-25 13:31:32.332377   => Education menu is present in DOM
2024-03-25 13:31:32.339599   element = <selenium.webdriver.remote.webelement.WebElement (session="f459d76919d35fc6e47fea252fd0aaa8", element="f.FDD9B3F10AE751C9532B28F1A46EB214.d.6A4AF641794B835E4A9D2246E078E08B.e.485")>
2024-03-25 13:31:32.339627   => Education menu is visible
2024-03-25 13:31:33.606252   => Focus moved to Education menu


2024-03-25 13:31:34.376733   => Shares trading sub-menu clicked

2024-03-25 13:31:34.656279   1. Arrange_v0
2024-03-25 13:31:34.656318   current_page = https://capital.com/cn/trade-stocks
2024-03-25 13:31:34.659349   link = https://capital.com/cn/trade-stocks
2024-03-25 13:31:34.669814   => BUTTON_TRY_DEMO is present on this page
2024-03-25 13:31:34.669836   BUTTON_TRY_DEMO scroll =>
2024-03-25 13:31:34.673527   BUTTON_TRY_DEMO is visible? =>
2024-03-25 13:31:34.687336   => BUTTON_TRY_DEMO is visible on this page

2024-03-25 13:31:34.687481   2. Act_v0
2024-03-25 13:31:34.694003   BUTTON_TRY_DEMO is clickable? =>
2024-03-25 13:31:34.719165   => BUTTON_TRY_DEMO clicked!

2024-03-25 13:31:34.719403   3. Assert_v4
2024-03-25 13:31:34.719513   Checking that the trading platform page has opened (v4) =>
2024-03-25 13:31:35.921662   Checking way # 1 => 
2024-03-25 13:31:35.921834   Checking that the Trading platform page has valid title =>
2024-03-25 13:31:35.924336   => Current page title: Trading Platform | Capital.com
2024-03-25 13:31:35.924474   Checking that the Trading platform LOGO is present on the page =>
2024-03-25 13:31:36.699791   => Trading platform LOGO is present on the page
2024-03-25 13:31:36.699875   tpd = True
2024-03-25 13:31:36.700040   Checking that the Trading platform opened in DEMO mode =>
2024-03-25 13:31:36.713751   => The page with https://capital.com/trading/platform/?mode=demo url was opened in DEMO mode
2024-03-25 13:31:37.852818   => Driver.backed
