{'width': 1280, 'height': 800}

2024-03-29 11:20:39.734323   worker_id = master

2024-03-29 11:20:39.734343   0. Allure grouping v4


2024-03-29 11:20:39.734610   START PRECONDITIONS =>


2024-03-29 11:20:39.734627   => flag_of_bug - False

2024-03-29 11:20:39.734639   => Windows size - {'width': 1280, 'height': 800}
2024-03-29 11:20:39.736223   Set windows position at (0, 0) =>
2024-03-29 11:20:39.838513   Set resolution 1280 * 800 =>
2024-03-29 11:20:39.940890   => Windows size is set to {'width': 1280, 'height': 800}

2024-03-29 11:20:40.980482   Капчи нет. Идем дальше

2024-03-29 11:20:40.980566   Работа с куками

2024-03-29 11:20:40.980580   => Prev. country - 'de'
2024-03-29 11:20:40.980590   => Country set to 'de'

2024-03-29 11:20:40.980599   => Prev. language - 'en'
2024-03-29 11:20:40.980608   => Language is set to 'en'

2024-03-29 11:20:40.980617   => Prev. role - 'NoReg'
2024-03-29 11:20:40.980626   => The 'NoReg' role is set

2024-03-29 11:20:40.983292   => THE END PRECONDITIONS

2024-03-29 11:20:40.983481   1. Arrange_v0
2024-03-29 11:20:40.983498   current_page = https://capital.com/euro-pound-rate
2024-03-29 11:20:40.985947   link = https://capital.com/euro-pound-rate
2024-03-29 11:20:40.988406 Is TOOLINFO_LONG_POSITION_OVERNIGHT_FEE present on the page? =>
