{'width': 1280, 'height': 800}

2024-03-29 13:18:35.377451   worker_id = master

2024-03-29 13:18:35.377468   0. Allure grouping v4


2024-03-29 13:18:35.377672   START PRECONDITIONS =>


2024-03-29 13:18:35.377688   => flag_of_bug - False

2024-03-29 13:18:35.377700   => Windows size - {'width': 1280, 'height': 800}
2024-03-29 13:18:35.378973   Set windows position at (0, 0) =>
2024-03-29 13:18:35.481318   Set resolution 1280 * 800 =>
2024-03-29 13:18:35.583712   => Windows size is set to {'width': 1280, 'height': 800}

2024-03-29 13:18:36.622118   Капчи нет. Идем дальше

2024-03-29 13:18:36.622207   Работа с куками

2024-03-29 13:18:36.622221   => Prev. country - 'de'
2024-03-29 13:18:36.622231   => Country set to 'de'

2024-03-29 13:18:36.622240   => Prev. language - 'en'
2024-03-29 13:18:36.622250   => Language is set to 'en'

2024-03-29 13:18:36.622259   => Prev. role - 'NoAuth'
2024-03-29 13:18:36.622268   => The 'NoAuth' role is set

2024-03-29 13:18:36.624985   => THE END PRECONDITIONS

2024-03-29 13:18:36.625042   1. Arrange
2024-03-29 13:18:36.625057   current_page = https://apps.apple.com/ie/app/capital-com-trading-finance/id1230088754?mt=8
2024-03-29 13:18:36.627502   link = https://capital.com/position-trading
2024-03-29 13:18:36.629881   Current page URL = https://apps.apple.com/ie/app/capital-com-trading-finance/id1230088754?mt=8
2024-03-29 13:18:36.632340   self.link = https://capital.com/position-trading
2024-03-29 13:18:36.632353   link = https://capital.com/position-trading
2024-03-29 13:18:38.394465   => Loaded page https://capital.com/position-trading
2024-03-29 13:18:38.399560   Is visible BUTTON_EXPLORE_WEB_PLATFORM? =>
2024-03-29 13:18:38.417154   => BUTTON_EXPLORE_WEB_PLATFORM is visible on the page!

2024-03-29 13:18:38.417323   2. Act
2024-03-29 13:18:38.424573   1 checking element(s) with current CSS locator is(are) present(s) on this page
2024-03-29 13:18:38.798388   => BUTTON_EXPLORE_WEB_PLATFORM IS CLICKED

2024-03-29 13:18:38.798694   3. Assert_v0
2024-03-29 13:18:38.798825   Start method Check that [Log in] page opened on the Trading Platform =>
https://capital.com/trading/platform/
2024-03-29 13:18:38.811098   => 'Sign up' page opened on the Trading Platform
2024-03-29 13:18:38.811158   SIGNUP_FRAME =>
2024-03-29 13:18:40.429959   => SIGNUP_FRAME is not visible
2024-03-29 13:18:40.430006   => 'Login' page on the Trading Platform is not opened

Bug: Bid:11.03.04.00_06-en.de.NoAuth

2024-03-29 13:18:40.430039   Проверка бага в таблице ретеста  =>

 gs = GoogleSheet() - создаем объект gs # 1: <tests.ReTestsAuto.GoogleSheets.googlesheets.GoogleSheet object at 0x7f51b3824530>

2024-03-29 13:18:40.774909   4. Fixing one row check results into Google Sheet Bugs Report =>
1 cells updated.
2024-03-29 13:18:40.951606   => 4. One row check results into Google Sheet Bugs Report fixed

2024-03-29 13:18:41.686774   4. Fixing one row check results into Google Sheet Bugs Report =>
1 cells updated.
2024-03-29 13:18:41.865572   => 4. One row check results into Google Sheet Bugs Report fixed

2024-03-29 13:18:41.867196   Баг Bid:11.03.04.00_06-en.de.NoAuth-13 обнаружен ранее и уже находится в 'Bugs Report Auto detect'
