{'width': 1280, 'height': 800}

2024-03-29 11:57:58.797132   worker_id = master

2024-03-29 11:57:58.797147   0. Allure grouping v4


2024-03-29 11:57:58.797349   START PRECONDITIONS =>


2024-03-29 11:57:58.797365   => flag_of_bug - False

2024-03-29 11:57:58.797377   => Windows size - {'width': 1280, 'height': 800}
2024-03-29 11:57:58.798696   Set windows position at (0, 0) =>
2024-03-29 11:57:58.900924   Set resolution 1280 * 800 =>
2024-03-29 11:57:59.003139   => Windows size is set to {'width': 1280, 'height': 800}

2024-03-29 11:58:00.031435   Капчи нет. Идем дальше

2024-03-29 11:58:00.031524   Работа с куками

2024-03-29 11:58:00.031538   => Prev. country - 'de'
2024-03-29 11:58:00.031549   => Country set to 'de'

2024-03-29 11:58:00.031558   => Prev. language - 'en'
2024-03-29 11:58:00.031567   => Language is set to 'en'

2024-03-29 11:58:00.031576   => Prev. role - 'NoReg'
2024-03-29 11:58:00.031585   => The 'NoReg' role is set

2024-03-29 11:58:00.034271   => THE END PRECONDITIONS
2024-03-29 11:58:00.540455   => Education menu is present in DOM
2024-03-29 11:58:00.546496   => Education menu is visible
2024-03-29 11:58:01.809781   => Focus moved to Education menu

2024-03-29 11:58:03.366131   1. Arrange_v0
2024-03-29 11:58:03.366176   current_page = https://capital.com/online-finance-courses
2024-03-29 11:58:03.385160   link = https://capital.com/online-finance-courses
2024-03-29 11:58:03.387801   BUTTON_CREATE_YOUR_ACCOUNT is located on the page? =>

2024-03-29 11:58:03.396348   2. Act_v0: Define of locator

2024-03-29 11:58:03.396379   2. Act_v0: Go to web element

2024-03-29 11:58:04.451730   2. Act_v0: Click web element
2024-03-29 11:58:04.478588   => BUTTON_CREATE_YOUR_ACCOUNT is clicked

2024-03-29 11:58:04.478794   3. Assert_v0
2024-03-29 11:58:04.478880   Start step Check that [Sign up] form is opened
2024-03-29 11:58:04.652764   'Sign up' form opened
2024-03-29 11:58:04.652803   Assert SIGNUP_HEADER =>
2024-03-29 11:58:04.665153   Assert SIGNUP_REF_LOGIN =>
2024-03-29 11:58:04.676750   Assert SIGNUP_PRIVACY_POLICY_ALL_2 =>
2024-03-29 11:58:04.688816   => SIGNUP_PRIVACY_POLICY_ALL
2024-03-29 11:58:04.688857   => 'Signup' form is checked
2024-03-29 11:58:04.689086   Start step Close [Sign up] form =>
2024-03-29 11:58:04.765999   => 'Signup' form closed
2024-03-29 11:58:05.041983   => Focus moved to 'capital*com' logo
