Current test role - NoReg

{'width': 1280, 'height': 800}

2024-03-29 13:32:11.704441   worker_id = master

2024-03-29 13:32:11.704460   0. Allure grouping v4


2024-03-29 13:32:11.704749   START PRECONDITIONS =>


2024-03-29 13:32:11.704766   => flag_of_bug - False

2024-03-29 13:32:11.704779   => Windows size - {'width': 1280, 'height': 800}
2024-03-29 13:32:11.706156   Set windows position at (0, 0) =>
2024-03-29 13:32:11.808379   Set resolution 1280 * 800 =>
2024-03-29 13:32:11.910891   => Windows size is set to {'width': 1280, 'height': 800}

2024-03-29 13:32:12.940047   Капчи нет. Идем дальше

2024-03-29 13:32:12.940139   Работа с куками
2024-03-29 13:32:12.940153   => Prev. role - 'Auth'
2024-03-29 13:32:12.940162   => Current testing role - 'NoReg'
2024-03-29 13:32:12.940171   All cookies must be delete =>

2024-03-29 13:32:13.006833   => All cookies are deleted
2024-03-29 13:32:13.006871   Current page URL = https://capital.com/fear-and-greed-index
2024-03-29 13:32:13.009742   self.link = https://capital.com
2024-03-29 13:32:13.009756   link = https://capital.com
2024-03-29 13:32:14.472501   => Loaded page https://capital.com/

2024-03-29 13:32:14.476079   Step 'Click button [Accept all cookies]'
2024-03-29 13:32:14.476097   Is Visible Button [Accept all cookies]? =>
2024-03-29 13:32:14.493134   => Button [Accept all cookies] is visible
2024-03-29 13:32:14.993276   Is clickable Button [Accept all cookies] =>
2024-03-29 13:32:15.012551   => Button [Accept all cookies] is clickable
2024-03-29 13:32:15.012587   Click Button [Accept all cookies] =>
2024-03-29 13:32:15.159530   => Button [Accept all cookies] is clicked
2024-03-29 13:32:15.159585   => Accepted All Cookies

2024-03-29 13:32:15.659798   => Prev. country - '?'
2024-03-29 13:32:15.659853   Set 'de' country =>
2024-03-29 13:32:15.670361   => Language and Country menu is present
2024-03-29 13:32:15.681446   => Language and Country menu is visible
2024-03-29 13:32:16.951673   => Focus is moved on Language and Country menu 
2024-03-29 13:32:19.542517   => Cur url = https://capital.com/?country=de
2024-03-29 13:32:19.571341   => Country set to 'de'

2024-03-29 13:32:19.571383   => Prev. language - '?'
2024-03-29 13:32:19.571394   Set 'en' language =>
2024-03-29 13:32:19.579478   => Language and Country menu is present
2024-03-29 13:32:19.594318   => Language and Country menu is visible
2024-03-29 13:32:20.867985   => Focus is moved on Language and Country menu 
2024-03-29 13:32:20.876679   Move focus on en item and click =>
2024-03-29 13:32:22.363440   => Focus moved on en item and clicked
2024-03-29 13:32:22.363494   => Cur url = https://capital.com/
2024-03-29 13:32:22.402983   => Language is set to 'en'

2024-03-29 13:32:22.403019   => Prev. role - 'Auth'
2024-03-29 13:32:22.403030   => The 'NoReg' role is set

2024-03-29 13:32:22.405545   => THE END PRECONDITIONS

2024-03-29 13:32:22.405747   1. Arrange_v0
2024-03-29 13:32:22.405765   current_page = https://capital.com/
2024-03-29 13:32:22.409871   link = https://capital.com/fear-and-greed-index
2024-03-29 13:32:22.412893   => current_url != cur_item_link
2024-03-29 13:32:22.412919   Current page URL = https://capital.com/
2024-03-29 13:32:22.418235   self.link = https://capital.com/fear-and-greed-index
2024-03-29 13:32:22.418251   link = https://capital.com/fear-and-greed-index
2024-03-29 13:32:24.161083   => Loaded page https://capital.com/fear-and-greed-index
2024-03-29 13:32:24.174711   BUTTON_START_TRADING scroll =>
2024-03-29 13:32:24.178555   BUTTON_START_TRADING is visible? =>
2024-03-29 13:32:24.193558   => BUTTON_START_TRADING is visible on the page!

2024-03-29 13:32:24.193728   2. Act_v0
2024-03-29 13:32:24.193744   Start Click button [Start Trading] =>
2024-03-29 13:32:24.200319   BUTTON_START_TRADING is clickable? =>
2024-03-29 13:32:24.211834   BUTTON_START_TRADING click =>
2024-03-29 13:32:24.249942   => BUTTON_START_TRADING clicked

2024-03-29 13:32:24.250175   3. Assert_v0
2024-03-29 13:32:24.250264   Start step Check that [Sign up] form is opened
2024-03-29 13:32:25.012875   'Sign up' form opened
2024-03-29 13:32:25.012937   Assert SIGNUP_HEADER =>
2024-03-29 13:32:25.033334   Assert SIGNUP_REF_LOGIN =>
2024-03-29 13:32:25.050193   Assert SIGNUP_PRIVACY_POLICY_ALL_2 =>
2024-03-29 13:32:25.068215   => SIGNUP_PRIVACY_POLICY_ALL
2024-03-29 13:32:25.068259   => 'Signup' form is checked
2024-03-29 13:32:25.068448   Start step Close [Sign up] form =>
2024-03-29 13:32:25.160719   => 'Signup' form closed
2024-03-29 13:32:25.448639   => Focus moved to 'capital*com' logo
