{'width': 1280, 'height': 800}

2024-03-29 12:34:18.962710   worker_id = master

2024-03-29 12:34:18.962725   0. Allure grouping v4


2024-03-29 12:34:18.962920   START PRECONDITIONS =>


2024-03-29 12:34:18.962935   => flag_of_bug - False

2024-03-29 12:34:18.962947   => Windows size - {'width': 1280, 'height': 800}
2024-03-29 12:34:18.964286   Set windows position at (0, 0) =>
2024-03-29 12:34:19.066557   Set resolution 1280 * 800 =>
2024-03-29 12:34:19.168877   => Windows size is set to {'width': 1280, 'height': 800}

2024-03-29 12:34:20.207474   Капчи нет. Идем дальше

2024-03-29 12:34:20.207574   Работа с куками

2024-03-29 12:34:20.207591   => Prev. country - 'de'
2024-03-29 12:34:20.207601   => Country set to 'de'

2024-03-29 12:34:20.207610   => Prev. language - 'en'
2024-03-29 12:34:20.207620   => Language is set to 'en'

2024-03-29 12:34:20.207629   => Prev. role - 'NoReg'
2024-03-29 12:34:20.207638   => The 'NoReg' role is set

2024-03-29 12:34:20.210708   => THE END PRECONDITIONS

2024-03-29 12:34:20.210892   1. Cur URL = https://capital.com/trade-forex

2024-03-29 12:34:20.213633   2. Link = https://capital.com/trade-forex
2024-03-29 12:34:20.213648   current_page = https://capital.com/trade-forex
2024-03-29 12:34:20.216380   link = https://capital.com/trade-forex
2024-03-29 12:34:20.728521   => Education menu is present in DOM
2024-03-29 12:34:20.734854   => Education menu is visible
2024-03-29 12:34:22.004842   => Focus moved to Education menu
2024-03-29 12:34:22.788017   => Focus moved to Forex trading sub-menu and clicked
2024-03-29 12:34:23.073439   => Focus moved to 'capital*com' logo

2024-03-29 12:34:23.073487   3. Cur URL = https://capital.com/trade-forex

2024-03-29 12:34:23.082189   1. Arrange_v0
2024-03-29 12:34:23.082213   current_page = https://capital.com/trade-forex
2024-03-29 12:34:23.084782   link = https://capital.com/trade-forex
2024-03-29 12:34:23.090131   BUTTON_BUY_IN_CONTENT_BLOCK is located on the page? =>
2024-03-29 12:34:23.098450   => BUTTON_BUY_IN_CONTENT_BLOCK is located on the page!
2024-03-29 12:34:23.098635   Start Checking that form [Sign up] popped up on the page =>
2024-03-29 12:34:24.644532   '[Sign up]' form was not popped up

2024-03-29 12:34:24.644720   2. Act_v0
2024-03-29 12:34:24.650203   BUTTON_BUY_IN_CONTENT_BLOCK is present? =>
2024-03-29 12:34:24.650229   => BUTTON_BUY_IN_CONTENT_BLOCK is present on the page
2024-03-29 12:34:24.650238   BUTTON_BUY_IN_CONTENT_BLOCK scroll =>
2024-03-29 12:34:24.658443   => BUTTON_BUY_IN_CONTENT_BLOCK scrolled
2024-03-29 12:34:24.663734   BUTTON_BUY_IN_CONTENT_BLOCK is clickable? =>
2024-03-29 12:34:24.679247   BUTTON_BUY_IN_CONTENT_BLOCK CLICK =>
2024-03-29 12:34:24.709054   => BUTTON_BUY_IN_CONTENT_BLOCK clicked!

2024-03-29 12:34:24.709333   3. Assert_v0
2024-03-29 12:34:24.709431   Start step Check that [Sign up] form is opened
2024-03-29 12:34:24.732238   'Sign up' form opened
2024-03-29 12:34:24.732283   Assert SIGNUP_HEADER =>
2024-03-29 12:34:24.751325   Assert SIGNUP_REF_LOGIN =>
2024-03-29 12:34:24.769032   Assert SIGNUP_PRIVACY_POLICY_ALL_2 =>
2024-03-29 12:34:24.800666   => SIGNUP_PRIVACY_POLICY_ALL
2024-03-29 12:34:24.800708   => 'Signup' form is checked
2024-03-29 12:34:24.800906   Start step Close [Sign up] form =>
2024-03-29 12:34:24.877040   => 'Signup' form closed
2024-03-29 12:34:25.157835   => Focus moved to 'capital*com' logo
