{'width': 1280, 'height': 800}

2024-03-29 11:41:13.480747   worker_id = master

2024-03-29 11:41:13.480762   0. Allure grouping v4


2024-03-29 11:41:13.480957   START PRECONDITIONS =>


2024-03-29 11:41:13.480972   => flag_of_bug - False

2024-03-29 11:41:13.480983   => Windows size - {'width': 1280, 'height': 800}
2024-03-29 11:41:13.483077   Set windows position at (0, 0) =>
2024-03-29 11:41:13.585235   Set resolution 1280 * 800 =>
2024-03-29 11:41:13.687860   => Windows size is set to {'width': 1280, 'height': 800}

2024-03-29 11:41:14.722686   Капчи нет. Идем дальше

2024-03-29 11:41:14.722771   Работа с куками

2024-03-29 11:41:14.722785   => Prev. country - 'de'
2024-03-29 11:41:14.722794   => Country set to 'de'

2024-03-29 11:41:14.722804   => Prev. language - 'en'
2024-03-29 11:41:14.722813   => Language is set to 'en'

2024-03-29 11:41:14.722822   => Prev. role - 'NoAuth'
2024-03-29 11:41:14.722831   => The 'NoAuth' role is set

2024-03-29 11:41:14.725598   => THE END PRECONDITIONS

2024-03-29 11:41:14.725789   1. Arrange_v0
2024-03-29 11:41:14.725806   current_page = https://capital.com/
2024-03-29 11:41:14.728360   link = https://capital.com/soybean-spot-commodity
2024-03-29 11:41:14.732288   Current page URL = https://capital.com/
2024-03-29 11:41:14.734763   self.link = https://capital.com/soybean-spot-commodity
2024-03-29 11:41:14.734777   link = https://capital.com/soybean-spot-commodity
2024-03-29 11:41:16.351419   => Loaded page https://capital.com/soybean-spot-commodity
2024-03-29 11:41:16.366560   Is button BUTTON_VIEW_DETAILED_CHART present on the page? =>
2024-03-29 11:41:16.366592   => BUTTON_VIEW_DETAILED_CHART is present on the page
2024-03-29 11:41:16.366603   BUTTON_VIEW_DETAILED_CHART scroll =>
2024-03-29 11:41:16.370249   => BUTTON_VIEW_DETAILED_CHART scrolled
2024-03-29 11:41:16.370412   Start Checking that form [Sign up] popped up on the page =>
2024-03-29 11:41:17.906199   '[Sign up]' form was not popped up

2024-03-29 11:41:17.906377   2. Act_v0
2024-03-29 11:41:17.906393   Start Click button [View Detailed Chart] =>
2024-03-29 11:41:17.923082   BUTTON_VIEW_DETAILED_CHART is clickable =>
2024-03-29 11:41:17.957001 => BUTTON_VIEW_DETAILED_CHART clicked

2024-03-29 11:41:17.957228   3. Assert_Login_v0
2024-03-29 11:41:17.957311   Check that 'Login' form is opened
2024-03-29 11:41:18.150969   'Login' form opened
2024-03-29 11:41:18.151011   Assert LOGIN_REF_SIGNUP =>
2024-03-29 11:41:18.162262   Assert LOGIN_CHECKBOX =>
2024-03-29 11:41:18.176458   Assert LOGIN_PASS_FORGOT =>
2024-03-29 11:41:18.192845   => 'Login' form is checked
2024-03-29 11:41:18.233870   Click 'Close' button on 'Login' form =>
2024-03-29 11:41:18.598734   => Focus moved to 'capital*com' logo
2024-03-29 11:41:18.598776   => 'Login' form closed
