{'width': 1280, 'height': 800}

2024-03-29 12:40:18.046109   worker_id = master

2024-03-29 12:40:18.046128   0. Allure grouping v4


2024-03-29 12:40:18.046346   START PRECONDITIONS =>


2024-03-29 12:40:18.046362   => flag_of_bug - False

2024-03-29 12:40:18.046374   => Windows size - {'width': 1280, 'height': 800}
2024-03-29 12:40:18.047801   Set windows position at (0, 0) =>
2024-03-29 12:40:18.150136   Set resolution 1280 * 800 =>
2024-03-29 12:40:18.252473   => Windows size is set to {'width': 1280, 'height': 800}

2024-03-29 12:40:19.311151   Капчи нет. Идем дальше

2024-03-29 12:40:19.311237   Работа с куками

2024-03-29 12:40:19.311251   => Prev. country - 'de'
2024-03-29 12:40:19.311262   => Country set to 'de'

2024-03-29 12:40:19.311271   => Prev. language - 'en'
2024-03-29 12:40:19.311280   => Language is set to 'en'

2024-03-29 12:40:19.311289   => Prev. role - 'Auth'
2024-03-29 12:40:19.311298   => The 'Auth' role is set

2024-03-29 12:40:19.314051   => THE END PRECONDITIONS

2024-03-29 12:40:19.314237   1. Arrange_v0
2024-03-29 12:40:19.314254   current_page = https://capital.com/trade-audcad
2024-03-29 12:40:19.316770   link = https://capital.com/trade-audcad
2024-03-29 12:40:19.330520   => BUTTON_TRY_DEMO is present on this page
2024-03-29 12:40:19.330555   BUTTON_TRY_DEMO scroll =>
2024-03-29 12:40:19.333940   BUTTON_TRY_DEMO is visible? =>
2024-03-29 12:40:19.351430   => BUTTON_TRY_DEMO is visible on this page

2024-03-29 12:40:19.351591   2. Act_v0
2024-03-29 12:40:19.359961   BUTTON_TRY_DEMO is clickable? =>
2024-03-29 12:40:19.386178   => BUTTON_TRY_DEMO clicked!

2024-03-29 12:40:19.386414   3. Assert_v4
2024-03-29 12:40:19.386525   Checking that the trading platform page has opened (v4) =>
2024-03-29 12:40:19.902147   Checking way # 1 => 

2024-03-29 12:40:19.902377   1. Checking that the Trading platform page has valid title =>
2024-03-29 12:40:19.904989   => The title of current page is 'Trading Platform | Capital.com'

2024-03-29 12:40:19.905141   2. Checking that the Trading platform LOGO is present on the page =>
2024-03-29 12:40:20.588551   => Trading platform 'capital*com' logo is present on the current page

2024-03-29 12:40:20.588655   tpd = True
2024-03-29 12:40:20.588862   3.1. Checking that the Trading platform opened in DEMO mode =>
2024-03-29 12:40:20.606491   => The page with https://capital.com/trading/platform/?mode=demo url was opened in DEMO mode
2024-03-29 12:40:21.555356   => Driver.backed
