{'width': 1280, 'height': 800}

2024-05-01 10:32:55.872892   worker_id = master

2024-05-01 10:32:55.872906   0. Allure grouping v4

2024-05-01 10:32:55.873095   START PRECONDITIONS =>

2024-05-01 10:32:55.873110   => URL after prev. preconditions - https://capital.com/
2024-05-01 10:32:55.873120   => flag_of_bug - False
2024-05-01 10:32:55.873131   => Current URL - https://capital.com/

2024-05-01 10:32:55.878216   => Windows size - {'width': 1280, 'height': 800}
2024-05-01 10:32:55.879545   Set windows position at (0, 0) =>
2024-05-01 10:32:55.881189   Set resolution 1280 * 800 =>
2024-05-01 10:32:55.882807   => Windows size is set to {'width': 1280, 'height': 800}

2024-05-01 10:32:56.929232   Капчи нет. Идем дальше

2024-05-01 10:32:56.929323   Работа с куками =>
2024-05-01 10:32:56.929337   Prev. role - '?'
2024-05-01 10:32:56.929346   Current testing role - 'NoReg'

2024-05-01 10:32:56.929355   All cookies must be delete =>
2024-05-01 10:32:56.961603   => All cookies are deleted
2024-05-01 10:32:56.961642   Current page URL = https://capital.com/
2024-05-01 10:32:56.964293   self.link = https://capital.com/
2024-05-01 10:32:56.964307   driver.get(https://capital.com/) =>
2024-05-01 10:32:58.480700   => Loaded page https://capital.com/

2024-05-01 10:32:58.484240   Step 'Click button [Accept all cookies]'
2024-05-01 10:32:58.484252   Is Visible Button [Accept all cookies]? =>
2024-05-01 10:33:29.367515   => Button [Accept all cookies] is not visible after 30 sec.
2024-05-01 10:33:29.367554   => Cur url = https://capital.com/
