{'width': 1280, 'height': 800}

2024-04-16 08:12:55.161300   worker_id = master

2024-04-16 08:12:55.161327   0. Allure grouping v4

2024-04-16 08:12:55.161619   START PRECONDITIONS =>

2024-04-16 08:12:55.161636   => URL after prev. preconditions - https://capital.com/es
2024-04-16 08:12:55.161647   => flag_of_bug - False
2024-04-16 08:12:55.161659   => Current URL - https://capital.com/es/marathon-patent-group-inc-precio-por-accion
2024-04-16 08:12:55.294558   Current page URL = https://capital.com/es/marathon-patent-group-inc-precio-por-accion
2024-04-16 08:12:55.296948   self.link = https://capital.com/es
2024-04-16 08:12:55.296962   driver.get(https://capital.com/es) =>
2024-04-16 08:12:57.144850   => Loaded page https://capital.com/es

2024-04-16 08:12:57.149135   => Windows size - {'width': 1280, 'height': 800}
2024-04-16 08:12:57.152904   Set windows position at (0, 0) =>
2024-04-16 08:12:57.255380   Set resolution 1280 * 800 =>
2024-04-16 08:12:57.357663   => Windows size is set to {'width': 1280, 'height': 800}

2024-04-16 08:12:58.403786   Капчи нет. Идем дальше

2024-04-16 08:12:58.403880   Работа с куками =>

2024-04-16 08:12:58.403895   => не требуется

2024-04-16 08:12:58.403905   Prev. country - 'au'
2024-04-16 08:12:58.403914   Cur. country - 'au'
2024-04-16 08:12:58.403923   => Country set to 'au'

2024-04-16 08:12:58.403932   Prev. language - 'es'
2024-04-16 08:12:58.403945   Cur. language - 'es'
2024-04-16 08:12:58.403961   => Language is set to 'es'

2024-04-16 08:12:58.403976   Prev. role - 'Auth'
2024-04-16 08:12:58.403992   Cur. role - 'Auth'
2024-04-16 08:12:58.404008   => The 'Auth' role is set

2024-04-16 08:12:58.406761   => Current URL - https://capital.com/es

2024-04-16 08:12:58.406784   => THE END PRECONDITIONS

2024-04-16 08:12:58.406984   1. Arrange_v2
2024-04-16 08:12:58.407002   current_page = https://capital.com/es
2024-04-16 08:12:58.409472   link = https://capital.com/es/marathon-patent-group-inc-precio-por-accion
2024-04-16 08:12:58.411900   Current page URL = https://capital.com/es
2024-04-16 08:12:58.414240   self.link = https://capital.com/es/marathon-patent-group-inc-precio-por-accion
2024-04-16 08:12:58.414254   driver.get(https://capital.com/es/marathon-patent-group-inc-precio-por-accion) =>
2024-04-16 08:13:00.311953   => Loaded page https://capital.com/es/marathon-patent-group-inc-precio-por-accion
2024-04-16 08:13:00.316382   Is LONG_POSITION_OVERNIGHT_FEE present on the page? =>
2024-04-16 08:13:00.325878   => LONG_POSITION_OVERNIGHT_FEE is present on the page
2024-04-16 08:13:00.325903   LONG_POSITION_OVERNIGHT_FEE scroll =>
2024-04-16 08:13:00.329238   => LONG_POSITION_OVERNIGHT_FEE scrolled

2024-04-16 08:13:00.329396   2. Act_v2
2024-04-16 08:13:00.329412   LONG_POSITION_OVERNIGHT_FEE open =>
2024-04-16 08:13:01.117986   Is LONG_POSITION_OVERNIGHT_FEE open?  =>
2024-04-16 08:13:01.130980   => LONG_POSITION_OVERNIGHT_FEE opened
2024-04-16 08:13:01.131007   Move focus to button [Go to platform] and click on=>
2024-04-16 08:13:01.912489   => BUTTON_GO_TO_PLATFORM is clickable
2024-04-16 08:13:02.262950 => BUTTON_GO_TO_PLATFORM clicked

2024-04-16 08:13:02.263277   3. Assert_v4

2024-04-16 08:13:02.263306   
2024-04-16 08:13:02.263473   Checking that the trading platform page has opened (v4) =>
2024-04-16 08:13:02.774638   Checking way # 1 => 

2024-04-16 08:13:02.774823   1. Checking that the Trading platform (or TradingView site) page has valid title =>
2024-04-16 08:13:02.777242   => The title of current page is 'Trading Platform | Capital.com'

2024-04-16 08:13:02.777312   2. Checking that the LOGO is present on the page =>
2024-04-16 08:13:03.440044   => 'capital*com' logo is present on the current page

2024-04-16 08:13:03.440081   tpd = False
2024-04-16 08:13:04.337168   => Driver.backed
