{'width': 1280, 'height': 800}

2024-04-16 09:20:49.261568   worker_id = master

2024-04-16 09:20:49.261588   0. Allure grouping v4

2024-04-16 09:20:49.261855   START PRECONDITIONS =>

2024-04-16 09:20:49.261878   => URL after prev. preconditions - https://capital.com/es
2024-04-16 09:20:49.261895   => flag_of_bug - False
2024-04-16 09:20:49.261912   => Current URL - https://capital.com/es/us-crude-oil-spot-materia-prima
2024-04-16 09:20:49.267630   Current page URL = https://capital.com/es/us-crude-oil-spot-materia-prima
2024-04-16 09:20:49.269972   self.link = https://capital.com/es
2024-04-16 09:20:49.269985   driver.get(https://capital.com/es) =>
2024-04-16 09:20:50.969121   => Loaded page https://capital.com/es

2024-04-16 09:20:50.981268   => Windows size - {'width': 1280, 'height': 800}
2024-04-16 09:20:50.982945   Set windows position at (0, 0) =>
2024-04-16 09:20:51.085141   Set resolution 1280 * 800 =>
2024-04-16 09:20:51.189525   => Windows size is set to {'width': 1280, 'height': 800}

2024-04-16 09:20:52.226422   Капчи нет. Идем дальше

2024-04-16 09:20:52.226509   Работа с куками =>

2024-04-16 09:20:52.226522   => не требуется

2024-04-16 09:20:52.226562   Prev. country - 'au'
2024-04-16 09:20:52.226573   Cur. country - 'au'
2024-04-16 09:20:52.226583   => Country set to 'au'

2024-04-16 09:20:52.226591   Prev. language - 'es'
2024-04-16 09:20:52.226600   Cur. language - 'es'
2024-04-16 09:20:52.226609   => Language is set to 'es'

2024-04-16 09:20:52.226617   Prev. role - 'NoReg'
2024-04-16 09:20:52.226626   Cur. role - 'NoReg'
2024-04-16 09:20:52.226635   => The 'NoReg' role is set

2024-04-16 09:20:52.229279   => Current URL - https://capital.com/es

2024-04-16 09:20:52.229299   => THE END PRECONDITIONS

2024-04-16 09:20:52.229481   1. Arrange_v0
2024-04-16 09:20:52.229499   current_page = https://capital.com/es
2024-04-16 09:20:52.231962   link = https://capital.com/es/us-crude-oil-spot-materia-prima
2024-04-16 09:20:52.234308   Current page URL = https://capital.com/es
2024-04-16 09:20:52.236832   self.link = https://capital.com/es/us-crude-oil-spot-materia-prima
2024-04-16 09:20:52.236845   driver.get(https://capital.com/es/us-crude-oil-spot-materia-prima) =>
2024-04-16 09:20:54.080837   => Loaded page https://capital.com/es/us-crude-oil-spot-materia-prima
2024-04-16 09:20:54.093611   Is button BUTTON_VIEW_DETAILED_CHART present on the page? =>
2024-04-16 09:20:54.093640   => BUTTON_VIEW_DETAILED_CHART is present on the page
2024-04-16 09:20:54.093650   BUTTON_VIEW_DETAILED_CHART scroll =>
2024-04-16 09:20:54.096814   => BUTTON_VIEW_DETAILED_CHART scrolled
2024-04-16 09:20:54.096978   Start Checking that form [Sign up] popped up on the page =>
2024-04-16 09:20:55.634699   '[Sign up]' form was not popped up

2024-04-16 09:20:55.634885   2. Act_v0
2024-04-16 09:20:55.634901   Start Click button [View Detailed Chart] =>
2024-04-16 09:20:55.650958   BUTTON_VIEW_DETAILED_CHART is clickable =>
2024-04-16 09:20:55.687148 => BUTTON_VIEW_DETAILED_CHART clicked

2024-04-16 09:20:55.687432   3. Assert_v0
2024-04-16 09:20:55.687574   Start step Check that [Sign up] form is opened
2024-04-16 09:20:55.852177   'Sign up' form opened
2024-04-16 09:20:55.852225   Assert SIGNUP_HEADER =>
2024-04-16 09:20:55.864761   Assert SIGNUP_REF_LOGIN =>
2024-04-16 09:20:55.876007   Assert SIGNUP_PRIVACY_POLICY_ALL_2 =>
2024-04-16 09:20:55.885825   => SIGNUP_PRIVACY_POLICY_ALL
2024-04-16 09:20:55.885849   => 'Signup' form is checked
2024-04-16 09:20:55.886012   Start step Close [Sign up] form =>
2024-04-16 09:20:55.969792   => 'Signup' form closed
2024-04-16 09:20:56.254775   => Focus moved to 'capital*com' logo
