{'width': 1280, 'height': 800}

2024-04-16 09:40:29.053659   worker_id = master

2024-04-16 09:40:29.053674   0. Allure grouping v4

2024-04-16 09:40:29.053860   START PRECONDITIONS =>

2024-04-16 09:40:29.053876   => URL after prev. preconditions - https://capital.com/es
2024-04-16 09:40:29.053886   => flag_of_bug - False
2024-04-16 09:40:29.053897   => Current URL - https://capital.com/es/investmate
2024-04-16 09:40:29.058830   Current page URL = https://capital.com/es/investmate
2024-04-16 09:40:29.061226   self.link = https://capital.com/es
2024-04-16 09:40:29.061241   driver.get(https://capital.com/es) =>
2024-04-16 09:40:30.995451   => Loaded page https://capital.com/es

2024-04-16 09:40:30.999957   => Windows size - {'width': 1280, 'height': 800}
2024-04-16 09:40:31.001270   Set windows position at (0, 0) =>
2024-04-16 09:40:31.103502   Set resolution 1280 * 800 =>
2024-04-16 09:40:31.206115   => Windows size is set to {'width': 1280, 'height': 800}

2024-04-16 09:40:32.245184   Капчи нет. Идем дальше

2024-04-16 09:40:32.245274   Работа с куками =>

2024-04-16 09:40:32.245290   => не требуется

2024-04-16 09:40:32.245300   Prev. country - 'au'
2024-04-16 09:40:32.245310   Cur. country - 'au'
2024-04-16 09:40:32.245319   => Country set to 'au'

2024-04-16 09:40:32.245329   Prev. language - 'es'
2024-04-16 09:40:32.245338   Cur. language - 'es'
2024-04-16 09:40:32.245347   => Language is set to 'es'

2024-04-16 09:40:32.245356   Prev. role - 'Auth'
2024-04-16 09:40:32.245365   Cur. role - 'Auth'
2024-04-16 09:40:32.245375   => The 'Auth' role is set

2024-04-16 09:40:32.248135   => Current URL - https://capital.com/es

2024-04-16 09:40:32.248158   => THE END PRECONDITIONS

2024-04-16 09:40:32.248206   1. Arrange
2024-04-16 09:40:32.248222   current_page = https://capital.com/es
2024-04-16 09:40:32.250730   link = https://capital.com/es/investmate
2024-04-16 09:40:32.253134   Current page URL = https://capital.com/es
2024-04-16 09:40:32.255510   self.link = https://capital.com/es/investmate
2024-04-16 09:40:32.255525   driver.get(https://capital.com/es/investmate) =>
2024-04-16 09:40:34.117746   => Loaded page https://capital.com/es/investmate
2024-04-16 09:40:34.121974   Is visible BUTTON_EXPLORE_WEB_PLATFORM? =>
2024-04-16 09:40:34.136601   => BUTTON_EXPLORE_WEB_PLATFORM is visible on the page!

2024-04-16 09:40:34.136762   2. Act
2024-04-16 09:40:34.143989   1 checking element(s) with current CSS locator is(are) present(s) on this page
2024-04-16 09:40:35.517915   => BUTTON_EXPLORE_WEB_PLATFORM IS CLICKED

2024-04-16 09:40:35.518184   3. Assert_v4

2024-04-16 09:40:35.518210   
2024-04-16 09:40:35.518323   Checking that the trading platform page has opened (v4) =>
2024-04-16 09:40:35.524835   Checking way # 1 => 

2024-04-16 09:40:35.525014   1. Checking that the Trading platform (or TradingView site) page has valid title =>
2024-04-16 09:40:35.528669   => The title of current page is 'Trading Platform | Capital.com'

2024-04-16 09:40:35.528749   2. Checking that the LOGO is present on the page =>
2024-04-16 09:40:37.086604   => 'capital*com' logo is present on the current page

2024-04-16 09:40:37.086643   tpd = False
2024-04-16 09:40:37.989684   => Driver.backed
