{'width': 1280, 'height': 720}

2024-01-22 10:10:51.577367   worker_id = master

2024-01-22 10:10:51.577389   0. Allure grouping v4


2024-01-22 10:10:51.577617   START PRECONDITIONS =>


2024-01-22 10:10:51.577637   {'width': 1280, 'height': 720}

2024-01-22 10:10:51.579376   Set windows position at (0, 0) =>

2024-01-22 10:10:51.683862   Set resolution 1280 * 720 =>

2024-01-22 10:10:51.786079   => Resolution seted {'width': 1280, 'height': 720}

2024-01-22 10:10:56.830112   Капчи нет. Тестим дальше

2024-01-22 10:10:56.830200   Prev. Role: NoReg

2024-01-22 10:10:56.830211   Current role: NoReg

2024-01-22 10:10:56.830219   Prev language: es

2024-01-22 10:10:56.830226   => Current language: es

2024-01-22 10:10:56.830234   Prev country: au

2024-01-22 10:10:56.830241   => Current country: au

2024-01-22 10:10:56.830248   => THE END PRECONDITIONS
2024-01-22 10:10:57.336015   => Education menu is present
2024-01-22 10:10:57.346151   => Education menu is visible
2024-01-22 10:10:58.624081   => Education menu focus moved

2024-01-22 10:10:59.396645   1. Arrange_v4
2024-01-22 10:10:59.399201   MOST_TRADED is visible? =>
2024-01-22 10:10:59.407601   => MOST_TRADED is visible on the page!
2024-01-22 10:10:59.407628   => Found 5 elements in block MOST_TRADED

2024-01-22 10:10:59.407663   Testing Most traded random element #1

2024-01-22 10:10:59.407793   2. Act_v4
2024-01-22 10:10:59.407807   MOST_TRADED delete js-mostTraded class =>
2024-01-22 10:10:59.431846   MOST_TRADED scroll =>
2024-01-22 10:10:59.431970   Start Checking that form [Sign up] popped up on the page =>
2024-01-22 10:11:04.995255   '[Sign up]' form was not popped up
2024-01-22 10:11:05.002568   MOST_TRADED click for 'US 500' trading instrument =>
2024-01-22 10:11:05.083898   => MOST_TRADED clicked!

2024-01-22 10:11:05.084168   3. Assert_v0
2024-01-22 10:11:05.084265   Start step Check that [Sign up] form is opened
2024-01-22 10:11:05.101417   'Sign up' form opened
2024-01-22 10:11:05.101457   Assert SIGNUP_HEADER =>
2024-01-22 10:11:05.116634   Assert SIGNUP_REF_LOGIN =>
2024-01-22 10:11:05.129986   Assert SIGNUP_PRIVACY_POLICY_ALL_2 =>
2024-01-22 10:11:05.143646   => SIGNUP_PRIVACY_POLICY_ALL
2024-01-22 10:11:05.143688   => 'Signup' form is checked
2024-01-22 10:11:05.143850   Start step Close [Sign up] form =>
2024-01-22 10:11:05.215734   => 'Signup' form closed

2024-01-22 10:11:05.215873   Clear Top Chart list =>
2024-01-22 10:11:07.005075   Load page https://capital.com/trading/platform/charting/

2024-01-22 10:11:17.038388   1. Arrange_v4
2024-01-22 10:11:18.030891   Load page https://capital.com/es/trade-indices
2024-01-22 10:11:18.030931   MOST_TRADED is visible? =>
2024-01-22 10:11:18.051183   => MOST_TRADED is visible on the page!
2024-01-22 10:11:18.051220   => Found 5 elements in block MOST_TRADED

2024-01-22 10:11:18.051231   Testing Most traded random element #2

2024-01-22 10:11:18.051369   2. Act_v4
2024-01-22 10:11:18.051383   MOST_TRADED delete js-mostTraded class =>
2024-01-22 10:11:18.082629   MOST_TRADED scroll =>
2024-01-22 10:11:18.082791   Start Checking that form [Sign up] popped up on the page =>
2024-01-22 10:11:23.594247   '[Sign up]' form was not popped up
2024-01-22 10:11:23.601718   MOST_TRADED click for 'US Wall Street 30' trading instrument =>
2024-01-22 10:11:23.679363   => MOST_TRADED clicked!

2024-01-22 10:11:23.679647   3. Assert_v0
2024-01-22 10:11:23.679757   Start step Check that [Sign up] form is opened
2024-01-22 10:11:23.921961   'Sign up' form opened
2024-01-22 10:11:23.921999   Assert SIGNUP_HEADER =>
2024-01-22 10:11:23.937905   Assert SIGNUP_REF_LOGIN =>
2024-01-22 10:11:23.954100   Assert SIGNUP_PRIVACY_POLICY_ALL_2 =>
2024-01-22 10:11:23.973019   => SIGNUP_PRIVACY_POLICY_ALL
2024-01-22 10:11:23.973054   => 'Signup' form is checked
2024-01-22 10:11:23.973215   Start step Close [Sign up] form =>
2024-01-22 10:11:24.053658   => 'Signup' form closed
