{'width': 1280, 'height': 800}

2024-04-16 08:55:09.084993   worker_id = master

2024-04-16 08:55:09.085007   0. Allure grouping v4

2024-04-16 08:55:09.085184   START PRECONDITIONS =>

2024-04-16 08:55:09.085199   => URL after prev. preconditions - https://capital.com/es
2024-04-16 08:55:09.085209   => flag_of_bug - True
2024-04-16 08:55:09.085220   => Current URL - https://capital.com/trading/platform/
2024-04-16 08:55:09.090650   Current page URL = https://capital.com/trading/platform/
2024-04-16 08:55:09.093179   self.link = https://capital.com/es
2024-04-16 08:55:09.093193   driver.get(https://capital.com/es) =>
2024-04-16 08:55:11.314258   => Loaded page https://capital.com/es

2024-04-16 08:55:11.319654   => Windows size - {'width': 1280, 'height': 800}
2024-04-16 08:55:11.320973   Set windows position at (0, 0) =>
2024-04-16 08:55:11.423167   Set resolution 1280 * 800 =>
2024-04-16 08:55:11.525341   => Windows size is set to {'width': 1280, 'height': 800}

2024-04-16 08:55:12.564155   Капчи нет. Идем дальше

2024-04-16 08:55:12.564246   Работа с куками =>

2024-04-16 08:55:12.564260   => не требуется

2024-04-16 08:55:12.564270   Prev. country - 'au'
2024-04-16 08:55:12.564280   Cur. country - 'au'
2024-04-16 08:55:12.564288   => Country set to 'au'

2024-04-16 08:55:12.564297   Prev. language - 'es'
2024-04-16 08:55:12.564306   Cur. language - 'es'
2024-04-16 08:55:12.564315   => Language is set to 'es'

2024-04-16 08:55:12.564323   Prev. role - 'NoAuth'
2024-04-16 08:55:12.564332   Cur. role - 'NoAuth'
2024-04-16 08:55:12.564341   => The 'NoAuth' role is set

2024-04-16 08:55:12.569288   => Current URL - https://capital.com/es

2024-04-16 08:55:12.569310   => THE END PRECONDITIONS

2024-04-16 08:55:12.569357   1. Arrange_v0
2024-04-16 08:55:12.569371   current_page = https://capital.com/es
2024-04-16 08:55:12.571907   link = https://capital.com/es/aud-jpy-tipo
2024-04-16 08:55:12.574328   Current page URL = https://capital.com/es
2024-04-16 08:55:12.576725   self.link = https://capital.com/es/aud-jpy-tipo
2024-04-16 08:55:12.576739   driver.get(https://capital.com/es/aud-jpy-tipo) =>
2024-04-16 08:55:14.333577   => Loaded page https://capital.com/es/aud-jpy-tipo
2024-04-16 08:55:14.337852   BUTTON_BUY is located on the page? =>
2024-04-16 08:55:14.345723   => BUTTON_BUY is located on the page!
2024-04-16 08:55:14.345890   Start Checking that form [Sign up] popped up on the page =>
2024-04-16 08:55:15.884932   '[Sign up]' form was not popped up

2024-04-16 08:55:15.885123   2. Act_v0
2024-04-16 08:55:15.890406   BUTTON_BUY is present? =>
2024-04-16 08:55:15.890429   => BUTTON_BUY is present on the page
2024-04-16 08:55:15.890439   BUTTON_BUY scroll =>
2024-04-16 08:55:15.894250   => BUTTON_BUY scrolled
2024-04-16 08:55:15.934787   BUTTON_BUY is clickable? =>
2024-04-16 08:55:15.946565   BUTTON_BUY CLICK =>
2024-04-16 08:55:15.993567   => BUTTON_BUY clicked!

2024-04-16 08:55:15.993811   3. Assert_Login_v0
2024-04-16 08:55:15.993895   Check that 'Login' form is opened
2024-04-16 08:55:16.176826   'Login' form opened
2024-04-16 08:55:16.176869   Assert LOGIN_REF_SIGNUP =>
2024-04-16 08:55:16.192017   Assert LOGIN_CHECKBOX =>
2024-04-16 08:55:16.206199   Assert LOGIN_PASS_FORGOT =>
2024-04-16 08:55:16.223051   => 'Login' form is checked
2024-04-16 08:55:16.241953   Click 'Close' button on 'Login' form =>
2024-04-16 08:55:16.599763   => Focus moved to 'capital*com' logo
2024-04-16 08:55:16.599809   => 'Login' form closed
