{'width': 1920, 'height': 1080}

2024-10-13 23:15:28.823057   worker_id = master

2024-10-13 23:15:28.823073   0. Allure grouping for US_55


2024-10-13 23:15:28.823270   START PRECONDITIONS =>

2024-10-13 23:15:28.823286   => URL after prev. preconditions - https://capital.com/en-gb
2024-10-13 23:15:28.823295   => flag_of_bug - False
2024-10-13 23:15:28.823307   => Current URL - https://capital.com/ar-ae/trading-platforms/trading-view
2024-10-13 23:15:28.829413   Current page URL = https://capital.com/ar-ae/trading-platforms/trading-view
2024-10-13 23:15:28.832061   self.link = https://capital.com/en-gb
2024-10-13 23:15:28.832075   driver.get(https://capital.com/en-gb) =>
2024-10-13 23:15:30.254599   => Loaded page https://capital.com/en-gb

2024-10-13 23:15:30.259623   => Windows size: {'width': 1920, 'height': 1080}

2024-10-13 23:15:30.261008   Set windows position at (0, 0) =>

2024-10-13 23:15:30.262741   Set resolution 1920 * 1080 =>

2024-10-13 23:15:30.264399   => Resolution set {'width': 1920, 'height': 1080}

2024-10-13 23:15:30.265717   Работа с куками =>
2024-10-13 23:15:30.265732   Prev. role - 'Auth'
2024-10-13 23:15:30.265741   Current testing role - 'NoAuth'

2024-10-13 23:15:30.265750   All cookies must be delete =>
2024-10-13 23:15:30.354777   => All cookies are deleted
2024-10-13 23:15:30.354833   Current page URL = https://capital.com/en-gb
2024-10-13 23:15:30.360470   self.link = https://capital.com/en-gb
2024-10-13 23:15:30.360485   driver.get(https://capital.com/en-gb) =>
2024-10-13 23:15:31.793242   => Loaded page https://capital.com/en-gb

2024-10-13 23:15:31.797921   Step 'Click button [Accept all cookies]'
2024-10-13 23:15:31.797933   Is Visible Button [Accept all cookies]? =>
2024-10-13 23:15:33.007536   => Button [Accept all cookies] is visible
2024-10-13 23:15:33.507672   Is clickable Button [Accept all cookies] =>
2024-10-13 23:15:33.523516   => Button [Accept all cookies] is clickable
2024-10-13 23:15:33.523552   Click Button [Accept all cookies] =>
2024-10-13 23:15:33.770151   => Button [Accept all cookies] is clicked
2024-10-13 23:15:33.770194   => Accepted All Cookies

2024-10-13 23:15:34.270320   Prev. role - 'Auth'
2024-10-13 23:15:34.270376   Cur. role - 'NoAuth'

2024-10-13 23:15:34.270611   Start Authorization
2024-10-13 23:15:34.355932   => 'Login' form is opened
2024-10-13 23:15:34.570408   => "login" and "password" are inputted
2024-10-13 23:15:34.570453   Click [Continue] button on [Login] form =>
2024-10-13 23:15:34.632041   => [Continue] button on [Login] form is clicked
2024-10-13 23:15:34.632094   Set timeout = 30
2024-10-13 23:15:35.681999   => Page with 'Trading Platform | Capital.com' title opened

2024-10-13 23:15:35.682087   2. Checking that the LOGO is present on the page =>
2024-10-13 23:15:37.254785   => 'capital*com' logo is present on the current page

2024-10-13 23:15:37.255011   Start Deauthorization
2024-10-13 23:15:37.255094   Start Logout from account info menu in top bar =>
2024-10-13 23:15:37.255108   Set timeout = 15
2024-10-13 23:15:37.255120   Is visible account info icon? =>
2024-10-13 23:15:37.268096   => Account info icon is visible on this page
2024-10-13 23:15:37.268139   Account info icon is click =>
2024-10-13 23:15:37.324607   => Account info icon is clicked
2024-10-13 23:15:37.324658   Is visible logout button in account info menu? =>
2024-10-13 23:15:37.352977   => Logout button from account info menu is visible
2024-10-13 23:15:37.353013   Logout button is click =>
2024-10-13 23:15:37.902654   => Logout button from Account info menu is clicked
2024-10-13 23:15:37.902742   => Logout is OK

2024-10-13 23:15:37.902774   => The 'NoAuth' role is set

2024-10-13 23:15:37.902786   Prev. language: cn
2024-10-13 23:15:37.902795   Cur. language - 'ar'

2024-10-13 23:15:37.902804   Prev. country: de
2024-10-13 23:15:37.902813   Cur. country: ae

2024-10-13 23:15:37.902962   Set "ar" language and "ae" country =>
2024-10-13 23:15:37.902979   Current page URL = https://capital.com/trading/platform/
2024-10-13 23:15:37.913978   self.link = https://capital.com/ar-ae
2024-10-13 23:15:37.914007   driver.get(https://capital.com/ar-ae) =>
2024-10-13 23:15:40.084165   => Loaded page https://capital.com/
2024-10-13 23:15:40.091253   => Language is set to 'ar'
2024-10-13 23:15:40.091273   => Country is set to 'ae'
2024-10-13 23:15:40.091283   => Current URL - https://capital.com/

2024-10-13 23:15:40.096689   => Current URL - https://capital.com/

2024-10-13 23:15:40.096711   => END PRECONDITIONS

2024-10-13 23:15:40.096903   START Open "Trading" menu, "Web platform" submenu =>

2024-10-13 23:15:40.096919   1. Cur URL = https://capital.com/

2024-10-13 23:15:40.099601   2. Link = https://capital.com/
2024-10-13 23:15:40.099617   current_page = https://capital.com/
2024-10-13 23:15:40.102236   link = https://capital.com/
2024-10-13 23:15:45.610275   => 'Trading' menu not present in DOM
