


Current country - ['', 'au']
{'width': 1920, 'height': 1080}

2024-12-09 01:53:11.818406   worker_id = master

2024-12-09 01:53:11.818420   0. Allure grouping for US_55


2024-12-09 01:53:11.818616   START PRECONDITIONS =>

2024-12-09 01:53:11.818632   => URL after prev. preconditions - https://capital.com/en-gb
2024-12-09 01:53:11.818642   => flag_of_bug - True
2024-12-09 01:53:11.818653   => Current URL - https://capital.com/en-au
2024-12-09 01:53:11.824401   Current page URL = https://capital.com/en-au
2024-12-09 01:53:11.826909   self.link = https://capital.com/en-gb
2024-12-09 01:53:11.826922   driver.get(https://capital.com/en-gb) =>
2024-12-09 01:53:14.216409   => Loaded page https://capital.com/en-gb

2024-12-09 01:53:14.221188   => Windows size: {'width': 1920, 'height': 1080}

2024-12-09 01:53:14.222548   Set windows position at (0, 0) =>

2024-12-09 01:53:14.224233   Set resolution 1920 * 1080 =>

2024-12-09 01:53:14.225821   => Resolution set {'width': 1920, 'height': 1080}

2024-12-09 01:53:14.227097   Работа с куками =>
2024-12-09 01:53:14.227111   Prev. role - 'NoReg'
2024-12-09 01:53:14.227120   Current testing role - 'Auth'

2024-12-09 01:53:14.227129   All cookies must be delete =>
2024-12-09 01:53:14.281454   => All cookies are deleted
2024-12-09 01:53:14.281480   Current page URL = https://capital.com/en-gb
2024-12-09 01:53:14.283956   self.link = https://capital.com/en-gb
2024-12-09 01:53:14.283969   driver.get(https://capital.com/en-gb) =>
2024-12-09 01:53:16.630051   => Loaded page https://capital.com/en-gb

2024-12-09 01:53:16.769228   Step 'Click button [Accept all cookies]'
2024-12-09 01:53:16.769240   Is Visible Button [Accept all cookies]? =>
2024-12-09 01:53:17.841527   => Button [Accept all cookies] is visible
2024-12-09 01:53:18.341657   Is clickable Button [Accept all cookies] =>
2024-12-09 01:53:18.357230   => Button [Accept all cookies] is clickable
2024-12-09 01:53:18.357256   Click Button [Accept all cookies] =>
2024-12-09 01:53:18.579564   => Button [Accept all cookies] is clicked
2024-12-09 01:53:18.579610   => Accepted All Cookies

2024-12-09 01:53:19.079716   Prev. role - 'NoReg'
2024-12-09 01:53:19.079786   Cur. role - 'Auth'

2024-12-09 01:53:19.080031   Start Authorization
2024-12-09 01:53:19.191187   => 'Login' form is opened
2024-12-09 01:53:19.405360   => "login" and "password" are inputted
2024-12-09 01:53:19.405419   Click [Continue] button on [Login] form =>
2024-12-09 01:53:19.485458   => [Continue] button on [Login] form is clicked
2024-12-09 01:53:19.485512   Set timeout = 30
2024-12-09 01:53:21.200845   => Page with 'Trading Platform | Capital.com' title opened

2024-12-09 01:53:21.200938   2. Checking that the LOGO is present on the page =>
2024-12-09 01:53:23.053722   => 'capital*com' logo is present on the current page

2024-12-09 01:53:23.440517   => The 'Auth' role is set

2024-12-09 01:53:23.440573   Prev. language: en
2024-12-09 01:53:23.440590   Cur. language - 'en'

2024-12-09 01:53:23.440606   Prev. country: ua
2024-12-09 01:53:23.440621   Cur. country: au

2024-12-09 01:53:23.440847   Set "en" language and "au" country =>
2024-12-09 01:53:23.440879   Current page URL = https://capital.com/en-gb
2024-12-09 01:53:23.498739   self.link = https://capital.com/en-au
2024-12-09 01:53:23.498764   driver.get(https://capital.com/en-au) =>
2024-12-09 01:53:25.862644   => Loaded page https://capital.com/en-au
2024-12-09 01:53:25.925307   => Language is set to 'en'
2024-12-09 01:53:25.925329   => Country is set to 'au'
2024-12-09 01:53:25.925338   => Current URL - https://capital.com/en-au

2024-12-09 01:53:25.933080   => Current URL - https://capital.com/en-au

2024-12-09 01:53:25.933112   => END PRECONDITIONS

2024-12-09 01:53:25.933353   1. Start Arrange: open dropdown [Regional settings]
2024-12-09 01:53:25.933376   current_page = https://capital.com/en-au
2024-12-09 01:53:25.943487   link = https://capital.com/en-au
2024-12-09 01:53:25.947261   Start to check link country to open dropdown [Regional settings] in DOM on the Main page

2024-12-09 01:53:30.952787   => The main page don't have link country to open dropdown in DOM
