{'width': 1280, 'height': 800}

2024-05-03 17:28:39.427741   worker_id = master

2024-05-03 17:28:39.427754   0. Allure grouping v4

2024-05-03 17:28:39.427933   START PRECONDITIONS =>

2024-05-03 17:28:39.427948   => URL after prev. preconditions - https://capital.com/it
2024-05-03 17:28:39.427958   => flag_of_bug - True
2024-05-03 17:28:39.427968   => Current URL - https://capital.com/it/forex-in-tempo-reale?t=volatile
2024-05-03 17:28:39.433765   Current page URL = https://capital.com/it/forex-in-tempo-reale?t=volatile
2024-05-03 17:28:39.436387   self.link = https://capital.com/it
2024-05-03 17:28:39.436401   driver.get(https://capital.com/it) =>
2024-05-03 17:28:41.392639   => Loaded page https://capital.com/it

2024-05-03 17:28:41.396211   => Windows size - {'width': 1280, 'height': 800}
2024-05-03 17:28:41.397643   Set windows position at (0, 0) =>
2024-05-03 17:28:41.401243   Set resolution 1280 * 800 =>
2024-05-03 17:28:41.402924   => Windows size is set to {'width': 1280, 'height': 800}

2024-05-03 17:28:42.446658   Капчи нет. Идем дальше

2024-05-03 17:28:42.446751   Работа с куками =>

2024-05-03 17:28:42.446765   => не требуется

2024-05-03 17:28:42.446774   Prev. country - 'ae'
2024-05-03 17:28:42.446784   Cur. country - 'ae'
2024-05-03 17:28:42.446793   => Country set to 'ae'

2024-05-03 17:28:42.446802   Prev. language - 'it'
2024-05-03 17:28:42.446811   Cur. language - 'it'
2024-05-03 17:28:42.446820   => Language is set to 'it'

2024-05-03 17:28:42.446828   Prev. role - 'NoReg'
2024-05-03 17:28:42.446837   Cur. role - 'NoReg'
2024-05-03 17:28:42.446846   => The 'NoReg' role is set

2024-05-03 17:28:42.452579   => Current URL - https://capital.com/it

2024-05-03 17:28:42.452606   => THE END PRECONDITIONS

2024-05-03 17:28:42.452803   START Open "Markets" menu, "Forex" submenu =>

2024-05-03 17:28:42.452819   1. Cur URL = https://capital.com/it

2024-05-03 17:28:42.455341   2. Link = https://capital.com/it
2024-05-03 17:28:42.455355   current_page = https://capital.com/it
2024-05-03 17:28:42.457703   link = https://capital.com/it
2024-05-03 17:28:42.972124   => 'Markets' menu is present
2024-05-03 17:28:42.991405   => 'Markets' menu is visible
2024-05-03 17:28:44.266576   => Focus moved to 'Markets' menu


2024-05-03 17:28:45.776004   => 'Forex' sub-menu clicked
2024-05-03 17:28:46.065898   => Focus moved to 'capital*com' logo

2024-05-03 17:28:46.065944   3. Cur URL = https://capital.com/it/forex-in-tempo-reale

2024-05-03 17:28:46.071679   1. Arrange_v0
2024-05-03 17:28:46.071702   current_page = https://capital.com/it/forex-in-tempo-reale
2024-05-03 17:28:46.074273   link = https://capital.com/it/forex-in-tempo-reale
2024-05-03 17:28:46.077016   BUTTON_CREATE_YOUR_ACCOUNT is located on the page? =>

2024-05-03 17:28:46.087412   2. Act_v0: Define of locator

2024-05-03 17:28:46.087448   2. Act_v0: Go to web element

2024-05-03 17:28:47.126775   2. Act_v0: Click web element
2024-05-03 17:28:47.155843   => BUTTON_CREATE_YOUR_ACCOUNT is clicked

2024-05-03 17:28:47.156078   3. Assert_v0
2024-05-03 17:28:47.156167   Start step Check that [Sign up] form is opened
2024-05-03 17:28:47.315546   'Sign up' form opened
2024-05-03 17:28:47.315598   Assert SIGNUP_HEADER =>
2024-05-03 17:28:47.336178   Assert SIGNUP_REF_LOGIN =>
2024-05-03 17:28:47.351376   Assert SIGNUP_PRIVACY_POLICY_ALL_2 =>
2024-05-03 17:28:47.364291   => SIGNUP_PRIVACY_POLICY_ALL
2024-05-03 17:28:47.364336   => 'Signup' form is checked
2024-05-03 17:28:47.364570   Start step Close [Sign up] form =>
2024-05-03 17:28:47.458936   => 'Signup' form closed
2024-05-03 17:28:47.749569   => Focus moved to 'capital*com' logo
