{'width': 1280, 'height': 800}

2024-05-03 18:21:51.484777   worker_id = master

2024-05-03 18:21:51.484791   0. Allure grouping v4

2024-05-03 18:21:51.484964   START PRECONDITIONS =>

2024-05-03 18:21:51.484979   => URL after prev. preconditions - https://capital.com/it
2024-05-03 18:21:51.484988   => flag_of_bug - True
2024-05-03 18:21:51.484999   => Current URL - https://capital.com/trading/platform/
2024-05-03 18:21:51.490537   Current page URL = https://capital.com/trading/platform/
2024-05-03 18:21:51.493021   self.link = https://capital.com/it
2024-05-03 18:21:51.493034   driver.get(https://capital.com/it) =>
2024-05-03 18:21:53.797737   => Loaded page https://capital.com/it

2024-05-03 18:21:53.802402   => Windows size - {'width': 1280, 'height': 800}
2024-05-03 18:21:53.805670   Set windows position at (0, 0) =>
2024-05-03 18:21:53.807373   Set resolution 1280 * 800 =>
2024-05-03 18:21:53.809012   => Windows size is set to {'width': 1280, 'height': 800}

2024-05-03 18:21:54.843972   Капчи нет. Идем дальше

2024-05-03 18:21:54.844068   Работа с куками =>

2024-05-03 18:21:54.844082   => не требуется

2024-05-03 18:21:54.844092   Prev. country - 'ae'
2024-05-03 18:21:54.844102   Cur. country - 'ae'
2024-05-03 18:21:54.844111   => Country set to 'ae'

2024-05-03 18:21:54.844120   Prev. language - 'it'
2024-05-03 18:21:54.844129   Cur. language - 'it'
2024-05-03 18:21:54.844138   => Language is set to 'it'

2024-05-03 18:21:54.844147   Prev. role - 'Auth'
2024-05-03 18:21:54.844156   Cur. role - 'Auth'
2024-05-03 18:21:54.844164   => The 'Auth' role is set

2024-05-03 18:21:54.846952   => Current URL - https://capital.com/it

2024-05-03 18:21:54.846973   => THE END PRECONDITIONS

2024-05-03 18:21:54.847152   1. Cur URL = https://capital.com/it

2024-05-03 18:21:54.849574   2. Link = https://capital.com/it
2024-05-03 18:21:54.849590   current_page = https://capital.com/it
2024-05-03 18:21:54.852078   link = https://capital.com/it
2024-05-03 18:21:55.363325   => Education menu is present in DOM
2024-05-03 18:21:55.369506   => Education menu is visible
2024-05-03 18:21:56.639039   => Focus moved to Education menu


2024-05-03 18:21:58.698630   => Shares trading sub-menu clicked
2024-05-03 18:21:58.988229   => Focus moved to 'capital*com' logo

2024-05-03 18:21:58.988273   3. Cur URL = https://capital.com/it/trading-su-azioni
2024-05-03 18:21:59.002491
2024-05-03 18:21:59.002515   Shares trading include 10 child items for random select
2024-05-03 18:21:59.007680   k = 6 - https://capital.com/it/trade-facebook
2024-05-03 18:21:59.007789   The file of hrefs contains the following URLs:
2024-05-03 18:21:59.007806   https://capital.com/it/trade-facebook
2024-05-03 18:21:59.007846   Test data include 1 item(s)
2024-05-03 18:21:59.007858   The test coverage = 10.0 %
