{'width': 1280, 'height': 800}

2024-03-31 20:46:58.055660   worker_id = master

2024-03-31 20:46:58.055674   0. Allure grouping v4

2024-03-31 20:46:58.055759   START PRECONDITIONS =>

2024-03-31 20:46:58.055772   => flag_of_bug - True
2024-03-31 20:46:58.055783   Current page URL = https://capital.com/forex-swaps
2024-03-31 20:46:58.058389   self.link = https://capital.com/
2024-03-31 20:46:58.058402   link = https://capital.com/
2024-03-31 20:46:59.532369   => Loaded page https://capital.com/

2024-03-31 20:46:59.540414   => Windows size - {'width': 1280, 'height': 800}
2024-03-31 20:46:59.541760   Set windows position at (0, 0) =>
2024-03-31 20:46:59.643969   Set resolution 1280 * 800 =>
2024-03-31 20:46:59.746290   => Windows size is set to {'width': 1280, 'height': 800}

2024-03-31 20:47:00.769419   Капчи нет. Идем дальше

2024-03-31 20:47:00.769513   Работа с куками

2024-03-31 20:47:00.769528   Prev. country - 'ae'
2024-03-31 20:47:00.769538   Cur. country - 'ae'
2024-03-31 20:47:00.769547   => Country set to 'ae'

2024-03-31 20:47:00.769556   Prev. language - 'en'
2024-03-31 20:47:00.769564   Cur. language - 'en'
2024-03-31 20:47:00.769573   => Language is set to 'en'

2024-03-31 20:47:00.769582   Prev. role - 'NoAuth'
2024-03-31 20:47:00.769590   Cur. role - 'NoAuth'
2024-03-31 20:47:00.769599   => The 'NoAuth' role is set

2024-03-31 20:47:00.772323   => THE END PRECONDITIONS

2024-03-31 20:47:00.772493   1. Arrange_v4
2024-03-31 20:47:00.772510   current_page = https://capital.com/
2024-03-31 20:47:00.775018   link = https://capital.com/forex-swaps
2024-03-31 20:47:00.777494   Current page URL = https://capital.com/
2024-03-31 20:47:00.779943   self.link = https://capital.com/forex-swaps
2024-03-31 20:47:00.779957   link = https://capital.com/forex-swaps
2024-03-31 20:47:02.423728   => Loaded page https://capital.com/forex-swaps
2024-03-31 20:47:02.428050   MOST_TRADED is present? =>
2024-03-31 20:47:02.436172   => MOST_TRADED widget is present on this page
2024-03-31 20:47:02.436196   => Found 5 elements in block MOST_TRADED
2024-03-31 20:47:02.436207   Most traded widget is scroll =>
2024-03-31 20:47:02.442533   => Most traded widget is scrolled into screen center

2024-03-31 20:47:02.442592   Random indexes = [4]

2024-03-31 20:47:02.442620   Testing Most traded 1 random element with 4 index

2024-03-31 20:47:02.442826   2. Act_v4
2024-03-31 20:47:02.442965   Start Checking that form [Sign up] popped up on the page =>
2024-03-31 20:47:03.981246   '[Sign up]' form was not popped up
2024-03-31 20:47:03.994120   instrument_title = 'Australian Dollar / US Dollar'
2024-03-31 20:47:03.999005   Selected Trade button on Most traded widget is scroll =>
2024-03-31 20:47:04.002955   Selected Trade button click for 'Australian Dollar / US Dollar' trading instrument =>
2024-03-31 20:47:05.053161   => Selected Trade button clicked!

2024-03-31 20:47:05.053382   3. Assert_Login_v0
2024-03-31 20:47:05.053467   Check that 'Login' form is opened
2024-03-31 20:47:05.214191   'Login' form opened
2024-03-31 20:47:05.214256   Assert LOGIN_REF_SIGNUP =>
2024-03-31 20:47:05.229470   Assert LOGIN_CHECKBOX =>
2024-03-31 20:47:05.275232   Assert LOGIN_PASS_FORGOT =>
2024-03-31 20:47:05.289323   => 'Login' form is checked
2024-03-31 20:47:05.307760   Click 'Close' button on 'Login' form =>
2024-03-31 20:47:05.652338   => Focus moved to 'capital*com' logo
2024-03-31 20:47:05.652373   => 'Login' form closed
