{'width': 1280, 'height': 800}

2024-03-31 20:45:01.129874   worker_id = master

2024-03-31 20:45:01.129889   0. Allure grouping v4

2024-03-31 20:45:01.129976   START PRECONDITIONS =>

2024-03-31 20:45:01.129988   => flag_of_bug - False

2024-03-31 20:45:01.129998   => Windows size - {'width': 1280, 'height': 800}
2024-03-31 20:45:01.131280   Set windows position at (0, 0) =>
2024-03-31 20:45:01.233404   Set resolution 1280 * 800 =>
2024-03-31 20:45:01.335582   => Windows size is set to {'width': 1280, 'height': 800}

2024-03-31 20:45:02.362743   Капчи нет. Идем дальше

2024-03-31 20:45:02.362823   Работа с куками

2024-03-31 20:45:02.362837   Prev. country - 'ae'
2024-03-31 20:45:02.362847   Cur. country - 'ae'
2024-03-31 20:45:02.362856   => Country set to 'ae'

2024-03-31 20:45:02.362865   Prev. language - 'en'
2024-03-31 20:45:02.362874   Cur. language - 'en'
2024-03-31 20:45:02.362882   => Language is set to 'en'

2024-03-31 20:45:02.362891   Prev. role - 'Auth'
2024-03-31 20:45:02.362900   Cur. role - 'Auth'
2024-03-31 20:45:02.362908   => The 'Auth' role is set

2024-03-31 20:45:02.365658   => THE END PRECONDITIONS

2024-03-31 20:45:02.365686   1. Arrange_v0
2024-03-31 20:45:02.365698   current_page = https://capital.com/forex-swaps
2024-03-31 20:45:02.368318   link = https://capital.com/forex-swaps
2024-03-31 20:45:02.370832   BUTTON_BUY_IN_CONTENT_BLOCK is located on the page? =>
2024-03-31 20:45:13.077384   => BUTTON_BUY_IN_CONTENT_BLOCK is not located on the page!
