{'width': 1280, 'height': 800}

2024-03-31 20:16:28.148516   worker_id = master

2024-03-31 20:16:28.148531   0. Allure grouping v4

2024-03-31 20:16:28.148625   START PRECONDITIONS =>

2024-03-31 20:16:28.148638   => flag_of_bug - False

2024-03-31 20:16:28.148649   => Windows size - {'width': 1280, 'height': 800}
2024-03-31 20:16:28.149890   Set windows position at (0, 0) =>
2024-03-31 20:16:28.252100   Set resolution 1280 * 800 =>
2024-03-31 20:16:28.354310   => Windows size is set to {'width': 1280, 'height': 800}

2024-03-31 20:16:29.380132   Капчи нет. Идем дальше

2024-03-31 20:16:29.380224   Работа с куками

2024-03-31 20:16:29.380239   Prev. country - 'ae'
2024-03-31 20:16:29.380249   Cur. country - 'ae'
2024-03-31 20:16:29.380259   => Country set to 'ae'

2024-03-31 20:16:29.380268   Prev. language - 'en'
2024-03-31 20:16:29.380277   Cur. language - 'en'
2024-03-31 20:16:29.380287   => Language is set to 'en'

2024-03-31 20:16:29.380296   Prev. role - 'NoAuth'
2024-03-31 20:16:29.380305   Cur. role - 'NoAuth'
2024-03-31 20:16:29.380315   => The 'NoAuth' role is set

2024-03-31 20:16:29.383052   => THE END PRECONDITIONS

2024-03-31 20:16:29.383084   1. Arrange
2024-03-31 20:16:29.383098   current_page = https://capital.com/learn-trading-app
2024-03-31 20:16:29.385570   link = https://capital.com/learn-trading-app
2024-03-31 20:16:29.388045   Is visible BUTTON_EXPLORE_WEB_PLATFORM? =>
2024-03-31 20:16:29.401548   => BUTTON_EXPLORE_WEB_PLATFORM is visible on the page!

2024-03-31 20:16:29.401708   2. Act
2024-03-31 20:16:29.408912   1 checking element(s) with current CSS locator is(are) present(s) on this page
2024-03-31 20:16:29.962557   => BUTTON_EXPLORE_WEB_PLATFORM IS CLICKED

2024-03-31 20:16:29.962818   3. Assert_v0
2024-03-31 20:16:29.962956   Start method Check that [Log in] page opened on the Trading Platform =>
https://capital.com/trading/platform/
2024-03-31 20:16:29.971336   => 'Sign up' page opened on the Trading Platform
2024-03-31 20:16:29.971360   SIGNUP_FRAME =>
2024-03-31 20:16:30.815262   => SIGNUP_FRAME is visible
2024-03-31 20:16:30.815310   => 'Login' page on the Trading Platform is not opened

Bug: Bid:11.01.06.00_03-en.ae.NoAuth

2024-03-31 20:16:30.815330   Проверка бага в таблице ретеста  =>

 gs = GoogleSheet() - создаем объект gs # 1: <tests.ReTestsAuto.GoogleSheets.googlesheets.GoogleSheet object at 0x7f920c84bd70>

2024-03-31 20:16:31.352127   4. Fixing one row check results into Google Sheet Bugs Report =>
1 cells updated.
2024-03-31 20:16:31.534421   => 4. One row check results into Google Sheet Bugs Report fixed

2024-03-31 20:16:32.591615   4. Fixing one row check results into Google Sheet Bugs Report =>
1 cells updated.
2024-03-31 20:16:33.935157   => 4. One row check results into Google Sheet Bugs Report fixed

2024-03-31 20:16:33.936480   Баг Bid:11.01.06.00_03-en.ae.NoAuth-13 обнаружен ранее и уже находится в 'Bugs Report Auto detect'
