{'width': 1280, 'height': 720}

2023-12-28 16:41:56.164052   worker_id = master

2023-12-28 16:41:56.164075   0. Allure grouping v4


2023-12-28 16:41:56.164337   START PRECONDITIONS =>


2023-12-28 16:41:56.164361   {'width': 1280, 'height': 720}

2023-12-28 16:41:56.166015   Set windows position at (0, 0) =>

2023-12-28 16:41:56.268121   Set resolution 1280 * 720 =>

2023-12-28 16:41:56.370370   => Resolution seted {'width': 1280, 'height': 720}

2023-12-28 16:42:00.382004   Капчи нет. Тестим дальше

2023-12-28 16:42:00.382051   Prev. Role: NoAuth

2023-12-28 16:42:00.382061   Current role: NoAuth

2023-12-28 16:42:00.382069   Prev language: fr

2023-12-28 16:42:00.382077   => Current language: fr

2023-12-28 16:42:00.382085   Prev country: ae

2023-12-28 16:42:00.382092   => Current country: ae

2023-12-28 16:42:00.382100   => THE END PRECONDITIONS

2023-12-28 16:42:00.382283   START Open "Education" menu, "CFD trading guide" submenu =>

2023-12-28 16:42:00.382298   1. Cur URL = https://capital.com/fr/quest-ce-que-le-trading-de-cfd

2023-12-28 16:42:00.385232   2. Link = https://capital.com/fr
2023-12-28 16:42:00.916454   Load page https://capital.com/fr
2023-12-28 16:42:00.990495   => Education menu is present
2023-12-28 16:42:01.121620   => Education menu is visible
2023-12-28 16:42:02.894562   => Education menu focus moved

2023-12-28 16:42:04.818902   3. Cur URL = https://capital.com/fr/quest-ce-que-le-trading-de-cfd

2023-12-28 16:42:04.929469   1. Arrange_v0
2023-12-28 16:42:04.932755   BUTTON_CREATE_YOUR_ACCOUNT is located on the page? =>

2023-12-28 16:42:04.941405   2. Act_v0
2023-12-28 16:42:05.109643   => BUTTON_CREATE_YOUR_ACCOUNT is clicked

2023-12-28 16:42:05.109924   3. Assert_v0
2023-12-28 16:42:05.110040   Start step Check that [Sign up] form is opened
2023-12-28 16:42:05.351115   'Sign up' form opened
2023-12-28 16:42:05.351151   Assert SIGNUP_HEADER =>
2023-12-28 16:42:05.367360   Assert SIGNUP_REF_LOGIN =>
2023-12-28 16:42:05.383809   Assert SIGNUP_PRIVACY_POLICY_ALL_2 =>
2023-12-28 16:42:05.398696   => SIGNUP_PRIVACY_POLICY_ALL
2023-12-28 16:42:05.398729   => 'Signup' form is checked
2023-12-28 16:42:05.398937   Start step Close [Sign up] form =>
2023-12-28 16:42:05.513504   => 'Signup' form closed
