{'width': 1280, 'height': 800}

2024-03-31 21:17:29.641107   worker_id = master

2024-03-31 21:17:29.641122   0. Allure grouping v4

2024-03-31 21:17:29.641212   START PRECONDITIONS =>

2024-03-31 21:17:29.641224   => flag_of_bug - False

2024-03-31 21:17:29.641235   => Windows size - {'width': 1280, 'height': 800}
2024-03-31 21:17:29.642495   Set windows position at (0, 0) =>
2024-03-31 21:17:29.750005   Set resolution 1280 * 800 =>
2024-03-31 21:17:29.852621   => Windows size is set to {'width': 1280, 'height': 800}

2024-03-31 21:17:30.862129   Капчи нет. Идем дальше

2024-03-31 21:17:30.862243   Работа с куками

2024-03-31 21:17:30.862262   Prev. country - 'ae'
2024-03-31 21:17:30.862273   Cur. country - 'ae'
2024-03-31 21:17:30.862282   => Country set to 'ae'

2024-03-31 21:17:30.862291   Prev. language - 'en'
2024-03-31 21:17:30.862300   Cur. language - 'en'
2024-03-31 21:17:30.862309   => Language is set to 'en'

2024-03-31 21:17:30.862318   Prev. role - 'Auth'
2024-03-31 21:17:30.862326   Cur. role - 'Auth'
2024-03-31 21:17:30.862335   => The 'Auth' role is set

2024-03-31 21:17:30.864898   => THE END PRECONDITIONS

2024-03-31 21:17:30.864926   1. Arrange
2024-03-31 21:17:30.864939   current_page = https://capital.com/day-trading
2024-03-31 21:17:30.867379   link = https://capital.com/day-trading
2024-03-31 21:17:30.869737   Is visible BUTTON_PRACTISE_FOR_FREE? =>
2024-03-31 21:17:30.881963   => BUTTON_PRACTISE_FOR_FREE is visible on the page!

2024-03-31 21:17:30.882102   2. Act
2024-03-31 21:17:30.889515   1 checking element(s) with current CSS locator is(are) present(s) on this page
2024-03-31 21:17:37.257969   => BUTTON_PRACTISE_FOR_FREE IS CLICKED

2024-03-31 21:17:37.258118   3. Assert_v4
2024-03-31 21:17:37.258161   Checking that the trading platform page has opened (v4) =>
2024-03-31 21:17:37.274959   Checking way # 1 => 

2024-03-31 21:17:37.275019   1. Checking that the Trading platform page has valid title =>
2024-03-31 21:17:37.289930   => The title of current page is 'Trading Platform | Capital.com'

2024-03-31 21:17:37.290011   2. Checking that the LOGO is present on the page =>
2024-03-31 21:17:39.240822   => 'capital*com' logo is present on the current page

2024-03-31 21:17:39.240871   tpd = False
2024-03-31 21:17:39.240926   3.2. Checking that the Trading platform opened in LIVE mode =>
2024-03-31 21:17:39.360834   => The page with https://capital.com/trading/platform/ url was opened in lIVE mode
2024-03-31 21:17:40.680764   => Driver.backed
