


Current test role - NoReg
{'width': 1280, 'height': 720}

2024-02-16 05:29:30.491128   worker_id = master

2024-02-16 05:29:30.491144   0. Allure grouping v4


2024-02-16 05:29:30.491327   START PRECONDITIONS =>


2024-02-16 05:29:30.491342   {'width': 1280, 'height': 720}

2024-02-16 05:29:30.492644   Set windows position at (0, 0) =>

2024-02-16 05:29:30.594502   Set resolution 1280 * 720 =>

2024-02-16 05:29:30.696902   => Resolution seted {'width': 1280, 'height': 720}

2024-02-16 05:29:31.725824   Капчи нет. Идем дальше

2024-02-16 05:29:31.725907   Prev. Role: NoAuth

2024-02-16 05:29:31.725920   Run preconditions: set NoReg Role =>
2024-02-16 05:29:31.725931   Current page URL = https://capital.com/position-trading
2024-02-16 05:29:32.521680   => Loaded page https://capital.com/

2024-02-16 05:29:32.612175   => All cookies are deleted
2024-02-16 05:29:32.612214   Current page URL = https://capital.com/
2024-02-16 05:29:33.313671   => Loaded page https://capital.com/

2024-02-16 05:29:33.316464   Step 'Click button [Accept all cookies]'
2024-02-16 05:29:39.422166   Is Visible Button [Accept all cookies]? =>
2024-02-16 05:29:39.438180   => Button [Accept all cookies] is visible
2024-02-16 05:29:39.938316   Is clickable Button [Accept all cookies] =>
2024-02-16 05:29:39.955515   => Button [Accept all cookies] is clickable
2024-02-16 05:29:39.955540   Click Button [Accept all cookies] =>
2024-02-16 05:29:40.021551   => Button [Accept all cookies] is clicked
2024-02-16 05:29:40.021584   => Accepted All Cookies

2024-02-16 05:29:40.521784   Current role: NoReg

2024-02-16 05:29:41.552789   Капчи нет. Идем дальше

2024-02-16 05:29:41.552877   Prev language: ?

2024-02-16 05:29:41.552890   Run preconditions: set en language =>


2024-02-16 05:29:41.560522   => Language and Country menu is present


2024-02-16 05:29:41.574145   => Language and Country menu is visible


2024-02-16 05:29:42.854787   => Focus is moved on Language and Country menu 
2024-02-16 05:29:42.863071   Move focus on en item and click =>
2024-02-16 05:29:44.287256   => Focus moved on en item and clicked
2024-02-16 05:29:44.287300   => Cur url = https://capital.com/

2024-02-16 05:29:44.300326   => Current language: en

2024-02-16 05:29:45.347008   Капчи нет. Идем дальше

2024-02-16 05:29:45.347096   Prev country: ?
2024-02-16 05:29:45.347110   Run preconditions: set "de" country =>


2024-02-16 05:29:45.353834   => Language and Country menu is present


2024-02-16 05:29:45.365411   => Language and Country menu is visible


2024-02-16 05:29:46.637847   => Focus is moved on Language and Country menu 
2024-02-16 05:29:49.145739   => Cur url = https://capital.com/?country=de
2024-02-16 05:29:49.154856   => Current country: de

2024-02-16 05:29:49.154883   => THE END PRECONDITIONS

2024-02-16 05:29:49.154917   1. Arrange_v0
2024-02-16 05:29:49.157353   Current page URL = https://capital.com/?country=de
2024-02-16 05:29:49.804537   => Loaded page https://capital.com/position-trading
2024-02-16 05:29:49.817635   BUTTON_START_TRADING scroll =>
2024-02-16 05:29:49.822152   BUTTON_START_TRADING is visible? =>
2024-02-16 05:29:49.874189   => BUTTON_START_TRADING is visible on the page!

2024-02-16 05:29:49.874360   2. Act_v0
2024-02-16 05:29:49.874376   Start Click button [Start Trading] =>
2024-02-16 05:29:49.879378   BUTTON_START_TRADING is clickable? =>
2024-02-16 05:29:49.891879   BUTTON_START_TRADING click =>
2024-02-16 05:29:49.934475   => BUTTON_START_TRADING clicked

2024-02-16 05:29:49.934768   3. Assert_v0
2024-02-16 05:29:49.934917   Start step Check that [Sign up] form is opened
2024-02-16 05:29:50.125417   'Sign up' form opened
2024-02-16 05:29:50.125462   Assert SIGNUP_HEADER =>
2024-02-16 05:29:50.138434   Assert SIGNUP_REF_LOGIN =>
2024-02-16 05:29:50.150101   Assert SIGNUP_PRIVACY_POLICY_ALL_2 =>
2024-02-16 05:29:50.163378   => SIGNUP_PRIVACY_POLICY_ALL
2024-02-16 05:29:50.163406   => 'Signup' form is checked
2024-02-16 05:29:50.163566   Start step Close [Sign up] form =>
2024-02-16 05:29:50.246544   => 'Signup' form closed
