{'width': 1280, 'height': 720}

2024-02-16 04:55:21.082647   worker_id = master

2024-02-16 04:55:21.082663   0. Allure grouping v4


2024-02-16 04:55:21.082856   START PRECONDITIONS =>


2024-02-16 04:55:21.082872   {'width': 1280, 'height': 720}

2024-02-16 04:55:21.087569   Set windows position at (0, 0) =>

2024-02-16 04:55:21.195055   Set resolution 1280 * 720 =>

2024-02-16 04:55:21.297516   => Resolution seted {'width': 1280, 'height': 720}

2024-02-16 04:55:22.322419   Капчи нет. Идем дальше

2024-02-16 04:55:22.322510   Prev. Role: Auth

2024-02-16 04:55:22.322524   Current role: Auth

2024-02-16 04:55:23.349232   Капчи нет. Идем дальше

2024-02-16 04:55:23.349320   Prev language: en

2024-02-16 04:55:23.349333   => Current language: en

2024-02-16 04:55:24.372751   Капчи нет. Идем дальше

2024-02-16 04:55:24.372833   Prev country: de
2024-02-16 04:55:24.372846   => Current country: de

2024-02-16 04:55:24.372855   => THE END PRECONDITIONS

2024-02-16 04:55:24.373031   1. Arrange_v0
2024-02-16 04:55:24.375846   BUTTON_TRY_DEMO is visible? =>
2024-02-16 04:55:24.390856   => BUTTON_TRY_DEMO is visible on the page!

2024-02-16 04:55:24.390990   2. Act_v0
2024-02-16 04:55:24.391005   BUTTON_TRY_DEMO is present? =>
2024-02-16 04:55:24.398227   => BUTTON_TRY_DEMO is present on the page!
2024-02-16 04:55:24.398249   BUTTON_TRY_DEMO scroll =>
2024-02-16 04:55:24.427193   => BUTTON_TRY_DEMO clicked!

2024-02-16 04:55:24.427406   3. Assert_v4
2024-02-16 04:55:24.427514   Checking that the trading platform page has opened (v4) =>
2024-02-16 04:55:24.944670   => Current page title: Trading Platform | Capital.com
2024-02-16 04:55:24.944865   Checking that the Trading platform LOGO is present on the page =>
2024-02-16 04:55:25.955545   Checking that the Trading platform opened in DEMO mode =>
2024-02-16 04:55:26.356419   => The page with https://capital.com/trading/platform/?mode=demo url was opened in DEMO mode
2024-02-16 04:55:27.413618   => Driver.backed
