{'width': 1280, 'height': 720}

2023-12-17 23:21:33.388979   worker_id = master

2023-12-17 23:21:33.388996   0. Allure grouping


2023-12-17 23:21:33.389190   START PRECONDITIONS =>


2023-12-17 23:21:33.389204   {'width': 1280, 'height': 720}

2023-12-17 23:21:33.390713   Set windows position at (320, 180) =>

2023-12-17 23:21:33.492996   Set resolution 1280 * 720 =>

2023-12-17 23:21:33.595474   => Resolution seted {'width': 1280, 'height': 720}

2023-12-17 23:21:37.645504   Капчи нет. Тестим дальше

2023-12-17 23:21:37.645551   Prev. Role: NoReg

2023-12-17 23:21:37.645561   Current role: NoReg

2023-12-17 23:21:37.645569   Prev language: it

2023-12-17 23:21:37.645577   => Current language: it

2023-12-17 23:21:37.645585   Prev country: au

2023-12-17 23:21:37.645593   => Current country: au

2023-12-17 23:21:37.645601   => THE END PRECONDITIONS

2023-12-17 23:21:37.645658   1. Arrange_v0
2023-12-17 23:21:37.648539   BUTTON_SELL_IN_CONTENT_BLOCK is located on the page? =>
2023-12-17 23:21:37.660949   => BUTTON_SELL_IN_CONTENT_BLOCK is located on the page!

2023-12-17 23:21:37.661127   2. Act_v0
2023-12-17 23:21:37.666584   BUTTON_SELL_IN_CONTENT_BLOCK is present? =>
2023-12-17 23:21:37.666626   => BUTTON_SELL_IN_CONTENT_BLOCK is present on the page!
2023-12-17 23:21:37.666638   BUTTON_SELL_IN_CONTENT_BLOCK scroll =>
2023-12-17 23:21:37.779976   => BUTTON_SELL_IN_CONTENT_BLOCK clicked!

2023-12-17 23:21:37.780238   3. Assert_v0
2023-12-17 23:21:37.780343   Start step Check that [Sign up] form is opened
2023-12-17 23:21:37.804544   'Sign up' form opened
2023-12-17 23:21:37.804593   Assert SIGNUP_HEADER =>
2023-12-17 23:21:37.840841   Assert SIGNUP_REF_LOGIN =>
2023-12-17 23:21:37.860873   Assert SIGNUP_PRIVACY_POLICY_ALL_2 =>
2023-12-17 23:21:37.876959   => SIGNUP_PRIVACY_POLICY_ALL
2023-12-17 23:21:37.877000   => 'Signup' form is checked
2023-12-17 23:21:37.877159   Start step Close [Sign up] form =>
2023-12-17 23:21:37.949700   => 'Signup' form closed
