{'width': 1280, 'height': 720}

2023-12-17 23:44:59.465010   worker_id = master

2023-12-17 23:44:59.465027   0. Allure grouping


2023-12-17 23:44:59.465173   START PRECONDITIONS =>


2023-12-17 23:44:59.465188   {'width': 1280, 'height': 720}

2023-12-17 23:44:59.466369   Set windows position at (320, 180) =>

2023-12-17 23:44:59.568255   Set resolution 1280 * 720 =>

2023-12-17 23:44:59.670345   => Resolution seted {'width': 1280, 'height': 720}

2023-12-17 23:45:03.681796   Капчи нет. Тестим дальше

2023-12-17 23:45:03.681836   Prev. Role: NoAuth

2023-12-17 23:45:03.681846   Current role: NoAuth

2023-12-17 23:45:03.681854   Prev language: it

2023-12-17 23:45:03.681862   => Current language: it

2023-12-17 23:45:03.681870   Prev country: au

2023-12-17 23:45:03.681877   => Current country: au

2023-12-17 23:45:03.681885   => THE END PRECONDITIONS

2023-12-17 23:45:03.681943   1. Arrange_v0
2023-12-17 23:45:03.684909   BUTTON_TRY_DEMO is visible? =>
2023-12-17 23:45:03.699064   => BUTTON_TRY_DEMO is visible on the page!

2023-12-17 23:45:03.699195   2. Act_v0
2023-12-17 23:45:03.699214   BUTTON_TRY_DEMO is present? =>
2023-12-17 23:45:03.706550   => BUTTON_TRY_DEMO is present on the page!
2023-12-17 23:45:03.706572   BUTTON_TRY_DEMO scroll =>
2023-12-17 23:45:03.749330   => BUTTON_TRY_DEMO clicked!

2023-12-17 23:45:03.749544   3. Assert_Login_v0
2023-12-17 23:45:08.268932   'Login' form not opened
2023-12-17 23:45:08.272479   'Login' page not opened
2023-12-17 23:45:12.825031   'Login' form on trading platform not opened
2023-12-17 23:45:12.825221   Start step Check that [Sign up] form is opened
2023-12-17 23:45:12.837516   'Sign up' form opened
2023-12-17 23:45:12.837539   Assert SIGNUP_HEADER =>
2023-12-17 23:45:12.848796   Assert SIGNUP_REF_LOGIN =>
2023-12-17 23:45:12.859617   Assert SIGNUP_PRIVACY_POLICY_ALL_2 =>
2023-12-17 23:45:12.870756   => SIGNUP_PRIVACY_POLICY_ALL
2023-12-17 23:45:12.870777   => 'Signup' form is checked
