{'width': 1280, 'height': 720}

2023-12-17 23:42:14.512753   worker_id = master

2023-12-17 23:42:14.512772   0. Allure grouping


2023-12-17 23:42:14.512971   START PRECONDITIONS =>


2023-12-17 23:42:14.512990   {'width': 1280, 'height': 720}

2023-12-17 23:42:14.514772   Set windows position at (320, 180) =>

2023-12-17 23:42:14.617362   Set resolution 1280 * 720 =>

2023-12-17 23:42:14.721791   => Resolution seted {'width': 1280, 'height': 720}

2023-12-17 23:42:18.760615   Капчи нет. Тестим дальше

2023-12-17 23:42:18.760660   Prev. Role: Auth

2023-12-17 23:42:18.760669   Current role: Auth

2023-12-17 23:42:18.760678   Prev language: it

2023-12-17 23:42:18.760685   => Current language: it

2023-12-17 23:42:18.760693   Prev country: au

2023-12-17 23:42:18.760701   => Current country: au

2023-12-17 23:42:18.760708   => THE END PRECONDITIONS

2023-12-17 23:42:18.760763   1. Arrange_v0
2023-12-17 23:42:19.207208   Load page https://capital.com/it/macd
2023-12-17 23:42:19.267242   BUTTON_START_TRADING scroll =>
2023-12-17 23:42:19.415135   BUTTON_START_TRADING is visible? =>
2023-12-17 23:42:19.454489   => BUTTON_START_TRADING is visible on the page!

2023-12-17 23:42:19.454643   2. Act_v0
2023-12-17 23:42:19.454658   Start Click button [Start Trading] =>
2023-12-17 23:42:19.463310   BUTTON_START_TRADING is clickable? =>
2023-12-17 23:42:19.475330   BUTTON_START_TRADING click =>
2023-12-17 23:42:19.738119   => BUTTON_START_TRADING clicked

2023-12-17 23:42:19.738417   3. Assert_v4
2023-12-17 23:42:19.738559   Checking that the trading platform page has opened (v4) =>
2023-12-17 23:42:20.295973   => Current page title: Trading Platform | Capital.com
2023-12-17 23:42:20.296100   Checking that the Trading platform LOGO is present on the page =>
2023-12-17 23:42:20.541602   Checking that the Trading platform opened in LIVE mode =>
2023-12-17 23:42:20.560896   => The page with https://capital.com/trading/platform url was opened in lIVE mode
2023-12-17 23:42:20.967412   Load page https://capital.com/it/macd
