{'width': 1920, 'height': 1080}

2025-03-04 02:38:49.329696   worker_id = master

2025-03-04 02:38:49.329706   0. Allure grouping for US_55


2025-03-04 02:38:49.329904   START PRECONDITIONS =>

2025-03-04 02:38:49.329918   => URL after prev. preconditions - https://capital.com/en-gb
2025-03-04 02:38:49.329925   => flag_of_bug - False
2025-03-04 02:38:49.329932   => Current URL - https://capital.com/en-gb/analysis?page=2
2025-03-04 02:38:49.340720   Current page URL = https://capital.com/en-gb/analysis?page=2
2025-03-04 02:38:49.343291   self.link = https://capital.com/en-gb
2025-03-04 02:38:49.343301   driver.get(https://capital.com/en-gb) =>
2025-03-04 02:38:51.651664   => Loaded page https://capital.com/en-gb

2025-03-04 02:38:51.659544   => Windows size: {'width': 1920, 'height': 1080}

2025-03-04 02:38:51.660939   Set windows position at (0, 0) =>

2025-03-04 02:38:51.662542   Set resolution 1920 * 1080 =>

2025-03-04 02:38:51.664220   => Resolution set {'width': 1920, 'height': 1080}

2025-03-04 02:38:51.669096   Работа с куками =>

2025-03-04 02:38:51.669109   => не требуется

2025-03-04 02:38:51.669118   Prev. role - 'NoReg'
2025-03-04 02:38:51.669127   Cur. role - 'NoReg'

2025-03-04 02:38:51.669135   => The 'NoReg' role is set

2025-03-04 02:38:51.669143   Prev. language: ?
2025-03-04 02:38:51.669151   Cur. language - 'en'

2025-03-04 02:38:51.669159   Prev. country: ?
2025-03-04 02:38:51.669166   Cur. country: ae

2025-03-04 02:38:51.669315   Set "en" language and "ae" country =>
2025-03-04 02:38:51.669333   Current page URL = https://capital.com/en-gb
2025-03-04 02:38:51.672665   self.link = https://capital.com/en-ae
2025-03-04 02:38:51.672678   driver.get(https://capital.com/en-ae) =>
2025-03-04 02:38:54.037407   => Loaded page https://capital.com/en-ae
2025-03-04 02:38:54.044063   => Language is set to 'en'
2025-03-04 02:38:54.044079   => Country is set to 'ae'
2025-03-04 02:38:54.044088   => Current URL - https://capital.com/en-ae

2025-03-04 02:38:54.051158   => Current URL - https://capital.com/en-ae

2025-03-04 02:38:54.051179   => END PRECONDITIONS

2025-03-04 02:38:54.051365   START Open "Markets" menu, "Market analysis" submenu =>

2025-03-04 02:38:54.051381   1. Cur URL = https://capital.com/en-ae

2025-03-04 02:38:54.053792   2. Link = https://capital.com/en-ae
2025-03-04 02:38:54.053806   current_page = https://capital.com/en-ae
2025-03-04 02:38:54.056247   link = https://capital.com/en-ae
2025-03-04 02:38:54.569369   => 'Markets' menu is present
2025-03-04 02:38:54.590409   => 'Markets' menu is visible
2025-03-04 02:38:56.395137   => Focus moved to 'Markets' menu
2025-03-04 02:38:56.421931   => 'Market analysis' submenu is visible
2025-03-04 02:38:57.234527   => 'Market analysis' sub-menu clicked
2025-03-04 02:39:02.515501   => Focus moved to 'capital*com' logo
2025-03-04 02:39:02.515538   3. Cur URL = https://capital.com/en-ae/analysis
2025-03-04 02:39:39.145869   Save current screenshot into PNG file

2025-03-04 02:39:39.337742   Applying postconditions...
2025-03-04 02:39:39.420979   => Driver.back
2025-03-04 02:39:39.421010   Current page is: https://capital.com/en-ae/analysis?page=7
2025-03-04 02:39:39.467953   => Driver.back
2025-03-04 02:39:39.467991   Current page is: https://capital.com/en-ae/analysis?page=6
2025-03-04 02:39:39.549610   => Driver.back
2025-03-04 02:39:39.549654   Current page is: https://capital.com/en-ae/analysis?page=5
2025-03-04 02:39:39.610069   => Driver.back
2025-03-04 02:39:39.610111   Current page is: https://capital.com/en-ae/analysis?page=4
2025-03-04 02:39:39.706693   => Driver.back
2025-03-04 02:39:39.706735   Current page is: https://capital.com/en-ae/analysis?page=3
