


Current language - ('Germany 40', 'US Tech 100')
{'width': 1920, 'height': 1080}

2025-01-01 22:39:26.236335   worker_id = master

2025-01-01 22:39:26.236345   0. Allure grouping for US_55


2025-01-01 22:39:26.236522   START PRECONDITIONS =>

2025-01-01 22:39:26.236533   => URL after prev. preconditions - https://capital.com/en-gb
2025-01-01 22:39:26.236539   => flag_of_bug - True
2025-01-01 22:39:26.236546   => Current URL - https://capital.com/en-eu
2025-01-01 22:39:26.242408   Current page URL = https://capital.com/en-eu
2025-01-01 22:39:26.244921   self.link = https://capital.com/en-gb
2025-01-01 22:39:26.244931   driver.get(https://capital.com/en-gb) =>
2025-01-01 22:39:28.630361   => Loaded page https://capital.com/en-gb

2025-01-01 22:39:28.634845   => Windows size: {'width': 1920, 'height': 1080}

2025-01-01 22:39:28.636195   Set windows position at (0, 0) =>

2025-01-01 22:39:28.637843   Set resolution 1920 * 1080 =>

2025-01-01 22:39:28.639541   => Resolution set {'width': 1920, 'height': 1080}

2025-01-01 22:39:28.641758   Работа с куками =>
2025-01-01 22:39:28.641769   Prev. role - 'NoReg'
2025-01-01 22:39:28.641775   Current testing role - 'Auth'

2025-01-01 22:39:28.641781   All cookies must be delete =>
2025-01-01 22:39:28.694988   => All cookies are deleted
2025-01-01 22:39:28.695011   Current page URL = https://capital.com/en-gb
2025-01-01 22:39:28.697621   self.link = https://capital.com/en-gb
2025-01-01 22:39:28.697631   driver.get(https://capital.com/en-gb) =>
2025-01-01 22:39:31.009438   => Loaded page https://capital.com/en-gb

2025-01-01 22:39:31.014032   Step 'Click button [Accept all cookies]'
2025-01-01 22:39:31.014047   Is Visible Button [Accept all cookies]? =>
2025-01-01 22:39:32.215757   => Button [Accept all cookies] is visible
2025-01-01 22:39:32.715902   Is clickable Button [Accept all cookies] =>
2025-01-01 22:39:32.731660   => Button [Accept all cookies] is clickable
2025-01-01 22:39:32.731691   Click Button [Accept all cookies] =>
2025-01-01 22:39:32.937830   => Button [Accept all cookies] is clicked
2025-01-01 22:39:32.937873   => Accepted All Cookies

2025-01-01 22:39:33.437989   Prev. role - 'NoReg'
2025-01-01 22:39:33.438040   Cur. role - 'Auth'

2025-01-01 22:39:33.438230   Start Authorization
2025-01-01 22:39:33.566938   => 'Login' form is opened
2025-01-01 22:39:33.790772   => "login" and "password" are inputted
2025-01-01 22:39:33.790813   Click [Continue] button on [Login] form =>
2025-01-01 22:39:33.878238   => [Continue] button on [Login] form is clicked
2025-01-01 22:39:33.878280   Set timeout = 30
2025-01-01 22:39:35.125790   => Page with 'Trading Platform | Capital.com' title opened

2025-01-01 22:39:35.125852   2. Checking that the LOGO is present on the page =>
2025-01-01 22:39:35.974111   => 'capital*com' logo is present on the current page

2025-01-01 22:39:36.335086   => The 'Auth' role is set

2025-01-01 22:39:36.335131   Prev. language: ?
2025-01-01 22:39:36.335141   Cur. language - 'en'

2025-01-01 22:39:36.335149   Prev. country: ?
2025-01-01 22:39:36.335157   Cur. country: de

2025-01-01 22:39:36.335322   Set "en" language and "de" country =>
2025-01-01 22:39:36.335337   Current page URL = https://capital.com/en-gb
2025-01-01 22:39:36.378598   self.link = https://capital.com/en-eu
2025-01-01 22:39:36.378622   driver.get(https://capital.com/en-eu) =>
2025-01-01 22:39:38.629852   => Loaded page https://capital.com/en-eu
2025-01-01 22:39:38.671543   => Language is set to 'en'
2025-01-01 22:39:38.671559   => Country is set to 'de'
2025-01-01 22:39:38.671565   => Current URL - https://capital.com/en-eu

2025-01-01 22:39:38.676815   => Current URL - https://capital.com/en-eu

2025-01-01 22:39:38.676833   => END PRECONDITIONS

2025-01-01 22:39:38.677000   START Open "Markets" menu, "CFD Calculator" submenu =>

2025-01-01 22:39:38.677012   1. Cur URL = https://capital.com/en-eu

2025-01-01 22:39:38.679595   2. Link = https://capital.com/en-eu
2025-01-01 22:39:38.679607   current_page = https://capital.com/en-eu
2025-01-01 22:39:38.685932   link = https://capital.com/en-eu
2025-01-01 22:39:44.194614   => 'Markets' menu not present
