{'width': 1280, 'height': 800}

2024-05-11 13:13:54.649653   worker_id = master

2024-05-11 13:13:54.649667   0. Allure grouping v4

2024-05-11 13:13:54.649851   START PRECONDITIONS =>

2024-05-11 13:13:54.649867   => URL after prev. preconditions - https://capital.com/
2024-05-11 13:13:54.649876   => flag_of_bug - False
2024-05-11 13:13:54.649886   => Current URL - https://capital.com/what-is-cfd-trading
2024-05-11 13:13:54.655292   Current page URL = https://capital.com/what-is-cfd-trading
2024-05-11 13:13:54.657638   self.link = https://capital.com/
2024-05-11 13:13:54.657652   driver.get(https://capital.com/) =>
2024-05-11 13:13:57.555703   => Loaded page https://capital.com/

2024-05-11 13:13:57.561765   => Windows size - {'width': 1280, 'height': 800}
2024-05-11 13:13:57.563124   Set windows position at (0, 0) =>
2024-05-11 13:13:57.564769   Set resolution 1280 * 800 =>
2024-05-11 13:13:57.566357   => Windows size is set to {'width': 1280, 'height': 800}

2024-05-11 13:13:58.596941   Капчи нет. Идем дальше

2024-05-11 13:13:58.597035   Работа с куками =>

2024-05-11 13:13:58.597048   => не требуется

2024-05-11 13:13:58.597058   Prev. country - 'au'
2024-05-11 13:13:58.597067   Cur. country - 'au'
2024-05-11 13:13:58.597076   => Country set to 'au'

2024-05-11 13:13:58.597085   Prev. language - 'en'
2024-05-11 13:13:58.597094   Cur. language - 'en'
2024-05-11 13:13:58.597102   => Language is set to 'en'

2024-05-11 13:13:58.597111   Prev. role - 'NoReg'
2024-05-11 13:13:58.597120   Cur. role - 'NoReg'
2024-05-11 13:13:58.597128   => The 'NoReg' role is set

2024-05-11 13:13:58.600035   => Current URL - https://capital.com/

2024-05-11 13:13:58.600060   => THE END PRECONDITIONS

2024-05-11 13:13:58.602895   START Open "Education" menu, "CFD trading guide" submenu =>

2024-05-11 13:13:58.602921   1. Cur URL = https://capital.com/

2024-05-11 13:13:58.606047   2. Link = https://capital.com/
2024-05-11 13:13:58.606063   current_page = https://capital.com/
2024-05-11 13:13:58.608503   link = https://capital.com/
2024-05-11 13:13:59.117078   => Education menu is present in DOM
2024-05-11 13:13:59.121951   => Education menu is visible
2024-05-11 13:14:00.394966   => Focus moved to Education menu
2024-05-11 13:14:02.571516   => CFD trading guide submenu focus moved and clicked
2024-05-11 13:14:02.877879   => Focus moved to 'capital*com' logo

2024-05-11 13:14:02.877925   3. Cur URL = https://capital.com/what-is-cfd-trading

2024-05-11 13:14:02.883556   1. Arrange_v4
2024-05-11 13:14:02.883581   current_page = https://capital.com/what-is-cfd-trading
2024-05-11 13:14:02.885984   link = https://capital.com/what-is-cfd-trading
2024-05-11 13:14:02.888380   MOST_TRADED is present? =>
2024-05-11 13:14:02.897431   => MOST_TRADED widget is present on this page
2024-05-11 13:14:02.897455   => Found 5 elements in block MOST_TRADED
2024-05-11 13:14:02.897465   Most traded widget is scroll =>
2024-05-11 13:14:02.900670   => Most traded widget is scrolled into screen center

2024-05-11 13:14:02.900708   Random indexes = [3]

2024-05-11 13:14:02.900723   Testing Most traded 1 random element with 3 index

2024-05-11 13:14:02.900862   2. Act_v4
2024-05-11 13:14:02.900969   Start Checking that form [Sign up] popped up on the page =>
2024-05-11 13:14:04.440439   '[Sign up]' form was not popped up
2024-05-11 13:14:04.453281   instrument_title = 'Ripple to US Dollar'
2024-05-11 13:14:04.458621   Selected Trade button on Most traded widget is scroll =>
2024-05-11 13:14:04.464171   Selected Trade button click for 'Ripple to US Dollar' trading instrument =>
2024-05-11 13:14:05.506228   => Selected Trade button clicked!

2024-05-11 13:14:05.506442   3. Assert_v0
2024-05-11 13:14:05.506530   Start step Check that [Sign up] form is opened
2024-05-11 13:14:05.681679   'Sign up' form opened
2024-05-11 13:14:05.681722   Assert SIGNUP_HEADER =>
2024-05-11 13:14:05.691774   Assert SIGNUP_REF_LOGIN =>
2024-05-11 13:14:05.703739   Assert SIGNUP_PRIVACY_POLICY_ALL_2 =>
2024-05-11 13:14:05.714613   => SIGNUP_PRIVACY_POLICY_ALL
2024-05-11 13:14:05.714661   => 'Signup' form is checked
2024-05-11 13:14:05.714880   Start step Close [Sign up] form =>
2024-05-11 13:14:05.790099   => 'Signup' form closed
2024-05-11 13:14:06.061264   => Focus moved to 'capital*com' logo
