


Current sort - Most volatile
{'width': 1280, 'height': 800}

2024-05-11 12:30:45.677614   worker_id = master

2024-05-11 12:30:45.677632   0. Allure grouping v4

2024-05-11 12:30:45.677880   START PRECONDITIONS =>

2024-05-11 12:30:45.677896   => URL after prev. preconditions - https://capital.com/
2024-05-11 12:30:45.677905   => flag_of_bug - False
2024-05-11 12:30:45.677916   => Current URL - https://capital.com/live-currency-prices
2024-05-11 12:30:45.683879   Current page URL = https://capital.com/live-currency-prices
2024-05-11 12:30:45.686390   self.link = https://capital.com/
2024-05-11 12:30:45.686403   driver.get(https://capital.com/) =>
2024-05-11 12:30:47.373410   => Loaded page https://capital.com/

2024-05-11 12:30:47.377820   => Windows size - {'width': 1280, 'height': 800}
2024-05-11 12:30:47.379162   Set windows position at (0, 0) =>
2024-05-11 12:30:47.382880   Set resolution 1280 * 800 =>
2024-05-11 12:30:47.384517   => Windows size is set to {'width': 1280, 'height': 800}

2024-05-11 12:30:48.413315   Капчи нет. Идем дальше

2024-05-11 12:30:48.413399   Работа с куками =>

2024-05-11 12:30:48.413412   => не требуется

2024-05-11 12:30:48.413422   Prev. country - 'au'
2024-05-11 12:30:48.413431   Cur. country - 'au'
2024-05-11 12:30:48.413440   => Country set to 'au'

2024-05-11 12:30:48.413449   Prev. language - 'en'
2024-05-11 12:30:48.413457   Cur. language - 'en'
2024-05-11 12:30:48.413466   => Language is set to 'en'

2024-05-11 12:30:48.413474   Prev. role - 'NoReg'
2024-05-11 12:30:48.413483   Cur. role - 'NoReg'
2024-05-11 12:30:48.413491   => The 'NoReg' role is set

2024-05-11 12:30:48.416136   => Current URL - https://capital.com/

2024-05-11 12:30:48.416158   => THE END PRECONDITIONS

2024-05-11 12:30:48.416329   START Open "Markets" menu, "Forex" submenu =>

2024-05-11 12:30:48.416344   1. Cur URL = https://capital.com/

2024-05-11 12:30:48.418755   2. Link = https://capital.com/
2024-05-11 12:30:48.418769   current_page = https://capital.com/
2024-05-11 12:30:48.421183   link = https://capital.com/
2024-05-11 12:30:48.929716   => 'Markets' menu is present
2024-05-11 12:30:48.942169   => 'Markets' menu is visible
2024-05-11 12:30:50.215290   => Focus moved to 'Markets' menu


2024-05-11 12:30:51.639474   => 'Forex' sub-menu clicked
2024-05-11 12:30:51.931463   => Focus moved to 'capital*com' logo

2024-05-11 12:30:51.931506   3. Cur URL = https://capital.com/live-currency-prices

2024-05-11 12:30:51.937244   1. Arrange for Trading instrument table and "Most volatile" cur_sort
2024-05-11 12:30:51.937268   current_page = https://capital.com/live-currency-prices
2024-05-11 12:30:51.939915   link = https://capital.com/live-currency-prices
2024-05-11 12:30:51.942473   IS TABLE_TRADING_INSTRUMENTS  present on the  page? =>
2024-05-11 12:30:51.948025   => TABLE_TRADING_INSTRUMENTS is present on the page!
2024-05-11 12:30:51.948047   IS FIELD_DROPDOWN_SORT present in the table? =>
2024-05-11 12:30:51.952966   =>  FIELD_DROPDOWN_SORT is present in the table!
2024-05-11 12:30:51.952988   Start scroll and click FIELD_DROPDOWN_SORT =>
2024-05-11 12:30:52.052839   Is item_sort_list visible on the FIELD_DROPDOWN_SORT ? =>
2024-05-11 12:30:52.076260   => item_sort_list is visible on the FIELD_DROPDOWN_SORT!
2024-05-11 12:30:52.076305   Is cur_sort "Most volatile" present in item_sort_list? =>
2024-05-11 12:30:52.116301   => cur_sort "Most volatile" is present in item_sort_list!
2024-05-11 12:30:52.116356   Start click cur_sort "Most volatile" =>
2024-05-11 12:30:52.831843   => End Click cur_sort "Most volatile"

2024-05-11 12:30:52.831888   Buttons [Buy] is visible and quantity buttons not zero? =>
2024-05-11 12:30:52.856872   => Buttons [Buy] is visible and quantity buttons not zero!

2024-05-11 12:30:52.856909   Start find two random buttons [Buy] on cur_sort "Most volatile"=>
2024-05-11 12:30:52.863048   => End find 1 random buttons [Buy] on the cur_sort "Most volatile"


2024-05-11 12:30:52.863088   Item_list = [13]
2024-05-11 12:30:52.863327   Start Checking that form [Sign up] popped up on the page =>
2024-05-11 12:30:54.420724   '[Sign up]' form was not popped up
2024-05-11 12:30:54.420927   2. Act for trading instrument and "Most volatile" cur_sort
2024-05-11 12:30:54.432166   Start click button [Buy] =>
2024-05-11 12:30:54.441618   =>   BUTTON_BUY on item with ID = 457749024515097
2024-05-11 12:30:54.441641   BUTTON_BUY on item with ID = '457749024515097' scroll into view =>
2024-05-11 12:30:54.448090   => BUTTON_SELL on item with ID = '457749024515097' scrolled into view
2024-05-11 12:30:54.448124   Check that BUTTON_BUY with item ZAR/JPY clickable =>
2024-05-11 12:30:54.601274   => BUTTON_BUY is clickable
2024-05-11 12:30:55.375878   =>   BUTTON_BUY with item ZAR/JPY clicked

2024-05-11 12:30:55.376103   3. Assert_v0
2024-05-11 12:30:55.376190   Start step Check that [Sign up] form is opened
2024-05-11 12:30:58.452569   'Sign up' form not opened
2024-05-11 12:30:58.452770   Start step Check that new [Sign up] form is opened
2024-05-11 12:31:01.541030   => new 'Sign up' form not opened
2024-05-11 12:31:01.541220   Start method Check that [Sign up] page opened =>
2024-05-11 12:31:02.545874   'Sign up' page not opened
2024-05-11 12:31:02.546070   Check that [Sign up] form on trading platform opened =>
2024-05-11 12:31:05.627774   'Sign up' form on trading platform page not opened

Bug: 

2024-05-11 12:31:05.627862   Проверка бага в таблице ретеста  =>

2024-05-11 12:31:05.630686  Для бага: Bid-04 необходимо использовать проверку на ретест!!!
