{'width': 1280, 'height': 800}

2024-05-11 14:28:38.292226   worker_id = master

2024-05-11 14:28:38.292244   0. Allure grouping v4

2024-05-11 14:28:38.292499   START PRECONDITIONS =>

2024-05-11 14:28:38.292515   => URL after prev. preconditions - https://capital.com/
2024-05-11 14:28:38.292525   => flag_of_bug - False
2024-05-11 14:28:38.292535   => Current URL - https://capital.com/day-trading
2024-05-11 14:28:38.299500   Current page URL = https://capital.com/day-trading
2024-05-11 14:28:38.302038   self.link = https://capital.com/
2024-05-11 14:28:38.302051   driver.get(https://capital.com/) =>
2024-05-11 14:28:40.121875   => Loaded page https://capital.com/

2024-05-11 14:28:40.126051   => Windows size - {'width': 1280, 'height': 800}
2024-05-11 14:28:40.127416   Set windows position at (0, 0) =>
2024-05-11 14:28:40.129018   Set resolution 1280 * 800 =>
2024-05-11 14:28:40.135678   => Windows size is set to {'width': 1280, 'height': 800}

2024-05-11 14:28:41.176498   Капчи нет. Идем дальше

2024-05-11 14:28:41.176581   Работа с куками =>

2024-05-11 14:28:41.176595   => не требуется

2024-05-11 14:28:41.176605   Prev. country - 'au'
2024-05-11 14:28:41.176615   Cur. country - 'au'
2024-05-11 14:28:41.176624   => Country set to 'au'

2024-05-11 14:28:41.176633   Prev. language - 'en'
2024-05-11 14:28:41.176642   Cur. language - 'en'
2024-05-11 14:28:41.176651   => Language is set to 'en'

2024-05-11 14:28:41.176659   Prev. role - 'Auth'
2024-05-11 14:28:41.176668   Cur. role - 'Auth'
2024-05-11 14:28:41.176677   => The 'Auth' role is set

2024-05-11 14:28:41.179337   => Current URL - https://capital.com/

2024-05-11 14:28:41.179358   => THE END PRECONDITIONS

2024-05-11 14:28:41.179536   1. Arrange_v0
2024-05-11 14:28:41.179554   current_page = https://capital.com/
2024-05-11 14:28:41.182977   link = https://capital.com/day-trading
2024-05-11 14:28:41.185359   Current page URL = https://capital.com/
2024-05-11 14:28:41.187716   self.link = https://capital.com/day-trading
2024-05-11 14:28:41.187729   driver.get(https://capital.com/day-trading) =>
2024-05-11 14:28:43.042918   => Loaded page https://capital.com/day-trading
2024-05-11 14:28:43.055441   => BUTTON_TRY_DEMO is present on this page
2024-05-11 14:28:43.055465   BUTTON_TRY_DEMO scroll =>
2024-05-11 14:28:43.059648   BUTTON_TRY_DEMO is visible? =>
2024-05-11 14:28:43.073537   => BUTTON_TRY_DEMO is visible on this page

2024-05-11 14:28:43.073692   2. Act_v0
2024-05-11 14:28:43.079218   BUTTON_TRY_DEMO is clickable? =>
2024-05-11 14:28:43.100995   => BUTTON_TRY_DEMO clicked!

2024-05-11 14:28:43.101238   3. Assert_v4

2024-05-11 14:28:43.101261   
2024-05-11 14:28:43.101370   Checking that the trading platform page has opened (v4) =>
2024-05-11 14:28:44.359779   Checking way # 1 => 

2024-05-11 14:28:44.359951   1. Checking that the Trading platform (or TradingView site) page has valid title =>
2024-05-11 14:28:44.362449   => The title of current page is 'Trading Platform | Capital.com'

2024-05-11 14:28:44.362520   2. Checking that the LOGO is present on the page =>
2024-05-11 14:28:44.689436   => 'capital*com' logo is present on the current page

2024-05-11 14:28:44.689474   tpd = True
2024-05-11 14:28:44.689511   3.1. Checking that the Trading platform opened in DEMO mode =>
2024-05-11 14:28:44.704812   => The page with https://capital.com/trading/platform/?mode=demo url was opened in DEMO mode
2024-05-11 14:28:45.520607   => Driver.backed
