{'width': 1280, 'height': 800}

2024-05-11 14:50:18.474486   worker_id = master

2024-05-11 14:50:18.474500   0. Allure grouping v4

2024-05-11 14:50:18.474682   START PRECONDITIONS =>

2024-05-11 14:50:18.474698   => URL after prev. preconditions - https://capital.com/
2024-05-11 14:50:18.474707   => flag_of_bug - True
2024-05-11 14:50:18.474717   => Current URL - https://capital.com/trading/platform/charting/27045129890124996?side=buy&ids=426090820621508,1679716659553719492,22855552501634244,67429732416791577,22770954530804932,67535556115997721,248828930380996,21621659937100996,23979347874456601,123763777615499,123763777635654,93810675766468,93810675708048,23381801971780,145998823326404,10500838556456274,389605073441988,15839732013552836,27045129890124996,7089977393501380,7094972440466628,453949400050390212,7092687517865156,2604592722433220,3644116541985988,126740190024900,427748677997764,23381802046660,5983666832495812,374675767075865,27342779713672388,508931114652423506,21642868485608644,1354959102760132,19197253977724100,21433158117446852,1378684589252,341179317179588,6056131520713924,22876228474197188,25985050357018692,93810675684676,374675767088654,3315714839748,68501459901129753,67517667577209881,21182778791108,12241936693896217,23381802001433,7096879405946052,7093817094264004,27041281599427780,3594075878020292,374675767067974,284833641214283,1387370618105648466,7091880064013508,67499830578029593,93810675762329,93810675721241,357105055839112,422839530378436,2306899949212868,67500079686132761,1361805280629956,93810675713350,23381802018436,123763777643545,7096862226076868,7096896585815236,16150730595456196,123763777688772,7090488494609604,15959415572223172,53068615951385,426696411010244,305243519000335556,21680337780298948
2024-05-11 14:50:18.480449   Current page URL = https://capital.com/trading/platform/charting/27045129890124996?side=buy&ids=426090820621508,1679716659553719492,22855552501634244,67429732416791577,22770954530804932,67535556115997721,248828930380996,21621659937100996,23979347874456601,123763777615499,123763777635654,93810675766468,93810675708048,23381801971780,145998823326404,10500838556456274,389605073441988,15839732013552836,27045129890124996,7089977393501380,7094972440466628,453949400050390212,7092687517865156,2604592722433220,3644116541985988,126740190024900,427748677997764,23381802046660,5983666832495812,374675767075865,27342779713672388,508931114652423506,21642868485608644,1354959102760132,19197253977724100,21433158117446852,1378684589252,341179317179588,6056131520713924,22876228474197188,25985050357018692,93810675684676,374675767088654,3315714839748,68501459901129753,67517667577209881,21182778791108,12241936693896217,23381802001433,7096879405946052,7093817094264004,27041281599427780,3594075878020292,374675767067974,284833641214283,1387370618105648466,7091880064013508,67499830578029593,93810675762329,93810675721241,357105055839112,422839530378436,2306899949212868,67500079686132761,1361805280629956,93810675713350,23381802018436,123763777643545,7096862226076868,7096896585815236,16150730595456196,123763777688772,7090488494609604,15959415572223172,53068615951385,426696411010244,305243519000335556,21680337780298948
2024-05-11 14:50:18.483106   self.link = https://capital.com/
2024-05-11 14:50:18.483119   driver.get(https://capital.com/) =>
2024-05-11 14:50:20.437741   => Loaded page https://capital.com/

2024-05-11 14:50:20.441965   => Windows size - {'width': 1280, 'height': 800}
2024-05-11 14:50:20.443361   Set windows position at (0, 0) =>
2024-05-11 14:50:20.445045   Set resolution 1280 * 800 =>
2024-05-11 14:50:20.446688   => Windows size is set to {'width': 1280, 'height': 800}

2024-05-11 14:50:21.482049   Капчи нет. Идем дальше

2024-05-11 14:50:21.482140   Работа с куками =>

2024-05-11 14:50:21.482153   => не требуется

2024-05-11 14:50:21.482163   Prev. country - 'au'
2024-05-11 14:50:21.482172   Cur. country - 'au'
2024-05-11 14:50:21.482181   => Country set to 'au'

2024-05-11 14:50:21.482189   Prev. language - 'en'
2024-05-11 14:50:21.482198   Cur. language - 'en'
2024-05-11 14:50:21.482219   => Language is set to 'en'

2024-05-11 14:50:21.482227   Prev. role - 'Auth'
2024-05-11 14:50:21.482236   Cur. role - 'Auth'
2024-05-11 14:50:21.482245   => The 'Auth' role is set

2024-05-11 14:50:21.484924   => Current URL - https://capital.com/

2024-05-11 14:50:21.484946   => THE END PRECONDITIONS

2024-05-11 14:50:21.485119   1. Cur URL = https://capital.com/

2024-05-11 14:50:21.487597   2. Link = https://capital.com/
2024-05-11 14:50:21.487612   current_page = https://capital.com/
2024-05-11 14:50:21.490016   link = https://capital.com/
2024-05-11 14:50:22.000707   => Education menu is present in DOM
2024-05-11 14:50:22.005594   => Education menu is visible
2024-05-11 14:50:23.280328   => Focus moved to Education menu


2024-05-11 14:50:24.866157   => Trading Psychology Guide menu click
2024-05-11 14:50:25.163349   => Focus moved to 'capital*com' logo

2024-05-11 14:50:25.163394   3. Cur URL = https://capital.com/trading-psychology-guide

2024-05-11 14:50:25.169030   1. Arrange_v0
2024-05-11 14:50:25.169057   current_page = https://capital.com/trading-psychology-guide
2024-05-11 14:50:25.171556   link = https://capital.com/trading-psychology-guide
2024-05-11 14:50:25.173972   BUTTON_CREATE_YOUR_ACCOUNT is located on the page? =>

2024-05-11 14:50:25.183211   2. Act_v0: Define of locator

2024-05-11 14:50:25.183271   2. Act_v0: Go to web element

2024-05-11 14:50:26.249934   2. Act_v0: Click web element
2024-05-11 14:50:26.774128   => BUTTON_CREATE_YOUR_ACCOUNT is clicked

2024-05-11 14:50:26.774471   3. Assert_v4

2024-05-11 14:50:26.774502   
2024-05-11 14:50:26.774687   Checking that the trading platform page has opened (v4) =>
2024-05-11 14:50:27.288479   Checking way # 1 => 

2024-05-11 14:50:27.288703   1. Checking that the Trading platform (or TradingView site) page has valid title =>
2024-05-11 14:50:27.292613   => The title of current page is 'Trading Platform | Capital.com'

2024-05-11 14:50:27.292721   2. Checking that the LOGO is present on the page =>
2024-05-11 14:50:28.866128   => 'capital*com' logo is present on the current page

2024-05-11 14:50:28.866174   tpd = False
2024-05-11 14:50:29.729665   => Driver.backed
