


Current tab - top_fallers
{'width': 1280, 'height': 800}

2024-05-11 14:11:56.073285   worker_id = master

2024-05-11 14:11:56.073299   0. Allure grouping v4

2024-05-11 14:11:56.073475   START PRECONDITIONS =>

2024-05-11 14:11:56.073490   => URL after prev. preconditions - https://capital.com/
2024-05-11 14:11:56.073500   => flag_of_bug - True
2024-05-11 14:11:56.073510   => Current URL - https://capital.com/trade-hangseng
2024-05-11 14:11:56.078799   Current page URL = https://capital.com/trade-hangseng
2024-05-11 14:11:56.081249   self.link = https://capital.com/
2024-05-11 14:11:56.081263   driver.get(https://capital.com/) =>
2024-05-11 14:11:57.931443   => Loaded page https://capital.com/

2024-05-11 14:11:57.935817   => Windows size - {'width': 1280, 'height': 800}
2024-05-11 14:11:57.937200   Set windows position at (0, 0) =>
2024-05-11 14:11:57.940097   Set resolution 1280 * 800 =>
2024-05-11 14:11:57.941660   => Windows size is set to {'width': 1280, 'height': 800}

2024-05-11 14:11:58.979634   Капчи нет. Идем дальше

2024-05-11 14:11:58.979719   Работа с куками =>

2024-05-11 14:11:58.979732   => не требуется

2024-05-11 14:11:58.979742   Prev. country - 'au'
2024-05-11 14:11:58.979751   Cur. country - 'au'
2024-05-11 14:11:58.979760   => Country set to 'au'

2024-05-11 14:11:58.979769   Prev. language - 'en'
2024-05-11 14:11:58.979778   Cur. language - 'en'
2024-05-11 14:11:58.979786   => Language is set to 'en'

2024-05-11 14:11:58.979795   Prev. role - 'Auth'
2024-05-11 14:11:58.979804   Cur. role - 'Auth'
2024-05-11 14:11:58.979812   => The 'Auth' role is set

2024-05-11 14:11:58.982799   => Current URL - https://capital.com/

2024-05-11 14:11:58.982821   => THE END PRECONDITIONS

2024-05-11 14:11:58.982862   1. Arrange for Indices finance instrument and "top_fallers" tab
2024-05-11 14:11:58.982876   current_page = https://capital.com/
2024-05-11 14:11:58.985615   link = https://capital.com/trade-hangseng
2024-05-11 14:11:58.988348   Current page URL = https://capital.com/
2024-05-11 14:11:58.990919   self.link = https://capital.com/trade-hangseng
2024-05-11 14:11:58.990933   driver.get(https://capital.com/trade-hangseng) =>
2024-05-11 14:12:01.013623   => Loaded page https://capital.com/trade-hangseng
2024-05-11 14:12:01.018080   IS CFDs TABLE visible on the page? =>
2024-05-11 14:12:02.052695   => CFDs TABLE is NOT visible on the page!

