{'width': 1280, 'height': 800}

2024-05-11 12:35:30.967267   worker_id = master

2024-05-11 12:35:30.967283   0. Allure grouping v4

2024-05-11 12:35:30.967464   START PRECONDITIONS =>

2024-05-11 12:35:30.967479   => URL after prev. preconditions - https://capital.com/
2024-05-11 12:35:30.967489   => flag_of_bug - True
2024-05-11 12:35:30.967499   => Current URL - https://capital.com/trading/platform/
2024-05-11 12:35:30.972783   Current page URL = https://capital.com/trading/platform/
2024-05-11 12:35:30.975172   self.link = https://capital.com/
2024-05-11 12:35:30.975186   driver.get(https://capital.com/) =>
2024-05-11 12:35:32.782694   => Loaded page https://capital.com/

2024-05-11 12:35:32.788705   => Windows size - {'width': 1280, 'height': 800}
2024-05-11 12:35:32.790020   Set windows position at (0, 0) =>
2024-05-11 12:35:32.791634   Set resolution 1280 * 800 =>
2024-05-11 12:35:32.793215   => Windows size is set to {'width': 1280, 'height': 800}

2024-05-11 12:35:33.825738   Капчи нет. Идем дальше

2024-05-11 12:35:33.825823   Работа с куками =>

2024-05-11 12:35:33.825837   => не требуется

2024-05-11 12:35:33.825846   Prev. country - 'au'
2024-05-11 12:35:33.825855   Cur. country - 'au'
2024-05-11 12:35:33.825864   => Country set to 'au'

2024-05-11 12:35:33.825873   Prev. language - 'en'
2024-05-11 12:35:33.825882   Cur. language - 'en'
2024-05-11 12:35:33.825891   => Language is set to 'en'

2024-05-11 12:35:33.825900   Prev. role - 'NoAuth'
2024-05-11 12:35:33.825909   Cur. role - 'NoAuth'
2024-05-11 12:35:33.825917   => The 'NoAuth' role is set

2024-05-11 12:35:33.828671   => Current URL - https://capital.com/

2024-05-11 12:35:33.828693   => THE END PRECONDITIONS

2024-05-11 12:35:33.828735   1. Arrange_v0
2024-05-11 12:35:33.828749   current_page = https://capital.com/
2024-05-11 12:35:33.831154   link = https://capital.com/aud-jpy-rate
2024-05-11 12:35:33.833601   Current page URL = https://capital.com/
2024-05-11 12:35:33.836038   self.link = https://capital.com/aud-jpy-rate
2024-05-11 12:35:33.836052   driver.get(https://capital.com/aud-jpy-rate) =>
2024-05-11 12:35:35.573547   => Loaded page https://capital.com/aud-jpy-rate
2024-05-11 12:35:35.578016   BUTTON_BUY is located on the page? =>
2024-05-11 12:35:35.589046   => BUTTON_BUY is located on the page!
2024-05-11 12:35:35.589235   Start Checking that form [Sign up] popped up on the page =>
2024-05-11 12:35:37.129401   '[Sign up]' form was not popped up

2024-05-11 12:35:37.129593   2. Act_v0
2024-05-11 12:35:37.135450   BUTTON_BUY is present? =>
2024-05-11 12:35:37.135482   => BUTTON_BUY is present on the page
2024-05-11 12:35:37.135492   BUTTON_BUY scroll =>
2024-05-11 12:35:37.140407   => BUTTON_BUY scrolled
2024-05-11 12:35:37.187091   BUTTON_BUY is clickable? =>
2024-05-11 12:35:37.199060   BUTTON_BUY CLICK =>
2024-05-11 12:35:37.239984   => BUTTON_BUY clicked!

2024-05-11 12:35:37.240226   3. Assert_Login_v0
2024-05-11 12:35:37.240311   Check that 'Login' form is opened
2024-05-11 12:35:38.258016   'Login' form opened
2024-05-11 12:35:38.258059   Assert LOGIN_REF_SIGNUP =>
2024-05-11 12:35:38.272405   Assert LOGIN_CHECKBOX =>
2024-05-11 12:35:38.287329   Assert LOGIN_PASS_FORGOT =>
2024-05-11 12:35:38.304673   => 'Login' form is checked
2024-05-11 12:35:38.344072   Click 'Close' button on 'Login' form =>
2024-05-11 12:35:38.703110   => Focus moved to 'capital*com' logo
2024-05-11 12:35:38.703154   => 'Login' form closed
