{'width': 1280, 'height': 800}

2024-05-11 13:52:14.960297   worker_id = master

2024-05-11 13:52:14.960311   0. Allure grouping v4

2024-05-11 13:52:14.960499   START PRECONDITIONS =>

2024-05-11 13:52:14.960514   => URL after prev. preconditions - https://capital.com/
2024-05-11 13:52:14.960523   => flag_of_bug - False
2024-05-11 13:52:14.960534   => Current URL - https://capital.com/trade-forex
2024-05-11 13:52:14.965803   Current page URL = https://capital.com/trade-forex
2024-05-11 13:52:14.971650   self.link = https://capital.com/
2024-05-11 13:52:14.971665   driver.get(https://capital.com/) =>
2024-05-11 13:52:16.703034   => Loaded page https://capital.com/

2024-05-11 13:52:16.707280   => Windows size - {'width': 1280, 'height': 800}
2024-05-11 13:52:16.708668   Set windows position at (0, 0) =>
2024-05-11 13:52:16.710302   Set resolution 1280 * 800 =>
2024-05-11 13:52:16.711922   => Windows size is set to {'width': 1280, 'height': 800}

2024-05-11 13:52:17.740770   Капчи нет. Идем дальше

2024-05-11 13:52:17.740855   Работа с куками =>

2024-05-11 13:52:17.740869   => не требуется

2024-05-11 13:52:17.740878   Prev. country - 'au'
2024-05-11 13:52:17.740887   Cur. country - 'au'
2024-05-11 13:52:17.740896   => Country set to 'au'

2024-05-11 13:52:17.740905   Prev. language - 'en'
2024-05-11 13:52:17.740914   Cur. language - 'en'
2024-05-11 13:52:17.740922   => Language is set to 'en'

2024-05-11 13:52:17.740931   Prev. role - 'NoReg'
2024-05-11 13:52:17.740940   Cur. role - 'NoReg'
2024-05-11 13:52:17.740948   => The 'NoReg' role is set

2024-05-11 13:52:17.743690   => Current URL - https://capital.com/

2024-05-11 13:52:17.743712   => THE END PRECONDITIONS

2024-05-11 13:52:17.743889   1. Cur URL = https://capital.com/

2024-05-11 13:52:17.746368   2. Link = https://capital.com/
2024-05-11 13:52:17.746382   current_page = https://capital.com/
2024-05-11 13:52:17.748838   link = https://capital.com/
2024-05-11 13:52:18.257405   => Education menu is present in DOM
2024-05-11 13:52:18.262413   => Education menu is visible
2024-05-11 13:52:19.536324   => Focus moved to Education menu
2024-05-11 13:52:21.331526   => Focus moved to Forex trading sub-menu and clicked
2024-05-11 13:52:21.656697   => Focus moved to 'capital*com' logo

2024-05-11 13:52:21.656741   3. Cur URL = https://capital.com/trade-forex

2024-05-11 13:52:21.662373   1. Arrange_v0
2024-05-11 13:52:21.662397   current_page = https://capital.com/trade-forex
2024-05-11 13:52:21.664895   link = https://capital.com/trade-forex
2024-05-11 13:52:21.667332   BUTTON_CREATE_YOUR_ACCOUNT is located on the page? =>

2024-05-11 13:52:21.679938   2. Act_v0: Define of locator

2024-05-11 13:52:21.679972   2. Act_v0: Go to web element

2024-05-11 13:52:22.817111   2. Act_v0: Click web element
2024-05-11 13:52:22.842453   => BUTTON_CREATE_YOUR_ACCOUNT is clicked

2024-05-11 13:52:22.842665   3. Assert_v0
2024-05-11 13:52:22.842752   Start step Check that [Sign up] form is opened
2024-05-11 13:52:23.020510   'Sign up' form opened
2024-05-11 13:52:23.020551   Assert SIGNUP_HEADER =>
2024-05-11 13:52:23.030935   Assert SIGNUP_REF_LOGIN =>
2024-05-11 13:52:23.042742   Assert SIGNUP_PRIVACY_POLICY_ALL_2 =>
2024-05-11 13:52:23.053125   => SIGNUP_PRIVACY_POLICY_ALL
2024-05-11 13:52:23.053160   => 'Signup' form is checked
2024-05-11 13:52:23.053358   Start step Close [Sign up] form =>
2024-05-11 13:52:23.131540   => 'Signup' form closed
2024-05-11 13:52:23.403538   => Focus moved to 'capital*com' logo
