{'width': 1280, 'height': 800}

2024-05-11 11:49:28.860031   worker_id = master

2024-05-11 11:49:28.860046   0. Allure grouping v4

2024-05-11 11:49:28.860245   START PRECONDITIONS =>

2024-05-11 11:49:28.860261   => URL after prev. preconditions - https://capital.com/
2024-05-11 11:49:28.860270   => flag_of_bug - True
2024-05-11 11:49:28.860281   => Current URL - https://capital.com/

2024-05-11 11:49:28.866084   => Windows size - {'width': 1280, 'height': 800}
2024-05-11 11:49:28.867439   Set windows position at (0, 0) =>
2024-05-11 11:49:28.869057   Set resolution 1280 * 800 =>
2024-05-11 11:49:28.870686   => Windows size is set to {'width': 1280, 'height': 800}

2024-05-11 11:49:29.902125   Капчи нет. Идем дальше

2024-05-11 11:49:29.902219   Работа с куками =>

2024-05-11 11:49:29.902232   => не требуется

2024-05-11 11:49:29.902241   Prev. country - 'au'
2024-05-11 11:49:29.902251   Cur. country - 'au'
2024-05-11 11:49:29.902259   => Country set to 'au'

2024-05-11 11:49:29.902268   Prev. language - 'en'
2024-05-11 11:49:29.902277   Cur. language - 'en'
2024-05-11 11:49:29.902285   => Language is set to 'en'

2024-05-11 11:49:29.902294   Prev. role - 'NoAuth'
2024-05-11 11:49:29.902302   Cur. role - 'NoAuth'
2024-05-11 11:49:29.902311   => The 'NoAuth' role is set

2024-05-11 11:49:29.905142   => Current URL - https://capital.com/

2024-05-11 11:49:29.905164   => THE END PRECONDITIONS

2024-05-11 11:49:29.905354   1. Arrange_v0
2024-05-11 11:49:29.905373   current_page = https://capital.com/
2024-05-11 11:49:29.907968   link = https://capital.com/
2024-05-11 11:49:29.910487   IS "Why choose Capital.com?" block present on this page? =>
2024-05-11 11:49:29.918145   => "Why choose Capital.com?" block present on this page!

2024-05-11 11:49:29.926457   IS "Why choose Capital.com?" block visible on this page? =>
2024-05-11 11:49:29.950161   => "Why choose Capital.com?" block is visible on this page!

2024-05-11 11:49:29.950214   IS [Try now] button present on this page? =>
2024-05-11 11:49:29.961235   => [Try now] button present on this page!

2024-05-11 11:49:29.971824   IS [Try now] button visible on this page? =>
2024-05-11 11:49:29.987060   => [Try now] button is visible on this page!

2024-05-11 11:49:29.987096   [Try now] button scroll =>

2024-05-11 11:49:29.990662   2. Act_v0
2024-05-11 11:49:29.990685   [Try now] button is clickable? =>
2024-05-11 11:49:30.010248   => [Try now] button is clickable!

2024-05-11 11:49:31.102033   => [Try now] button NOT CLICKED

2024-05-11 11:49:31.102292   3. Assert_Login_v0
2024-05-11 11:49:31.102386   Check that 'Login' form is opened
2024-05-11 11:49:37.270144   'Login' form not opened
2024-05-11 11:49:37.270334   Check that new 'Login' form is opened
2024-05-11 11:49:40.357581   => New 'Login' form not opened
2024-05-11 11:49:40.360404   'Login' page not opened
2024-05-11 11:49:43.433302   'Login' form on trading platform not opened
2024-05-11 11:49:43.433498   Start step Check that [Sign up] form is opened
2024-05-11 11:49:43.443688   'Sign up' form opened
2024-05-11 11:49:43.443711   Assert SIGNUP_HEADER =>
2024-05-11 11:49:43.453313   Assert SIGNUP_REF_LOGIN =>
2024-05-11 11:49:43.462691   Assert SIGNUP_PRIVACY_POLICY_ALL_2 =>
2024-05-11 11:49:43.472279   => SIGNUP_PRIVACY_POLICY_ALL
2024-05-11 11:49:43.472302   => 'Signup' form is checked

Bug: Bid:00.00_010-en.au.NoAuth

2024-05-11 11:49:43.472351   Проверка бага в таблице ретеста  =>

2024-05-11 11:49:43.896580   4. Fixing one row check results into Google Sheet Bugs Report =>
1 cells updated.
2024-05-11 11:49:44.208081   => 4. One row check results into Google Sheet Bugs Report fixed

2024-05-11 11:49:45.689223   4. Fixing one row check results into Google Sheet Bugs Report =>
1 cells updated.
2024-05-11 11:49:46.020213   => 4. One row check results into Google Sheet Bugs Report fixed

2024-05-11 11:49:46.020457   4. Fixing one row check results into Google Sheet Bugs Report =>
1 cells updated.
2024-05-11 11:49:46.339101   => 4. One row check results into Google Sheet Bugs Report fixed

2024-05-11 11:49:46.339189   Баг Bid:00.00_010-en.au.NoAuth уже существует, но у него изменился тип с  на 05

2024-05-11 11:49:46.339377   4. Fixing one row check results into Google Sheet Bugs Report =>
1 cells updated.
2024-05-11 11:49:46.592894   => 4. One row check results into Google Sheet Bugs Report fixed

2024-05-11 11:49:46.594898   Баг Bid:00.00_010-en.au.NoAuth-05 обнаружен ранее и уже находится в 'Bugs Report Auto detect'
