{'width': 1280, 'height': 720}

2024-02-09 21:46:21.660253   worker_id = master

2024-02-09 21:46:21.660270   0. Allure grouping v4


2024-02-09 21:46:21.660466   START PRECONDITIONS =>


2024-02-09 21:46:21.660483   {'width': 1280, 'height': 720}

2024-02-09 21:46:21.662208   Set windows position at (0, 0) =>

2024-02-09 21:46:21.764477   Set resolution 1280 * 720 =>

2024-02-09 21:46:21.866604   => Resolution seted {'width': 1280, 'height': 720}

2024-02-09 21:46:22.921709   Капчи нет. Идем дальше

2024-02-09 21:46:22.921818   Prev. Role: NoAuth

2024-02-09 21:46:22.921839   Current role: NoAuth

2024-02-09 21:46:23.971183   Капчи нет. Идем дальше

2024-02-09 21:46:23.971268   Prev language: it

2024-02-09 21:46:23.971281   => Current language: it

2024-02-09 21:46:25.018997   Капчи нет. Идем дальше

2024-02-09 21:46:25.019085   Prev country: au
2024-02-09 21:46:25.019098   => Current country: au

2024-02-09 21:46:25.019108   => THE END PRECONDITIONS

2024-02-09 21:46:25.019142   1. Arrange_v0

2024-02-09 21:46:25.034658   2. Act_v0
2024-02-09 21:46:25.034680   BUTTON_GET_STARTED_ON_STICKY_BAR is present? =>
2024-02-09 21:46:25.041536   => BUTTON_GET_STARTED_ON_STICKY_BAR is present on the page!
2024-02-09 21:46:25.041559   BUTTON_GET_STARTED_ON_STICKY_BAR scroll =>
2024-02-09 21:46:25.197796   => BUTTON_GET_STARTED_ON_STICKY_BAR clicked!

2024-02-09 21:46:25.198055   3. Assert_Login_v0
2024-02-09 21:46:25.198137   Check that 'Login' form is opened
2024-02-09 21:46:28.324078   'Login' form not opened
2024-02-09 21:46:28.324251   Check that new 'Login' form is opened
2024-02-09 21:46:31.447739   => New 'Login' form not opened
2024-02-09 21:46:31.452873   'Login' page not opened
2024-02-09 21:46:34.568310   'Login' form on trading platform not opened
2024-02-09 21:46:34.568513   Start step Check that [Sign up] form is opened
2024-02-09 21:46:34.583867   'Sign up' form opened
2024-02-09 21:46:34.583894   Assert SIGNUP_HEADER =>
2024-02-09 21:46:34.600054   Assert SIGNUP_REF_LOGIN =>
2024-02-09 21:46:34.615581   Assert SIGNUP_PRIVACY_POLICY_ALL_2 =>
2024-02-09 21:46:34.630872   => SIGNUP_PRIVACY_POLICY_ALL
2024-02-09 21:46:34.630899   => 'Signup' form is checked

Bug: Bid:11.02.06.01_05-it.au.NoAuth

2024-02-09 21:46:34.630965   Проверка бага в таблице ретеста  =>

2024-02-09 21:46:34.636527   4. Fixing one row check results into Google Sheet Bugs Report =>
1 cells updated.
2024-02-09 21:46:34.964971   => 4. One row check results into Google Sheet Bugs Report fixed

2024-02-09 21:46:35.686728   Добавление новой строки =>

2024-02-09 21:46:36.081179   => Новая строка добавлена

2024-02-09 21:46:37.427236   4. Fixing one row check results into Google Sheet Bugs Report =>
1 cells updated.
2024-02-09 21:46:37.764154   => 4. One row check results into Google Sheet Bugs Report fixed

2024-02-09 21:46:37.768036   4. Fixing one row check results into Google Sheet Bugs Report =>
7 cells updated.
2024-02-09 21:46:38.072267   => 4. One row check results into Google Sheet Bugs Report fixed

2024-02-09 21:46:38.072454   4. Fixing one row check results into Google Sheet Bugs Report =>
2 cells updated.
2024-02-09 21:46:38.261630   => 4. One row check results into Google Sheet Bugs Report fixed

2024-02-09 21:46:38.261847   4. Fixing one row check results into Google Sheet Bugs Report =>
1 cells updated.
2024-02-09 21:46:38.594284   => 4. One row check results into Google Sheet Bugs Report fixed

2024-02-09 21:46:38.594358   Bug: Bid:11.02.06.01_05-it.au.NoAuth-05 добавлен в таблицу для ретеста

2024-02-09 21:46:38.594528   4. Fixing one row check results into Google Sheet Bugs Report =>
1 cells updated.
2024-02-09 21:46:38.990690   => 4. One row check results into Google Sheet Bugs Report fixed
