


Current language - es



Current country - de
{'width': 1920, 'height': 1080}

2025-03-01 22:38:22.846865   worker_id = master

2025-03-01 22:38:22.846875   0. Allure grouping for US_55


2025-03-01 22:38:23.546199   START PRECONDITIONS =>

2025-03-01 22:38:23.546233   => URL after prev. preconditions - https://capital.com/en-gb
2025-03-01 22:38:23.546243   => flag_of_bug - False
2025-03-01 22:38:23.546255   => Current URL - https://capital.com/es-de
2025-03-01 22:38:23.554282   Current page URL = https://capital.com/es-de
2025-03-01 22:38:23.557322   self.link = https://capital.com/en-gb
2025-03-01 22:38:23.557332   driver.get(https://capital.com/en-gb) =>
2025-03-01 22:38:26.042735   => Loaded page https://capital.com/en-gb

2025-03-01 22:38:26.065543   => Windows size: {'width': 1920, 'height': 1080}

2025-03-01 22:38:26.066969   Set windows position at (0, 0) =>

2025-03-01 22:38:26.069283   Set resolution 1920 * 1080 =>

2025-03-01 22:38:26.070899   => Resolution set {'width': 1920, 'height': 1080}

2025-03-01 22:38:26.072175   Работа с куками =>
2025-03-01 22:38:26.072186   Prev. role - 'NoReg'
2025-03-01 22:38:26.072192   Current testing role - 'NoAuth'

2025-03-01 22:38:26.072197   All cookies must be delete =>
2025-03-01 22:38:26.140814   => All cookies are deleted
2025-03-01 22:38:26.140834   Current page URL = https://capital.com/en-gb
2025-03-01 22:38:26.143396   self.link = https://capital.com/en-gb
2025-03-01 22:38:26.143405   driver.get(https://capital.com/en-gb) =>
2025-03-01 22:38:28.584226   => Loaded page https://capital.com/en-gb

2025-03-01 22:38:28.590422   Step 'Click button [Accept all cookies]'
2025-03-01 22:38:28.590430   Is Visible Button [Accept all cookies]? =>
2025-03-01 22:38:29.769299   => Button [Accept all cookies] is visible
2025-03-01 22:38:30.269433   Is clickable Button [Accept all cookies] =>
2025-03-01 22:38:30.284619   => Button [Accept all cookies] is clickable
2025-03-01 22:38:30.284640   Click Button [Accept all cookies] =>
2025-03-01 22:38:30.486533   => Button [Accept all cookies] is clicked
2025-03-01 22:38:30.486634   => Accepted All Cookies

2025-03-01 22:38:30.986731   Prev. role - 'NoReg'
2025-03-01 22:38:30.986781   Cur. role - 'NoAuth'

2025-03-01 22:38:30.986964   Start Authorization
2025-03-01 22:38:31.116805   => 'Login' form is opened
2025-03-01 22:38:31.359243   => "login" and "password" are inputted
2025-03-01 22:38:31.359286   Click [Continue] button on [Login] form =>
2025-03-01 22:38:31.454880   => [Continue] button on [Login] form is clicked
2025-03-01 22:38:31.454926   Set timeout = 30
2025-03-01 22:38:32.829821   => Page with 'Trading Platform | Capital.com' title opened

2025-03-01 22:38:32.829880   2. Checking that the LOGO is present on the page =>
2025-03-01 22:38:33.875828   => 'capital*com' logo is present on the current page

2025-03-01 22:38:33.876023   Start Deauthorization
2025-03-01 22:38:33.876093   Start Logout from account info menu in top bar =>
2025-03-01 22:38:33.876103   Set timeout = 15
2025-03-01 22:38:33.876112   Is visible account info icon? =>
2025-03-01 22:38:33.889656   => Account info icon is visible on this page
2025-03-01 22:38:33.889684   Account info icon is click =>
2025-03-01 22:38:34.688131   => Account info icon is clicked
2025-03-01 22:38:34.688171   Is visible logout button in account info menu? =>
2025-03-01 22:38:34.799065   => Logout button from account info menu is visible
2025-03-01 22:38:34.799110   Logout button is click =>
2025-03-01 22:38:34.854742   => Logout button from Account info menu is clicked
2025-03-01 22:38:34.854819   => Logout is OK

2025-03-01 22:38:34.854845   => The 'NoAuth' role is set

2025-03-01 22:38:34.854853   Prev. language: ?
2025-03-01 22:38:34.854859   Cur. language - 'es'

2025-03-01 22:38:34.854864   Prev. country: ?
2025-03-01 22:38:34.854870   Cur. country: de

2025-03-01 22:38:34.855000   Set "es" language and "de" country =>
2025-03-01 22:38:34.855012   Current page URL = https://capital.com/trading/platform/
2025-03-01 22:38:34.858058   self.link = https://capital.com/es-de
2025-03-01 22:38:34.858068   driver.get(https://capital.com/es-de) =>
2025-03-01 22:38:38.265197   => Loaded page https://capital.com/es-de
2025-03-01 22:38:38.272206   => Language is set to 'es'
2025-03-01 22:38:38.272217   => Country is set to 'de'
2025-03-01 22:38:38.272223   => Current URL - https://capital.com/es-de

2025-03-01 22:38:38.277309   => Current URL - https://capital.com/es-de

2025-03-01 22:38:38.277327   => END PRECONDITIONS

2025-03-01 22:38:38.277583   1. Arrange
2025-03-01 22:38:38.277599   IS [Sign up] button present on this page? =>
2025-03-01 22:38:38.286220   => [Sign up] button present on this page!

2025-03-01 22:38:38.294296   IS [Sign up] button visible on this page? =>
2025-03-01 22:38:38.307510   => [Sign up] button is visible on this page!


2025-03-01 22:38:38.307677   2. Act_v0
2025-03-01 22:38:38.307693   IS [Sign up] clickable on the page? =>
2025-03-01 22:38:38.320860   => [Sign up] is clickable on the page!


2025-03-01 22:38:38.320878   Start Click button [Sign up] =>
2025-03-01 22:38:38.382514   => End Click button [Sign up] 
2025-03-01 22:38:38.382717   Start step Check that [Sign up] form is opened
2025-03-01 22:38:38.896701   'Sign up' form opened
2025-03-01 22:38:38.896736   Assert SIGNUP_HEADER =>
2025-03-01 22:38:38.910703   Assert SIGNUP_REF_LOGIN =>
2025-03-01 22:38:38.924549   Assert SIGNUP_PRIVACY_POLICY_ALL_2 =>
2025-03-01 22:38:38.941136   => SIGNUP_PRIVACY_POLICY_ALL
2025-03-01 22:38:38.941167   => 'Signup' form is checked
2025-03-01 22:38:38.941214   => 'Sign up' form is opened

2025-03-01 22:38:38.941361   3. Assert
2025-03-01 22:38:38.941373   Is 'Please enter a valid Email' message displayed on this page after putting invalid email? =>
2025-03-01 22:38:38.941379   => Start fill out 'Email address' field.
2025-03-01 22:38:39.034812   => 'Email address' is inputted

2025-03-01 22:38:39.152929   => Switch to 'Password' field

get_attribute:  display: block;
2025-03-01 22:38:39.179019   => 'Please enter a valid Email' message is displayed

2025-03-01 22:38:39.179044   Save current screenshot into PNG file
2025-03-01 22:38:39.358775   Is [Continue] button active after putting invalid email? =>
2025-03-01 22:38:39.358800   => Start fill out 'Password' field.
2025-03-01 22:38:39.442424   => 'Password' is inputted

continue_button:  btn btn--md btn--wide s2_btn disabled hasPointer
2025-03-01 22:38:39.458769   => '[Continue] button is not active after putting invalid email

2025-03-01 22:38:39.458791   Save current screenshot into PNG file
