{'width': 1920, 'height': 1080}

2025-05-16 02:32:31.333996   worker_id = master

2025-05-16 02:32:31.334006   0. Allure grouping for US_55


2025-05-16 02:32:31.334203   START PRECONDITIONS =>

2025-05-16 02:32:31.334218   => URL after prev. preconditions - https://capital.com/en-gb
2025-05-16 02:32:31.334224   => flag_of_bug - True
2025-05-16 02:32:31.334231   => Current URL - https://capital.com/en-au/learn/market-guides
2025-05-16 02:32:31.339863   Current page URL = https://capital.com/en-au/learn/market-guides
2025-05-16 02:32:31.342513   self.link = https://capital.com/en-gb
2025-05-16 02:32:31.342522   driver.get(https://capital.com/en-gb) =>
2025-05-16 02:32:33.676383   => Loaded page https://capital.com/en-gb

2025-05-16 02:32:33.694477   => Windows size: {'width': 1920, 'height': 1080}

2025-05-16 02:32:33.695966   Set windows position at (0, 0) =>

2025-05-16 02:32:33.699931   Set resolution 1920 * 1080 =>

2025-05-16 02:32:33.701701   => Resolution set {'width': 1920, 'height': 1080}

2025-05-16 02:32:33.703103   Работа с куками =>
2025-05-16 02:32:33.703114   Prev. role - 'NoAuth'
2025-05-16 02:32:33.703120   Current testing role - 'NoReg'

2025-05-16 02:32:33.703125   All cookies must be delete =>
2025-05-16 02:32:33.778552   => All cookies are deleted
2025-05-16 02:32:33.778579   Current page URL = https://capital.com/en-gb
2025-05-16 02:32:33.783169   self.link = https://capital.com/en-gb
2025-05-16 02:32:33.783179   driver.get(https://capital.com/en-gb) =>
2025-05-16 02:32:36.118959   => Loaded page https://capital.com/en-gb

2025-05-16 02:32:36.125613   Step 'Click button [Accept all cookies]'
2025-05-16 02:32:36.125622   Is Visible Button [Accept all cookies]? =>
2025-05-16 02:32:37.485146   => Button [Accept all cookies] is visible
2025-05-16 02:32:37.985288   Is clickable Button [Accept all cookies] =>
2025-05-16 02:32:38.002522   => Button [Accept all cookies] is clickable
2025-05-16 02:32:38.002545   Click Button [Accept all cookies] =>
2025-05-16 02:32:38.058108   => Button [Accept all cookies] is clicked
2025-05-16 02:32:38.058134   => Accepted All Cookies

2025-05-16 02:32:38.558322   Step 'Click button [Stay on this site]'
2025-05-16 02:32:38.558354   Is Visible Button [Stay on this site]? =>
2025-05-16 02:32:43.594497   => Button [Stay on this site] is not visible after 5 sec.
2025-05-16 02:32:43.594537   => Cur url = https://capital.com/en-gb

2025-05-16 02:32:43.598368   Prev. role - 'NoAuth'
2025-05-16 02:32:43.598379   Cur. role - 'NoReg'

2025-05-16 02:32:43.598385   => The 'NoReg' role is set

2025-05-16 02:32:43.598391   Prev. language: ?
2025-05-16 02:32:43.598397   Cur. language - 'en'

2025-05-16 02:32:43.598402   Prev. country: ?
2025-05-16 02:32:43.598407   Cur. country: au

2025-05-16 02:32:43.598543   Set "en" language and "au" country =>
2025-05-16 02:32:43.598557   Current page URL = https://capital.com/en-gb
2025-05-16 02:32:43.601267   self.link = https://capital.com/en-au
2025-05-16 02:32:43.601279   driver.get(https://capital.com/en-au) =>
2025-05-16 02:32:45.908970   => Loaded page https://capital.com/en-au

2025-05-16 02:32:45.918299   Step 'Click button [Stay on this site]'
2025-05-16 02:32:45.918312   Is Visible Button [Stay on this site]? =>
2025-05-16 02:32:50.949502   => Button [Stay on this site] is not visible after 5 sec.
2025-05-16 02:32:50.949534   => Cur url = https://capital.com/en-au
2025-05-16 02:32:50.952244   => Language is set to 'en'
2025-05-16 02:32:50.952256   => Country is set to 'au'
2025-05-16 02:32:50.952265   => Current URL - https://capital.com/en-au

2025-05-16 02:32:50.957625   => Current URL - https://capital.com/en-au

2025-05-16 02:32:50.957645   => END PRECONDITIONS

2025-05-16 02:32:50.957816   START Open "Trading" menu, "CFD trading calculator" submenu =>

2025-05-16 02:32:50.957831   1. Cur URL = https://capital.com/en-au

2025-05-16 02:32:50.960489   2. Link = https://capital.com/en-au
2025-05-16 02:32:50.960502   current_page = https://capital.com/en-au
2025-05-16 02:32:50.963667   link = https://capital.com/en-au
2025-05-16 02:32:51.474945   => 'Trading' menu is present
2025-05-16 02:32:51.493965   => 'Trading' menu is visible
2025-05-16 02:32:52.765101   => Focus moved to 'Trading' menu
2025-05-16 02:32:52.786889   => 'CFD trading calculator' submenu is visible
2025-05-16 02:32:53.575584   => 'CFD trading calculator' sub-menu clicked
