{'width': 1280, 'height': 800}

2024-04-02 04:51:39.813006   worker_id = master

2024-04-02 04:51:39.813020   0. Allure grouping v4

2024-04-02 04:51:39.813110   START PRECONDITIONS =>

2024-04-02 04:51:39.813122   => flag_of_bug - True
2024-04-02 04:51:39.813134   Current page URL = https://capital.com/
2024-04-02 04:51:39.815997   self.link = https://capital.com/
2024-04-02 04:51:39.816011   link = https://capital.com/
2024-04-02 04:51:41.587008   => Loaded page https://capital.com/

2024-04-02 04:51:41.591245   => Windows size - {'width': 1280, 'height': 800}
2024-04-02 04:51:41.592523   Set windows position at (0, 0) =>
2024-04-02 04:51:41.694641   Set resolution 1280 * 800 =>
2024-04-02 04:51:41.796982   => Windows size is set to {'width': 1280, 'height': 800}

2024-04-02 04:51:42.819778   Капчи нет. Идем дальше

2024-04-02 04:51:42.819873   Работа с куками

2024-04-02 04:51:42.819887   Prev. country - 'ae'
2024-04-02 04:51:42.819897   Cur. country - 'ae'
2024-04-02 04:51:42.819906   => Country set to 'ae'

2024-04-02 04:51:42.819915   Prev. language - 'ro'
2024-04-02 04:51:42.819924   Cur. language - 'ro'
2024-04-02 04:51:42.819933   => Language is set to 'ro'

2024-04-02 04:51:42.819942   Prev. role - 'Auth'
2024-04-02 04:51:42.819950   Cur. role - 'Auth'
2024-04-02 04:51:42.819959   => The 'Auth' role is set

2024-04-02 04:51:42.822552   => THE END PRECONDITIONS

2024-04-02 04:51:42.822724   START Open "Markets" menu, "Shares" submenu =>
2024-04-02 04:51:42.822740   1. Cur URL = https://capital.com/
2024-04-02 04:51:42.825114   2. Link = https://capital.com/
2024-04-02 04:51:42.825130   current_page = https://capital.com/
2024-04-02 04:51:42.827543   link = https://capital.com/
2024-04-02 04:51:44.352052   => 'Markets' menu not present
