{'width': 1280, 'height': 800}

2024-04-02 05:42:51.136517   worker_id = master

2024-04-02 05:42:51.136531   0. Allure grouping v4

2024-04-02 05:42:51.136629   START PRECONDITIONS =>

2024-04-02 05:42:51.136641   => flag_of_bug - False

2024-04-02 05:42:51.136652   => Windows size - {'width': 1280, 'height': 800}
2024-04-02 05:42:51.137938   Set windows position at (0, 0) =>
2024-04-02 05:42:51.240249   Set resolution 1280 * 800 =>
2024-04-02 05:42:51.342646   => Windows size is set to {'width': 1280, 'height': 800}

2024-04-02 05:42:52.376261   Капчи нет. Идем дальше

2024-04-02 05:42:52.376341   Работа с куками

2024-04-02 05:42:52.376356   Prev. country - 'ae'
2024-04-02 05:42:52.376367   Cur. country - 'ae'
2024-04-02 05:42:52.376376   => Country set to 'ae'

2024-04-02 05:42:52.376385   Prev. language - 'ro'
2024-04-02 05:42:52.376394   Cur. language - 'ro'
2024-04-02 05:42:52.376403   => Language is set to 'ro'

2024-04-02 05:42:52.376411   Prev. role - 'Auth'
2024-04-02 05:42:52.376420   Cur. role - 'Auth'
2024-04-02 05:42:52.376429   => The 'Auth' role is set

2024-04-02 05:42:52.379049   => THE END PRECONDITIONS

2024-04-02 05:42:52.379076   1. Cur URL = https://capital.com/ro/trade-commodities

2024-04-02 05:42:52.381523   2. Link = https://capital.com/ro/trade-commodities
2024-04-02 05:42:52.381538   current_page = https://capital.com/ro/trade-commodities
2024-04-02 05:42:52.383964   link = https://capital.com/ro/trade-commodities
2024-04-02 05:42:52.892134   => Education menu is present in DOM
2024-04-02 05:42:52.897360   => Education menu is visible
2024-04-02 05:42:54.161071   => Focus moved to Education menu
2024-04-02 05:42:56.411115   => Focus moved to 'capital*com' logo

2024-04-02 05:42:56.411325   1. Arrange_v0
2024-04-02 05:42:56.411343   current_page = https://capital.com/ro/trade-commodities
2024-04-02 05:42:56.414100   link = https://capital.com/ro/trade-commodities
2024-04-02 05:42:56.424446   => BUTTON_TRY_DEMO is present on this page
2024-04-02 05:42:56.424468   BUTTON_TRY_DEMO scroll =>
2024-04-02 05:42:56.429333   BUTTON_TRY_DEMO is visible? =>
2024-04-02 05:42:56.440926   => BUTTON_TRY_DEMO is visible on this page

2024-04-02 05:42:56.441060   2. Act_v0
2024-04-02 05:42:56.456648   BUTTON_TRY_DEMO is clickable? =>
2024-04-02 05:42:56.480970   => BUTTON_TRY_DEMO clicked!

2024-04-02 05:42:56.481225   3. Assert_v4
2024-04-02 05:42:56.481339   Checking that the trading platform page has opened (v4) =>
2024-04-02 05:42:57.183340   Checking way # 1 => 

2024-04-02 05:42:57.183409   1. Checking that the Trading platform page has valid title =>
2024-04-02 05:42:57.185907   => The title of current page is 'Trading Platform | Capital.com'

2024-04-02 05:42:57.185947   2. Checking that the LOGO is present on the page =>
2024-04-02 05:42:57.979131   => 'capital*com' logo is present on the current page

2024-04-02 05:42:57.979165   tpd = True
2024-04-02 05:42:57.979207   3.1. Checking that the Trading platform opened in DEMO mode =>
2024-04-02 05:42:58.854302   => The page with https://capital.com/trading/platform/?mode=demo url was opened in DEMO mode
2024-04-02 05:43:00.404405   => Driver.backed
