{'width': 1280, 'height': 720}

2024-01-04 07:48:35.583745   worker_id = master

2024-01-04 07:48:35.583761   0. Allure grouping v4


2024-01-04 07:48:35.583925   START PRECONDITIONS =>


2024-01-04 07:48:35.583939   {'width': 1280, 'height': 720}

2024-01-04 07:48:35.589447   Set windows position at (0, 0) =>

2024-01-04 07:48:35.691638   Set resolution 1280 * 720 =>

2024-01-04 07:48:35.793923   => Resolution seted {'width': 1280, 'height': 720}

2024-01-04 07:48:39.798217   Капчи нет. Тестим дальше

2024-01-04 07:48:39.798257   Prev. Role: NoReg

2024-01-04 07:48:39.798267   Current role: NoReg

2024-01-04 07:48:39.798276   Prev language: it

2024-01-04 07:48:39.798284   => Current language: it

2024-01-04 07:48:39.798292   Prev country: de

2024-01-04 07:48:39.798300   => Current country: de

2024-01-04 07:48:39.798307   => THE END PRECONDITIONS

2024-01-04 07:48:39.798360   1. Arrange_v0

2024-01-04 07:48:39.809895   2. Act_v0
2024-01-04 07:48:39.809919   BUTTON_GET_STARTED_ON_STICKY_BAR is present? =>
2024-01-04 07:48:39.814655   => BUTTON_GET_STARTED_ON_STICKY_BAR is present on the page!
2024-01-04 07:48:39.814676   BUTTON_GET_STARTED_ON_STICKY_BAR scroll =>
2024-01-04 07:48:39.877120   => BUTTON_GET_STARTED_ON_STICKY_BAR clicked!

2024-01-04 07:48:39.877391   3. Assert_v0
2024-01-04 07:48:39.877503   Start step Check that [Sign up] form is opened
2024-01-04 07:48:39.895845   'Sign up' form opened
2024-01-04 07:48:39.895882   Assert SIGNUP_HEADER =>
2024-01-04 07:48:39.908090   Assert SIGNUP_REF_LOGIN =>
2024-01-04 07:48:39.920463   Assert SIGNUP_PRIVACY_POLICY_ALL_2 =>
2024-01-04 07:48:39.932827   => SIGNUP_PRIVACY_POLICY_ALL
2024-01-04 07:48:39.932861   => 'Signup' form is checked
2024-01-04 07:48:39.933000   Start step Close [Sign up] form =>
2024-01-04 07:48:40.011038   => 'Signup' form closed
