{'width': 1280, 'height': 720}

2024-02-08 22:11:54.936857   worker_id = master

2024-02-08 22:11:54.936875   0. Allure grouping v4


2024-02-08 22:11:54.937071   START PRECONDITIONS =>


2024-02-08 22:11:54.937087   {'width': 1280, 'height': 720}

2024-02-08 22:11:54.938340   Set windows position at (0, 0) =>

2024-02-08 22:11:55.040235   Set resolution 1280 * 720 =>

2024-02-08 22:11:55.142273   => Resolution seted {'width': 1280, 'height': 720}

2024-02-08 22:11:56.169979   Капчи нет. Идем дальше

2024-02-08 22:11:56.170069   Prev. Role: Auth

2024-02-08 22:11:56.170082   Current role: Auth

2024-02-08 22:11:57.195412   Капчи нет. Идем дальше

2024-02-08 22:11:57.195497   Prev language: en

2024-02-08 22:11:57.195511   => Current language: en

2024-02-08 22:11:58.221956   Капчи нет. Идем дальше

2024-02-08 22:11:58.222055   Prev country: de
2024-02-08 22:11:58.222068   => Current country: de

2024-02-08 22:11:58.222078   => THE END PRECONDITIONS

2024-02-08 22:11:58.222114   1. Arrange
2024-02-08 22:11:58.224772   Current page URL = https://apps.apple.com/ie/app/capital-com-trading-finance/id1230088754?mt=8
2024-02-08 22:11:59.488289   => Loaded page https://capital.com/position-trading
2024-02-08 22:11:59.510230   Is visible BUTTON_EXPLORE_WEB_PLATFORM? =>
2024-02-08 22:11:59.529402   => BUTTON_EXPLORE_WEB_PLATFORM is visible on the page!

2024-02-08 22:11:59.529626   2. Act
2024-02-08 22:11:59.551374   1 checking element(s) with current CSS locator is(are) present(s) on this page
2024-02-08 22:12:00.187856   => BUTTON_EXPLORE_WEB_PLATFORM IS CLICKED

2024-02-08 22:12:00.188138   3. Assert_v4
2024-02-08 22:12:00.188319   Checking that the trading platform page has opened (v4) =>
2024-02-08 22:12:00.197332   => Current page title: Trading Platform | Capital.com
2024-02-08 22:12:00.197457   Checking that the Trading platform LOGO is present on the page =>
2024-02-08 22:12:01.293005   Checking that the Trading platform opened in LIVE mode =>
2024-02-08 22:12:01.309298   => The page with https://capital.com/trading/platform/ url was opened in lIVE mode
2024-02-08 22:12:01.309328   Current page URL = https://capital.com/trading/platform/
2024-02-08 22:12:02.096708   => Loaded page https://capital.com/position-trading
