{'width': 1280, 'height': 720}

2024-02-08 20:37:29.349295   worker_id = master

2024-02-08 20:37:29.349315   0. Allure grouping v4


2024-02-08 20:37:29.349580   START PRECONDITIONS =>


2024-02-08 20:37:29.349597   {'width': 1280, 'height': 720}

2024-02-08 20:37:29.353162   Set windows position at (0, 0) =>

2024-02-08 20:37:29.457301   Set resolution 1280 * 720 =>

2024-02-08 20:37:29.565370   => Resolution seted {'width': 1280, 'height': 720}

2024-02-08 20:37:30.817578   Капчи нет. Идем дальше

2024-02-08 20:37:30.817684   Prev. Role: NoReg

2024-02-08 20:37:30.817704   Current role: NoReg

2024-02-08 20:37:32.154693   Капчи нет. Идем дальше

2024-02-08 20:37:32.154789   Prev language: en

2024-02-08 20:37:32.154806   => Current language: en

2024-02-08 20:37:33.193289   Капчи нет. Идем дальше

2024-02-08 20:37:33.193381   Prev country: de
2024-02-08 20:37:33.193395   => Current country: de

2024-02-08 20:37:33.193405   => THE END PRECONDITIONS

2024-02-08 20:37:33.193443   1. Arrange_v0
2024-02-08 20:37:33.209880   BUTTON_CREATE_YOUR_ACCOUNT is located on the page? =>

2024-02-08 20:37:33.227636   2. Act_v0: Define of locator

2024-02-08 20:37:33.227667   2. Act_v0: Go to web element

2024-02-08 20:37:34.500362   2. Act_v0: Click web element
2024-02-08 20:37:34.672038   => BUTTON_CREATE_YOUR_ACCOUNT is clicked

2024-02-08 20:37:34.672315   3. Assert_v0
2024-02-08 20:37:34.672431   Start step Check that [Sign up] form is opened
2024-02-08 20:37:35.199012   'Sign up' form opened
2024-02-08 20:37:35.199053   Assert SIGNUP_HEADER =>
2024-02-08 20:37:35.258798   Assert SIGNUP_REF_LOGIN =>
2024-02-08 20:37:35.304917   Assert SIGNUP_PRIVACY_POLICY_ALL_2 =>
2024-02-08 20:37:35.342165   => SIGNUP_PRIVACY_POLICY_ALL
2024-02-08 20:37:35.342207   => 'Signup' form is checked
2024-02-08 20:37:35.342395   Start step Close [Sign up] form =>
2024-02-08 20:37:35.570468   => 'Signup' form closed
