{'width': 1280, 'height': 800}

2024-04-02 09:32:48.517471   worker_id = master

2024-04-02 09:32:48.517485   0. Allure grouping v4

2024-04-02 09:32:48.517666   START PRECONDITIONS =>

2024-04-02 09:32:48.517681   => flag_of_bug - False

2024-04-02 09:32:48.517693   => Windows size - {'width': 1280, 'height': 800}
2024-04-02 09:32:48.518987   Set windows position at (0, 0) =>
2024-04-02 09:32:48.621006   Set resolution 1280 * 800 =>
2024-04-02 09:32:48.726137   => Windows size is set to {'width': 1280, 'height': 800}

2024-04-02 09:32:49.764534   Капчи нет. Идем дальше

2024-04-02 09:32:49.764646   Работа с куками

2024-04-02 09:32:49.764664   Prev. country - 'de'
2024-04-02 09:32:49.764675   Cur. country - 'de'
2024-04-02 09:32:49.764684   => Country set to 'de'

2024-04-02 09:32:49.764693   Prev. language - 'ru'
2024-04-02 09:32:49.764702   Cur. language - 'ru'
2024-04-02 09:32:49.764710   => Language is set to 'ru'

2024-04-02 09:32:49.764719   Prev. role - 'NoReg'
2024-04-02 09:32:49.764727   Cur. role - 'NoReg'
2024-04-02 09:32:49.764736   => The 'NoReg' role is set

2024-04-02 09:32:49.767525   => Current URL - https://capital.com/ru/torgovlya-wti-cfd

2024-04-02 09:32:49.767546   => THE END PRECONDITIONS

2024-04-02 09:32:49.767596   1. Arrange_v0
2024-04-02 09:32:49.767610   current_page = https://capital.com/ru/torgovlya-wti-cfd
2024-04-02 09:32:49.770240   link = https://capital.com/ru/torgovlya-wti-cfd
2024-04-02 09:32:49.772819   BUTTON_BUY_IN_CONTENT_BLOCK is located on the page? =>
2024-04-02 09:32:49.783804   => BUTTON_BUY_IN_CONTENT_BLOCK is located on the page!
2024-04-02 09:32:49.783971   Start Checking that form [Sign up] popped up on the page =>
2024-04-02 09:32:51.317889   '[Sign up]' form was not popped up

2024-04-02 09:32:51.318076   2. Act_v0
2024-04-02 09:32:51.323346   BUTTON_BUY_IN_CONTENT_BLOCK is present? =>
2024-04-02 09:32:51.323368   => BUTTON_BUY_IN_CONTENT_BLOCK is present on the page
2024-04-02 09:32:51.323378   BUTTON_BUY_IN_CONTENT_BLOCK scroll =>
2024-04-02 09:32:51.326728   => BUTTON_BUY_IN_CONTENT_BLOCK scrolled
2024-04-02 09:32:51.330592   BUTTON_BUY_IN_CONTENT_BLOCK is clickable? =>
2024-04-02 09:32:51.340733   BUTTON_BUY_IN_CONTENT_BLOCK CLICK =>
2024-04-02 09:32:51.364601   => BUTTON_BUY_IN_CONTENT_BLOCK clicked!

2024-04-02 09:32:51.364943   3. Assert_v0
2024-04-02 09:32:51.365060   Start step Check that [Sign up] form is opened
2024-04-02 09:32:51.378601   'Sign up' form opened
2024-04-02 09:32:51.378633   Assert SIGNUP_HEADER =>
2024-04-02 09:32:51.389405   Assert SIGNUP_REF_LOGIN =>
2024-04-02 09:32:51.400559   Assert SIGNUP_PRIVACY_POLICY_ALL_2 =>
2024-04-02 09:32:51.410514   => SIGNUP_PRIVACY_POLICY_ALL
2024-04-02 09:32:51.410547   => 'Signup' form is checked
2024-04-02 09:32:51.410758   Start step Close [Sign up] form =>
2024-04-02 09:32:51.467472   => 'Signup' form closed
2024-04-02 09:32:51.740403   => Focus moved to 'capital*com' logo
