{'width': 1280, 'height': 720}

2024-01-04 17:37:37.527599   worker_id = master

2024-01-04 17:37:37.527614   0. Allure grouping v4


2024-01-04 17:37:37.527759   START PRECONDITIONS =>


2024-01-04 17:37:37.527774   {'width': 1280, 'height': 720}

2024-01-04 17:37:37.529001   Set windows position at (0, 0) =>

2024-01-04 17:37:37.631275   Set resolution 1280 * 720 =>

2024-01-04 17:37:37.733799   => Resolution seted {'width': 1280, 'height': 720}

2024-01-04 17:37:41.766086   Капчи нет. Тестим дальше

2024-01-04 17:37:41.766135   Prev. Role: NoAuth

2024-01-04 17:37:41.766145   Current role: NoAuth

2024-01-04 17:37:41.766153   Prev language: en

2024-01-04 17:37:41.766161   => Current language: en

2024-01-04 17:37:41.766169   Prev country: gb

2024-01-04 17:37:41.766177   => Current country: gb

2024-01-04 17:37:41.766184   => THE END PRECONDITIONS

2024-01-04 17:37:41.766246   1. Arrange_v0
2024-01-04 17:37:41.773927   BUTTON_CREATE_YOUR_ACCOUNT is located on the page? =>

2024-01-04 17:37:41.793795   2. Act_v0
2024-01-04 17:37:41.912641   => BUTTON_CREATE_YOUR_ACCOUNT is clicked

2024-01-04 17:37:41.912912   3. Assert_v0
2024-01-04 17:37:41.913012   Start step Check that [Sign up] form is opened
2024-01-04 17:37:41.939686   'Sign up' form opened
2024-01-04 17:37:41.939737   Assert SIGNUP_HEADER =>
2024-01-04 17:37:41.956653   Assert SIGNUP_REF_LOGIN =>
2024-01-04 17:37:41.973095   Assert SIGNUP_PRIVACY_POLICY_ALL_2 =>
2024-01-04 17:37:41.994940   => SIGNUP_PRIVACY_POLICY_ALL
2024-01-04 17:37:41.994982   => 'Signup' form is checked
2024-01-04 17:37:41.995148   Start step Close [Sign up] form =>
2024-01-04 17:37:42.116415   => 'Signup' form closed
