{'width': 1280, 'height': 720}

2024-01-04 18:27:46.729400   worker_id = master

2024-01-04 18:27:46.729415   0. Allure grouping v4


2024-01-04 18:27:46.729575   START PRECONDITIONS =>


2024-01-04 18:27:46.729589   {'width': 1280, 'height': 720}

2024-01-04 18:27:46.735844   Set windows position at (0, 0) =>

2024-01-04 18:27:46.838153   Set resolution 1280 * 720 =>

2024-01-04 18:27:46.940509   => Resolution seted {'width': 1280, 'height': 720}

2024-01-04 18:27:50.975892   Капчи нет. Тестим дальше

2024-01-04 18:27:50.975940   Prev. Role: NoReg

2024-01-04 18:27:50.975950   Current role: NoReg

2024-01-04 18:27:50.975958   Prev language: en

2024-01-04 18:27:50.975966   => Current language: en

2024-01-04 18:27:50.975974   Prev country: gb

2024-01-04 18:27:50.975982   => Current country: gb

2024-01-04 18:27:50.975990   => THE END PRECONDITIONS

2024-01-04 18:27:50.976048   1. Arrange_v0
2024-01-04 18:27:50.978863   BUTTON_TRY_DEMO is visible? =>
2024-01-04 18:27:50.997172   => BUTTON_TRY_DEMO is visible on the page!

2024-01-04 18:27:50.997305   2. Act_v0
2024-01-04 18:27:50.997319   BUTTON_TRY_DEMO is present? =>
2024-01-04 18:27:51.008455   => BUTTON_TRY_DEMO is present on the page!
2024-01-04 18:27:51.008476   BUTTON_TRY_DEMO scroll =>
2024-01-04 18:27:51.063579   => BUTTON_TRY_DEMO clicked!

2024-01-04 18:27:51.063789   3. Assert_v0
2024-01-04 18:27:51.063871   Start step Check that [Sign up] form is opened
2024-01-04 18:27:51.091437   'Sign up' form opened
2024-01-04 18:27:51.091473   Assert SIGNUP_HEADER =>
2024-01-04 18:27:51.108794   Assert SIGNUP_REF_LOGIN =>
2024-01-04 18:27:51.125753   Assert SIGNUP_PRIVACY_POLICY_ALL_2 =>
2024-01-04 18:27:51.172426   => SIGNUP_PRIVACY_POLICY_ALL
2024-01-04 18:27:51.172461   => 'Signup' form is checked
2024-01-04 18:27:51.172612   Start step Close [Sign up] form =>
2024-01-04 18:27:51.241808   => 'Signup' form closed
