{'width': 1280, 'height': 720}

2024-01-04 18:37:35.006149   worker_id = master

2024-01-04 18:37:35.006162   0. Allure grouping v4


2024-01-04 18:37:35.006303   START PRECONDITIONS =>


2024-01-04 18:37:35.006317   {'width': 1280, 'height': 720}

2024-01-04 18:37:35.007933   Set windows position at (0, 0) =>

2024-01-04 18:37:35.109954   Set resolution 1280 * 720 =>

2024-01-04 18:37:35.211933   => Resolution seted {'width': 1280, 'height': 720}

2024-01-04 18:37:39.259052   Капчи нет. Тестим дальше

2024-01-04 18:37:39.259093   Prev. Role: NoReg

2024-01-04 18:37:39.259102   Current role: NoReg

2024-01-04 18:37:39.259111   Prev language: en

2024-01-04 18:37:39.259118   => Current language: en

2024-01-04 18:37:39.259126   Prev country: gb

2024-01-04 18:37:39.259134   => Current country: gb

2024-01-04 18:37:39.259141   => THE END PRECONDITIONS

2024-01-04 18:37:39.259199   1. Arrange_v0
2024-01-04 18:37:39.262091   BUTTON_CREATE_YOUR_ACCOUNT is located on the page? =>

2024-01-04 18:37:39.267144   2. Act_v0
2024-01-04 18:37:39.364184   => BUTTON_CREATE_YOUR_ACCOUNT is clicked

2024-01-04 18:37:39.364453   3. Assert_v0
2024-01-04 18:37:39.364567   Start step Check that [Sign up] form is opened
2024-01-04 18:37:39.384773   'Sign up' form opened
2024-01-04 18:37:39.384808   Assert SIGNUP_HEADER =>
2024-01-04 18:37:39.396623   Assert SIGNUP_REF_LOGIN =>
2024-01-04 18:37:39.408051   Assert SIGNUP_PRIVACY_POLICY_ALL_2 =>
2024-01-04 18:37:39.419572   => SIGNUP_PRIVACY_POLICY_ALL
2024-01-04 18:37:39.419596   => 'Signup' form is checked
2024-01-04 18:37:39.419736   Start step Close [Sign up] form =>
2024-01-04 18:37:39.495733   => 'Signup' form closed
