Current test role - NoReg

{'width': 1280, 'height': 800}

2024-04-18 03:55:02.235444   worker_id = master

2024-04-18 03:55:02.235483   0. Allure grouping v4

2024-04-18 03:55:02.235666   START PRECONDITIONS =>

2024-04-18 03:55:02.235682   => URL after prev. preconditions - https://capital.com/cn
2024-04-18 03:55:02.235691   => flag_of_bug - False
2024-04-18 03:55:02.235702   => Current URL - https://capital.com/cn/live-currency-prices
2024-04-18 03:55:02.240757   Current page URL = https://capital.com/cn/live-currency-prices
2024-04-18 03:55:02.243655   self.link = https://capital.com/cn
2024-04-18 03:55:02.243668   driver.get(https://capital.com/cn) =>
2024-04-18 03:55:03.986219   => Loaded page https://capital.com/cn

2024-04-18 03:55:03.992410   => Windows size - {'width': 1280, 'height': 800}
2024-04-18 03:55:03.993742   Set windows position at (0, 0) =>
2024-04-18 03:55:04.095897   Set resolution 1280 * 800 =>
2024-04-18 03:55:04.198356   => Windows size is set to {'width': 1280, 'height': 800}

2024-04-18 03:55:05.228435   Капчи нет. Идем дальше

2024-04-18 03:55:05.228521   Работа с куками =>
2024-04-18 03:55:05.228535   Prev. role - 'NoAuth'
2024-04-18 03:55:05.228545   Current testing role - 'NoReg'

2024-04-18 03:55:05.228554   All cookies must be delete =>
2024-04-18 03:55:05.305293   => All cookies are deleted
2024-04-18 03:55:05.305327   Current page URL = https://capital.com/cn
2024-04-18 03:55:05.307986   self.link = https://capital.com/
2024-04-18 03:55:05.308000   driver.get(https://capital.com/) =>
2024-04-18 03:55:07.069412   => Loaded page https://capital.com/

2024-04-18 03:55:07.072875   Step 'Click button [Accept all cookies]'
2024-04-18 03:55:07.072887   Is Visible Button [Accept all cookies]? =>
2024-04-18 03:55:07.088567   => Button [Accept all cookies] is visible
2024-04-18 03:55:07.588691   Is clickable Button [Accept all cookies] =>
2024-04-18 03:55:07.609493   => Button [Accept all cookies] is clickable
2024-04-18 03:55:07.609521   Click Button [Accept all cookies] =>
2024-04-18 03:55:07.745232   => Button [Accept all cookies] is clicked
2024-04-18 03:55:07.745267   => Accepted All Cookies

2024-04-18 03:55:08.245369   Prev. country - '?'
2024-04-18 03:55:08.245420   Cur. country - 'de'
2024-04-18 03:55:08.245430   Set 'de' country =>
2024-04-18 03:55:08.257819   => Language and Country menu is present
2024-04-18 03:55:08.269877   => Language and Country menu is visible
2024-04-18 03:55:09.543550   => Focus is moved on Language and Country menu 
2024-04-18 03:55:12.119195   => Cur url = https://capital.com/?country=de
2024-04-18 03:55:12.149143   => Country set to 'de'

2024-04-18 03:55:12.149170   Prev. language - '?'
2024-04-18 03:55:12.149180   Cur. language - 'cn'
2024-04-18 03:55:12.149189   Set 'cn' language =>
2024-04-18 03:55:12.159591   => Language and Country menu is present
2024-04-18 03:55:12.169133   => Language and Country menu is visible
2024-04-18 03:55:13.443783   => Focus is moved on Language and Country menu 
2024-04-18 03:55:13.452672   Move focus on cn item and click =>
2024-04-18 03:55:15.020925   => Focus moved on cn item and clicked
2024-04-18 03:55:15.020971   => Cur url = https://capital.com/cn
2024-04-18 03:55:15.050449   => Language is set to 'cn'

2024-04-18 03:55:15.050478   Prev. role - 'NoAuth'
2024-04-18 03:55:15.050488   Cur. role - 'NoReg'
2024-04-18 03:55:15.050497   => The 'NoReg' role is set

2024-04-18 03:55:15.054044   => Current URL - https://capital.com/cn

2024-04-18 03:55:15.054073   => THE END PRECONDITIONS

2024-04-18 03:55:15.054318   START Open "Markets" menu, "Forex" submenu =>

2024-04-18 03:55:15.054337   1. Cur URL = https://capital.com/cn

2024-04-18 03:55:15.072203   2. Link = https://capital.com/cn
2024-04-18 03:55:15.072224   current_page = https://capital.com/cn
2024-04-18 03:55:15.077848   link = https://capital.com/cn
2024-04-18 03:55:15.591212   => 'Markets' menu is present
2024-04-18 03:55:15.609676   => 'Markets' menu is visible
2024-04-18 03:55:16.874057   => Focus moved to 'Markets' menu


2024-04-18 03:55:18.280576   => 'Forex' sub-menu clicked
2024-04-18 03:55:18.573873   => Focus moved to 'capital*com' logo

2024-04-18 03:55:18.573919   3. Cur URL = https://capital.com/cn/live-currency-prices

2024-04-18 03:55:18.579535   1. Arrange_v0
2024-04-18 03:55:18.579558   current_page = https://capital.com/cn/live-currency-prices
2024-04-18 03:55:18.582057   link = https://capital.com/cn/live-currency-prices
2024-04-18 03:55:18.592423   BUTTON_START_TRADING_NOW scroll =>
2024-04-18 03:55:18.595667   BUTTON_START_TRADING_NOW is visible? =>
2024-04-18 03:55:18.621111   => BUTTON_START_TRADING is visible on the page!

2024-04-18 03:55:18.621272   2. Act_v0
2024-04-18 03:55:18.621288   Start Click button [Start Trading Now] =>
2024-04-18 03:55:18.627274   BUTTON_START_TRADING_NOW is clickable? =>
2024-04-18 03:55:18.636841   BUTTON_START_TRADING_NOW click =>
2024-04-18 03:55:18.672782   => BUTTON_START_TRADING_NOW clicked

2024-04-18 03:55:18.673075   3. Assert_v0
2024-04-18 03:55:18.673194   Start step Check that [Sign up] form is opened
2024-04-18 03:55:18.841773   'Sign up' form opened
2024-04-18 03:55:18.841821   Assert SIGNUP_HEADER =>
2024-04-18 03:55:18.859586   Assert SIGNUP_REF_LOGIN =>
2024-04-18 03:55:18.875683   Assert SIGNUP_PRIVACY_POLICY_ALL_2 =>
2024-04-18 03:55:18.892452   => SIGNUP_PRIVACY_POLICY_ALL
2024-04-18 03:55:18.892492   => 'Signup' form is checked
2024-04-18 03:55:18.892665   Start step Close [Sign up] form =>
2024-04-18 03:55:18.970820   => 'Signup' form closed
2024-04-18 03:55:19.240315   => Focus moved to 'capital*com' logo
