{'width': 1280, 'height': 800}

2024-04-18 04:28:45.899156   worker_id = master

2024-04-18 04:28:45.899169   0. Allure grouping v4

2024-04-18 04:28:45.899347   START PRECONDITIONS =>

2024-04-18 04:28:45.899362   => URL after prev. preconditions - https://capital.com/cn
2024-04-18 04:28:45.899372   => flag_of_bug - False
2024-04-18 04:28:45.899382   => Current URL - https://capital.com/cn/euro-swiss-franc-rate
2024-04-18 04:28:45.904627   Current page URL = https://capital.com/cn/euro-swiss-franc-rate
2024-04-18 04:28:45.907137   self.link = https://capital.com/cn
2024-04-18 04:28:45.907150   driver.get(https://capital.com/cn) =>
2024-04-18 04:28:47.683148   => Loaded page https://capital.com/cn

2024-04-18 04:28:47.688151   => Windows size - {'width': 1280, 'height': 800}
2024-04-18 04:28:47.689620   Set windows position at (0, 0) =>
2024-04-18 04:28:47.792066   Set resolution 1280 * 800 =>
2024-04-18 04:28:47.895512   => Windows size is set to {'width': 1280, 'height': 800}

2024-04-18 04:28:48.931445   Капчи нет. Идем дальше

2024-04-18 04:28:48.931565   Работа с куками =>

2024-04-18 04:28:48.931579   => не требуется

2024-04-18 04:28:48.931589   Prev. country - 'de'
2024-04-18 04:28:48.931598   Cur. country - 'de'
2024-04-18 04:28:48.931607   => Country set to 'de'

2024-04-18 04:28:48.931616   Prev. language - 'cn'
2024-04-18 04:28:48.931624   Cur. language - 'cn'
2024-04-18 04:28:48.931633   => Language is set to 'cn'

2024-04-18 04:28:48.931642   Prev. role - 'NoReg'
2024-04-18 04:28:48.931650   Cur. role - 'NoReg'
2024-04-18 04:28:48.931659   => The 'NoReg' role is set

2024-04-18 04:28:48.934417   => Current URL - https://capital.com/cn

2024-04-18 04:28:48.934438   => THE END PRECONDITIONS

2024-04-18 04:28:48.934478   1. Arrange_v0
2024-04-18 04:28:48.934491   current_page = https://capital.com/cn
2024-04-18 04:28:48.937049   link = https://capital.com/cn/euro-swiss-franc-rate
2024-04-18 04:28:48.939537   Current page URL = https://capital.com/cn
2024-04-18 04:28:48.942064   self.link = https://capital.com/cn/euro-swiss-franc-rate
2024-04-18 04:28:48.942081   driver.get(https://capital.com/cn/euro-swiss-franc-rate) =>
2024-04-18 04:28:50.615865   => Loaded page https://capital.com/cn/euro-swiss-franc-rate
2024-04-18 04:28:50.620132   BUTTON_SELL is located on the page? =>
2024-04-18 04:28:50.630159   => BUTTON_SELL is located on the page!
2024-04-18 04:28:50.630335   Start Checking that form [Sign up] popped up on the page =>
2024-04-18 04:28:52.165027   '[Sign up]' form was not popped up

2024-04-18 04:28:52.165224   2. Act_v0
2024-04-18 04:28:52.170407   BUTTON_SELL is present? =>
2024-04-18 04:28:52.170430   => BUTTON_SELL is present on the page
2024-04-18 04:28:52.170440   BUTTON_SELL scroll =>
2024-04-18 04:28:52.173779   => BUTTON_SELL scrolled
2024-04-18 04:28:52.199897   BUTTON_SELL is clickable? =>
2024-04-18 04:28:52.212077   BUTTON_SELL CLICK =>
2024-04-18 04:28:52.252630   => BUTTON_SELL clicked!

2024-04-18 04:28:52.252926   3. Assert_v0
2024-04-18 04:28:52.253053   Start step Check that [Sign up] form is opened
2024-04-18 04:28:52.418444   'Sign up' form opened
2024-04-18 04:28:52.418482   Assert SIGNUP_HEADER =>
2024-04-18 04:28:52.431942   Assert SIGNUP_REF_LOGIN =>
2024-04-18 04:28:52.442655   Assert SIGNUP_PRIVACY_POLICY_ALL_2 =>
2024-04-18 04:28:52.453724   => SIGNUP_PRIVACY_POLICY_ALL
2024-04-18 04:28:52.453754   => 'Signup' form is checked
2024-04-18 04:28:52.453919   Start step Close [Sign up] form =>
2024-04-18 04:28:52.540916   => 'Signup' form closed
2024-04-18 04:28:52.809879   => Focus moved to 'capital*com' logo
