{'width': 1280, 'height': 800}

2024-04-18 02:54:23.872039   worker_id = master

2024-04-18 02:54:23.872052   0. Allure grouping v4

2024-04-18 02:54:23.872238   START PRECONDITIONS =>

2024-04-18 02:54:23.872254   => URL after prev. preconditions - https://capital.com/cn
2024-04-18 02:54:23.872264   => flag_of_bug - True
2024-04-18 02:54:23.872276   => Current URL - https://capital.com/cn

2024-04-18 02:54:23.877629   => Windows size - {'width': 1280, 'height': 800}
2024-04-18 02:54:23.878943   Set windows position at (0, 0) =>
2024-04-18 02:54:23.981131   Set resolution 1280 * 800 =>
2024-04-18 02:54:24.083589   => Windows size is set to {'width': 1280, 'height': 800}

2024-04-18 02:54:25.113966   Капчи нет. Идем дальше

2024-04-18 02:54:25.114068   Работа с куками =>

2024-04-18 02:54:25.114082   => не требуется

2024-04-18 02:54:25.114092   Prev. country - 'de'
2024-04-18 02:54:25.114101   Cur. country - 'de'
2024-04-18 02:54:25.114111   => Country set to 'de'

2024-04-18 02:54:25.114119   Prev. language - 'cn'
2024-04-18 02:54:25.114128   Cur. language - 'cn'
2024-04-18 02:54:25.114137   => Language is set to 'cn'

2024-04-18 02:54:25.114146   Prev. role - 'Auth'
2024-04-18 02:54:25.114154   Cur. role - 'Auth'
2024-04-18 02:54:25.114163   => The 'Auth' role is set

2024-04-18 02:54:25.116979   => Current URL - https://capital.com/cn

2024-04-18 02:54:25.117001   => THE END PRECONDITIONS

2024-04-18 02:54:25.117193   1. Arrange_v0
2024-04-18 02:54:25.117211   current_page = https://capital.com/cn
2024-04-18 02:54:25.121055   link = https://capital.com/cn
2024-04-18 02:54:25.123589   IS 'Trading calculator' widget present on this page? =>
2024-04-18 02:54:25.131234   => 'Trading calculator' widget present on this page!

2024-04-18 02:54:25.131261   IS 'Trading calculator' widget present on this page? =>
2024-04-18 02:54:25.144761   => 'Trading calculator' widget is visible on this page!

2024-04-18 02:54:25.144796   IS [Start Trading] button present on this page? =>
2024-04-18 02:54:25.154445   => [Start Trading] button present on this page!

2024-04-18 02:54:25.154471   IS [Start Trading] button present on this page? =>
2024-04-18 02:54:25.166564   => [Start Trading] button is visible on this page!

2024-04-18 02:54:25.166588   [Start Trading] button scroll =>

2024-04-18 02:54:25.171140   2. Act_v0
2024-04-18 02:54:25.171162   [Start Trading] button is clickable? =>
2024-04-18 02:54:25.188515   => [Start Trading] button is clickable!

2024-04-18 02:54:25.464408   => [Start Trading] button clicked!

2024-04-18 02:54:25.464676   3. Assert_v4

2024-04-18 02:54:25.464698   
2024-04-18 02:54:25.464807   Checking that the trading platform page has opened (v4) =>
2024-04-18 02:54:25.474506   Checking way # 1 => 

2024-04-18 02:54:25.474685   1. Checking that the Trading platform (or TradingView site) page has valid title =>
2024-04-18 02:54:25.478012   => The title of current page is 'Trading Platform | Capital.com'

2024-04-18 02:54:25.478104   2. Checking that the LOGO is present on the page =>
2024-04-18 02:54:27.029487   => 'capital*com' logo is present on the current page

2024-04-18 02:54:27.029524   tpd = False
2024-04-18 02:54:28.665983   => Driver.backed
