{'width': 1280, 'height': 800}

2024-04-18 03:25:52.182799   worker_id = master

2024-04-18 03:25:52.182813   0. Allure grouping v4

2024-04-18 03:25:52.183013   START PRECONDITIONS =>

2024-04-18 03:25:52.183031   => URL after prev. preconditions - https://capital.com/cn
2024-04-18 03:25:52.183048   => flag_of_bug - False
2024-04-18 03:25:52.183066   => Current URL - https://capital.com/cn/us-500-s-p-index
2024-04-18 03:25:52.188119   Current page URL = https://capital.com/cn/us-500-s-p-index
2024-04-18 03:25:52.190435   self.link = https://capital.com/cn
2024-04-18 03:25:52.190448   driver.get(https://capital.com/cn) =>
2024-04-18 03:25:53.991490   => Loaded page https://capital.com/cn

2024-04-18 03:25:53.998281   => Windows size - {'width': 1280, 'height': 800}
2024-04-18 03:25:53.999637   Set windows position at (0, 0) =>
2024-04-18 03:25:54.101755   Set resolution 1280 * 800 =>
2024-04-18 03:25:54.204177   => Windows size is set to {'width': 1280, 'height': 800}

2024-04-18 03:25:55.231237   Капчи нет. Идем дальше

2024-04-18 03:25:55.231327   Работа с куками =>

2024-04-18 03:25:55.231341   => не требуется

2024-04-18 03:25:55.231351   Prev. country - 'de'
2024-04-18 03:25:55.231360   Cur. country - 'de'
2024-04-18 03:25:55.231369   => Country set to 'de'

2024-04-18 03:25:55.231378   Prev. language - 'cn'
2024-04-18 03:25:55.231387   Cur. language - 'cn'
2024-04-18 03:25:55.231396   => Language is set to 'cn'

2024-04-18 03:25:55.231404   Prev. role - 'NoReg'
2024-04-18 03:25:55.231413   Cur. role - 'NoReg'
2024-04-18 03:25:55.231422   => The 'NoReg' role is set

2024-04-18 03:25:55.234190   => Current URL - https://capital.com/cn

2024-04-18 03:25:55.234212   => THE END PRECONDITIONS

2024-04-18 03:25:55.234392   1. Arrange_v0
2024-04-18 03:25:55.234409   current_page = https://capital.com/cn
2024-04-18 03:25:55.237019   link = https://capital.com/cn/us-500-s-p-index
2024-04-18 03:25:55.239426   Current page URL = https://capital.com/cn
2024-04-18 03:25:55.241865   self.link = https://capital.com/cn/us-500-s-p-index
2024-04-18 03:25:55.241878   driver.get(https://capital.com/cn/us-500-s-p-index) =>
2024-04-18 03:25:56.922355   => Loaded page https://capital.com/cn/us-500-s-p-index
2024-04-18 03:25:56.929442   BUTTON_CREATE_YOUR_ACCOUNT is located on the page? =>

2024-04-18 03:25:56.937620   2. Act_v0: Define of locator

2024-04-18 03:25:56.937643   2. Act_v0: Go to web element

2024-04-18 03:25:57.981108   2. Act_v0: Click web element
2024-04-18 03:25:58.008365   => BUTTON_CREATE_YOUR_ACCOUNT is clicked

2024-04-18 03:25:58.008576   3. Assert_v0
2024-04-18 03:25:58.008662   Start step Check that [Sign up] form is opened
2024-04-18 03:25:58.431895   'Sign up' form opened
2024-04-18 03:25:58.431936   Assert SIGNUP_HEADER =>
2024-04-18 03:25:58.445257   Assert SIGNUP_REF_LOGIN =>
2024-04-18 03:25:58.455105   Assert SIGNUP_PRIVACY_POLICY_ALL_2 =>
2024-04-18 03:25:58.468760   => SIGNUP_PRIVACY_POLICY_ALL
2024-04-18 03:25:58.468796   => 'Signup' form is checked
2024-04-18 03:25:58.468966   Start step Close [Sign up] form =>
2024-04-18 03:25:58.562270   => 'Signup' form closed
2024-04-18 03:25:58.844139   => Focus moved to 'capital*com' logo
