{'width': 1280, 'height': 800}

2024-04-18 03:45:29.635999   worker_id = master

2024-04-18 03:45:29.636012   0. Allure grouping v4

2024-04-18 03:45:29.636189   START PRECONDITIONS =>

2024-04-18 03:45:29.636204   => URL after prev. preconditions - https://capital.com/cn
2024-04-18 03:45:29.636213   => flag_of_bug - False
2024-04-18 03:45:29.636224   => Current URL - https://capital.com/cn/proshares-ultra-vix-short-term-futures-etf-share-price
2024-04-18 03:45:29.641246   Current page URL = https://capital.com/cn/proshares-ultra-vix-short-term-futures-etf-share-price
2024-04-18 03:45:29.643622   self.link = https://capital.com/cn
2024-04-18 03:45:29.643635   driver.get(https://capital.com/cn) =>
2024-04-18 03:45:31.382821   => Loaded page https://capital.com/cn

2024-04-18 03:45:31.387050   => Windows size - {'width': 1280, 'height': 800}
2024-04-18 03:45:31.388418   Set windows position at (0, 0) =>
2024-04-18 03:45:31.490537   Set resolution 1280 * 800 =>
2024-04-18 03:45:31.592857   => Windows size is set to {'width': 1280, 'height': 800}

2024-04-18 03:45:32.629586   Капчи нет. Идем дальше

2024-04-18 03:45:32.629678   Работа с куками =>

2024-04-18 03:45:32.629692   => не требуется

2024-04-18 03:45:32.629702   Prev. country - 'de'
2024-04-18 03:45:32.629711   Cur. country - 'de'
2024-04-18 03:45:32.629720   => Country set to 'de'

2024-04-18 03:45:32.629729   Prev. language - 'cn'
2024-04-18 03:45:32.629738   Cur. language - 'cn'
2024-04-18 03:45:32.629746   => Language is set to 'cn'

2024-04-18 03:45:32.629755   Prev. role - 'NoReg'
2024-04-18 03:45:32.629764   Cur. role - 'NoReg'
2024-04-18 03:45:32.629772   => The 'NoReg' role is set

2024-04-18 03:45:32.632537   => Current URL - https://capital.com/cn

2024-04-18 03:45:32.632559   => THE END PRECONDITIONS

2024-04-18 03:45:32.632744   1. Arrange_v0
2024-04-18 03:45:32.632762   current_page = https://capital.com/cn
2024-04-18 03:45:32.635105   link = https://capital.com/cn/proshares-ultra-vix-short-term-futures-etf-share-price
2024-04-18 03:45:32.637475   Current page URL = https://capital.com/cn
2024-04-18 03:45:32.639839   self.link = https://capital.com/cn/proshares-ultra-vix-short-term-futures-etf-share-price
2024-04-18 03:45:32.639852   driver.get(https://capital.com/cn/proshares-ultra-vix-short-term-futures-etf-share-price) =>
2024-04-18 03:45:34.335237   => Loaded page https://capital.com/cn/proshares-ultra-vix-short-term-futures-etf-share-price
2024-04-18 03:45:34.339709   IS 'Trading calculator' widget present on this page? =>
2024-04-18 03:45:34.349200   => 'Trading calculator' widget present on this page!

2024-04-18 03:45:34.349230   IS 'Trading calculator' widget present on this page? =>
2024-04-18 03:45:34.361227   => 'Trading calculator' widget is visible on this page!

2024-04-18 03:45:34.361251   IS [Start Trading] button present on this page? =>
2024-04-18 03:45:34.371546   => [Start Trading] button present on this page!

2024-04-18 03:45:34.371571   IS [Start Trading] button present on this page? =>
2024-04-18 03:45:34.384892   => [Start Trading] button is visible on this page!

2024-04-18 03:45:34.384917   [Start Trading] button scroll =>

2024-04-18 03:45:34.388421   2. Act_v0
2024-04-18 03:45:34.388442   [Start Trading] button is clickable? =>
2024-04-18 03:45:34.422859   => [Start Trading] button is clickable!

2024-04-18 03:45:34.468039   => [Start Trading] button clicked!

2024-04-18 03:45:34.468271   3. Assert_v0
2024-04-18 03:45:34.468360   Start step Check that [Sign up] form is opened
2024-04-18 03:45:34.655531   'Sign up' form opened
2024-04-18 03:45:34.655582   Assert SIGNUP_HEADER =>
2024-04-18 03:45:34.669132   Assert SIGNUP_REF_LOGIN =>
2024-04-18 03:45:34.678792   Assert SIGNUP_PRIVACY_POLICY_ALL_2 =>
2024-04-18 03:45:34.693815   => SIGNUP_PRIVACY_POLICY_ALL
2024-04-18 03:45:34.693862   => 'Signup' form is checked
2024-04-18 03:45:34.694076   Start step Close [Sign up] form =>
2024-04-18 03:45:34.744576   => 'Signup' form closed
2024-04-18 03:45:35.047317   => Focus moved to 'capital*com' logo
