


Current sort - Most volatile
{'width': 1280, 'height': 800}

2024-04-18 03:52:14.587765   worker_id = master

2024-04-18 03:52:14.587784   0. Allure grouping v4

2024-04-18 03:52:14.588040   START PRECONDITIONS =>

2024-04-18 03:52:14.588056   => URL after prev. preconditions - https://capital.com/cn
2024-04-18 03:52:14.588066   => flag_of_bug - False
2024-04-18 03:52:14.588077   => Current URL - https://capital.com/cn/live-currency-prices
2024-04-18 03:52:14.593288   Current page URL = https://capital.com/cn/live-currency-prices
2024-04-18 03:52:14.595664   self.link = https://capital.com/cn
2024-04-18 03:52:14.595677   driver.get(https://capital.com/cn) =>
2024-04-18 03:52:16.498683   => Loaded page https://capital.com/cn

2024-04-18 03:52:16.502876   => Windows size - {'width': 1280, 'height': 800}
2024-04-18 03:52:16.504189   Set windows position at (0, 0) =>
2024-04-18 03:52:16.606380   Set resolution 1280 * 800 =>
2024-04-18 03:52:16.708672   => Windows size is set to {'width': 1280, 'height': 800}

2024-04-18 03:52:17.738451   Капчи нет. Идем дальше

2024-04-18 03:52:17.738541   Работа с куками =>

2024-04-18 03:52:17.738555   => не требуется

2024-04-18 03:52:17.738565   Prev. country - 'de'
2024-04-18 03:52:17.738575   Cur. country - 'de'
2024-04-18 03:52:17.738584   => Country set to 'de'

2024-04-18 03:52:17.738593   Prev. language - 'cn'
2024-04-18 03:52:17.738602   Cur. language - 'cn'
2024-04-18 03:52:17.738610   => Language is set to 'cn'

2024-04-18 03:52:17.738619   Prev. role - 'NoAuth'
2024-04-18 03:52:17.738628   Cur. role - 'NoAuth'
2024-04-18 03:52:17.738642   => The 'NoAuth' role is set

2024-04-18 03:52:17.741424   => Current URL - https://capital.com/cn

2024-04-18 03:52:17.741446   => THE END PRECONDITIONS

2024-04-18 03:52:17.741633   START Open "Markets" menu, "Forex" submenu =>

2024-04-18 03:52:17.741648   1. Cur URL = https://capital.com/cn

2024-04-18 03:52:17.744204   2. Link = https://capital.com/cn
2024-04-18 03:52:17.744219   current_page = https://capital.com/cn
2024-04-18 03:52:17.746730   link = https://capital.com/cn
2024-04-18 03:52:18.255065   => 'Markets' menu is present
2024-04-18 03:52:18.267985   => 'Markets' menu is visible
2024-04-18 03:52:19.548041   => Focus moved to 'Markets' menu


2024-04-18 03:52:21.011522   => 'Forex' sub-menu clicked
2024-04-18 03:52:21.297485   => Focus moved to 'capital*com' logo

2024-04-18 03:52:21.297528   3. Cur URL = https://capital.com/cn/live-currency-prices

2024-04-18 03:52:21.303042   1. Arrange for TABLE_TRADING_INSTRUMENTS and 'Most volatile' cur_sort
2024-04-18 03:52:21.303064   current_page = https://capital.com/cn/live-currency-prices
2024-04-18 03:52:21.305473   link = https://capital.com/cn/live-currency-prices
2024-04-18 03:52:21.307815   TABLE_TRADING_INSTRUMENTS present on this page? =>
2024-04-18 03:52:21.313080   => TABLE_TRADING_INSTRUMENTS is present on the page!
2024-04-18 03:52:21.313101   IS FIELD_DROPDOWN_SORT present in the Live prices table? =>
2024-04-18 03:52:21.317453   =>  FIELD_DROPDOWN_SORT is present in the table!
2024-04-18 03:52:21.317475   Start scroll and click FIELD_DROPDOWN_SORT =>
2024-04-18 03:52:21.410031   Is item_sort_list visible on the FIELD_DROPDOWN_SORT ? =>
2024-04-18 03:52:21.436807   => item_sort_list is visible on the FIELD_DROPDOWN_SORT!
2024-04-18 03:52:21.436858   Is cur_sort "Most volatile" present in item_sort_list? =>
2024-04-18 03:52:21.455167   => cur_sort "Most volatile" is present in item_sort_list!
2024-04-18 03:52:21.455224   Start click cur_sort "Most volatile" =>
2024-04-18 03:52:22.138815   => End Click cur_sort "Most volatile"

2024-04-18 03:52:22.138865   Buttons [Sell] is visible and sum buttons no zero? =>
2024-04-18 03:52:22.165043   => Buttons [Sell] is visible and sum buttons no zero!

2024-04-18 03:52:22.165083   Start find 1 random buttons [Sell] on cur_sort "Most volatile"=>
2024-04-18 03:52:22.171421   => End find 1 random buttons [Sell] on the cur_sort "Most volatile"

2024-04-18 03:52:22.171450   List of random items = [5]
2024-04-18 03:52:22.171650   2. Act for trading instrument and "Most volatile" cur_sort
2024-04-18 03:52:22.183657   Start click button [Sell] =>
2024-04-18 03:52:22.192760   =>   BUTTON_SELL on item with ID = '253454610154649' is present
2024-04-18 03:52:22.192782   BUTTON_SELL on item with ID = '253454610154649' scroll into view =>
2024-04-18 03:52:22.199628   => BUTTON_SELL on item with ID = '253454610154649' scrolled into view
2024-04-18 03:52:22.199660   Check that BUTTON_SELL with item 'NZD/TRY' clickable =>
2024-04-18 03:52:22.299112   => BUTTON_SELL is clickable
2024-04-18 03:52:23.816573   =>   BUTTON_SELL on item 'NZD/TRY' clicked

2024-04-18 03:52:23.816910   3. Assert_Login_v0
2024-04-18 03:52:23.817047   Check that 'Login' form is opened
2024-04-18 03:52:26.895515   'Login' form not opened
2024-04-18 03:52:26.895707   Check that new 'Login' form is opened
2024-04-18 03:52:29.986117   => New 'Login' form not opened
2024-04-18 03:52:29.988904   'Login' page not opened
2024-04-18 03:52:33.052769   'Login' form on trading platform not opened
2024-04-18 03:52:33.052967   Start step Check that [Sign up] form is opened
2024-04-18 03:52:36.141990   'Sign up' form not opened
2024-04-18 03:52:36.142184   Start step Check that new [Sign up] form is opened
2024-04-18 03:52:39.206869   => new 'Sign up' form not opened
2024-04-18 03:52:39.207067   Start method Check that [Sign up] page opened =>
2024-04-18 03:52:40.210896   'Sign up' page not opened
2024-04-18 03:52:40.211112   Check that [Sign up] form on trading platform opened =>
2024-04-18 03:52:43.275025   'Sign up' form on trading platform page not opened

Bug: Bid:01.03.00_002-cn.de.NoAuth

2024-04-18 03:52:43.275121   Проверка бага в таблице ретеста  =>

2024-04-18 03:52:43.548442   4. Fixing one row check results into Google Sheet Bugs Report =>
1 cells updated.
2024-04-18 03:52:43.759266   => 4. One row check results into Google Sheet Bugs Report fixed

2024-04-18 03:52:44.814446   4. Fixing one row check results into Google Sheet Bugs Report =>
1 cells updated.
2024-04-18 03:52:44.954781   => 4. One row check results into Google Sheet Bugs Report fixed

2024-04-18 03:52:44.954848   Баг Bid:01.03.00_002-cn.de.NoAuth уже существует, но у него изменился тип с  на 08

2024-04-18 03:52:44.955026   4. Fixing one row check results into Google Sheet Bugs Report =>
1 cells updated.
2024-04-18 03:52:45.092687   => 4. One row check results into Google Sheet Bugs Report fixed

2024-04-18 03:52:45.094616   Баг Bid:01.03.00_002-cn.de.NoAuth-08 обнаружен ранее и уже находится в 'Bugs Report Auto detect'
