{'width': 1280, 'height': 800}

2024-04-18 04:55:19.901789   worker_id = master

2024-04-18 04:55:19.901803   0. Allure grouping v4

2024-04-18 04:55:19.901988   START PRECONDITIONS =>

2024-04-18 04:55:19.902004   => URL after prev. preconditions - https://capital.com/cn
2024-04-18 04:55:19.902013   => flag_of_bug - False
2024-04-18 04:55:19.902024   => Current URL - https://capital.com/cn/online-finance-courses
2024-04-18 04:55:19.907177   Current page URL = https://capital.com/cn/online-finance-courses
2024-04-18 04:55:19.909641   self.link = https://capital.com/cn
2024-04-18 04:55:19.909654   driver.get(https://capital.com/cn) =>
2024-04-18 04:55:21.647813   => Loaded page https://capital.com/cn

2024-04-18 04:55:21.651928   => Windows size - {'width': 1280, 'height': 800}
2024-04-18 04:55:21.653237   Set windows position at (0, 0) =>
2024-04-18 04:55:21.755502   Set resolution 1280 * 800 =>
2024-04-18 04:55:21.857749   => Windows size is set to {'width': 1280, 'height': 800}

2024-04-18 04:55:22.885816   Капчи нет. Идем дальше

2024-04-18 04:55:22.885906   Работа с куками =>

2024-04-18 04:55:22.885920   => не требуется

2024-04-18 04:55:22.885930   Prev. country - 'de'
2024-04-18 04:55:22.885939   Cur. country - 'de'
2024-04-18 04:55:22.885949   => Country set to 'de'

2024-04-18 04:55:22.885957   Prev. language - 'cn'
2024-04-18 04:55:22.885966   Cur. language - 'cn'
2024-04-18 04:55:22.885975   => Language is set to 'cn'

2024-04-18 04:55:22.885984   Prev. role - 'NoAuth'
2024-04-18 04:55:22.885992   Cur. role - 'NoAuth'
2024-04-18 04:55:22.886001   => The 'NoAuth' role is set

2024-04-18 04:55:22.888714   => Current URL - https://capital.com/cn

2024-04-18 04:55:22.888736   => THE END PRECONDITIONS
2024-04-18 04:55:23.395004   => Education menu is present in DOM
2024-04-18 04:55:23.400097   => Education menu is visible
2024-04-18 04:55:24.679759   => Focus moved to Education menu

2024-04-18 04:55:26.144262   1. Arrange_v0
2024-04-18 04:55:26.144304   current_page = https://capital.com/cn/online-finance-courses
2024-04-18 04:55:26.147315   link = https://capital.com/cn/online-finance-courses
2024-04-18 04:55:26.149944   BUTTON_CREATE_YOUR_ACCOUNT is located on the page? =>

2024-04-18 04:55:26.158079   2. Act_v0: Define of locator

2024-04-18 04:55:26.158101   2. Act_v0: Go to web element

2024-04-18 04:55:27.207925   2. Act_v0: Click web element
2024-04-18 04:55:27.233022   => BUTTON_CREATE_YOUR_ACCOUNT is clicked

2024-04-18 04:55:27.233239   3. Assert_v0
2024-04-18 04:55:27.233330   Start step Check that [Sign up] form is opened
2024-04-18 04:55:28.216505   'Sign up' form opened
2024-04-18 04:55:28.216560   Assert SIGNUP_HEADER =>
2024-04-18 04:55:28.227011   Assert SIGNUP_REF_LOGIN =>
2024-04-18 04:55:28.238922   Assert SIGNUP_PRIVACY_POLICY_ALL_2 =>
2024-04-18 04:55:28.250007   => SIGNUP_PRIVACY_POLICY_ALL
2024-04-18 04:55:28.250052   => 'Signup' form is checked
2024-04-18 04:55:28.250278   Start step Close [Sign up] form =>
2024-04-18 04:55:28.325830   => 'Signup' form closed
2024-04-18 04:55:28.595963   => Focus moved to 'capital*com' logo
