{'width': 1280, 'height': 800}

2024-04-18 05:22:45.053259   worker_id = master

2024-04-18 05:22:45.053273   0. Allure grouping v4

2024-04-18 05:22:45.053455   START PRECONDITIONS =>

2024-04-18 05:22:45.053470   => URL after prev. preconditions - https://capital.com/cn
2024-04-18 05:22:45.053479   => flag_of_bug - False
2024-04-18 05:22:45.053490   => Current URL - https://capital.com/cn/trade-etfs
2024-04-18 05:22:45.058604   Current page URL = https://capital.com/cn/trade-etfs
2024-04-18 05:22:45.061027   self.link = https://capital.com/cn
2024-04-18 05:22:45.061041   driver.get(https://capital.com/cn) =>
2024-04-18 05:22:46.825783   => Loaded page https://capital.com/cn

2024-04-18 05:22:46.832559   => Windows size - {'width': 1280, 'height': 800}
2024-04-18 05:22:46.833909   Set windows position at (0, 0) =>
2024-04-18 05:22:46.936060   Set resolution 1280 * 800 =>
2024-04-18 05:22:47.038319   => Windows size is set to {'width': 1280, 'height': 800}

2024-04-18 05:22:48.067760   Капчи нет. Идем дальше

2024-04-18 05:22:48.067853   Работа с куками =>

2024-04-18 05:22:48.067867   => не требуется

2024-04-18 05:22:48.067877   Prev. country - 'de'
2024-04-18 05:22:48.067887   Cur. country - 'de'
2024-04-18 05:22:48.067896   => Country set to 'de'

2024-04-18 05:22:48.067905   Prev. language - 'cn'
2024-04-18 05:22:48.067914   Cur. language - 'cn'
2024-04-18 05:22:48.067923   => Language is set to 'cn'

2024-04-18 05:22:48.067931   Prev. role - 'NoReg'
2024-04-18 05:22:48.067940   Cur. role - 'NoReg'
2024-04-18 05:22:48.067949   => The 'NoReg' role is set

2024-04-18 05:22:48.070674   => Current URL - https://capital.com/cn

2024-04-18 05:22:48.070694   => THE END PRECONDITIONS
2024-04-18 05:22:48.577583   => Education menu is present in DOM
2024-04-18 05:22:48.585074   => Education menu is visible
2024-04-18 05:22:49.864681   => Focus moved to Education menu

2024-04-18 05:22:51.905814   1. Arrange_v4
2024-04-18 05:22:51.905860   current_page = https://capital.com/cn/trade-etfs
2024-04-18 05:22:51.924300   link = https://capital.com/cn/trade-etfs
2024-04-18 05:22:51.926832   MOST_TRADED is present? =>
2024-04-18 05:22:51.936622   => MOST_TRADED widget is present on this page
2024-04-18 05:22:51.936649   => Found 5 elements in block MOST_TRADED
2024-04-18 05:22:51.936660   Most traded widget is scroll =>
2024-04-18 05:22:51.939839   => Most traded widget is scrolled into screen center

2024-04-18 05:22:51.939876   Random indexes = [4]

2024-04-18 05:22:51.939891   Testing Most traded 1 random element with 4 index

2024-04-18 05:22:51.940045   2. Act_v4
2024-04-18 05:22:51.940138   Start Checking that form [Sign up] popped up on the page =>
2024-04-18 05:22:53.491994   '[Sign up]' form was not popped up
2024-04-18 05:22:53.504820   instrument_title = 'Apple Inc'
2024-04-18 05:22:53.509913   Selected Trade button on Most traded widget is scroll =>
2024-04-18 05:22:53.515420   Selected Trade button click for 'Apple Inc' trading instrument =>
2024-04-18 05:22:54.559845   => Selected Trade button clicked!

2024-04-18 05:22:54.560066   3. Assert_v0
2024-04-18 05:22:54.560154   Start step Check that [Sign up] form is opened
2024-04-18 05:22:54.721869   'Sign up' form opened
2024-04-18 05:22:54.721909   Assert SIGNUP_HEADER =>
2024-04-18 05:22:54.733350   Assert SIGNUP_REF_LOGIN =>
2024-04-18 05:22:54.743033   Assert SIGNUP_PRIVACY_POLICY_ALL_2 =>
2024-04-18 05:22:54.753655   => SIGNUP_PRIVACY_POLICY_ALL
2024-04-18 05:22:54.753688   => 'Signup' form is checked
2024-04-18 05:22:54.753850   Start step Close [Sign up] form =>
2024-04-18 05:22:54.828630   => 'Signup' form closed
2024-04-18 05:22:55.096942   => Focus moved to 'capital*com' logo
