
2023-12-14 16:34:31.567601   Работает obj <us_11-01-04_spread_betting_guide_test.TestSpreadBettingGuide object at 0x7fef26235ad0> с именем TC_11.01.04_02
{'width': 1280, 'height': 720}

2023-12-14 16:34:31.569120   browser = chrome

2023-12-14 16:34:31.569134   worker_id = master

2023-12-14 16:34:31.569142   Start TC_11.01.04_02

2023-12-14 16:34:31.569150   <us_11-01-04_spread_betting_guide_test.TestSpreadBettingGuide object at 0x7fef26235ad0>.None

2023-12-14 16:34:31.569159   0. Arrange


2023-12-14 16:34:31.569300   START PRECONDITIONS =>


2023-12-14 16:34:31.569314   {'width': 1280, 'height': 720}

2023-12-14 16:34:31.570585   Set windows position at (320, 180) =>

2023-12-14 16:34:31.672768   Set resolution 1280 * 720 =>

2023-12-14 16:34:31.775159   => Resolution seted {'width': 1280, 'height': 720}

2023-12-14 16:34:35.812064   Капчи нет. Тестим дальше

2023-12-14 16:34:35.812109   Prev. Role: Auth

2023-12-14 16:34:35.812118   Current role: Auth

2023-12-14 16:34:35.812127   Prev language: en

2023-12-14 16:34:35.812135   => Current language: en

2023-12-14 16:34:35.812142   Prev country: gb

2023-12-14 16:34:35.812150   => Current country: gb

2023-12-14 16:34:35.812157   => THE END PRECONDITIONS

2023-12-14 16:34:35.812210   1. Arrange_v0
2023-12-14 16:34:36.880353   Load page https://capital.com/spread-betting-vs-share-dealing
2023-12-14 16:34:36.880390   BUTTON_TRY_DEMO is visible? =>
2023-12-14 16:34:37.048651   => BUTTON_TRY_DEMO is visible on the page!

2023-12-14 16:34:37.048808   2. Act_v0
2023-12-14 16:34:37.048822   BUTTON_TRY_DEMO is present? =>
2023-12-14 16:34:37.070130   => BUTTON_TRY_DEMO is present on the page!
2023-12-14 16:34:37.070172   BUTTON_TRY_DEMO scroll =>
2023-12-14 16:34:37.162051   => BUTTON_TRY_DEMO clicked!

2023-12-14 16:34:37.162315   3. Assert_v4
2023-12-14 16:34:37.162414   Checking that the trading platform page has opened (v4) =>
2023-12-14 16:34:38.290488   => Current page title: Trading Platform | Capital.com
2023-12-14 16:34:38.290612   Checking that the Trading platform LOGO is present on the page =>
2023-12-14 16:34:39.023377   Checking that the Trading platform opened in DEMO mode =>
2023-12-14 16:34:39.037416   => The page with https://capital.com/spread-betting-vs-share-dealing url was opened in DEMO mode
2023-12-14 16:34:39.631524   Load page https://capital.com/spread-betting-vs-share-dealing
