{'width': 1280, 'height': 720}

2024-03-09 00:56:31.788316   worker_id = master

2024-03-09 00:56:31.788334   0. Allure grouping v4


2024-03-09 00:56:31.788535   START PRECONDITIONS =>


2024-03-09 00:56:31.788551   => Windows size - {'width': 1280, 'height': 720}
2024-03-09 00:56:31.793669   Set windows position at (0, 0) =>
2024-03-09 00:56:31.895896   Set resolution 1280 * 720 =>
2024-03-09 00:56:31.998525   => Windows size is set to {'width': 1280, 'height': 720}

2024-03-09 00:56:33.046605   Капчи нет. Идем дальше

2024-03-09 00:56:33.046697   Работа с куками

2024-03-09 00:56:33.046711   => Prev. country - 'de'
2024-03-09 00:56:33.046721   => Country set to 'de'

2024-03-09 00:56:33.046730   => Prev. language - 'en'
2024-03-09 00:56:33.046739   => Language is set to 'en'

2024-03-09 00:56:33.046747   => Prev. role - 'Auth'
2024-03-09 00:56:33.046756   => The 'Auth' role is set

2024-03-09 00:56:33.049479   => THE END PRECONDITIONS

2024-03-09 00:56:33.049539   1. Arrange_v0

2024-03-09 00:56:33.059670   2. Act_v0
2024-03-09 00:56:33.059695   BUTTON_GET_STARTED_ON_STICKY_BAR is present? =>
2024-03-09 00:56:33.064274   => BUTTON_GET_STARTED_ON_STICKY_BAR is present on the page!
2024-03-09 00:56:33.064296   BUTTON_GET_STARTED_ON_STICKY_BAR scroll =>
2024-03-09 00:56:33.385101   => BUTTON_GET_STARTED_ON_STICKY_BAR clicked!

2024-03-09 00:56:33.385449   3. Assert_v4
2024-03-09 00:56:33.385609   Checking that the trading platform page has opened (v4) =>
2024-03-09 00:56:33.901657   => Current page title: Trading Platform | Capital.com
2024-03-09 00:56:33.901827   Checking that the Trading platform LOGO is present on the page =>
2024-03-09 00:56:34.470824   Checking that the Trading platform opened in LIVE mode =>
2024-03-09 00:56:34.481607   => The page with https://capital.com/trading/platform/ url was opened in lIVE mode
2024-03-09 00:56:35.456822   => Driver.backed
