{'width': 1280, 'height': 720}

2023-12-14 16:42:24.084720   worker_id = master

2023-12-14 16:42:24.084733   0. Allure grouping


2023-12-14 16:42:24.084876   START PRECONDITIONS =>


2023-12-14 16:42:24.084890   {'width': 1280, 'height': 720}

2023-12-14 16:42:24.086221   Set windows position at (320, 180) =>

2023-12-14 16:42:24.188584   Set resolution 1280 * 720 =>

2023-12-14 16:42:24.291227   => Resolution seted {'width': 1280, 'height': 720}

2023-12-14 16:42:28.308196   Капчи нет. Тестим дальше

2023-12-14 16:42:28.308240   Prev. Role: NoReg

2023-12-14 16:42:28.308250   Current role: NoReg

2023-12-14 16:42:28.308258   Prev language: en

2023-12-14 16:42:28.308266   => Current language: en

2023-12-14 16:42:28.308273   Prev country: gb

2023-12-14 16:42:28.308281   => Current country: gb

2023-12-14 16:42:28.308289   => THE END PRECONDITIONS

2023-12-14 16:42:28.308340   1. Arrange
2023-12-14 16:42:28.311165   BUTTON_TRY_DEMO is visible? =>
2023-12-14 16:42:28.324684   => BUTTON_TRY_DEMO is visible on the page!

2023-12-14 16:42:28.324815   2. Act
2023-12-14 16:42:28.324829   BUTTON_TRY_DEMO is present? =>
2023-12-14 16:42:28.332118   => BUTTON_TRY_DEMO is present on the page!
2023-12-14 16:42:28.332140   BUTTON_TRY_DEMO scroll =>
2023-12-14 16:42:28.804681   => BUTTON_TRY_DEMO clicked!

2023-12-14 16:42:28.804933   3. Assert_v0
2023-12-14 16:42:28.805024   Start step Check that [Sign up] form is opened
2023-12-14 16:42:35.847096   'Sign up' form not opened
2023-12-14 16:42:35.847317   Start method Check that [Sign up] page opened =>
2023-12-14 16:42:36.851378   'Sign up' page opened
2023-12-14 16:42:36.851418   Assert SIGNUP_SIGNUP_FRAME =>
2023-12-14 16:42:36.860037   Assert SIGNUP_REF_LOGIN =>
2023-12-14 16:42:36.874650   Assert SIGNUP_PRIVACY_POLICY_ALL_1 =>
2023-12-14 16:42:41.433010   Assert SIGNUP_PRIVACY_POLICY_ALL_2 =>
2023-12-14 16:42:41.448203   => SIGNUP_PRIVACY_POLICY_ALL
2023-12-14 16:42:41.448234   => 'Signup' page is checked
2023-12-14 16:42:42.448567   Start method 'Close [Sign up] page' =>
2023-12-14 16:42:43.412571   => [Sign up] page is closed
