
2023-12-14 17:10:43.581634   Работает obj <US_11-02-02-01_Shares_trading_test.TestSharesTradingItems object at 0x7f5e54c95490> с именем TC_11.02.02.01_08
{'width': 1280, 'height': 720}

2023-12-14 17:10:43.582936   worker_id = master

2023-12-14 17:10:43.582948   0. Allure grouping


2023-12-14 17:10:43.583083   START PRECONDITIONS =>


2023-12-14 17:10:43.583096   {'width': 1280, 'height': 720}

2023-12-14 17:10:43.584305   Set windows position at (320, 180) =>

2023-12-14 17:10:43.686438   Set resolution 1280 * 720 =>

2023-12-14 17:10:43.788496   => Resolution seted {'width': 1280, 'height': 720}

2023-12-14 17:10:47.793577   Капчи нет. Тестим дальше

2023-12-14 17:10:47.793620   Prev. Role: Reg/NoAuth

2023-12-14 17:10:47.793629   Current role: Reg/NoAuth

2023-12-14 17:10:47.793637   Prev language: en

2023-12-14 17:10:47.793645   => Current language: en

2023-12-14 17:10:47.793653   Prev country: gb

2023-12-14 17:10:47.793660   => Current country: gb

2023-12-14 17:10:47.793668   => THE END PRECONDITIONS

2023-12-14 17:10:47.793721   1. Arrange_v0
2023-12-14 17:10:47.796576   BUTTON_CREATE_YOUR_ACCOUNT is located on the page? =>

2023-12-14 17:10:47.804491   2. Act_v0
2023-12-14 17:10:47.919455   => BUTTON_CREATE_YOUR_ACCOUNT is clicked

2023-12-14 17:10:47.919702   3. Assert_v0
2023-12-14 17:10:47.919797   Start step Check that [Sign up] form is opened
2023-12-14 17:10:47.935053   'Sign up' form opened
2023-12-14 17:10:47.935099   Assert SIGNUP_HEADER =>
2023-12-14 17:10:47.949700   Assert SIGNUP_REF_LOGIN =>
2023-12-14 17:10:47.962343   Assert SIGNUP_PRIVACY_POLICY_ALL_2 =>
2023-12-14 17:10:47.974806   => SIGNUP_PRIVACY_POLICY_ALL
2023-12-14 17:10:47.974838   => 'Signup' form is checked
2023-12-14 17:10:47.974983   Start step Close [Sign up] form =>
2023-12-14 17:10:48.057206   => 'Signup' form closed
