
2023-12-14 16:32:33.539051   Работает obj <us_11-01-04_spread_betting_guide_test.TestSpreadBettingGuide object at 0x7fef26257450> с именем TC_11.01.04_04
{'width': 1280, 'height': 720}

2023-12-14 16:32:33.540521   browser = chrome

2023-12-14 16:32:33.540535   worker_id = master

2023-12-14 16:32:33.540544   Start TC_11.01.04_04

2023-12-14 16:32:33.540551   <us_11-01-04_spread_betting_guide_test.TestSpreadBettingGuide object at 0x7fef26257450>.None

2023-12-14 16:32:33.540561   0. Arrange


2023-12-14 16:32:33.540704   START PRECONDITIONS =>


2023-12-14 16:32:33.540718   {'width': 1280, 'height': 720}

2023-12-14 16:32:33.541964   Set windows position at (320, 180) =>

2023-12-14 16:32:33.643951   Set resolution 1280 * 720 =>

2023-12-14 16:32:33.745993   => Resolution seted {'width': 1280, 'height': 720}

2023-12-14 16:32:37.781112   Капчи нет. Тестим дальше

2023-12-14 16:32:37.781159   Prev. Role: Auth

2023-12-14 16:32:37.781169   Current role: Auth

2023-12-14 16:32:37.781177   Prev language: en

2023-12-14 16:32:37.781185   => Current language: en

2023-12-14 16:32:37.781192   Prev country: gb

2023-12-14 16:32:37.781200   => Current country: gb

2023-12-14 16:32:37.781208   => THE END PRECONDITIONS

2023-12-14 16:32:37.781265   1. Arrange_v0
2023-12-14 16:32:38.999927   Load page https://capital.com/what-is-spread-betting
2023-12-14 16:32:38.999974   Is present BUTTON_START_TRADING_IN_ARTICLE? =>
2023-12-14 16:32:39.055135   => BUTTON_START_TRADING_IN_ARTICLE is present
2023-12-14 16:32:39.055170   Is visible BUTTON_START_TRADING_IN_ARTICLE? =>

2023-12-14 16:32:39.185255   2. Act_v0
2023-12-14 16:32:39.185289   Start Click button BUTTON_START_TRADING_IN_ARTICLE =>
2023-12-14 16:32:39.299600   BUTTON_START_TRADING_IN_ARTICLE_#1 scroll =>
2023-12-14 16:32:39.317643   Is BUTTON_START_TRADING_IN_ARTICLE_#1 clickable? =>
2023-12-14 16:32:39.376092   => BUTTON_START_TRADING_IN_ARTICLE_#1 is clickable
2023-12-14 16:32:39.376130   BUTTON_START_TRADING_IN_ARTICLE_#1 click =>
2023-12-14 16:32:39.816290   => BUTTON_START_TRADING_IN_ARTICLE_#1 clicked!

2023-12-14 16:32:39.816584   3. Assert_v4
2023-12-14 16:32:39.816762   Checking that the trading platform page has opened (v4) =>
2023-12-14 16:32:40.345014   => Current page title: Trading Platform | Capital.com
2023-12-14 16:32:40.345139   Checking that the Trading platform LOGO is present on the page =>
2023-12-14 16:32:41.146306   Checking that the Trading platform opened in LIVE mode =>
