{'width': 1280, 'height': 720}

2024-03-09 00:57:32.343393   worker_id = master

2024-03-09 00:57:32.343410   0. Allure grouping v4


2024-03-09 00:57:32.343608   START PRECONDITIONS =>


2024-03-09 00:57:32.343624   => Windows size - {'width': 1280, 'height': 720}
2024-03-09 00:57:32.344949   Set windows position at (0, 0) =>
2024-03-09 00:57:32.447477   Set resolution 1280 * 720 =>
2024-03-09 00:57:32.550195   => Windows size is set to {'width': 1280, 'height': 720}

2024-03-09 00:57:33.585459   Капчи нет. Идем дальше

2024-03-09 00:57:33.585557   Работа с куками

2024-03-09 00:57:33.585571   => Prev. country - 'de'
2024-03-09 00:57:33.585580   => Country set to 'de'

2024-03-09 00:57:33.585590   => Prev. language - 'en'
2024-03-09 00:57:33.585598   => Language is set to 'en'

2024-03-09 00:57:33.585607   => Prev. role - 'NoReg'
2024-03-09 00:57:33.585616   => The 'NoReg' role is set

2024-03-09 00:57:33.588381   => THE END PRECONDITIONS

2024-03-09 00:57:33.588579   1. Arrange_v0
2024-03-09 00:57:33.591227   BUTTON_CREATE_YOUR_ACCOUNT is located on the page? =>

2024-03-09 00:57:33.596357   2. Act_v0: Define of locator

2024-03-09 00:57:33.596379   2. Act_v0: Go to web element

2024-03-09 00:57:34.661786   2. Act_v0: Click web element
2024-03-09 00:57:34.703867   => BUTTON_CREATE_YOUR_ACCOUNT is clicked

2024-03-09 00:57:34.704138   3. Assert_v0
2024-03-09 00:57:34.704253   Start step Check that [Sign up] form is opened
2024-03-09 00:57:34.719604   'Sign up' form opened
2024-03-09 00:57:34.719647   Assert SIGNUP_HEADER =>
2024-03-09 00:57:34.732681   Assert SIGNUP_REF_LOGIN =>
2024-03-09 00:57:34.745520   Assert SIGNUP_PRIVACY_POLICY_ALL_2 =>
2024-03-09 00:57:34.757726   => SIGNUP_PRIVACY_POLICY_ALL
2024-03-09 00:57:34.757777   => 'Signup' form is checked
2024-03-09 00:57:34.758005   Start step Close [Sign up] form =>
2024-03-09 00:57:34.833026   => 'Signup' form closed
