{'width': 1920, 'height': 1080}

2025-05-18 02:50:11.331390   worker_id = master

2025-05-18 02:50:11.331400   0. Allure grouping for US_55


2025-05-18 02:50:11.331577   START PRECONDITIONS =>

2025-05-18 02:50:11.331588   => URL after prev. preconditions - https://capital.com/en-gb
2025-05-18 02:50:11.331594   => flag_of_bug - True
2025-05-18 02:50:11.331601   => Current URL - https://capital.com/en-au
2025-05-18 02:50:11.337417   Current page URL = https://capital.com/en-au
2025-05-18 02:50:11.340523   self.link = https://capital.com/en-gb
2025-05-18 02:50:11.340534   driver.get(https://capital.com/en-gb) =>
2025-05-18 02:50:13.654490   => Loaded page https://capital.com/en-gb

2025-05-18 02:50:13.661720   => Windows size: {'width': 1920, 'height': 1080}

2025-05-18 02:50:13.663249   Set windows position at (0, 0) =>

2025-05-18 02:50:13.665075   Set resolution 1920 * 1080 =>

2025-05-18 02:50:13.666880   => Resolution set {'width': 1920, 'height': 1080}

2025-05-18 02:50:13.668294   Работа с куками =>
2025-05-18 02:50:13.668305   Prev. role - 'NoAuth'
2025-05-18 02:50:13.668311   Current testing role - 'NoReg'

2025-05-18 02:50:13.668317   All cookies must be delete =>
2025-05-18 02:50:13.733117   => All cookies are deleted
2025-05-18 02:50:13.733150   Current page URL = https://capital.com/en-gb
2025-05-18 02:50:13.735936   self.link = https://capital.com/en-gb
2025-05-18 02:50:13.735946   driver.get(https://capital.com/en-gb) =>
2025-05-18 02:50:16.120868   => Loaded page https://capital.com/en-gb

2025-05-18 02:50:16.152747   Step 'Click button [Accept all cookies]'
2025-05-18 02:50:16.152755   Is Visible Button [Accept all cookies]? =>
2025-05-18 02:50:17.352438   => Button [Accept all cookies] is visible
2025-05-18 02:50:17.852557   Is clickable Button [Accept all cookies] =>
2025-05-18 02:50:17.870224   => Button [Accept all cookies] is clickable
2025-05-18 02:50:17.870252   Click Button [Accept all cookies] =>
2025-05-18 02:50:18.062970   => Button [Accept all cookies] is clicked
2025-05-18 02:50:18.063002   => Accepted All Cookies

2025-05-18 02:50:18.563161   Step 'Click button [Stay on this site]'
2025-05-18 02:50:18.563188   Is Visible Button [Stay on this site]? =>
2025-05-18 02:50:23.631513   => Button [Stay on this site] is not visible after 5 sec.
2025-05-18 02:50:23.631544   => Cur url = https://capital.com/en-gb

2025-05-18 02:50:23.634293   Prev. role - 'NoAuth'
2025-05-18 02:50:23.634303   Cur. role - 'NoReg'

2025-05-18 02:50:23.634311   => The 'NoReg' role is set

2025-05-18 02:50:23.634317   Prev. language: ?
2025-05-18 02:50:23.634322   Cur. language - 'en'

2025-05-18 02:50:23.634328   Prev. country: ?
2025-05-18 02:50:23.634333   Cur. country: ae

2025-05-18 02:50:23.634471   Set "en" language and "ae" country =>
2025-05-18 02:50:23.634485   Current page URL = https://capital.com/en-gb
2025-05-18 02:50:23.637652   self.link = https://capital.com/en-ae
2025-05-18 02:50:23.637661   driver.get(https://capital.com/en-ae) =>
2025-05-18 02:50:25.983204   => Loaded page https://capital.com/en-ae

2025-05-18 02:50:25.993458   Step 'Click button [Stay on this site]'
2025-05-18 02:50:25.993467   Is Visible Button [Stay on this site]? =>
2025-05-18 02:50:31.052822   => Button [Stay on this site] is not visible after 5 sec.
2025-05-18 02:50:31.052871   => Cur url = https://capital.com/en-ae
2025-05-18 02:50:31.058038   => Language is set to 'en'
2025-05-18 02:50:31.058048   => Country is set to 'ae'
2025-05-18 02:50:31.058054   => Current URL - https://capital.com/en-ae

2025-05-18 02:50:31.063408   => Current URL - https://capital.com/en-ae

2025-05-18 02:50:31.063426   => END PRECONDITIONS

2025-05-18 02:50:31.063607   START Open "Markets" menu, "Market analysis" submenu =>

2025-05-18 02:50:31.063618   1. Cur URL = https://capital.com/en-ae

2025-05-18 02:50:31.066299   2. Link = https://capital.com/en-ae
2025-05-18 02:50:31.066310   current_page = https://capital.com/en-ae
2025-05-18 02:50:31.068928   link = https://capital.com/en-ae
2025-05-18 02:50:31.582601   => 'Markets' menu is present
2025-05-18 02:50:31.599306   => 'Markets' menu is visible
2025-05-18 02:50:32.872742   => Focus moved to 'Markets' menu
2025-05-18 02:50:32.896045   => 'Market analysis' submenu is visible
2025-05-18 02:50:33.682303   => 'Market analysis' sub-menu clicked
