


Current sort - Top risers
{'width': 1280, 'height': 800}

2024-05-09 21:30:31.098398   worker_id = master

2024-05-09 21:30:31.098412   0. Allure grouping v4

2024-05-09 21:30:31.098590   START PRECONDITIONS =>

2024-05-09 21:30:31.098605   => URL after prev. preconditions - https://capital.com/el
2024-05-09 21:30:31.098615   => flag_of_bug - True
2024-05-09 21:30:31.098625   => Current URL - https://capital.com/el/zontanes-times-emporevmaton?t=most
2024-05-09 21:30:31.104085   Current page URL = https://capital.com/el/zontanes-times-emporevmaton?t=most
2024-05-09 21:30:31.106618   self.link = https://capital.com/el
2024-05-09 21:30:31.106631   driver.get(https://capital.com/el) =>
2024-05-09 21:30:32.911532   => Loaded page https://capital.com/el

2024-05-09 21:30:32.915891   => Windows size - {'width': 1280, 'height': 800}
2024-05-09 21:30:32.917280   Set windows position at (0, 0) =>
2024-05-09 21:30:32.920692   Set resolution 1280 * 800 =>
2024-05-09 21:30:32.922265   => Windows size is set to {'width': 1280, 'height': 800}

2024-05-09 21:30:33.960166   Капчи нет. Идем дальше

2024-05-09 21:30:33.960257   Работа с куками =>

2024-05-09 21:30:33.960271   => не требуется

2024-05-09 21:30:33.960281   Prev. country - 'ae'
2024-05-09 21:30:33.960290   Cur. country - 'ae'
2024-05-09 21:30:33.960299   => Country set to 'ae'

2024-05-09 21:30:33.960307   Prev. language - 'el'
2024-05-09 21:30:33.960316   Cur. language - 'el'
2024-05-09 21:30:33.960325   => Language is set to 'el'

2024-05-09 21:30:33.960333   Prev. role - 'NoReg'
2024-05-09 21:30:33.960342   Cur. role - 'NoReg'
2024-05-09 21:30:33.960350   => The 'NoReg' role is set

2024-05-09 21:30:33.963047   => Current URL - https://capital.com/el

2024-05-09 21:30:33.963069   => THE END PRECONDITIONS

2024-05-09 21:30:33.963245   START Open "Markets" menu, "Commodities" submenu =>

2024-05-09 21:30:33.963260   1. Cur URL = https://capital.com/el

2024-05-09 21:30:33.965716   2. Link = https://capital.com/el
2024-05-09 21:30:33.965731   current_page = https://capital.com/el
2024-05-09 21:30:33.968323   link = https://capital.com/el
2024-05-09 21:30:34.479836   => 'Markets' menu is present
2024-05-09 21:30:34.495081   => 'Markets' menu is visible
2024-05-09 21:30:35.769416   => Focus moved to 'Markets' menu
2024-05-09 21:30:35.778103   => 'Markets > Commodities' submenu is present
2024-05-09 21:30:37.565540   => Focus moved to 'capital*com' logo

2024-05-09 21:30:37.565586   3. Cur URL = https://capital.com/el/zontanes-times-emporevmaton

2024-05-09 21:30:37.571336   1. Arrange for Trading instrument table and "Top risers" cur_sort
2024-05-09 21:30:37.571360   current_page = https://capital.com/el/zontanes-times-emporevmaton
2024-05-09 21:30:37.573748   link = https://capital.com/el/zontanes-times-emporevmaton
2024-05-09 21:30:37.576118   IS TABLE_TRADING_INSTRUMENTS  present on the  page? =>
2024-05-09 21:30:37.583880   => TABLE_TRADING_INSTRUMENTS is present on the page!
2024-05-09 21:30:37.583912   IS FIELD_DROPDOWN_SORT present in the table? =>
2024-05-09 21:30:37.591168   =>  FIELD_DROPDOWN_SORT is present in the table!
2024-05-09 21:30:37.591194   Start scroll and click FIELD_DROPDOWN_SORT =>
2024-05-09 21:30:37.692020   Is item_sort_list visible on the FIELD_DROPDOWN_SORT ? =>
2024-05-09 21:30:37.711589   => item_sort_list is visible on the FIELD_DROPDOWN_SORT!
2024-05-09 21:30:37.711629   Is cur_sort "Top risers" present in item_sort_list? =>
2024-05-09 21:30:37.721324   => cur_sort "Top risers" is present in item_sort_list!
2024-05-09 21:30:37.721377   Start click cur_sort "Top risers" =>
2024-05-09 21:30:38.352059   => End Click cur_sort "Top risers"

2024-05-09 21:30:38.352111   Buttons [Buy] is visible and quantity buttons not zero? =>
2024-05-09 21:30:38.363532   => Buttons [Buy] is visible and quantity buttons not zero!

2024-05-09 21:30:38.363585   Start find two random buttons [Buy] on cur_sort "Top risers"=>
2024-05-09 21:30:38.371047   => End find 1 random buttons [Buy] on the cur_sort "Top risers"


2024-05-09 21:30:38.371095   Item_list = [4]
2024-05-09 21:30:38.371285   Start Checking that form [Sign up] popped up on the page =>
2024-05-09 21:30:39.933800   '[Sign up]' form was not popped up
2024-05-09 21:30:39.934005   2. Act for trading instrument and "Top risers" cur_sort
2024-05-09 21:30:39.952293   Start click button [Buy] =>
2024-05-09 21:30:39.964294   =>   BUTTON_BUY on item with ID = 7096862226076868
2024-05-09 21:30:39.964330   BUTTON_BUY on item with ID = '7096862226076868' scroll into view =>
2024-05-09 21:30:39.970786   => BUTTON_SELL on item with ID = '7096862226076868' scrolled into view
2024-05-09 21:30:39.970829   Check that BUTTON_BUY with item Oats clickable =>
2024-05-09 21:30:40.113484   => BUTTON_BUY is clickable
2024-05-09 21:30:40.882118   =>   BUTTON_BUY with item Oats clicked

2024-05-09 21:30:40.882352   3. Assert_v0
2024-05-09 21:30:40.882440   Start step Check that [Sign up] form is opened
2024-05-09 21:30:42.786254   'Sign up' form opened
2024-05-09 21:30:42.786306   Assert SIGNUP_HEADER =>
2024-05-09 21:30:42.803354   Assert SIGNUP_REF_LOGIN =>
2024-05-09 21:30:42.818678   Assert SIGNUP_PRIVACY_POLICY_ALL_2 =>
2024-05-09 21:30:42.832368   => SIGNUP_PRIVACY_POLICY_ALL
2024-05-09 21:30:42.832407   => 'Signup' form is checked
2024-05-09 21:30:42.832575   Start step Close [Sign up] form =>
2024-05-09 21:30:42.914780   => 'Signup' form closed
2024-05-09 21:30:43.185528   => Focus moved to 'capital*com' logo
