{'width': 1280, 'height': 800}

2024-05-09 21:31:31.238609   worker_id = master

2024-05-09 21:31:31.238623   0. Allure grouping v4

2024-05-09 21:31:31.238804   START PRECONDITIONS =>

2024-05-09 21:31:31.238819   => URL after prev. preconditions - https://capital.com/el
2024-05-09 21:31:31.238829   => flag_of_bug - False
2024-05-09 21:31:31.238839   => Current URL - https://capital.com/el/zontanes-times-emporevmaton
2024-05-09 21:31:31.244008   Current page URL = https://capital.com/el/zontanes-times-emporevmaton
2024-05-09 21:31:31.246477   self.link = https://capital.com/el
2024-05-09 21:31:31.246491   driver.get(https://capital.com/el) =>
2024-05-09 21:31:33.217431   => Loaded page https://capital.com/el

2024-05-09 21:31:33.222169   => Windows size - {'width': 1280, 'height': 800}
2024-05-09 21:31:33.223591   Set windows position at (0, 0) =>
2024-05-09 21:31:33.225250   Set resolution 1280 * 800 =>
2024-05-09 21:31:33.226817   => Windows size is set to {'width': 1280, 'height': 800}

2024-05-09 21:31:34.264254   Капчи нет. Идем дальше

2024-05-09 21:31:34.264347   Работа с куками =>

2024-05-09 21:31:34.264361   => не требуется

2024-05-09 21:31:34.264371   Prev. country - 'ae'
2024-05-09 21:31:34.264380   Cur. country - 'ae'
2024-05-09 21:31:34.264389   => Country set to 'ae'

2024-05-09 21:31:34.264398   Prev. language - 'el'
2024-05-09 21:31:34.264407   Cur. language - 'el'
2024-05-09 21:31:34.264415   => Language is set to 'el'

2024-05-09 21:31:34.264424   Prev. role - 'NoReg'
2024-05-09 21:31:34.264433   Cur. role - 'NoReg'
2024-05-09 21:31:34.264441   => The 'NoReg' role is set

2024-05-09 21:31:34.267285   => Current URL - https://capital.com/el

2024-05-09 21:31:34.267310   => THE END PRECONDITIONS

2024-05-09 21:31:34.267490   START Open "Markets" menu, "Commodities" submenu =>

2024-05-09 21:31:34.267505   1. Cur URL = https://capital.com/el

2024-05-09 21:31:34.269957   2. Link = https://capital.com/el
2024-05-09 21:31:34.269973   current_page = https://capital.com/el
2024-05-09 21:31:34.272423   link = https://capital.com/el
2024-05-09 21:31:34.781431   => 'Markets' menu is present
2024-05-09 21:31:34.794026   => 'Markets' menu is visible
2024-05-09 21:31:36.067004   => Focus moved to 'Markets' menu
2024-05-09 21:31:36.072573   => 'Markets > Commodities' submenu is present
2024-05-09 21:31:37.735772   => Focus moved to 'capital*com' logo

2024-05-09 21:31:37.735823   3. Cur URL = https://capital.com/el/zontanes-times-emporevmaton

2024-05-09 21:31:37.741173   1. Arrange for Trading instrument
2024-05-09 21:31:37.741200   current_page = https://capital.com/el/zontanes-times-emporevmaton
2024-05-09 21:31:37.743677   link = https://capital.com/el/zontanes-times-emporevmaton
2024-05-09 21:31:37.746069   IS TABLE_TRADING_INSTRUMENTS  present on the page? =>
2024-05-09 21:31:37.754029   => TABLE_TRADING_INSTRUMENTS is present on the page!
2024-05-09 21:31:37.754053   IS TRADING_INSTRUMENTS  present on the page? =>
2024-05-09 21:31:37.762230   2. Act for trading instrument
2024-05-09 21:31:37.762253   Start click random TRADING_INSTRUMENT =>
2024-05-09 21:31:37.767595   => End find a random TRADING_INSTRUMENTS in TABLE_TRADING_INSTRUMENTS
2024-05-09 21:31:37.918566   =>   TRADING_INSTRUMENT 1 with trading instrument US Crude Oil Spot clicked!

2024-05-09 21:31:37.918687   Current page URL = https://capital.com/el/zontanes-times-emporevmaton
2024-05-09 21:31:37.934864   self.link = https://capital.com/el/zontanes-times-emporevmaton
2024-05-09 21:31:37.934889   driver.get(https://capital.com/el/zontanes-times-emporevmaton) =>
2024-05-09 21:31:39.699708   => Loaded page https://capital.com/el/us-crude-oil-spot-emporeuma

2024-05-09 21:31:39.704184   3. Assert_v0

2024-05-09 21:31:39.704344   Checking that the page has expected title =>
2024-05-09 21:31:39.707377   The title of current page is 'Διάγραμμα τιμών Oil - Crude Live | Εμπορία US Crude Oil Spot'
2024-05-09 21:31:39.707403   The expected title is 'US Crude Oil Spot'
2024-05-09 21:31:39.709890   => The page has expected title.

2024-05-09 21:31:39.709955   Page of trading instrument on capital.com with corresponding instrument is opened
2024-05-09 21:31:41.612881   2. Act for trading instrument
2024-05-09 21:31:41.612932   Start click random TRADING_INSTRUMENT =>
2024-05-09 21:31:41.624959   => End find a random TRADING_INSTRUMENTS in TABLE_TRADING_INSTRUMENTS
2024-05-09 21:31:41.744507   =>   TRADING_INSTRUMENT 6 with trading instrument US Coffee Arabica Spot clicked!

2024-05-09 21:31:41.744628   Current page URL = https://capital.com/el/zontanes-times-emporevmaton
2024-05-09 21:31:41.751802   self.link = https://capital.com/el/zontanes-times-emporevmaton
2024-05-09 21:31:41.751826   driver.get(https://capital.com/el/zontanes-times-emporevmaton) =>
2024-05-09 21:31:45.677669   => Loaded page https://capital.com/el/us-coffee-arabica-spot-emporeuma

2024-05-09 21:31:45.684462   3. Assert_v0

2024-05-09 21:31:45.684615   Checking that the page has expected title =>
2024-05-09 21:31:45.687139   The title of current page is 'Διάγραμμα τιμών Coffee Arabica Live | Εμπορία US Coffee Arabica Spot'
2024-05-09 21:31:45.687163   The expected title is 'US Coffee Arabica Spot'
2024-05-09 21:31:45.689511   => The page has expected title.

2024-05-09 21:31:45.689558   Page of trading instrument on capital.com with corresponding instrument is opened
