{'width': 1280, 'height': 720}

2024-02-08 23:50:13.463677   worker_id = master

2024-02-08 23:50:13.463696   0. Allure grouping v4


2024-02-08 23:50:13.463898   START PRECONDITIONS =>


2024-02-08 23:50:13.463913   {'width': 1280, 'height': 720}

2024-02-08 23:50:13.465302   Set windows position at (0, 0) =>

2024-02-08 23:50:13.567666   Set resolution 1280 * 720 =>

2024-02-08 23:50:13.670213   => Resolution seted {'width': 1280, 'height': 720}

2024-02-08 23:50:14.705538   Капчи нет. Идем дальше

2024-02-08 23:50:14.705626   Prev. Role: NoReg

2024-02-08 23:50:14.705639   Current role: NoReg

2024-02-08 23:50:15.738004   Капчи нет. Идем дальше

2024-02-08 23:50:15.738098   Prev language: en

2024-02-08 23:50:15.738111   => Current language: en

2024-02-08 23:50:16.784022   Капчи нет. Идем дальше

2024-02-08 23:50:16.784113   Prev country: ae
2024-02-08 23:50:16.784127   => Current country: ae

2024-02-08 23:50:16.784136   => THE END PRECONDITIONS

2024-02-08 23:50:16.784349   1. Arrange_v0
2024-02-08 23:50:16.787168   BUTTON_TRY_DEMO is visible? =>
2024-02-08 23:50:16.801447   => BUTTON_TRY_DEMO is visible on the page!

2024-02-08 23:50:16.801582   2. Act_v0
2024-02-08 23:50:16.801597   BUTTON_TRY_DEMO is present? =>
2024-02-08 23:50:16.809096   => BUTTON_TRY_DEMO is present on the page!
2024-02-08 23:50:16.809119   BUTTON_TRY_DEMO scroll =>
2024-02-08 23:50:16.860065   => BUTTON_TRY_DEMO clicked!

2024-02-08 23:50:16.860323   3. Assert_v0
2024-02-08 23:50:16.860416   Start step Check that [Sign up] form is opened
2024-02-08 23:50:16.872989   'Sign up' form opened
2024-02-08 23:50:16.873030   Assert SIGNUP_HEADER =>
2024-02-08 23:50:16.885268   Assert SIGNUP_REF_LOGIN =>
2024-02-08 23:50:16.898192   Assert SIGNUP_PRIVACY_POLICY_ALL_2 =>
2024-02-08 23:50:16.910645   => SIGNUP_PRIVACY_POLICY_ALL
2024-02-08 23:50:16.910676   => 'Signup' form is checked
2024-02-08 23:50:16.910841   Start step Close [Sign up] form =>
2024-02-08 23:50:16.985187   => 'Signup' form closed
