{'width': 1920, 'height': 1080}

2024-12-27 00:39:10.523280   worker_id = master

2024-12-27 00:39:10.523291   0. Allure grouping for US_55


2024-12-27 00:39:10.523473   START PRECONDITIONS =>

2024-12-27 00:39:10.523485   => URL after prev. preconditions - https://capital.com/en-gb
2024-12-27 00:39:10.523491   => flag_of_bug - True
2024-12-27 00:39:10.523499   => Current URL - https://capital.com/alphabet-google-share-price
2024-12-27 00:39:10.529047   Current page URL = https://capital.com/alphabet-google-share-price
2024-12-27 00:39:10.531723   self.link = https://capital.com/en-gb
2024-12-27 00:39:10.531732   driver.get(https://capital.com/en-gb) =>
2024-12-27 00:39:12.951269   => Loaded page https://capital.com/en-gb

2024-12-27 00:39:12.955477   => Windows size: {'width': 1920, 'height': 1080}

2024-12-27 00:39:12.956829   Set windows position at (0, 0) =>

2024-12-27 00:39:12.958481   Set resolution 1920 * 1080 =>

2024-12-27 00:39:12.960272   => Resolution set {'width': 1920, 'height': 1080}

2024-12-27 00:39:12.961680   Работа с куками =>
2024-12-27 00:39:12.961690   Prev. role - 'NoReg'
2024-12-27 00:39:12.961697   Current testing role - 'Auth'

2024-12-27 00:39:12.961702   All cookies must be delete =>
2024-12-27 00:39:13.102939   => All cookies are deleted
2024-12-27 00:39:13.102990   Current page URL = https://capital.com/en-gb
2024-12-27 00:39:13.109220   self.link = https://capital.com/en-gb
2024-12-27 00:39:13.109230   driver.get(https://capital.com/en-gb) =>
2024-12-27 00:39:15.426416   => Loaded page https://capital.com/en-gb

2024-12-27 00:39:15.430933   Step 'Click button [Accept all cookies]'
2024-12-27 00:39:15.430941   Is Visible Button [Accept all cookies]? =>
2024-12-27 00:39:16.620233   => Button [Accept all cookies] is visible
2024-12-27 00:39:17.120349   Is clickable Button [Accept all cookies] =>
2024-12-27 00:39:17.137313   => Button [Accept all cookies] is clickable
2024-12-27 00:39:17.137337   Click Button [Accept all cookies] =>
2024-12-27 00:39:17.381007   => Button [Accept all cookies] is clicked
2024-12-27 00:39:17.381050   => Accepted All Cookies

2024-12-27 00:39:17.881193   Prev. role - 'NoReg'
2024-12-27 00:39:17.881254   Cur. role - 'Auth'

2024-12-27 00:39:17.881466   Start Authorization
2024-12-27 00:39:17.992626   => 'Login' form is opened
2024-12-27 00:39:18.218526   => "login" and "password" are inputted
2024-12-27 00:39:18.218569   Click [Continue] button on [Login] form =>
2024-12-27 00:39:18.302266   => [Continue] button on [Login] form is clicked
2024-12-27 00:39:18.302316   Set timeout = 30
2024-12-27 00:39:19.394254   => Page with 'Trading Platform | Capital.com' title opened

2024-12-27 00:39:19.394359   2. Checking that the LOGO is present on the page =>
2024-12-27 00:39:20.605416   => 'capital*com' logo is present on the current page

2024-12-27 00:39:20.999411   => The 'Auth' role is set

2024-12-27 00:39:20.999466   Prev. language: en
2024-12-27 00:39:20.999478   Cur. language - 'en'

2024-12-27 00:39:20.999489   Prev. country: ua
2024-12-27 00:39:20.999499   Cur. country: gb

2024-12-27 00:39:20.999695   Set "en" language and "gb" country =>
2024-12-27 00:39:20.999720   Current page URL = https://capital.com/en-gb
2024-12-27 00:39:21.049011   self.link = https://capital.com/en-gb
2024-12-27 00:39:21.049031   driver.get(https://capital.com/en-gb) =>
2024-12-27 00:39:23.287204   => Loaded page https://capital.com/en-gb
2024-12-27 00:39:23.291759   => Language is set to 'en'
2024-12-27 00:39:23.291771   => Country is set to 'gb'
2024-12-27 00:39:23.291778   => Current URL - https://capital.com/en-gb

2024-12-27 00:39:23.296734   => Current URL - https://capital.com/en-gb

2024-12-27 00:39:23.296752   => END PRECONDITIONS

2024-12-27 00:39:23.296924   START Open "Trading" menu, "Spread betting" submenu =>

2024-12-27 00:39:23.296936   1. Cur URL = https://capital.com/en-gb

2024-12-27 00:39:23.301816   2. Link = https://capital.com/en-gb
2024-12-27 00:39:23.301828   current_page = https://capital.com/en-gb
2024-12-27 00:39:23.304386   link = https://capital.com/en-gb
2024-12-27 00:39:23.815806   => 'Trading' menu is present
2024-12-27 00:39:23.836320   => 'Trading' menu is visible
2024-12-27 00:39:25.552393   => Focus moved to 'Trading' menu
2024-12-27 00:39:25.572754   => 'Spread betting' submenu is visible
2024-12-27 00:39:26.366006   => 'Spread betting' sub-menu clicked
2024-12-27 00:39:31.650816   => Focus moved to 'capital*com' logo
2024-12-27 00:39:31.650860   3. Cur URL = https://capital.com/en-gb/ways-to-trade/spread-betting

2024-12-27 00:39:31.656346   Click the trading instrument link =>
2024-12-27 00:39:31.788467   => Done, the link is clicked
2024-12-27 00:39:31.788504   => Current URL: https://capital.com/en-gb/ways-to-trade/spread-betting

2024-12-27 00:39:31.791788   Make sure that there are no errors => 
2024-12-27 00:39:32.520886   => ERROR
