{'width': 1280, 'height': 720}

2023-12-22 09:44:20.027546   worker_id = master

2023-12-22 09:44:20.027561   0. Allure grouping v4


2023-12-22 09:44:20.027741   START PRECONDITIONS =>


2023-12-22 09:44:20.027761   {'width': 1280, 'height': 720}

2023-12-22 09:44:20.029066   Set windows position at (320, 180) =>

2023-12-22 09:44:20.131187   Set resolution 1280 * 720 =>

2023-12-22 09:44:20.238593   => Resolution seted {'width': 1280, 'height': 720}

2023-12-22 09:44:24.288440   Капчи нет. Тестим дальше

2023-12-22 09:44:24.288485   Prev. Role: NoReg

2023-12-22 09:44:24.288494   Current role: NoReg

2023-12-22 09:44:24.288503   Prev language: ru

2023-12-22 09:44:24.288511   => Current language: ru

2023-12-22 09:44:24.288518   Prev country: au

2023-12-22 09:44:24.288526   => Current country: au

2023-12-22 09:44:24.288534   => THE END PRECONDITIONS

2023-12-22 09:44:24.288584   1. Arrange_v0
2023-12-22 09:44:24.291408   BUTTON_TRY_DEMO is visible? =>
2023-12-22 09:44:24.305280   => BUTTON_TRY_DEMO is visible on the page!

2023-12-22 09:44:24.305412   2. Act_v0
2023-12-22 09:44:24.305426   BUTTON_TRY_DEMO is present? =>
2023-12-22 09:44:24.312689   => BUTTON_TRY_DEMO is present on the page!
2023-12-22 09:44:24.312710   BUTTON_TRY_DEMO scroll =>
2023-12-22 09:44:24.359841   => BUTTON_TRY_DEMO clicked!

2023-12-22 09:44:24.360104   3. Assert_v0
2023-12-22 09:44:24.360214   Start step Check that [Sign up] form is opened
2023-12-22 09:44:24.375434   'Sign up' form opened
2023-12-22 09:44:24.375469   Assert SIGNUP_HEADER =>
2023-12-22 09:44:24.387193   Assert SIGNUP_REF_LOGIN =>
2023-12-22 09:44:24.399928   Assert SIGNUP_PRIVACY_POLICY_ALL_2 =>
2023-12-22 09:44:24.413191   => SIGNUP_PRIVACY_POLICY_ALL
2023-12-22 09:44:24.413222   => 'Signup' form is checked
2023-12-22 09:44:24.413366   Start step Close [Sign up] form =>
2023-12-22 09:44:24.476136   => 'Signup' form closed
