{'width': 1280, 'height': 720}

2023-12-22 09:16:47.151889   worker_id = master

2023-12-22 09:16:47.151906   0. Allure grouping v4

2023-12-22 09:16:47.152033   0. Arrange_0
2023-12-22 09:16:47.822512   Load page https://capital.com


2023-12-22 09:16:47.822837   START PRECONDITIONS =>


2023-12-22 09:16:47.822862   {'width': 1280, 'height': 720}

2023-12-22 09:16:47.829041   Set windows position at (320, 180) =>

2023-12-22 09:16:47.979732   Set resolution 1280 * 720 =>

2023-12-22 09:16:48.086881   => Resolution seted {'width': 1280, 'height': 720}

2023-12-22 09:16:52.130045   Капчи нет. Тестим дальше

2023-12-22 09:16:52.130091   Prev. Role: Auth

2023-12-22 09:16:52.130101   Current role: Auth

2023-12-22 09:16:52.130110   Prev language: ru

2023-12-22 09:16:52.130117   => Current language: ru

2023-12-22 09:16:52.130125   Prev country: au

2023-12-22 09:16:52.130133   => Current country: au

2023-12-22 09:16:52.130140   => THE END PRECONDITIONS

2023-12-22 09:16:52.130197   1. Arrange_v0
2023-12-22 09:16:52.773191   Load page https://capital.com/ru/torgovlya-advanced-micro-device-cfd
2023-12-22 09:16:52.786808   BUTTON_START_TRADING scroll =>
2023-12-22 09:16:52.818988   BUTTON_START_TRADING is visible? =>
2023-12-22 09:16:53.148051   => BUTTON_START_TRADING is visible on the page!

2023-12-22 09:16:53.148267   2. Act_v0
2023-12-22 09:16:53.148289   Start Click button [Start Trading] =>
2023-12-22 09:16:53.163817   BUTTON_START_TRADING is clickable? =>
2023-12-22 09:16:53.178803   BUTTON_START_TRADING click =>
2023-12-22 09:16:53.648388   => BUTTON_START_TRADING clicked

2023-12-22 09:16:53.648680   3. Assert_v4
2023-12-22 09:16:53.648930   Checking that the trading platform page has opened (v4) =>
2023-12-22 09:16:54.183507   => Current page title: Trading Platform | Capital.com
2023-12-22 09:16:54.183633   Checking that the Trading platform LOGO is present on the page =>
2023-12-22 09:16:55.198889   Checking that the Trading platform opened in LIVE mode =>
2023-12-22 09:16:55.213262   => The page with https://capital.com/trading/platform url was opened in lIVE mode
2023-12-22 09:16:55.779815   Load page https://capital.com/ru/torgovlya-advanced-micro-device-cfd
