{'width': 1280, 'height': 720}

2023-12-22 10:22:28.445426   worker_id = master

2023-12-22 10:22:28.445444   0. Allure grouping v4


2023-12-22 10:22:28.445590   START PRECONDITIONS =>


2023-12-22 10:22:28.445604   {'width': 1280, 'height': 720}

2023-12-22 10:22:28.446796   Set windows position at (320, 180) =>

2023-12-22 10:22:28.548978   Set resolution 1280 * 720 =>

2023-12-22 10:22:28.651372   => Resolution seted {'width': 1280, 'height': 720}

2023-12-22 10:22:32.671527   Капчи нет. Тестим дальше

2023-12-22 10:22:32.671572   Prev. Role: NoAuth

2023-12-22 10:22:32.671581   Current role: NoAuth

2023-12-22 10:22:32.671589   Prev language: ru

2023-12-22 10:22:32.671597   => Current language: ru

2023-12-22 10:22:32.671605   Prev country: au

2023-12-22 10:22:32.671613   => Current country: au

2023-12-22 10:22:32.671620   => THE END PRECONDITIONS

2023-12-22 10:22:32.671672   1. Arrange_v4
2023-12-22 10:22:32.674586   MOST_TRADED is visible? =>
2023-12-22 10:22:32.682551   => MOST_TRADED is visible on the page!
2023-12-22 10:22:32.682575   => Found 5 elements in block MOST_TRADED

2023-12-22 10:22:32.682599   Testing Most traded random element #1

2023-12-22 10:22:32.682722   2. Act_v4
2023-12-22 10:22:32.682735   MOST_TRADED delete js-mostTraded class =>
2023-12-22 10:22:32.719751   MOST_TRADED scroll =>
2023-12-22 10:22:32.719924   Start Checking that form [Sign up] popped up on the page =>
2023-12-22 10:22:32.730902   'Sign up' form opened
2023-12-22 10:22:32.731017   Start step Close [Sign up] form =>
2023-12-22 10:22:32.793450   => 'Signup' form closed
2023-12-22 10:22:32.800323   MOST_TRADED click for 'US Crude Oil Spot' trading instrument =>
2023-12-22 10:22:32.863917   => MOST_TRADED clicked!

2023-12-22 10:22:32.864122   3. Assert_Login_v0
2023-12-22 10:22:32.878750   'Login' form opened
2023-12-22 10:22:32.878789   Assert LOGIN_REF_SIGNUP =>
2023-12-22 10:22:32.894229   Assert LOGIN_CHECKBOX =>
2023-12-22 10:22:32.910926   Assert LOGIN_PASS_FORGOT =>
2023-12-22 10:22:32.927332   => 'Login' form is checked
2023-12-22 10:22:32.949119   Click 'Close' button on 'Login' form =>
2023-12-22 10:22:32.999583   => 'Login' form closed

2023-12-22 10:22:32.999717   Clear Top Chart list =>
2023-12-22 10:22:34.299438   Load page https://capital.com/trading/platform/charting/

2023-12-22 10:22:42.404205   1. Arrange_v4
2023-12-22 10:22:42.823068   Load page https://capital.com/ru/indeks-otnositelnoj-sily
2023-12-22 10:22:42.823116   MOST_TRADED is visible? =>
2023-12-22 10:22:42.871711   => MOST_TRADED is visible on the page!
2023-12-22 10:22:42.871757   => Found 5 elements in block MOST_TRADED

2023-12-22 10:22:42.871774   Testing Most traded random element #2

2023-12-22 10:22:42.871951   2. Act_v4
2023-12-22 10:22:42.871970   MOST_TRADED delete js-mostTraded class =>
2023-12-22 10:22:43.118372   MOST_TRADED scroll =>
2023-12-22 10:22:43.118577   Start Checking that form [Sign up] popped up on the page =>
2023-12-22 10:22:47.625948   '[Sign up]' form was not popped up
2023-12-22 10:22:47.632366   MOST_TRADED click for 'US Tech 100' trading instrument =>
2023-12-22 10:22:47.696466   => MOST_TRADED clicked!

2023-12-22 10:22:47.696679   3. Assert_Login_v0
2023-12-22 10:22:47.944102   'Login' form opened
2023-12-22 10:22:47.944141   Assert LOGIN_REF_SIGNUP =>
2023-12-22 10:22:47.956547   Assert LOGIN_CHECKBOX =>
2023-12-22 10:22:47.970698   Assert LOGIN_PASS_FORGOT =>
2023-12-22 10:22:47.983309   => 'Login' form is checked
2023-12-22 10:22:48.002763   Click 'Close' button on 'Login' form =>
2023-12-22 10:22:48.056589   => 'Login' form closed
