{'width': 1280, 'height': 720}

2023-12-22 09:44:09.916194   worker_id = master

2023-12-22 09:44:09.916215   0. Allure grouping v4


2023-12-22 09:44:09.916433   START PRECONDITIONS =>


2023-12-22 09:44:09.916451   {'width': 1280, 'height': 720}

2023-12-22 09:44:09.917971   Set windows position at (320, 180) =>

2023-12-22 09:44:10.020060   Set resolution 1280 * 720 =>

2023-12-22 09:44:10.122354   => Resolution seted {'width': 1280, 'height': 720}

2023-12-22 09:44:14.143290   Капчи нет. Тестим дальше

2023-12-22 09:44:14.143335   Prev. Role: NoReg

2023-12-22 09:44:14.143345   Current role: NoReg

2023-12-22 09:44:14.143354   Prev language: ru

2023-12-22 09:44:14.143362   => Current language: ru

2023-12-22 09:44:14.143369   Prev country: au

2023-12-22 09:44:14.143377   => Current country: au

2023-12-22 09:44:14.143385   => THE END PRECONDITIONS

2023-12-22 09:44:14.143437   1. Arrange_v0
2023-12-22 09:44:14.146338   BUTTON_CREATE_YOUR_ACCOUNT is located on the page? =>

2023-12-22 09:44:14.154338   2. Act_v0
2023-12-22 09:44:14.257821   => BUTTON_CREATE_YOUR_ACCOUNT is clicked

2023-12-22 09:44:14.258045   3. Assert_v0
2023-12-22 09:44:14.258154   Start step Check that [Sign up] form is opened
2023-12-22 09:44:14.277276   'Sign up' form opened
2023-12-22 09:44:14.277324   Assert SIGNUP_HEADER =>
2023-12-22 09:44:14.290246   Assert SIGNUP_REF_LOGIN =>
2023-12-22 09:44:14.302185   Assert SIGNUP_PRIVACY_POLICY_ALL_2 =>
2023-12-22 09:44:14.313642   => SIGNUP_PRIVACY_POLICY_ALL
2023-12-22 09:44:14.313675   => 'Signup' form is checked
2023-12-22 09:44:14.313817   Start step Close [Sign up] form =>
2023-12-22 09:44:14.378075   => 'Signup' form closed
