{'width': 1280, 'height': 720}

2024-01-06 03:36:50.278257   worker_id = master

2024-01-06 03:36:50.278282   0. Allure grouping v4


2024-01-06 03:36:50.278581   START PRECONDITIONS =>


2024-01-06 03:36:50.278607   {'width': 1280, 'height': 720}

2024-01-06 03:36:50.339567   Set windows position at (0, 0) =>

2024-01-06 03:36:50.476931   Set resolution 1280 * 720 =>

2024-01-06 03:36:50.582254   => Resolution seted {'width': 1280, 'height': 720}

2024-01-06 03:36:54.595305   Капчи нет. Тестим дальше

2024-01-06 03:36:54.595344   Prev. Role: Auth

2024-01-06 03:36:54.595354   Current role: Auth

2024-01-06 03:36:54.595363   Prev language: de

2024-01-06 03:36:54.595371   => Current language: de

2024-01-06 03:36:54.595379   Prev country: gb

2024-01-06 03:36:54.595387   => Current country: gb

2024-01-06 03:36:54.595395   => THE END PRECONDITIONS

2024-01-06 03:36:54.595449   1. Arrange_v0
2024-01-06 03:36:54.598273   BUTTON_TRY_DEMO is visible? =>
2024-01-06 03:36:54.611796   => BUTTON_TRY_DEMO is visible on the page!

2024-01-06 03:36:54.611916   2. Act_v0
2024-01-06 03:36:54.611930   BUTTON_TRY_DEMO is present? =>
2024-01-06 03:36:54.619087   => BUTTON_TRY_DEMO is present on the page!
2024-01-06 03:36:54.619110   BUTTON_TRY_DEMO scroll =>
2024-01-06 03:36:54.652246   => BUTTON_TRY_DEMO clicked!

2024-01-06 03:36:54.652514   3. Assert_v4
2024-01-06 03:36:54.652637   Checking that the trading platform page has opened (v4) =>
2024-01-06 03:36:55.185468   => Current page title: Trading Platform | Capital.com
2024-01-06 03:36:55.185602   Checking that the Trading platform LOGO is present on the page =>
2024-01-06 03:36:55.956237   Checking that the Trading platform opened in DEMO mode =>
2024-01-06 03:36:56.050164   => The page with https://capital.com/de/usdcad-handel url was opened in DEMO mode
2024-01-06 03:36:56.692248   Load page https://capital.com/de/usdcad-handel
