{'width': 1280, 'height': 800}

2024-04-04 10:23:55.191747   worker_id = master

2024-04-04 10:23:55.191761   0. Allure grouping v4

2024-04-04 10:23:55.191955   START PRECONDITIONS =>

2024-04-04 10:23:55.191971   => Current URL - https://capital.com/it

2024-04-04 10:23:55.194541   => URL after prev. preconditions - https://capital.com/it

2024-04-04 10:23:55.194555   => flag_of_bug - True
2024-04-04 10:23:55.194568   Current page URL = https://capital.com/it
2024-04-04 10:23:55.196895   self.link = https://capital.com/it
2024-04-04 10:23:55.196910   link = https://capital.com/it
2024-04-04 10:23:57.411683   => Loaded page https://capital.com/it

2024-04-04 10:23:57.415827   => Windows size - {'width': 1280, 'height': 800}
2024-04-04 10:23:57.417169   Set windows position at (0, 0) =>
2024-04-04 10:23:57.519485   Set resolution 1280 * 800 =>
2024-04-04 10:23:57.621895   => Windows size is set to {'width': 1280, 'height': 800}

2024-04-04 10:23:58.656038   Капчи нет. Идем дальше

2024-04-04 10:23:58.656124   Работа с куками

2024-04-04 10:23:58.656138   Prev. country - 'de'
2024-04-04 10:23:58.656148   Cur. country - 'de'
2024-04-04 10:23:58.656157   => Country set to 'de'

2024-04-04 10:23:58.656166   Prev. language - 'it'
2024-04-04 10:23:58.656175   Cur. language - 'it'
2024-04-04 10:23:58.656184   => Language is set to 'it'

2024-04-04 10:23:58.656193   Prev. role - 'Auth'
2024-04-04 10:23:58.656202   Cur. role - 'Auth'
2024-04-04 10:23:58.656211   => The 'Auth' role is set

2024-04-04 10:23:58.658862   => Current URL - https://capital.com/it

2024-04-04 10:23:58.658885   => THE END PRECONDITIONS
2024-04-04 10:23:59.165042   => Education menu is present in DOM
2024-04-04 10:23:59.170061   => Education menu is visible
2024-04-04 10:24:00.450058   => Focus moved to Education menu
