{'width': 1280, 'height': 720}

2024-01-06 02:49:39.173821   worker_id = master

2024-01-06 02:49:39.173834   0. Allure grouping v4


2024-01-06 02:49:39.173974   START PRECONDITIONS =>


2024-01-06 02:49:39.173989   {'width': 1280, 'height': 720}

2024-01-06 02:49:39.175185   Set windows position at (0, 0) =>

2024-01-06 02:49:39.277102   Set resolution 1280 * 720 =>

2024-01-06 02:49:39.379076   => Resolution seted {'width': 1280, 'height': 720}

2024-01-06 02:49:43.409142   Капчи нет. Тестим дальше

2024-01-06 02:49:43.409179   Prev. Role: NoAuth

2024-01-06 02:49:43.409189   Current role: NoAuth

2024-01-06 02:49:43.409197   Prev language: de

2024-01-06 02:49:43.409205   => Current language: de

2024-01-06 02:49:43.409213   Prev country: gb

2024-01-06 02:49:43.409221   => Current country: gb

2024-01-06 02:49:43.409229   => THE END PRECONDITIONS

2024-01-06 02:49:43.409282   1. Arrange_v0
2024-01-06 02:49:43.847035   Load page https://capital.com/de/optionen
2024-01-06 02:49:43.847076   BUTTON_CREATE_YOUR_ACCOUNT is located on the page? =>

2024-01-06 02:49:43.895587   2. Act_v0
2024-01-06 02:49:44.067949   => BUTTON_CREATE_YOUR_ACCOUNT is clicked

2024-01-06 02:49:44.068164   3. Assert_v0
2024-01-06 02:49:44.068245   Start step Check that [Sign up] form is opened
2024-01-06 02:49:44.209860   'Sign up' form opened
2024-01-06 02:49:44.209898   Assert SIGNUP_HEADER =>
2024-01-06 02:49:44.235902   Assert SIGNUP_REF_LOGIN =>
2024-01-06 02:49:44.247371   Assert SIGNUP_PRIVACY_POLICY_ALL_2 =>
2024-01-06 02:49:44.281730   => SIGNUP_PRIVACY_POLICY_ALL
2024-01-06 02:49:44.281779   => 'Signup' form is checked
2024-01-06 02:49:44.281968   Start step Close [Sign up] form =>
2024-01-06 02:49:44.345011   => 'Signup' form closed
