{'width': 1280, 'height': 720}

2024-01-06 03:56:31.459632   worker_id = master

2024-01-06 03:56:31.459646   0. Allure grouping v4


2024-01-06 03:56:31.459789   START PRECONDITIONS =>


2024-01-06 03:56:31.459803   {'width': 1280, 'height': 720}

2024-01-06 03:56:31.461031   Set windows position at (0, 0) =>

2024-01-06 03:56:31.563102   Set resolution 1280 * 720 =>

2024-01-06 03:56:31.665058   => Resolution seted {'width': 1280, 'height': 720}

2024-01-06 03:56:35.699202   Капчи нет. Тестим дальше

2024-01-06 03:56:35.699243   Prev. Role: NoAuth

2024-01-06 03:56:35.699252   Current role: NoAuth

2024-01-06 03:56:35.699261   Prev language: de

2024-01-06 03:56:35.699269   => Current language: de

2024-01-06 03:56:35.699277   Prev country: gb

2024-01-06 03:56:35.699285   => Current country: gb

2024-01-06 03:56:35.699292   => THE END PRECONDITIONS

2024-01-06 03:56:35.699349   1. Arrange_v0
2024-01-06 03:56:35.702182   BUTTON_CREATE_YOUR_ACCOUNT is located on the page? =>

2024-01-06 03:56:35.709855   2. Act_v0
2024-01-06 03:56:35.808589   => BUTTON_CREATE_YOUR_ACCOUNT is clicked

2024-01-06 03:56:35.808842   3. Assert_v0
2024-01-06 03:56:35.808945   Start step Check that [Sign up] form is opened
2024-01-06 03:56:35.831689   'Sign up' form opened
2024-01-06 03:56:35.831728   Assert SIGNUP_HEADER =>
2024-01-06 03:56:35.843439   Assert SIGNUP_REF_LOGIN =>
2024-01-06 03:56:35.854408   Assert SIGNUP_PRIVACY_POLICY_ALL_2 =>
2024-01-06 03:56:35.866267   => SIGNUP_PRIVACY_POLICY_ALL
2024-01-06 03:56:35.866299   => 'Signup' form is checked
2024-01-06 03:56:35.866463   Start step Close [Sign up] form =>
2024-01-06 03:56:35.952994   => 'Signup' form closed
