{'width': 1280, 'height': 800}

2024-04-04 10:24:54.356244   worker_id = master

2024-04-04 10:24:54.356258   0. Allure grouping v4

2024-04-04 10:24:54.356447   START PRECONDITIONS =>

2024-04-04 10:24:54.356463   => Current URL - https://capital.com/it

2024-04-04 10:24:54.359279   => URL after prev. preconditions - https://capital.com/it

2024-04-04 10:24:54.359293   => flag_of_bug - True
2024-04-04 10:24:54.359304   Current page URL = https://capital.com/it
2024-04-04 10:24:54.365308   self.link = https://capital.com/it
2024-04-04 10:24:54.365323   link = https://capital.com/it
2024-04-04 10:24:56.440698   => Loaded page https://capital.com/it

2024-04-04 10:24:56.445282   => Windows size - {'width': 1280, 'height': 800}
2024-04-04 10:24:56.446651   Set windows position at (0, 0) =>
2024-04-04 10:24:56.548840   Set resolution 1280 * 800 =>
2024-04-04 10:24:56.651351   => Windows size is set to {'width': 1280, 'height': 800}

2024-04-04 10:24:57.694014   Капчи нет. Идем дальше

2024-04-04 10:24:57.694106   Работа с куками

2024-04-04 10:24:57.694119   Prev. country - 'de'
2024-04-04 10:24:57.694129   Cur. country - 'de'
2024-04-04 10:24:57.694138   => Country set to 'de'

2024-04-04 10:24:57.694147   Prev. language - 'it'
2024-04-04 10:24:57.694156   Cur. language - 'it'
2024-04-04 10:24:57.694165   => Language is set to 'it'

2024-04-04 10:24:57.694174   Prev. role - 'NoAuth'
2024-04-04 10:24:57.694183   Cur. role - 'NoAuth'
2024-04-04 10:24:57.694192   => The 'NoAuth' role is set

2024-04-04 10:24:57.699467   => Current URL - https://capital.com/it

2024-04-04 10:24:57.699490   => THE END PRECONDITIONS
2024-04-04 10:24:58.205750   => Education menu is present in DOM
2024-04-04 10:24:58.210978   => Education menu is visible
2024-04-04 10:24:59.479520   => Focus moved to Education menu
