{'width': 1280, 'height': 800}

2024-04-04 08:37:49.399222   worker_id = master

2024-04-04 08:37:49.399236   0. Allure grouping v4

2024-04-04 08:37:49.399415   START PRECONDITIONS =>

2024-04-04 08:37:49.399431   => Current URL - https://capital.com/it/gbp-usd-tasso

2024-04-04 08:37:49.406752   => URL after prev. preconditions - https://capital.com/it/gbp-usd-tasso

2024-04-04 08:37:49.406773   => flag_of_bug - False

2024-04-04 08:37:49.406792   => Windows size - {'width': 1280, 'height': 800}
2024-04-04 08:37:49.424242   Set windows position at (0, 0) =>
2024-04-04 08:37:49.526695   Set resolution 1280 * 800 =>
2024-04-04 08:37:49.629072   => Windows size is set to {'width': 1280, 'height': 800}

2024-04-04 08:37:50.676319   Капчи нет. Идем дальше

2024-04-04 08:37:50.676411   Работа с куками

2024-04-04 08:37:50.676424   Prev. country - 'de'
2024-04-04 08:37:50.676434   Cur. country - 'de'
2024-04-04 08:37:50.676443   => Country set to 'de'

2024-04-04 08:37:50.676452   Prev. language - 'it'
2024-04-04 08:37:50.676461   Cur. language - 'it'
2024-04-04 08:37:50.676470   => Language is set to 'it'

2024-04-04 08:37:50.676479   Prev. role - 'Auth'
2024-04-04 08:37:50.676487   Cur. role - 'Auth'
2024-04-04 08:37:50.676496   => The 'Auth' role is set

2024-04-04 08:37:50.679208   => Current URL - https://capital.com/it/gbp-usd-tasso

2024-04-04 08:37:50.679231   => THE END PRECONDITIONS

2024-04-04 08:37:50.679412   1. Arrange_v0
2024-04-04 08:37:50.679429   current_page = https://capital.com/it/gbp-usd-tasso
2024-04-04 08:37:50.681862   link = https://capital.com/it/gbp-usd-tasso
2024-04-04 08:37:50.684363   BUTTON_CREATE_YOUR_ACCOUNT is located on the page? =>

2024-04-04 08:37:50.694501   2. Act_v0: Define of locator

2024-04-04 08:37:50.694528   2. Act_v0: Go to web element

2024-04-04 08:37:51.731826   2. Act_v0: Click web element
2024-04-04 08:37:51.993713   => BUTTON_CREATE_YOUR_ACCOUNT is clicked

2024-04-04 08:37:51.993960   3. Assert_v4
2024-04-04 08:37:51.994079   Checking that the trading platform page has opened (v4) =>
2024-04-04 08:37:52.507059   Checking way # 1 => 

2024-04-04 08:37:52.507128   1. Checking that the Trading platform page has valid title =>
2024-04-04 08:37:52.509532   => The title of current page is 'Trading Platform | Capital.com'

2024-04-04 08:37:52.509572   2. Checking that the LOGO is present on the page =>
2024-04-04 08:37:53.314521   => 'capital*com' logo is present on the current page

2024-04-04 08:37:53.314558   tpd = False
2024-04-04 08:37:54.714743   => Driver.backed
