{'width': 1920, 'height': 1080}

2025-05-23 00:48:21.118209   worker_id = master

2025-05-23 00:48:21.118223   0. Allure grouping for US_55


2025-05-23 00:48:21.118470   START PRECONDITIONS =>

2025-05-23 00:48:21.118485   => URL after prev. preconditions - https://capital.com/en-gb
2025-05-23 00:48:21.118494   => flag_of_bug - True
2025-05-23 00:48:21.118504   => Current URL - https://capital.com/ar-ae
2025-05-23 00:48:21.126326   Current page URL = https://capital.com/ar-ae
2025-05-23 00:48:21.129299   self.link = https://capital.com/en-gb
2025-05-23 00:48:21.129309   driver.get(https://capital.com/en-gb) =>
2025-05-23 00:48:23.452877   => Loaded page https://capital.com/en-gb

2025-05-23 00:48:23.459537   => Windows size: {'width': 1920, 'height': 1080}

2025-05-23 00:48:23.461005   Set windows position at (0, 0) =>

2025-05-23 00:48:23.462874   Set resolution 1920 * 1080 =>

2025-05-23 00:48:23.464634   => Resolution set {'width': 1920, 'height': 1080}

2025-05-23 00:48:23.465989   Работа с куками =>

2025-05-23 00:48:23.465999   => не требуется

2025-05-23 00:48:23.466006   Prev. role - 'NoReg'
2025-05-23 00:48:23.466011   Cur. role - 'NoReg'

2025-05-23 00:48:23.466017   => The 'NoReg' role is set

2025-05-23 00:48:23.466023   Prev. language: ?
2025-05-23 00:48:23.466028   Cur. language - 'en'

2025-05-23 00:48:23.466033   Prev. country: ?
2025-05-23 00:48:23.466038   Cur. country: ae

2025-05-23 00:48:23.466206   Set "en" language and "ae" country =>
2025-05-23 00:48:23.466226   Current page URL = https://capital.com/en-gb
2025-05-23 00:48:23.471409   self.link = https://capital.com/en-ae
2025-05-23 00:48:23.471420   driver.get(https://capital.com/en-ae) =>
2025-05-23 00:48:25.868507   => Loaded page https://capital.com/en-ae

2025-05-23 00:48:25.875434   Step 'Click button [Stay on this site]'
2025-05-23 00:48:25.875444   Is Visible Button [Stay on this site]? =>
2025-05-23 00:48:30.920106   => Button [Stay on this site] is not visible after 5 sec.
2025-05-23 00:48:30.920160   => Cur url = https://capital.com/en-ae
2025-05-23 00:48:30.922984   => Language is set to 'en'
2025-05-23 00:48:30.922994   => Country is set to 'ae'
2025-05-23 00:48:30.923000   => Current URL - https://capital.com/en-ae

2025-05-23 00:48:30.928433   => Current URL - https://capital.com/en-ae

2025-05-23 00:48:30.928451   => END PRECONDITIONS

2025-05-23 00:48:32.928586   Click the Support chat button =>
2025-05-23 00:48:32.993567   => Done, the button is clicked

2025-05-23 00:48:32.993614   Check if the Support Chat window is opened =>
2025-05-23 00:48:34.436295   => The window is opened

2025-05-23 00:48:34.438834   Close the Support Chat form =>
2025-05-23 00:48:34.600731   => Done, the form is closed

2025-05-23 00:48:34.602746   Change page language =>
