{'width': 1280, 'height': 800}

2024-04-10 14:55:19.214846   worker_id = master

2024-04-10 14:55:19.214865   0. Allure grouping v4

2024-04-10 14:55:19.215132   START PRECONDITIONS =>

2024-04-10 14:55:19.215148   => URL after prev. preconditions - https://capital.com/pl
2024-04-10 14:55:19.215159   => flag_of_bug - False
2024-04-10 14:55:19.215171   => Current URL - https://capital.com/pl/gaz-ziemny
2024-04-10 14:55:19.220254   Current page URL = https://capital.com/pl/gaz-ziemny
2024-04-10 14:55:19.237419   self.link = https://capital.com/pl
2024-04-10 14:55:19.237435   driver.get(https://capital.com/pl) =>
2024-04-10 14:55:20.892809   => Loaded page https://capital.com/pl

2024-04-10 14:55:20.897041   => Windows size - {'width': 1280, 'height': 800}
2024-04-10 14:55:20.898375   Set windows position at (0, 0) =>
2024-04-10 14:55:21.000467   Set resolution 1280 * 800 =>
2024-04-10 14:55:21.102715   => Windows size is set to {'width': 1280, 'height': 800}

2024-04-10 14:55:22.157773   Капчи нет. Идем дальше

2024-04-10 14:55:22.157871   Работа с куками =>

2024-04-10 14:55:22.157886   => не требуется

2024-04-10 14:55:22.157896   Prev. country - 'ae'
2024-04-10 14:55:22.157906   Cur. country - 'ae'
2024-04-10 14:55:22.157915   => Country set to 'ae'

2024-04-10 14:55:22.157925   Prev. language - 'pl'
2024-04-10 14:55:22.157934   Cur. language - 'pl'
2024-04-10 14:55:22.157943   => Language is set to 'pl'

2024-04-10 14:55:22.157952   Prev. role - 'Auth'
2024-04-10 14:55:22.157961   Cur. role - 'Auth'
2024-04-10 14:55:22.157970   => The 'Auth' role is set

2024-04-10 14:55:22.160777   => Current URL - https://capital.com/pl

2024-04-10 14:55:22.160804   => THE END PRECONDITIONS

2024-04-10 14:55:22.161003   1. Arrange_v0
2024-04-10 14:55:22.161022   current_page = https://capital.com/pl
2024-04-10 14:55:22.163485   link = https://capital.com/pl/gaz-ziemny
2024-04-10 14:55:22.165907   Current page URL = https://capital.com/pl
2024-04-10 14:55:22.168352   self.link = https://capital.com/pl/gaz-ziemny
2024-04-10 14:55:22.168366   driver.get(https://capital.com/pl/gaz-ziemny) =>
2024-04-10 14:55:24.135381   => Loaded page https://capital.com/pl/gaz-ziemny
2024-04-10 14:55:24.151203   => BUTTON_TRY_DEMO is present on this page
2024-04-10 14:55:24.151229   BUTTON_TRY_DEMO scroll =>
2024-04-10 14:55:24.154733   BUTTON_TRY_DEMO is visible? =>
2024-04-10 14:55:24.195098   => BUTTON_TRY_DEMO is visible on this page

2024-04-10 14:55:24.195276   2. Act_v0
2024-04-10 14:55:24.200320   BUTTON_TRY_DEMO is clickable? =>
2024-04-10 14:55:24.229110   => BUTTON_TRY_DEMO clicked!

2024-04-10 14:55:24.229345   3. Assert_v4

2024-04-10 14:55:24.229365   
2024-04-10 14:55:24.229468   Checking that the trading platform page has opened (v4) =>
2024-04-10 14:55:25.241990   Checking way # 1 => 

2024-04-10 14:55:25.242172   1. Checking that the Trading platform (or TradingView site) page has valid title =>
2024-04-10 14:55:25.244692   => The title of current page is 'Trading Platform | Capital.com'

2024-04-10 14:55:25.244766   2. Checking that the LOGO is present on the page =>
2024-04-10 14:55:26.341923   => 'capital*com' logo is present on the current page

2024-04-10 14:55:26.341958   tpd = True
2024-04-10 14:55:26.342000   3.1. Checking that the Trading platform opened in DEMO mode =>
2024-04-10 14:55:26.358029   => The page with https://capital.com/trading/platform/?mode=demo url was opened in DEMO mode
2024-04-10 14:55:27.391282   => Driver.backed
