{'width': 1280, 'height': 800}

2024-04-10 14:40:27.732371   worker_id = master

2024-04-10 14:40:27.732386   0. Allure grouping v4

2024-04-10 14:40:27.732576   START PRECONDITIONS =>

2024-04-10 14:40:27.732592   => URL after prev. preconditions - https://capital.com/pl
2024-04-10 14:40:27.732602   => flag_of_bug - True
2024-04-10 14:40:27.732613   => Current URL - https://capital.com/pl/handlovac-amd
2024-04-10 14:40:27.738442   Current page URL = https://capital.com/pl/handlovac-amd
2024-04-10 14:40:27.744853   self.link = https://capital.com/pl
2024-04-10 14:40:27.744869   driver.get(https://capital.com/pl) =>
2024-04-10 14:40:29.595262   => Loaded page https://capital.com/pl

2024-04-10 14:40:29.599623   => Windows size - {'width': 1280, 'height': 800}
2024-04-10 14:40:29.601020   Set windows position at (0, 0) =>
2024-04-10 14:40:29.703460   Set resolution 1280 * 800 =>
2024-04-10 14:40:29.805922   => Windows size is set to {'width': 1280, 'height': 800}

2024-04-10 14:40:30.847553   Капчи нет. Идем дальше

2024-04-10 14:40:30.847641   Работа с куками =>

2024-04-10 14:40:30.847655   => не требуется

2024-04-10 14:40:30.847665   Prev. country - 'ae'
2024-04-10 14:40:30.847674   Cur. country - 'ae'
2024-04-10 14:40:30.847683   => Country set to 'ae'

2024-04-10 14:40:30.847692   Prev. language - 'pl'
2024-04-10 14:40:30.847701   Cur. language - 'pl'
2024-04-10 14:40:30.847710   => Language is set to 'pl'

2024-04-10 14:40:30.847718   Prev. role - 'NoAuth'
2024-04-10 14:40:30.847727   Cur. role - 'NoAuth'
2024-04-10 14:40:30.847736   => The 'NoAuth' role is set

2024-04-10 14:40:30.850571   => Current URL - https://capital.com/pl

2024-04-10 14:40:30.850593   => THE END PRECONDITIONS

2024-04-10 14:40:30.850639   1. Arrange_v0
2024-04-10 14:40:30.850653   current_page = https://capital.com/pl
2024-04-10 14:40:30.853222   link = https://capital.com/pl/handlovac-amd
2024-04-10 14:40:30.855745   Current page URL = https://capital.com/pl
2024-04-10 14:40:30.858236   self.link = https://capital.com/pl/handlovac-amd
2024-04-10 14:40:30.858250   driver.get(https://capital.com/pl/handlovac-amd) =>
2024-04-10 14:40:32.648188   => Loaded page https://capital.com/pl/handlovac-amd
2024-04-10 14:40:32.652629   BUTTON_BUY_IN_CONTENT_BLOCK is located on the page? =>
2024-04-10 14:40:32.663611   => BUTTON_BUY_IN_CONTENT_BLOCK is located on the page!
2024-04-10 14:40:32.663805   Start Checking that form [Sign up] popped up on the page =>
2024-04-10 14:40:34.211557   '[Sign up]' form was not popped up

2024-04-10 14:40:34.211748   2. Act_v0
2024-04-10 14:40:34.217023   BUTTON_BUY_IN_CONTENT_BLOCK is present? =>
2024-04-10 14:40:34.217046   => BUTTON_BUY_IN_CONTENT_BLOCK is present on the page
2024-04-10 14:40:34.217056   BUTTON_BUY_IN_CONTENT_BLOCK scroll =>
2024-04-10 14:40:34.220482   => BUTTON_BUY_IN_CONTENT_BLOCK scrolled
2024-04-10 14:40:34.236260   BUTTON_BUY_IN_CONTENT_BLOCK is clickable? =>
2024-04-10 14:40:34.273856   BUTTON_BUY_IN_CONTENT_BLOCK CLICK =>
2024-04-10 14:40:34.289968   => BUTTON_BUY_IN_CONTENT_BLOCK clicked!

2024-04-10 14:40:34.290186   3. Assert_Login_v0
2024-04-10 14:40:34.290302   Check that 'Login' form is opened
2024-04-10 14:40:37.388968   'Login' form not opened
2024-04-10 14:40:37.389150   Check that new 'Login' form is opened
2024-04-10 14:40:40.457367   => New 'Login' form not opened
2024-04-10 14:40:40.462927   'Login' page not opened
2024-04-10 14:40:43.569912   'Login' form on trading platform not opened
2024-04-10 14:40:43.570111   Start step Check that [Sign up] form is opened
2024-04-10 14:40:43.585742   'Sign up' form opened
2024-04-10 14:40:43.585775   Assert SIGNUP_HEADER =>
2024-04-10 14:40:43.599042   Assert SIGNUP_REF_LOGIN =>
2024-04-10 14:40:43.612876   Assert SIGNUP_PRIVACY_POLICY_ALL_2 =>
2024-04-10 14:40:43.622602   => SIGNUP_PRIVACY_POLICY_ALL
2024-04-10 14:40:43.622627   => 'Signup' form is checked

Bug: Bid:11.02.02.01_04-pl.ae.NoAuth

2024-04-10 14:40:43.622688   Проверка бага в таблице ретеста  =>

2024-04-10 14:40:44.261575   4. Fixing one row check results into Google Sheet Bugs Report =>
1 cells updated.
2024-04-10 14:40:44.463986   => 4. One row check results into Google Sheet Bugs Report fixed

2024-04-10 14:40:45.474893   4. Fixing one row check results into Google Sheet Bugs Report =>
1 cells updated.
2024-04-10 14:40:45.658411   => 4. One row check results into Google Sheet Bugs Report fixed

2024-04-10 14:40:45.660531   Баг Bid:11.02.02.01_04-pl.ae.NoAuth-05 обнаружен ранее и уже находится в 'Bugs Report Auto detect'
