{'width': 1280, 'height': 800}

2024-04-10 14:25:49.285266   worker_id = master

2024-04-10 14:25:49.285280   0. Allure grouping v4

2024-04-10 14:25:49.285502   START PRECONDITIONS =>

2024-04-10 14:25:49.285521   => URL after prev. preconditions - https://capital.com/pl
2024-04-10 14:25:49.285531   => flag_of_bug - False
2024-04-10 14:25:49.285541   => Current URL - https://capital.com/pl

2024-04-10 14:25:49.290846   => Windows size - {'width': 1280, 'height': 800}
2024-04-10 14:25:49.292242   Set windows position at (0, 0) =>
2024-04-10 14:25:49.397296   Set resolution 1280 * 800 =>
2024-04-10 14:25:49.499857   => Windows size is set to {'width': 1280, 'height': 800}

2024-04-10 14:25:50.537474   Капчи нет. Идем дальше

2024-04-10 14:25:50.537572   Работа с куками =>

2024-04-10 14:25:50.537587   => не требуется

2024-04-10 14:25:50.537597   Prev. country - 'ae'
2024-04-10 14:25:50.537607   Cur. country - 'ae'
2024-04-10 14:25:50.537616   => Country set to 'ae'

2024-04-10 14:25:50.537625   Prev. language - 'pl'
2024-04-10 14:25:50.537633   Cur. language - 'pl'
2024-04-10 14:25:50.537642   => Language is set to 'pl'

2024-04-10 14:25:50.537651   Prev. role - 'NoAuth'
2024-04-10 14:25:50.537660   Cur. role - 'NoAuth'
2024-04-10 14:25:50.537668   => The 'NoAuth' role is set

2024-04-10 14:25:50.540879   => Current URL - https://capital.com/pl

2024-04-10 14:25:50.540904   => THE END PRECONDITIONS

2024-04-10 14:25:50.540951   1. Arrange_v0
2024-04-10 14:25:50.540965   current_page = https://capital.com/pl
2024-04-10 14:25:50.547856   link = https://capital.com/pl/zarzadzanie-portfelem-definicja
2024-04-10 14:25:50.551331   Current page URL = https://capital.com/pl
2024-04-10 14:25:50.553923   self.link = https://capital.com/pl/zarzadzanie-portfelem-definicja
2024-04-10 14:25:50.553937   driver.get(https://capital.com/pl/zarzadzanie-portfelem-definicja) =>
2024-04-10 14:25:52.388332   => Loaded page https://capital.com/pl/zarzadzanie-portfelem-definicja
2024-04-10 14:25:52.393031   BUTTON_CREATE_YOUR_ACCOUNT is located on the page? =>

2024-04-10 14:25:52.398643   2. Act_v0: Define of locator

2024-04-10 14:25:52.398669   2. Act_v0: Go to web element

2024-04-10 14:25:53.456888   2. Act_v0: Click web element
2024-04-10 14:25:53.482506   => BUTTON_CREATE_YOUR_ACCOUNT is clicked

2024-04-10 14:25:53.482733   3. Assert_v0
2024-04-10 14:25:53.482826   Start step Check that [Sign up] form is opened
2024-04-10 14:25:53.708836   'Sign up' form opened
2024-04-10 14:25:53.708884   Assert SIGNUP_HEADER =>
2024-04-10 14:25:53.721209   Assert SIGNUP_REF_LOGIN =>
2024-04-10 14:25:53.732215   Assert SIGNUP_PRIVACY_POLICY_ALL_2 =>
2024-04-10 14:25:53.741862   => SIGNUP_PRIVACY_POLICY_ALL
2024-04-10 14:25:53.741890   => 'Signup' form is checked
2024-04-10 14:25:53.742071   Start step Close [Sign up] form =>
2024-04-10 14:25:53.819033   => 'Signup' form closed
2024-04-10 14:25:54.093747   => Focus moved to 'capital*com' logo
