{'width': 1280, 'height': 800}

2024-04-10 13:58:08.767415   worker_id = master

2024-04-10 13:58:08.767430   0. Allure grouping v4

2024-04-10 13:58:08.767614   START PRECONDITIONS =>

2024-04-10 13:58:08.767630   => URL after prev. preconditions - https://capital.com/pl
2024-04-10 13:58:08.767640   => flag_of_bug - False
2024-04-10 13:58:08.767651   => Current URL - https://capital.com/pl/usd-mxn-kurs
2024-04-10 13:58:08.772791   Current page URL = https://capital.com/pl/usd-mxn-kurs
2024-04-10 13:58:08.775226   self.link = https://capital.com/pl
2024-04-10 13:58:08.775240   driver.get(https://capital.com/pl) =>
2024-04-10 13:58:10.548708   => Loaded page https://capital.com/pl

2024-04-10 13:58:10.553262   => Windows size - {'width': 1280, 'height': 800}
2024-04-10 13:58:10.554658   Set windows position at (0, 0) =>
2024-04-10 13:58:10.657083   Set resolution 1280 * 800 =>
2024-04-10 13:58:10.762796   => Windows size is set to {'width': 1280, 'height': 800}

2024-04-10 13:58:11.809195   Капчи нет. Идем дальше

2024-04-10 13:58:11.809285   Работа с куками =>

2024-04-10 13:58:11.809299   => не требуется

2024-04-10 13:58:11.809310   Prev. country - 'ae'
2024-04-10 13:58:11.809319   Cur. country - 'ae'
2024-04-10 13:58:11.809328   => Country set to 'ae'

2024-04-10 13:58:11.809337   Prev. language - 'pl'
2024-04-10 13:58:11.809346   Cur. language - 'pl'
2024-04-10 13:58:11.809354   => Language is set to 'pl'

2024-04-10 13:58:11.809363   Prev. role - 'NoAuth'
2024-04-10 13:58:11.809372   Cur. role - 'NoAuth'
2024-04-10 13:58:11.809380   => The 'NoAuth' role is set

2024-04-10 13:58:11.812103   => Current URL - https://capital.com/pl

2024-04-10 13:58:11.812125   => THE END PRECONDITIONS

2024-04-10 13:58:11.812302   1. Arrange_v0
2024-04-10 13:58:11.812319   current_page = https://capital.com/pl
2024-04-10 13:58:11.814741   link = https://capital.com/pl/nzd-usd-kurs
2024-04-10 13:58:11.817156   Current page URL = https://capital.com/pl
2024-04-10 13:58:11.819560   self.link = https://capital.com/pl/nzd-usd-kurs
2024-04-10 13:58:11.819574   driver.get(https://capital.com/pl/nzd-usd-kurs) =>
2024-04-10 13:58:13.497759   => Loaded page https://capital.com/pl/nzd-usd-kurs
2024-04-10 13:58:13.502596   BUTTON_ADD_TO_FAVOURITE is located on the page? =>
2024-04-10 13:58:13.514291   => BUTTON_ADD_TO_FAVOURITE is located on the page!
2024-04-10 13:58:13.514495   Start Checking that form [Sign up] popped up on the page =>
2024-04-10 13:58:15.063441   '[Sign up]' form was not popped up

2024-04-10 13:58:15.063643   2. Act_v0
2024-04-10 13:58:15.069665   BUTTON_ADD_TO_FAVOURITE is present? =>
2024-04-10 13:58:15.069697   => BUTTON_ADD_TO_FAVOURITE is present on the page
2024-04-10 13:58:15.069708   BUTTON_ADD_TO_FAVOURITE scroll =>
2024-04-10 13:58:15.073536   => BUTTON_ADD_TO_FAVOURITE scrolled
2024-04-10 13:58:15.095923   BUTTON_ADD_TO_FAVOURITE is clickable? =>
2024-04-10 13:58:15.106412   BUTTON_ADD_TO_FAVOURITE CLICK =>
2024-04-10 13:58:15.151006   => BUTTON_ADD_TO_FAVOURITE clicked!
Trade instrument from element click is New Zealand Dollar / US Dollar
Trade instrument from Full test is New Zealand Dollar / US Dollar
Test element is <pages.Elements.AssertClass.AssertClass object at 0x7fe3568b9a30>

2024-04-10 13:58:15.151282   3. Assert_Login_v0
2024-04-10 13:58:15.151399   Check that 'Login' form is opened
2024-04-10 13:58:15.321152   'Login' form opened
2024-04-10 13:58:15.321192   Assert LOGIN_REF_SIGNUP =>
2024-04-10 13:58:15.333554   Assert LOGIN_CHECKBOX =>
2024-04-10 13:58:15.346633   Assert LOGIN_PASS_FORGOT =>
2024-04-10 13:58:15.356940   => 'Login' form is checked
2024-04-10 13:58:15.378044   Click 'Close' button on 'Login' form =>
2024-04-10 13:58:15.729924   => Focus moved to 'capital*com' logo
2024-04-10 13:58:15.729980   => 'Login' form closed
