{'width': 1280, 'height': 800}

2024-04-09 11:42:28.285466   worker_id = master

2024-04-09 11:42:28.285480   0. Allure grouping v4

2024-04-09 11:42:28.285658   START PRECONDITIONS =>

2024-04-09 11:42:28.285673   => URL after prev. preconditions - https://capital.com/zh
2024-04-09 11:42:28.285683   => flag_of_bug - False
2024-04-09 11:42:28.285694   => Current URL - https://capital.com/zh/cleanspark-inc-gu-jia
2024-04-09 11:42:28.290793   Current page URL = https://capital.com/zh/cleanspark-inc-gu-jia
2024-04-09 11:42:28.293095   self.link = https://capital.com/zh
2024-04-09 11:42:28.293108   driver.get(https://capital.com/zh) =>
2024-04-09 11:42:30.165442   => Loaded page https://capital.com/zh

2024-04-09 11:42:30.169938   => Windows size - {'width': 1280, 'height': 800}
2024-04-09 11:42:30.171289   Set windows position at (0, 0) =>
2024-04-09 11:42:30.273518   Set resolution 1280 * 800 =>
2024-04-09 11:42:30.376173   => Windows size is set to {'width': 1280, 'height': 800}

2024-04-09 11:42:31.418481   Капчи нет. Идем дальше

2024-04-09 11:42:31.418573   Работа с куками =>

2024-04-09 11:42:31.418587   => не требуется

2024-04-09 11:42:31.418596   Prev. country - 'de'
2024-04-09 11:42:31.418605   Cur. country - 'de'
2024-04-09 11:42:31.418614   => Country set to 'de'

2024-04-09 11:42:31.418623   Prev. language - 'zh'
2024-04-09 11:42:31.418632   Cur. language - 'zh'
2024-04-09 11:42:31.418641   => Language is set to 'zh'

2024-04-09 11:42:31.418649   Prev. role - 'NoAuth'
2024-04-09 11:42:31.418658   Cur. role - 'NoAuth'
2024-04-09 11:42:31.418666   => The 'NoAuth' role is set

2024-04-09 11:42:31.421239   => Current URL - https://capital.com/zh

2024-04-09 11:42:31.421260   => THE END PRECONDITIONS

2024-04-09 11:42:31.421303   1. Arrange_v0
2024-04-09 11:42:31.421316   current_page = https://capital.com/zh
2024-04-09 11:42:31.423695   link = https://capital.com/zh/cleanspark-inc-gu-jia
2024-04-09 11:42:31.426114   Current page URL = https://capital.com/zh
2024-04-09 11:42:31.430965   self.link = https://capital.com/zh/cleanspark-inc-gu-jia
2024-04-09 11:42:31.430984   driver.get(https://capital.com/zh/cleanspark-inc-gu-jia) =>
2024-04-09 11:42:33.274358   => Loaded page https://capital.com/zh/cleanspark-inc-gu-jia
2024-04-09 11:42:33.278913   BUTTON_SELL is located on the page? =>
2024-04-09 11:42:33.287233   => BUTTON_SELL is located on the page!
2024-04-09 11:42:33.287403   Start Checking that form [Sign up] popped up on the page =>
2024-04-09 11:42:34.818761   '[Sign up]' form was not popped up

2024-04-09 11:42:34.818956   2. Act_v0
2024-04-09 11:42:34.824407   BUTTON_SELL is present? =>
2024-04-09 11:42:34.824430   => BUTTON_SELL is present on the page
2024-04-09 11:42:34.824440   BUTTON_SELL scroll =>
2024-04-09 11:42:34.827747   => BUTTON_SELL scrolled
2024-04-09 11:42:34.855260   BUTTON_SELL is clickable? =>
2024-04-09 11:42:34.868744   BUTTON_SELL CLICK =>
2024-04-09 11:42:34.909168   => BUTTON_SELL clicked!

2024-04-09 11:42:34.909403   3. Assert_Login_v0
2024-04-09 11:42:34.909486   Check that 'Login' form is opened
2024-04-09 11:42:35.249879   'Login' form opened
2024-04-09 11:42:35.249932   Assert LOGIN_REF_SIGNUP =>
2024-04-09 11:42:35.260952   Assert LOGIN_CHECKBOX =>
2024-04-09 11:42:35.272176   Assert LOGIN_PASS_FORGOT =>
2024-04-09 11:42:35.285609   => 'Login' form is checked
2024-04-09 11:42:35.302587   Click 'Close' button on 'Login' form =>
2024-04-09 11:42:35.646024   => Focus moved to 'capital*com' logo
2024-04-09 11:42:35.646068   => 'Login' form closed
