


Current test role - NoReg
{'width': 1280, 'height': 720}

2024-01-11 23:36:08.526364   worker_id = master

2024-01-11 23:36:08.526380   0. Allure grouping v4


2024-01-11 23:36:08.526526   START PRECONDITIONS =>


2024-01-11 23:36:08.526540   {'width': 1280, 'height': 720}

2024-01-11 23:36:08.527766   Set windows position at (0, 0) =>

2024-01-11 23:36:08.629460   Set resolution 1280 * 720 =>

2024-01-11 23:36:08.731486   => Resolution seted {'width': 1280, 'height': 720}

2024-01-11 23:36:12.774909   Капчи нет. Тестим дальше

2024-01-11 23:36:12.774952   Prev. Role: NoAuth

2024-01-11 23:36:12.774962   Run preconditions: set "NoReg" Role =>
2024-01-11 23:36:13.247118   Load page https://capital.com

2024-01-11 23:36:13.520826   => All cookies are deleted
2024-01-11 23:36:14.023248   Load page https://capital.com

2024-01-11 23:36:14.023453   Step 'Click button [Accept all cookies]'
2024-01-11 23:36:18.058011   Is Visible Button [Accept all cookies]? =>
2024-01-11 23:36:18.074363   => Button [Accept all cookies] is visible
2024-01-11 23:36:19.074475   Is clickable Button [Accept all cookies] =>
2024-01-11 23:36:19.087874   => Button [Accept all cookies] is clickable
2024-01-11 23:36:19.087905   Click Button [Accept all cookies] =>
2024-01-11 23:36:19.133820   => Button [Accept all cookies] is clicked
2024-01-11 23:36:19.133861   => Accepted All Cookies

2024-01-11 23:36:19.634022   Current role: NoReg

2024-01-11 23:36:19.634066   Prev language: ?

2024-01-11 23:36:19.634079   Run preconditions: set "en" language =>


2024-01-11 23:36:19.642901   => Language and Country menu is present


2024-01-11 23:36:19.656054   => Language and Country menu is visible


2024-01-11 23:36:21.438631   => Focus is moved on Language and Country menu 

2024-01-11 23:36:22.751800   => Current language: en

2024-01-11 23:36:22.751837   Prev country: ?

2024-01-11 23:36:22.751847   Run preconditions: set "gb" country =>


2024-01-11 23:36:22.760105   => Language and Country menu is present


2024-01-11 23:36:22.773818   => Language and Country menu is visible


2024-01-11 23:36:24.554581   => Focus is moved on Language and Country menu 

2024-01-11 23:36:27.700013   => Current country: gb

2024-01-11 23:36:27.700054   => THE END PRECONDITIONS

2024-01-11 23:36:27.700087   1. Arrange_v0
2024-01-11 23:36:28.086014   Load page https://capital.com/position-trading
2024-01-11 23:36:28.225182   BUTTON_START_TRADING scroll =>
2024-01-11 23:36:28.230341   BUTTON_START_TRADING is visible? =>
2024-01-11 23:36:28.314564   => BUTTON_START_TRADING is visible on the page!

2024-01-11 23:36:28.314714   2. Act_v0
2024-01-11 23:36:28.314728   Start Click button [Start Trading] =>
2024-01-11 23:36:28.321351   BUTTON_START_TRADING is clickable? =>
2024-01-11 23:36:28.331766   BUTTON_START_TRADING click =>
2024-01-11 23:36:28.381086   => BUTTON_START_TRADING clicked

2024-01-11 23:36:28.381339   3. Assert_v0
2024-01-11 23:36:28.381432   Start step Check that [Sign up] form is opened
2024-01-11 23:36:28.555974   'Sign up' form opened
2024-01-11 23:36:28.556018   Assert SIGNUP_HEADER =>
2024-01-11 23:36:28.572248   Assert SIGNUP_REF_LOGIN =>
2024-01-11 23:36:28.587574   Assert SIGNUP_PRIVACY_POLICY_ALL_2 =>
2024-01-11 23:36:28.605274   => SIGNUP_PRIVACY_POLICY_ALL
2024-01-11 23:36:28.605311   => 'Signup' form is checked
2024-01-11 23:36:28.605466   Start step Close [Sign up] form =>
2024-01-11 23:36:28.707244   => 'Signup' form closed
