{'width': 1280, 'height': 720}

2024-01-11 23:47:13.246763   worker_id = master

2024-01-11 23:47:13.246783   0. Allure grouping v4


2024-01-11 23:47:13.246995   START PRECONDITIONS =>


2024-01-11 23:47:13.247013   {'width': 1280, 'height': 720}

2024-01-11 23:47:13.248596   Set windows position at (0, 0) =>

2024-01-11 23:47:13.360479   Set resolution 1280 * 720 =>

2024-01-11 23:47:13.462526   => Resolution seted {'width': 1280, 'height': 720}

2024-01-11 23:47:17.516753   Капчи нет. Тестим дальше

2024-01-11 23:47:17.516797   Prev. Role: Auth

2024-01-11 23:47:17.516814   Current role: Auth

2024-01-11 23:47:17.516828   Prev language: en

2024-01-11 23:47:17.516843   => Current language: en

2024-01-11 23:47:17.516856   Prev country: gb

2024-01-11 23:47:17.516870   => Current country: gb

2024-01-11 23:47:17.516885   => THE END PRECONDITIONS

2024-01-11 23:47:17.516956   1. Arrange_v0
2024-01-11 23:47:17.520156   BUTTON_CREATE_YOUR_ACCOUNT is located on the page? =>

2024-01-11 23:47:17.528051   2. Act_v0
2024-01-11 23:47:17.777971   => BUTTON_CREATE_YOUR_ACCOUNT is clicked

2024-01-11 23:47:17.778240   3. Assert_v4
2024-01-11 23:47:17.778371   Checking that the trading platform page has opened (v4) =>
2024-01-11 23:47:18.296461   => Current page title: Trading Platform | Capital.com
2024-01-11 23:47:18.296626   Checking that the Trading platform LOGO is present on the page =>
2024-01-11 23:47:19.079840   Checking that the Trading platform opened in LIVE mode =>
2024-01-11 23:47:19.093572   => The page with https://capital.com/trading/platform url was opened in lIVE mode
2024-01-11 23:47:20.195929   Load page https://capital.com/loss-aversion-bias-explained
