


Current sort - Top risers
{'width': 1280, 'height': 800}

2024-04-09 11:32:42.786864   worker_id = master

2024-04-09 11:32:42.786884   0. Allure grouping v4

2024-04-09 11:32:42.787141   START PRECONDITIONS =>

2024-04-09 11:32:42.787158   => URL after prev. preconditions - https://capital.com/zh
2024-04-09 11:32:42.787168   => flag_of_bug - False
2024-04-09 11:32:42.787179   => Current URL - https://capital.com/zh/live-share-prices
2024-04-09 11:32:42.792556   Current page URL = https://capital.com/zh/live-share-prices
2024-04-09 11:32:42.794975   self.link = https://capital.com/zh
2024-04-09 11:32:42.794988   driver.get(https://capital.com/zh) =>
2024-04-09 11:32:44.641868   => Loaded page https://capital.com/zh

2024-04-09 11:32:44.646142   => Windows size - {'width': 1280, 'height': 800}
2024-04-09 11:32:44.647445   Set windows position at (0, 0) =>
2024-04-09 11:32:44.749672   Set resolution 1280 * 800 =>
2024-04-09 11:32:44.852293   => Windows size is set to {'width': 1280, 'height': 800}

2024-04-09 11:32:45.901608   Капчи нет. Идем дальше

2024-04-09 11:32:45.901702   Работа с куками =>

2024-04-09 11:32:45.901715   => не требуется

2024-04-09 11:32:45.901725   Prev. country - 'de'
2024-04-09 11:32:45.901765   Cur. country - 'de'
2024-04-09 11:32:45.901774   => Country set to 'de'

2024-04-09 11:32:45.901783   Prev. language - 'zh'
2024-04-09 11:32:45.901792   Cur. language - 'zh'
2024-04-09 11:32:45.901801   => Language is set to 'zh'

2024-04-09 11:32:45.901809   Prev. role - 'NoAuth'
2024-04-09 11:32:45.901818   Cur. role - 'NoAuth'
2024-04-09 11:32:45.901826   => The 'NoAuth' role is set

2024-04-09 11:32:45.906690   => Current URL - https://capital.com/zh

2024-04-09 11:32:45.906713   => THE END PRECONDITIONS

2024-04-09 11:32:45.906897   START Open "Markets" menu, "Shares" submenu =>
2024-04-09 11:32:45.906912   1. Cur URL = https://capital.com/zh
2024-04-09 11:32:45.909347   2. Link = https://capital.com/zh
2024-04-09 11:32:45.909363   current_page = https://capital.com/zh
2024-04-09 11:32:45.911787   link = https://capital.com/zh
2024-04-09 11:32:46.422394   => 'Markets' menu is present
2024-04-09 11:32:46.438054   => 'Markets' menu is visible
2024-04-09 11:32:47.714359   => Focus moved to 'Markets' menu
2024-04-09 11:32:49.317472   => Focus moved to 'Shares' submenu and clicked
2024-04-09 11:32:49.602851   => Focus moved to 'capital*com' logo
2024-04-09 11:32:49.602896   3. Cur URL = https://capital.com/zh/live-share-prices

2024-04-09 11:32:49.608405   1. Arrange for Trading instrument table and "Top risers" cur_sort
2024-04-09 11:32:49.608428   current_page = https://capital.com/zh/live-share-prices
2024-04-09 11:32:49.611018   link = https://capital.com/zh/live-share-prices
2024-04-09 11:32:49.613517   IS TABLE_TRADING_INSTRUMENTS  present on the  page? =>
2024-04-09 11:32:49.619115   => TABLE_TRADING_INSTRUMENTS is present on the page!
2024-04-09 11:32:49.619143   IS FIELD_DROPDOWN_SORT present in the table? =>
2024-04-09 11:32:49.623697   =>  FIELD_DROPDOWN_SORT is present in the table!
2024-04-09 11:32:49.623724   Start scroll and click FIELD_DROPDOWN_SORT =>
2024-04-09 11:32:49.717467   Is item_sort_list visible on the FIELD_DROPDOWN_SORT ? =>
2024-04-09 11:32:49.761627   => item_sort_list is visible on the FIELD_DROPDOWN_SORT!
2024-04-09 11:32:49.761669   Is cur_sort "Top risers" present in item_sort_list? =>
2024-04-09 11:32:49.771264   => cur_sort "Top risers" is present in item_sort_list!
2024-04-09 11:32:49.771297   Start click cur_sort "Top risers" =>
2024-04-09 11:32:50.634594   => End Click cur_sort "Top risers"

2024-04-09 11:32:50.634636   Buttons [Buy] is visible and quantity buttons not zero? =>
2024-04-09 11:32:50.659522   => Buttons [Buy] is visible and quantity buttons not zero!

2024-04-09 11:32:50.659563   Start find two random buttons [Buy] on cur_sort "Top risers"=>
2024-04-09 11:32:50.665666   => End find 1 random buttons [Buy] on the cur_sort "Top risers"


2024-04-09 11:32:50.665695   Item_list = [2]
2024-04-09 11:32:50.665888   Start Checking that form [Sign up] popped up on the page =>
2024-04-09 11:32:52.199806   '[Sign up]' form was not popped up
2024-04-09 11:32:52.200015   2. Act for trading instrument and "Top risers" cur_sort
2024-04-09 11:32:52.211579   Start click button [Buy] =>
2024-04-09 11:32:52.220587   =>   BUTTON_BUY on item with ID = 67463241751634969
2024-04-09 11:32:52.220611   BUTTON_BUY on item with ID = '67463241751634969' scroll into view =>
2024-04-09 11:32:52.225423   => BUTTON_SELL on item with ID = '67463241751634969' scrolled into view
2024-04-09 11:32:52.225460   Check that BUTTON_BUY with item Hitachi, Ltd. clickable =>
2024-04-09 11:32:52.341098   => BUTTON_BUY is clickable
2024-04-09 11:32:53.109199   =>   BUTTON_BUY with item Hitachi, Ltd. clicked

2024-04-09 11:32:53.109438   3. Assert_Login_v0
2024-04-09 11:32:53.109521   Check that 'Login' form is opened
2024-04-09 11:32:53.301902   'Login' form opened
2024-04-09 11:32:53.301952   Assert LOGIN_REF_SIGNUP =>
2024-04-09 11:32:53.313111   Assert LOGIN_CHECKBOX =>
2024-04-09 11:32:53.324235   Assert LOGIN_PASS_FORGOT =>
2024-04-09 11:32:53.334046   => 'Login' form is checked
2024-04-09 11:32:53.355219   Click 'Close' button on 'Login' form =>
2024-04-09 11:32:53.670584   => Focus moved to 'capital*com' logo
2024-04-09 11:32:53.670623   => 'Login' form closed
