{'width': 1280, 'height': 720}

2023-12-25 22:03:31.781308   worker_id = master

2023-12-25 22:03:31.781333   0. Allure grouping v4


2023-12-25 22:03:31.781630   START PRECONDITIONS =>


2023-12-25 22:03:31.781648   {'width': 1280, 'height': 720}

2023-12-25 22:03:31.790340   Set windows position at (320, 180) =>

2023-12-25 22:03:32.027530   Set resolution 1280 * 720 =>

2023-12-25 22:03:32.130376   => Resolution seted {'width': 1280, 'height': 720}

2023-12-25 22:03:36.139366   Капчи нет. Тестим дальше

2023-12-25 22:03:36.139413   Prev. Role: Auth

2023-12-25 22:03:36.139423   Current role: Auth

2023-12-25 22:03:36.139432   Prev language: de

2023-12-25 22:03:36.139440   => Current language: de

2023-12-25 22:03:36.139448   Prev country: gb

2023-12-25 22:03:36.139456   => Current country: gb

2023-12-25 22:03:36.139463   => THE END PRECONDITIONS
2023-12-25 22:03:36.144552   => Education menu is present
2023-12-25 22:03:36.159980   => Education menu is visible
2023-12-25 22:03:37.923731   => Education menu focus moved

2023-12-25 22:03:39.464909   1. Arrange_v0
2023-12-25 22:03:39.527003   BUTTON_TRY_DEMO is visible? =>
2023-12-25 22:03:39.548504   => BUTTON_TRY_DEMO is visible on the page!

2023-12-25 22:03:39.548673   2. Act_v0
2023-12-25 22:03:39.548690   BUTTON_TRY_DEMO is present? =>
2023-12-25 22:03:39.575663   => BUTTON_TRY_DEMO is present on the page!
2023-12-25 22:03:39.575703   BUTTON_TRY_DEMO scroll =>
2023-12-25 22:03:39.626753   => BUTTON_TRY_DEMO clicked!

2023-12-25 22:03:39.626973   3. Assert_v4
2023-12-25 22:03:39.627063   Checking that the trading platform page has opened (v4) =>
2023-12-25 22:03:40.761725   => Current page title: Trading Platform | Capital.com
2023-12-25 22:03:40.761850   Checking that the Trading platform LOGO is present on the page =>
2023-12-25 22:03:41.478582   Checking that the Trading platform opened in DEMO mode =>
2023-12-25 22:03:41.657785   => The page with https://capital.com/de/trading-strategien-leitfaden url was opened in DEMO mode
2023-12-25 22:03:42.206644   Load page https://capital.com/de/trading-strategien-leitfaden
