{'width': 1280, 'height': 720}

2023-12-25 21:17:32.358906   worker_id = master

2023-12-25 21:17:32.358920   0. Allure grouping v4


2023-12-25 21:17:32.359063   START PRECONDITIONS =>


2023-12-25 21:17:32.359076   {'width': 1280, 'height': 720}

2023-12-25 21:17:32.360277   Set windows position at (320, 180) =>

2023-12-25 21:17:32.464742   Set resolution 1280 * 720 =>

2023-12-25 21:17:32.566890   => Resolution seted {'width': 1280, 'height': 720}

2023-12-25 21:17:36.583484   Капчи нет. Тестим дальше

2023-12-25 21:17:36.583530   Prev. Role: NoAuth

2023-12-25 21:17:36.583540   Current role: NoAuth

2023-12-25 21:17:36.583548   Prev language: de

2023-12-25 21:17:36.583556   => Current language: de

2023-12-25 21:17:36.583563   Prev country: gb

2023-12-25 21:17:36.583571   => Current country: gb

2023-12-25 21:17:36.583579   => THE END PRECONDITIONS

2023-12-25 21:17:36.583630   1. Arrange
2023-12-25 21:17:36.586525   Is present VIDEO_BANNER? =>
2023-12-25 21:17:36.597623   => VIDEO_BANNER IS PRESENT

2023-12-25 21:17:36.597752   2. Act
2023-12-25 21:17:36.597765   Is present VIDEO_BANNER? =>
2023-12-25 21:17:36.605184   => VIDEO_BANNER is present
2023-12-25 21:17:36.610644   Is clickable VIDEO_BANNER? =>
2023-12-25 21:17:36.627005   Click VIDEO_BANNER =>
2023-12-25 21:17:36.680909   => VIDEO_BANNER CLICKED

2023-12-25 21:17:36.681140   3. Assert_v0
2023-12-25 21:17:36.681219   Start step Check that [Sign up] form is opened
2023-12-25 21:17:36.700714   'Sign up' form opened
2023-12-25 21:17:36.700758   Assert SIGNUP_HEADER =>
2023-12-25 21:17:36.712340   Assert SIGNUP_REF_LOGIN =>
2023-12-25 21:17:36.725419   Assert SIGNUP_PRIVACY_POLICY_ALL_2 =>
2023-12-25 21:17:36.737735   => SIGNUP_PRIVACY_POLICY_ALL
2023-12-25 21:17:36.737779   => 'Signup' form is checked
2023-12-25 21:17:36.737960   Start step Close [Sign up] form =>
2023-12-25 21:17:36.798400   => 'Signup' form closed
