{'width': 1280, 'height': 720}

2023-12-22 06:15:38.955903   worker_id = master

2023-12-22 06:15:38.955920   0. Allure grouping v4


2023-12-22 06:15:38.956067   START PRECONDITIONS =>


2023-12-22 06:15:38.956081   {'width': 1280, 'height': 720}

2023-12-22 06:15:38.957266   Set windows position at (320, 180) =>

2023-12-22 06:15:39.059506   Set resolution 1280 * 720 =>

2023-12-22 06:15:39.162014   => Resolution seted {'width': 1280, 'height': 720}

2023-12-22 06:15:43.209351   Капчи нет. Тестим дальше

2023-12-22 06:15:43.209394   Prev. Role: NoAuth

2023-12-22 06:15:43.209404   Current role: NoAuth

2023-12-22 06:15:43.209412   Prev language: en

2023-12-22 06:15:43.209420   => Current language: en

2023-12-22 06:15:43.209427   Prev country: ae

2023-12-22 06:15:43.209435   => Current country: ae

2023-12-22 06:15:43.209442   => THE END PRECONDITIONS

2023-12-22 06:15:43.209497   1. Arrange_v0
2023-12-22 06:15:43.212291   BUTTON_TRY_DEMO is visible? =>
2023-12-22 06:15:43.229631   => BUTTON_TRY_DEMO is visible on the page!

2023-12-22 06:15:43.229776   2. Act_v0
2023-12-22 06:15:43.229790   BUTTON_TRY_DEMO is present? =>
2023-12-22 06:15:43.240370   => BUTTON_TRY_DEMO is present on the page!
2023-12-22 06:15:43.240397   BUTTON_TRY_DEMO scroll =>
2023-12-22 06:15:43.298577   => BUTTON_TRY_DEMO clicked!

2023-12-22 06:15:43.298831   3. Assert_Login_v0
2023-12-22 06:15:47.849116   'Login' form not opened
2023-12-22 06:15:47.855566   'Login' page not opened
2023-12-22 06:15:52.400237   'Login' form on trading platform not opened
2023-12-22 06:15:52.400439   Start step Check that [Sign up] form is opened
2023-12-22 06:15:52.413496   'Sign up' form opened
2023-12-22 06:15:52.413523   Assert SIGNUP_HEADER =>
2023-12-22 06:15:52.426759   Assert SIGNUP_REF_LOGIN =>
2023-12-22 06:15:52.441008   Assert SIGNUP_PRIVACY_POLICY_ALL_2 =>
2023-12-22 06:15:52.454632   => SIGNUP_PRIVACY_POLICY_ALL
2023-12-22 06:15:52.454677   => 'Signup' form is checked
