{'width': 1280, 'height': 720}

2023-12-22 07:46:07.004782   worker_id = master

2023-12-22 07:46:07.004800   0. Allure grouping v4


2023-12-22 07:46:07.004945   START PRECONDITIONS =>


2023-12-22 07:46:07.004960   {'width': 1280, 'height': 720}

2023-12-22 07:46:07.006234   Set windows position at (320, 180) =>

2023-12-22 07:46:07.108467   Set resolution 1280 * 720 =>

2023-12-22 07:46:07.210986   => Resolution seted {'width': 1280, 'height': 720}

2023-12-22 07:46:11.231053   Капчи нет. Тестим дальше

2023-12-22 07:46:11.231098   Prev. Role: NoAuth

2023-12-22 07:46:11.231108   Current role: NoAuth

2023-12-22 07:46:11.231116   Prev language: en

2023-12-22 07:46:11.231124   => Current language: en

2023-12-22 07:46:11.231132   Prev country: ae

2023-12-22 07:46:11.231139   => Current country: ae

2023-12-22 07:46:11.231147   => THE END PRECONDITIONS

2023-12-22 07:46:11.231200   1. Arrange_v4
2023-12-22 07:46:11.234254   MOST_TRADED is visible? =>
2023-12-22 07:46:11.242495   => MOST_TRADED is visible on the page!
2023-12-22 07:46:11.242520   => Found 5 elements in block MOST_TRADED

2023-12-22 07:46:11.242544   Testing Most traded random element #1

2023-12-22 07:46:11.242674   2. Act_v4
2023-12-22 07:46:11.242688   MOST_TRADED delete js-mostTraded class =>
2023-12-22 07:46:11.269163   MOST_TRADED scroll =>
2023-12-22 07:46:11.269329   Start Checking that form [Sign up] popped up on the page =>
2023-12-22 07:46:11.280293   'Sign up' form opened
2023-12-22 07:46:11.280403   Start step Close [Sign up] form =>
2023-12-22 07:46:11.361710   => 'Signup' form closed
2023-12-22 07:46:11.370334   MOST_TRADED click for 'US Crude Oil Spot' trading instrument =>
2023-12-22 07:46:11.432771   => MOST_TRADED clicked!

2023-12-22 07:46:11.433029   3. Assert_Login_v0
2023-12-22 07:46:11.448566   'Login' form opened
2023-12-22 07:46:11.448603   Assert LOGIN_REF_SIGNUP =>
2023-12-22 07:46:11.469579   Assert LOGIN_CHECKBOX =>
2023-12-22 07:46:11.487552   Assert LOGIN_PASS_FORGOT =>
2023-12-22 07:46:11.506671   => 'Login' form is checked
2023-12-22 07:46:11.542251   Click 'Close' button on 'Login' form =>
2023-12-22 07:46:11.589157   => 'Login' form closed

2023-12-22 07:46:11.589271   Clear Top Chart list =>
2023-12-22 07:46:13.078199   Load page https://capital.com/trading/platform/charting/

2023-12-22 07:46:21.157535   1. Arrange_v4
2023-12-22 07:46:21.695749   Load page https://capital.com/recency-bias
2023-12-22 07:46:21.695795   MOST_TRADED is visible? =>
2023-12-22 07:46:21.910447   => MOST_TRADED is visible on the page!
2023-12-22 07:46:21.910487   => Found 5 elements in block MOST_TRADED

2023-12-22 07:46:21.910499   Testing Most traded random element #2

2023-12-22 07:46:21.910685   2. Act_v4
2023-12-22 07:46:21.910708   MOST_TRADED delete js-mostTraded class =>
2023-12-22 07:46:21.996334   MOST_TRADED scroll =>
2023-12-22 07:46:21.996504   Start Checking that form [Sign up] popped up on the page =>
2023-12-22 07:46:26.551432   '[Sign up]' form was not popped up
2023-12-22 07:46:26.558798   MOST_TRADED click for 'Gold Spot' trading instrument =>
2023-12-22 07:46:26.625896   => MOST_TRADED clicked!

2023-12-22 07:46:26.626117   3. Assert_Login_v0
2023-12-22 07:46:26.848470   'Login' form opened
2023-12-22 07:46:26.848516   Assert LOGIN_REF_SIGNUP =>
2023-12-22 07:46:26.865052   Assert LOGIN_CHECKBOX =>
2023-12-22 07:46:26.879123   Assert LOGIN_PASS_FORGOT =>
2023-12-22 07:46:26.894714   => 'Login' form is checked
2023-12-22 07:46:26.914087   Click 'Close' button on 'Login' form =>
2023-12-22 07:46:26.968870   => 'Login' form closed
