{'width': 1280, 'height': 800}

2024-04-29 10:56:59.906951   worker_id = master

2024-04-29 10:56:59.906964   0. Allure grouping v4

2024-04-29 10:56:59.907144   START PRECONDITIONS =>

2024-04-29 10:56:59.907160   => URL after prev. preconditions - https://capital.com/nl
2024-04-29 10:56:59.907170   => flag_of_bug - False
2024-04-29 10:56:59.907180   => Current URL - https://capital.com/nl/eur-gbp-koers
2024-04-29 10:56:59.913265   Current page URL = https://capital.com/nl/eur-gbp-koers
2024-04-29 10:56:59.915811   self.link = https://capital.com/nl
2024-04-29 10:56:59.915825   driver.get(https://capital.com/nl) =>
2024-04-29 10:57:02.264628   => Loaded page https://capital.com/nl

2024-04-29 10:57:02.269002   => Windows size - {'width': 1280, 'height': 800}
2024-04-29 10:57:02.270355   Set windows position at (0, 0) =>
2024-04-29 10:57:02.271976   Set resolution 1280 * 800 =>
2024-04-29 10:57:02.273520   => Windows size is set to {'width': 1280, 'height': 800}

2024-04-29 10:57:03.305145   Капчи нет. Идем дальше

2024-04-29 10:57:03.305232   Работа с куками =>

2024-04-29 10:57:03.305246   => не требуется

2024-04-29 10:57:03.305256   Prev. country - 'au'
2024-04-29 10:57:03.305265   Cur. country - 'au'
2024-04-29 10:57:03.305274   => Country set to 'au'

2024-04-29 10:57:03.305283   Prev. language - 'nl'
2024-04-29 10:57:03.305291   Cur. language - 'nl'
2024-04-29 10:57:03.305300   => Language is set to 'nl'

2024-04-29 10:57:03.305309   Prev. role - 'Auth'
2024-04-29 10:57:03.305317   Cur. role - 'Auth'
2024-04-29 10:57:03.305326   => The 'Auth' role is set

2024-04-29 10:57:03.308045   => Current URL - https://capital.com/nl

2024-04-29 10:57:03.308067   => THE END PRECONDITIONS

2024-04-29 10:57:03.308239   START Open "Markets" menu, "Forex" submenu =>

2024-04-29 10:57:03.308254   1. Cur URL = https://capital.com/nl

2024-04-29 10:57:03.310657   2. Link = https://capital.com/nl
2024-04-29 10:57:03.310672   current_page = https://capital.com/nl
2024-04-29 10:57:03.313095   link = https://capital.com/nl
2024-04-29 10:57:03.824801   => 'Markets' menu is present
2024-04-29 10:57:03.851061   => 'Markets' menu is visible
2024-04-29 10:57:05.129908   => Focus moved to 'Markets' menu


2024-04-29 10:57:07.089749   => 'Forex' sub-menu clicked
2024-04-29 10:57:07.384815   => Focus moved to 'capital*com' logo

2024-04-29 10:57:07.384858   3. Cur URL = https://capital.com/nl/andere-instrumenten
2024-04-29 10:57:07.400075
2024-04-29 10:57:07.400101   Forex trading instrument include 19 child items for random select
2024-04-29 10:57:07.403719   k = 18 - https://capital.com/nl/aud-cad-koers
2024-04-29 10:57:07.403824   The file of hrefs contains the following URLs:
2024-04-29 10:57:07.403841   https://capital.com/nl/aud-cad-koers
2024-04-29 10:57:07.403879   Test data include 1 item(s)
2024-04-29 10:57:07.403890   The test coverage = 5.263157894736842 %
