{'width': 1280, 'height': 800}

2024-04-29 10:52:02.778694   worker_id = master

2024-04-29 10:52:02.778707   0. Allure grouping v4

2024-04-29 10:52:02.778878   START PRECONDITIONS =>

2024-04-29 10:52:02.778894   => URL after prev. preconditions - https://capital.com/nl
2024-04-29 10:52:02.778903   => flag_of_bug - False
2024-04-29 10:52:02.778913   => Current URL - https://capital.com/nl/virgin-galactic-holdings-inc-aandeelprijs
2024-04-29 10:52:02.785338   Current page URL = https://capital.com/nl/virgin-galactic-holdings-inc-aandeelprijs
2024-04-29 10:52:02.787735   self.link = https://capital.com/nl
2024-04-29 10:52:02.787748   driver.get(https://capital.com/nl) =>
2024-04-29 10:52:04.493036   => Loaded page https://capital.com/nl

2024-04-29 10:52:04.497368   => Windows size - {'width': 1280, 'height': 800}
2024-04-29 10:52:04.498729   Set windows position at (0, 0) =>
2024-04-29 10:52:04.500378   Set resolution 1280 * 800 =>
2024-04-29 10:52:04.502008   => Windows size is set to {'width': 1280, 'height': 800}

2024-04-29 10:52:05.543813   Капчи нет. Идем дальше

2024-04-29 10:52:05.543902   Работа с куками =>

2024-04-29 10:52:05.543916   => не требуется

2024-04-29 10:52:05.543926   Prev. country - 'au'
2024-04-29 10:52:05.543935   Cur. country - 'au'
2024-04-29 10:52:05.543944   => Country set to 'au'

2024-04-29 10:52:05.543953   Prev. language - 'nl'
2024-04-29 10:52:05.543961   Cur. language - 'nl'
2024-04-29 10:52:05.543970   => Language is set to 'nl'

2024-04-29 10:52:05.543979   Prev. role - 'NoReg'
2024-04-29 10:52:05.543987   Cur. role - 'NoReg'
2024-04-29 10:52:05.543996   => The 'NoReg' role is set

2024-04-29 10:52:05.546862   => Current URL - https://capital.com/nl

2024-04-29 10:52:05.546888   => THE END PRECONDITIONS

2024-04-29 10:52:05.546941   1. Arrange_v0
2024-04-29 10:52:05.546955   current_page = https://capital.com/nl
2024-04-29 10:52:05.549440   link = https://capital.com/nl/virgin-galactic-holdings-inc-aandeelprijs
2024-04-29 10:52:05.551836   Current page URL = https://capital.com/nl
2024-04-29 10:52:05.554187   self.link = https://capital.com/nl/virgin-galactic-holdings-inc-aandeelprijs
2024-04-29 10:52:05.554201   driver.get(https://capital.com/nl/virgin-galactic-holdings-inc-aandeelprijs) =>
2024-04-29 10:52:07.210460   => Loaded page https://capital.com/nl/virgin-galactic-holdings-inc-aandeelprijs
2024-04-29 10:52:07.217105   BUTTON_SELL is located on the page? =>
2024-04-29 10:52:07.227647   => BUTTON_SELL is located on the page!
2024-04-29 10:52:07.227853   Start Checking that form [Sign up] popped up on the page =>
2024-04-29 10:52:08.763976   '[Sign up]' form was not popped up

2024-04-29 10:52:08.764170   2. Act_v0
2024-04-29 10:52:08.769387   BUTTON_SELL is present? =>
2024-04-29 10:52:08.769411   => BUTTON_SELL is present on the page
2024-04-29 10:52:08.769421   BUTTON_SELL scroll =>
2024-04-29 10:52:08.775084   => BUTTON_SELL scrolled
2024-04-29 10:52:08.796645   BUTTON_SELL is clickable? =>
2024-04-29 10:52:08.806380   BUTTON_SELL CLICK =>
2024-04-29 10:52:08.835808   => BUTTON_SELL clicked!

2024-04-29 10:52:08.836037   3. Assert_v0
2024-04-29 10:52:08.836125   Start step Check that [Sign up] form is opened
2024-04-29 10:52:09.011517   'Sign up' form opened
2024-04-29 10:52:09.011562   Assert SIGNUP_HEADER =>
2024-04-29 10:52:09.022305   Assert SIGNUP_REF_LOGIN =>
2024-04-29 10:52:09.033913   Assert SIGNUP_PRIVACY_POLICY_ALL_2 =>
2024-04-29 10:52:09.045334   => SIGNUP_PRIVACY_POLICY_ALL
2024-04-29 10:52:09.045366   => 'Signup' form is checked
2024-04-29 10:52:09.045528   Start step Close [Sign up] form =>
2024-04-29 10:52:09.140683   => 'Signup' form closed
2024-04-29 10:52:09.406847   => Focus moved to 'capital*com' logo
