{'width': 1280, 'height': 800}

2024-04-29 12:11:39.713021   worker_id = master

2024-04-29 12:11:39.713041   0. Allure grouping v4

2024-04-29 12:11:39.713307   START PRECONDITIONS =>

2024-04-29 12:11:39.713327   => URL after prev. preconditions - https://capital.com/nl
2024-04-29 12:11:39.713342   => flag_of_bug - False
2024-04-29 12:11:39.713359   => Current URL - https://capital.com/nl/trade-commodities
2024-04-29 12:11:39.745716   Current page URL = https://capital.com/nl/trade-commodities
2024-04-29 12:11:39.750171   self.link = https://capital.com/nl
2024-04-29 12:11:39.750185   driver.get(https://capital.com/nl) =>
2024-04-29 12:11:41.856217   => Loaded page https://capital.com/nl

2024-04-29 12:11:41.859808   => Windows size - {'width': 1280, 'height': 800}
2024-04-29 12:11:41.861176   Set windows position at (0, 0) =>
2024-04-29 12:11:41.862884   Set resolution 1280 * 800 =>
2024-04-29 12:11:41.867091   => Windows size is set to {'width': 1280, 'height': 800}

2024-04-29 12:11:42.905806   Капчи нет. Идем дальше

2024-04-29 12:11:42.905917   Работа с куками =>

2024-04-29 12:11:42.905933   => не требуется

2024-04-29 12:11:42.905942   Prev. country - 'au'
2024-04-29 12:11:42.905952   Cur. country - 'au'
2024-04-29 12:11:42.905961   => Country set to 'au'

2024-04-29 12:11:42.905970   Prev. language - 'nl'
2024-04-29 12:11:42.905979   Cur. language - 'nl'
2024-04-29 12:11:42.905987   => Language is set to 'nl'

2024-04-29 12:11:42.905995   Prev. role - 'NoReg'
2024-04-29 12:11:42.906004   Cur. role - 'NoReg'
2024-04-29 12:11:42.906012   => The 'NoReg' role is set

2024-04-29 12:11:42.908730   => Current URL - https://capital.com/nl

2024-04-29 12:11:42.908751   => THE END PRECONDITIONS

2024-04-29 12:11:42.908925   1. Cur URL = https://capital.com/nl

2024-04-29 12:11:42.911528   2. Link = https://capital.com/nl
2024-04-29 12:11:42.911543   current_page = https://capital.com/nl
2024-04-29 12:11:42.914036   link = https://capital.com/nl
2024-04-29 12:11:43.425575   => Education menu is present in DOM
2024-04-29 12:11:43.430783   => Education menu is visible
2024-04-29 12:11:44.700411   => Focus moved to Education menu
2024-04-29 12:11:46.732533   => Focus moved to 'capital*com' logo

2024-04-29 12:11:46.732579   3. Cur URL = https://capital.com/nl/trade-commodities

2024-04-29 12:11:46.738053   1. Arrange
2024-04-29 12:11:46.738078   current_page = https://capital.com/nl/trade-commodities
2024-04-29 12:11:46.740521   link = https://capital.com/nl/trade-commodities
2024-04-29 12:11:46.743038   BUTTON_ON_VER_BANNER is present? =>
2024-04-29 12:11:46.751756   => BUTTON_ON_VER_BANNER is present on the page!
2024-04-29 12:11:46.751778   BUTTON_ON_VER_BANNER scroll =>
2024-04-29 12:11:46.755520   BUTTON_ON_VER_BANNER is visible? =>
2024-04-29 12:11:46.799752   => BUTTON_ON_VER_BANNER is visible on the page!
2024-04-29 12:11:46.800004   Start Checking that form [Sign up] popped up on the page =>
2024-04-29 12:11:48.366578   '[Sign up]' form was not popped up

2024-04-29 12:11:48.366753   2. Act

2024-04-29 12:11:48.383251   => Button on Vertical banner clickable

2024-04-29 12:11:48.388128   data_id = 282
2024-04-29 12:11:49.191194   => BUTTON_ON_VER_BANNER clicked!

2024-04-29 12:11:49.191477   3. Assert_v0
2024-04-29 12:11:49.191608   Start step Check that [Sign up] form is opened
2024-04-29 12:11:56.462110   'Sign up' form not opened
2024-04-29 12:11:56.462303   Start step Check that new [Sign up] form is opened
2024-04-29 12:11:59.567469   => new 'Sign up' form not opened
2024-04-29 12:11:59.567657   Start method Check that [Sign up] page opened =>
2024-04-29 12:12:00.572153   'Sign up' page opened
2024-04-29 12:12:00.572193   Assert SIGNUP_SIGNUP_FRAME =>
2024-04-29 12:12:00.580918   Assert SIGNUP_REF_LOGIN =>
2024-04-29 12:12:00.593668   Assert SIGNUP_PRIVACY_POLICY_ALL_1 =>
2024-04-29 12:12:02.139750   Assert SIGNUP_PRIVACY_POLICY_ALL_2 =>
2024-04-29 12:12:02.152867   => SIGNUP_PRIVACY_POLICY_ALL
2024-04-29 12:12:02.152892   => 'Signup' page is checked
2024-04-29 12:12:03.153292   Start method 'Close [Sign up] page' =>
2024-04-29 12:12:04.985995   => [Sign up] page is closed
