


Current sort - Top fallers
{'width': 1280, 'height': 800}

2024-04-29 11:37:10.501614   worker_id = master

2024-04-29 11:37:10.501642   0. Allure grouping v4

2024-04-29 11:37:10.502017   START PRECONDITIONS =>

2024-04-29 11:37:10.502049   => URL after prev. preconditions - https://capital.com/nl
2024-04-29 11:37:10.502067   => flag_of_bug - False
2024-04-29 11:37:10.502085   => Current URL - https://capital.com/nl/live-grondstoffen-prijzen
2024-04-29 11:37:10.508936   Current page URL = https://capital.com/nl/live-grondstoffen-prijzen
2024-04-29 11:37:10.512645   self.link = https://capital.com/nl
2024-04-29 11:37:10.512659   driver.get(https://capital.com/nl) =>
2024-04-29 11:37:12.240849   => Loaded page https://capital.com/nl

2024-04-29 11:37:12.245157   => Windows size - {'width': 1280, 'height': 800}
2024-04-29 11:37:12.246579   Set windows position at (0, 0) =>
2024-04-29 11:37:12.250320   Set resolution 1280 * 800 =>
2024-04-29 11:37:12.251948   => Windows size is set to {'width': 1280, 'height': 800}

2024-04-29 11:37:13.288804   Капчи нет. Идем дальше

2024-04-29 11:37:13.288890   Работа с куками =>

2024-04-29 11:37:13.288904   => не требуется

2024-04-29 11:37:13.288914   Prev. country - 'au'
2024-04-29 11:37:13.288923   Cur. country - 'au'
2024-04-29 11:37:13.288932   => Country set to 'au'

2024-04-29 11:37:13.288941   Prev. language - 'nl'
2024-04-29 11:37:13.288950   Cur. language - 'nl'
2024-04-29 11:37:13.288958   => Language is set to 'nl'

2024-04-29 11:37:13.288967   Prev. role - 'NoReg'
2024-04-29 11:37:13.288975   Cur. role - 'NoReg'
2024-04-29 11:37:13.288984   => The 'NoReg' role is set

2024-04-29 11:37:13.291798   => Current URL - https://capital.com/nl

2024-04-29 11:37:13.291822   => THE END PRECONDITIONS

2024-04-29 11:37:13.292011   START Open "Markets" menu, "Commodities" submenu =>

2024-04-29 11:37:13.292027   1. Cur URL = https://capital.com/nl

2024-04-29 11:37:13.294524   2. Link = https://capital.com/nl
2024-04-29 11:37:13.294540   current_page = https://capital.com/nl
2024-04-29 11:37:13.297033   link = https://capital.com/nl
2024-04-29 11:37:13.807415   => 'Markets' menu is present
2024-04-29 11:37:13.820726   => 'Markets' menu is visible
2024-04-29 11:37:15.100591   => Focus moved to 'Markets' menu
2024-04-29 11:37:15.106896   => 'Markets > Commodities' submenu is present
2024-04-29 11:37:16.765070   => Focus moved to 'capital*com' logo

2024-04-29 11:37:16.765115   3. Cur URL = https://capital.com/nl/live-grondstoffen-prijzen

2024-04-29 11:37:16.770748   1. Arrange for TABLE_TRADING_INSTRUMENTS and 'Top fallers' cur_sort
2024-04-29 11:37:16.770772   current_page = https://capital.com/nl/live-grondstoffen-prijzen
2024-04-29 11:37:16.773401   link = https://capital.com/nl/live-grondstoffen-prijzen
2024-04-29 11:37:16.775846   TABLE_TRADING_INSTRUMENTS present on this page? =>
2024-04-29 11:37:16.780809   => Trading Instrument table is present on the page!
2024-04-29 11:37:16.780831   IS FIELD_DROPDOWN_SORT present in the Live TI prices table? =>
2024-04-29 11:37:16.785438   =>  FIELD_DROPDOWN_SORT is present in the Live TI price table!
2024-04-29 11:37:16.785460   Start scroll and click FIELD_DROPDOWN_SORT =>
2024-04-29 11:37:16.886412   Is item_sort_list visible on the FIELD_DROPDOWN_SORT ? =>
2024-04-29 11:37:16.921535   => items_sort_list is visible on the FIELD_DROPDOWN_SORT!
2024-04-29 11:37:16.921584   Is cur_sort "Top fallers" present in items_sort_list? =>
2024-04-29 11:37:16.946718   => cur_sort "Top fallers" is present in item_sort_list!
2024-04-29 11:37:16.946756   Start click cur_sort item - "Top fallers"=>
2024-04-29 11:37:17.648347   => End Click cur_sort "Top fallers"

2024-04-29 11:37:17.648395   Buttons [Sell] is visible and sum buttons no zero? =>
2024-04-29 11:37:17.670378   => Buttons [Sell] is visible and sum buttons no zero!

2024-04-29 11:37:17.670411   Start find 1 random buttons [Sell] on cur_sort "Top fallers"=>
2024-04-29 11:37:17.676877   => End find 1 random buttons [Sell] on the cur_sort "Top fallers"

2024-04-29 11:37:17.676906   List of random items = [16]
2024-04-29 11:37:17.677083   2. Act for trading instrument and "Top fallers" cur_sort
2024-04-29 11:37:17.688950   Start click button [Sell] =>
2024-04-29 11:37:17.698263   =>   BUTTON_SELL on item with ID = '7092970985706692' is present
2024-04-29 11:37:17.698292   BUTTON_SELL on item with ID = '7092970985706692' scroll into view =>
2024-04-29 11:37:17.703574   => BUTTON_SELL on item with ID = '7092970985706692' scrolled into view
2024-04-29 11:37:17.703605   Check that BUTTON_SELL with item 'Live Cattle' clickable =>
2024-04-29 11:37:17.804860   => BUTTON_SELL is clickable
2024-04-29 11:37:18.084119   =>   BUTTON_SELL on item 'Live Cattle' clicked

2024-04-29 11:37:18.084423   3. Assert_v0
2024-04-29 11:37:18.084554   Start step Check that [Sign up] form is opened
2024-04-29 11:37:18.243479   'Sign up' form opened
2024-04-29 11:37:18.243516   Assert SIGNUP_HEADER =>
2024-04-29 11:37:18.254760   Assert SIGNUP_REF_LOGIN =>
2024-04-29 11:37:18.265649   Assert SIGNUP_PRIVACY_POLICY_ALL_2 =>
2024-04-29 11:37:18.276432   => SIGNUP_PRIVACY_POLICY_ALL
2024-04-29 11:37:18.276464   => 'Signup' form is checked
2024-04-29 11:37:18.276628   Start step Close [Sign up] form =>
2024-04-29 11:37:18.346741   => 'Signup' form closed
2024-04-29 11:37:18.616097   => Focus moved to 'capital*com' logo
