{'width': 1280, 'height': 800}

2024-04-29 10:16:45.183581   worker_id = master

2024-04-29 10:16:45.183599   0. Allure grouping v4

2024-04-29 10:16:45.183853   START PRECONDITIONS =>

2024-04-29 10:16:45.183869   => URL after prev. preconditions - https://capital.com/nl
2024-04-29 10:16:45.183879   => flag_of_bug - False
2024-04-29 10:16:45.183889   => Current URL - https://capital.com/nl

2024-04-29 10:16:45.189063   => Windows size - {'width': 1280, 'height': 800}
2024-04-29 10:16:45.190730   Set windows position at (0, 0) =>
2024-04-29 10:16:45.195129   Set resolution 1280 * 800 =>
2024-04-29 10:16:45.196720   => Windows size is set to {'width': 1280, 'height': 800}

2024-04-29 10:16:46.248005   Капчи нет. Идем дальше

2024-04-29 10:16:46.248096   Работа с куками =>

2024-04-29 10:16:46.248109   => не требуется

2024-04-29 10:16:46.248119   Prev. country - 'au'
2024-04-29 10:16:46.248128   Cur. country - 'au'
2024-04-29 10:16:46.248137   => Country set to 'au'

2024-04-29 10:16:46.248146   Prev. language - 'nl'
2024-04-29 10:16:46.248155   Cur. language - 'nl'
2024-04-29 10:16:46.248163   => Language is set to 'nl'

2024-04-29 10:16:46.248172   Prev. role - 'NoAuth'
2024-04-29 10:16:46.248181   Cur. role - 'NoAuth'
2024-04-29 10:16:46.248189   => The 'NoAuth' role is set

2024-04-29 10:16:46.250939   => Current URL - https://capital.com/nl

2024-04-29 10:16:46.250960   => THE END PRECONDITIONS

2024-04-29 10:16:46.251146   1. Arrange_v0
2024-04-29 10:16:46.251164   current_page = https://capital.com/nl
2024-04-29 10:16:46.253580   link = https://capital.com/nl
2024-04-29 10:16:46.255991   IS 'Trading experience' block present on this page? =>
2024-04-29 10:16:46.264723   => 'Trading experience' block present on this page!

2024-04-29 10:16:46.275625   IS 'Trading experience' block present on this page? =>
2024-04-29 10:16:46.300334   => 'Trading experience' block is visible on this page!

2024-04-29 10:16:46.300370   IS [Start Trading] button present on this page? =>
2024-04-29 10:16:46.307882   => [Start Trading] button present on this page!

2024-04-29 10:16:46.316512   IS [Start Trading] button present on this page? =>
2024-04-29 10:16:46.333536   => [Start Trading] button is visible on this page!

2024-04-29 10:16:46.333566   [Start Trading] button scroll =>

2024-04-29 10:16:46.336747   2. Act_v0
2024-04-29 10:16:46.336768   [Start Trading] button is clickable? =>
2024-04-29 10:16:46.351189   => [Start Trading] button is clickable!

2024-04-29 10:16:46.385963   => [Start Trading] button clicked!

2024-04-29 10:16:46.386185   3. Assert_Login_v0
2024-04-29 10:16:46.386268   Check that 'Login' form is opened
2024-04-29 10:16:52.588126   'Login' form not opened
2024-04-29 10:16:52.588306   Check that new 'Login' form is opened
2024-04-29 10:16:55.699449   => New 'Login' form not opened
2024-04-29 10:16:55.702334   'Login' page not opened
2024-04-29 10:16:58.797058   'Login' form on trading platform not opened
2024-04-29 10:16:58.797261   Start step Check that [Sign up] form is opened
2024-04-29 10:16:58.810878   'Sign up' form opened
2024-04-29 10:16:58.810910   Assert SIGNUP_HEADER =>
2024-04-29 10:16:58.823294   Assert SIGNUP_REF_LOGIN =>
2024-04-29 10:16:58.835482   Assert SIGNUP_PRIVACY_POLICY_ALL_2 =>
2024-04-29 10:16:58.847547   => SIGNUP_PRIVACY_POLICY_ALL
2024-04-29 10:16:58.847574   => 'Signup' form is checked

Bug: Bid:00.00_002-nl.au.NoAuth

2024-04-29 10:16:58.847643   Проверка бага в таблице ретеста  =>

2024-04-29 10:16:59.457923   4. Fixing one row check results into Google Sheet Bugs Report =>
1 cells updated.
2024-04-29 10:16:59.798016   => 4. One row check results into Google Sheet Bugs Report fixed

2024-04-29 10:17:02.790595   4. Fixing one row check results into Google Sheet Bugs Report =>
1 cells updated.
2024-04-29 10:17:03.114513   => 4. One row check results into Google Sheet Bugs Report fixed

2024-04-29 10:17:03.114767   4. Fixing one row check results into Google Sheet Bugs Report =>
1 cells updated.
2024-04-29 10:17:03.418095   => 4. One row check results into Google Sheet Bugs Report fixed

2024-04-29 10:17:03.418198   Баг Bid:00.00_002-nl.au.NoAuth уже существует, но у него изменился тип с  на 05

2024-04-29 10:17:03.418391   4. Fixing one row check results into Google Sheet Bugs Report =>
1 cells updated.
2024-04-29 10:17:03.731120   => 4. One row check results into Google Sheet Bugs Report fixed

2024-04-29 10:17:03.732910   Баг Bid:00.00_002-nl.au.NoAuth-05 обнаружен ранее и уже находится в 'Bugs Report Auto detect'
