{'width': 1280, 'height': 800}

2024-04-29 10:35:23.486019   worker_id = master

2024-04-29 10:35:23.486033   0. Allure grouping v4

2024-04-29 10:35:23.486212   START PRECONDITIONS =>

2024-04-29 10:35:23.486228   => URL after prev. preconditions - https://capital.com/nl
2024-04-29 10:35:23.486238   => flag_of_bug - False
2024-04-29 10:35:23.486248   => Current URL - https://capital.com/nl/us-natural-gas-spot-handelswaren
2024-04-29 10:35:23.491217   Current page URL = https://capital.com/nl/us-natural-gas-spot-handelswaren
2024-04-29 10:35:23.493656   self.link = https://capital.com/nl
2024-04-29 10:35:23.493669   driver.get(https://capital.com/nl) =>
2024-04-29 10:35:25.299188   => Loaded page https://capital.com/nl

2024-04-29 10:35:25.303588   => Windows size - {'width': 1280, 'height': 800}
2024-04-29 10:35:25.305040   Set windows position at (0, 0) =>
2024-04-29 10:35:25.306805   Set resolution 1280 * 800 =>
2024-04-29 10:35:25.308519   => Windows size is set to {'width': 1280, 'height': 800}

2024-04-29 10:35:26.355278   Капчи нет. Идем дальше

2024-04-29 10:35:26.355369   Работа с куками =>

2024-04-29 10:35:26.355383   => не требуется

2024-04-29 10:35:26.355393   Prev. country - 'au'
2024-04-29 10:35:26.355402   Cur. country - 'au'
2024-04-29 10:35:26.355411   => Country set to 'au'

2024-04-29 10:35:26.355419   Prev. language - 'nl'
2024-04-29 10:35:26.355428   Cur. language - 'nl'
2024-04-29 10:35:26.355437   => Language is set to 'nl'

2024-04-29 10:35:26.355446   Prev. role - 'NoReg'
2024-04-29 10:35:26.355454   Cur. role - 'NoReg'
2024-04-29 10:35:26.355463   => The 'NoReg' role is set

2024-04-29 10:35:26.358216   => Current URL - https://capital.com/nl

2024-04-29 10:35:26.358238   => THE END PRECONDITIONS

2024-04-29 10:35:26.358422   1. Arrange_v0
2024-04-29 10:35:26.358439   current_page = https://capital.com/nl
2024-04-29 10:35:26.360835   link = https://capital.com/nl/us-natural-gas-spot-handelswaren
2024-04-29 10:35:26.365307   Current page URL = https://capital.com/nl
2024-04-29 10:35:26.368096   self.link = https://capital.com/nl/us-natural-gas-spot-handelswaren
2024-04-29 10:35:26.368110   driver.get(https://capital.com/nl/us-natural-gas-spot-handelswaren) =>
2024-04-29 10:35:28.156908   => Loaded page https://capital.com/nl/us-natural-gas-spot-handelswaren
2024-04-29 10:35:28.171677   Is button BUTTON_VIEW_DETAILED_CHART present on the page? =>
2024-04-29 10:35:28.171706   => BUTTON_VIEW_DETAILED_CHART is present on the page
2024-04-29 10:35:28.171716   BUTTON_VIEW_DETAILED_CHART scroll =>
2024-04-29 10:35:28.174941   => BUTTON_VIEW_DETAILED_CHART scrolled
2024-04-29 10:35:28.175114   Start Checking that form [Sign up] popped up on the page =>
2024-04-29 10:35:29.715064   '[Sign up]' form was not popped up

2024-04-29 10:35:29.715241   2. Act_v0
2024-04-29 10:35:29.715257   Start Click button [View Detailed Chart] =>
2024-04-29 10:35:29.729515   BUTTON_VIEW_DETAILED_CHART is clickable =>
2024-04-29 10:35:29.761095 => BUTTON_VIEW_DETAILED_CHART clicked

2024-04-29 10:35:29.761386   3. Assert_v0
2024-04-29 10:35:29.761512   Start step Check that [Sign up] form is opened
2024-04-29 10:35:29.953519   'Sign up' form opened
2024-04-29 10:35:29.953557   Assert SIGNUP_HEADER =>
2024-04-29 10:35:29.964674   Assert SIGNUP_REF_LOGIN =>
2024-04-29 10:35:29.974211   Assert SIGNUP_PRIVACY_POLICY_ALL_2 =>
2024-04-29 10:35:29.987733   => SIGNUP_PRIVACY_POLICY_ALL
2024-04-29 10:35:29.987775   => 'Signup' form is checked
2024-04-29 10:35:29.987985   Start step Close [Sign up] form =>
2024-04-29 10:35:30.082717   => 'Signup' form closed
2024-04-29 10:35:30.364071   => Focus moved to 'capital*com' logo
