


Current market - Indices



Current sort - Most traded
{'width': 1280, 'height': 800}

2024-04-29 10:28:21.430539   worker_id = master

2024-04-29 10:28:21.430558   0. Allure grouping v4

2024-04-29 10:28:21.430824   START PRECONDITIONS =>

2024-04-29 10:28:21.430846   => URL after prev. preconditions - https://capital.com/nl
2024-04-29 10:28:21.430862   => flag_of_bug - False
2024-04-29 10:28:21.430879   => Current URL - https://capital.com/nl/derivaat-financieel-instrument
2024-04-29 10:28:21.447601   Current page URL = https://capital.com/nl/derivaat-financieel-instrument
2024-04-29 10:28:21.450731   self.link = https://capital.com/nl
2024-04-29 10:28:21.450745   driver.get(https://capital.com/nl) =>
2024-04-29 10:28:23.172673   => Loaded page https://capital.com/nl

2024-04-29 10:28:23.177143   => Windows size - {'width': 1280, 'height': 800}
2024-04-29 10:28:23.178573   Set windows position at (0, 0) =>
2024-04-29 10:28:23.182416   Set resolution 1280 * 800 =>
2024-04-29 10:28:23.184004   => Windows size is set to {'width': 1280, 'height': 800}

2024-04-29 10:28:24.216957   Капчи нет. Идем дальше

2024-04-29 10:28:24.217048   Работа с куками =>

2024-04-29 10:28:24.217062   => не требуется

2024-04-29 10:28:24.217072   Prev. country - 'au'
2024-04-29 10:28:24.217081   Cur. country - 'au'
2024-04-29 10:28:24.217090   => Country set to 'au'

2024-04-29 10:28:24.217099   Prev. language - 'nl'
2024-04-29 10:28:24.217108   Cur. language - 'nl'
2024-04-29 10:28:24.217116   => Language is set to 'nl'

2024-04-29 10:28:24.217125   Prev. role - 'NoReg'
2024-04-29 10:28:24.217134   Cur. role - 'NoReg'
2024-04-29 10:28:24.217142   => The 'NoReg' role is set

2024-04-29 10:28:24.219982   => Current URL - https://capital.com/nl

2024-04-29 10:28:24.220006   => THE END PRECONDITIONS

2024-04-29 10:28:24.220200   START Open "Markets" menu, "All Markets" submenu =>

2024-04-29 10:28:24.220217   1. Cur URL = https://capital.com/nl

2024-04-29 10:28:24.222757   2. Link = https://capital.com/nl
2024-04-29 10:28:24.222773   current_page = https://capital.com/nl
2024-04-29 10:28:24.225207   link = https://capital.com/nl
2024-04-29 10:28:24.736304   => 'Markets' menu is present
2024-04-29 10:28:24.750950   => 'Markets' menu is visible
2024-04-29 10:28:26.031528   => Focus moved to 'Markets' menu
2024-04-29 10:28:26.037445   => 'Markets > All Markets' submenu is present
2024-04-29 10:28:27.713713   => Focus moved to 'capital*com' logo

2024-04-29 10:28:27.713757   3. Cur URL = https://capital.com/nl/derivaat-financieel-instrument

2024-04-29 10:28:27.719140   1. Arrange for TABLE_TRADING_INSTRUMENTS and 'Most traded' cur_sort
2024-04-29 10:28:27.719163   current_page = https://capital.com/nl/derivaat-financieel-instrument
2024-04-29 10:28:27.721631   link = https://capital.com/nl/derivaat-financieel-instrument
2024-04-29 10:28:27.724062   TABLE_TRADING_INSTRUMENTS present on this page? =>
2024-04-29 10:28:27.729040   => TABLE_TRADING_INSTRUMENTS is present on the page!
2024-04-29 10:28:27.729062   IS MARKETS_LIST present on this page? =>
2024-04-29 10:28:27.735662   Start scroll to markets list =>
2024-04-29 10:28:27.739813   => MARKETS_LIST is present on the page!
2024-04-29 10:28:27.739887   Start scroll and click cur_market 'Indices' =>
2024-04-29 10:28:27.784399   => End Click cur_market "Indices"
2024-04-29 10:28:27.784446   IS FIELD_DROPDOWN_SORT present in the Live prices table? =>
2024-04-29 10:28:27.799601   =>  FIELD_DROPDOWN_SORT is present in the table!
2024-04-29 10:28:27.799641   Start scroll and click FIELD_DROPDOWN_SORT =>
2024-04-29 10:28:27.848904   Is item_sort_list visible on the FIELD_DROPDOWN_SORT ? =>
2024-04-29 10:28:27.863834   => item_sort_list is visible on the FIELD_DROPDOWN_SORT!
2024-04-29 10:28:27.863876   Is cur_sort "Most traded" present in item_sort_list? =>
2024-04-29 10:28:27.869050   => cur_sort "Most traded" is present in item_sort_list!
2024-04-29 10:28:27.869074   Start click cur_sort "Most traded" =>
2024-04-29 10:28:27.895798   => End Click cur_sort "Most traded"

2024-04-29 10:28:27.895844   Buttons [Sell] is visible and sum buttons no zero? =>
2024-04-29 10:28:27.902397   => Buttons [Sell] is visible and sum buttons no zero!

2024-04-29 10:28:27.902425   Start find 1 random buttons [Sell] on cur_sort=>
2024-04-29 10:28:27.907349   => End find 1 random buttons [Sell] on the cur_sort "Most traded"

2024-04-29 10:28:27.907377   List of random items = [3]
2024-04-29 10:28:27.907549   2. Act for trading instrument, "Most traded" cur_sort and "Indices" cur_market
2024-04-29 10:28:27.918932   Start click button [Sell] =>
2024-04-29 10:28:27.924076   =>   BUTTON_SELL  is present
2024-04-29 10:28:27.924108   BUTTON_SELL o scroll into view =>
