


Current country - au
{'width': 1280, 'height': 800}

2024-07-30 19:40:02.011018   worker_id = master

2024-07-30 19:40:02.011031   0. Allure grouping for US_55

2024-07-30 19:40:02.011207   START PRECONDITIONS =>

2024-07-30 19:40:02.011222   => URL after prev. preconditions - https://capital.com/hu
2024-07-30 19:40:02.011232   => flag_of_bug - True
2024-07-30 19:40:02.011243   => Current URL - https://capital.com/demo-trading-account
2024-07-30 19:40:02.018003   Current page URL = https://capital.com/demo-trading-account
2024-07-30 19:40:02.020404   self.link = https://capital.com/hu
2024-07-30 19:40:02.020417   driver.get(https://capital.com/hu) =>
2024-07-30 19:40:03.760113   => Loaded page https://capital.com/hu

2024-07-30 19:40:03.766141   => Windows size: {'width': 1280, 'height': 800}
2024-07-30 19:40:03.767532   Set windows position at (0, 0) =>
2024-07-30 19:40:03.769376   Set resolution 1280 * 800 =>
2024-07-30 19:40:03.770973   => Windows size is set to {'width': 1280, 'height': 800}

2024-07-30 19:40:04.810970   Капчи нет. Идем дальше

2024-07-30 19:40:04.811060   Работа с куками =>

2024-07-30 19:40:04.811074   => не требуется

2024-07-30 19:40:05.844658   Капчи нет. Идем дальше

2024-07-30 19:40:05.844745   Prev. country - 'au'
2024-07-30 19:40:05.844758   Cur. country - 'au'
2024-07-30 19:40:05.844768   => Country set to 'au'

2024-07-30 19:40:06.881431   Капчи нет. Идем дальше

2024-07-30 19:40:06.881518   Prev. language - 'hu'
2024-07-30 19:40:06.881531   Cur. language - 'ru'
2024-07-30 19:40:06.881541   Set 'ru' language =>
2024-07-30 19:40:06.889115   => Language and Country menu is present
2024-07-30 19:40:06.900598   => Language and Country menu is visible
2024-07-30 19:40:08.184275   => Focus is moved on Language and Country menu 
2024-07-30 19:40:08.192877   Move focus on ru item and click =>
2024-07-30 19:40:10.001578   => Focus moved on ru item and clicked
2024-07-30 19:40:10.001627   => Cur url = https://capital.com/ru
2024-07-30 19:40:10.010182   => Language is set to 'ru'

2024-07-30 19:40:11.059167   Капчи нет. Идем дальше

2024-07-30 19:40:11.059256   Prev. role - 'NoReg'
2024-07-30 19:40:11.059270   Cur. role - 'NoReg'
2024-07-30 19:40:11.059279   => The 'NoReg' role is set

2024-07-30 19:40:11.064355   => Current URL - https://capital.com/ru

2024-07-30 19:40:11.064382   => THE END PRECONDITIONS
2024-07-30 19:40:11.064601   1. Start Arrange.
2024-07-30 19:40:11.064622   current_page = https://capital.com/ru
2024-07-30 19:40:11.067246   link = https://capital.com/ru
2024-07-30 19:40:11.069736   => current_url == cur_item_link
2024-07-30 19:40:11.069761   Check presenting [demo account] link.
2024-07-30 19:40:11.069772   IS [demo account] link present on this page? =>
2024-07-30 19:40:11.074580   => [demo account] link present on this page!

2024-07-30 19:40:11.084474   IS [demo account] link visible on this page? =>
2024-07-30 19:40:11.093624   => [demo account] link is visible on this page!

2024-07-30 19:40:11.093647   IS [demo account] link clickable on this page? =>
2024-07-30 19:40:11.121785   => [demo account] link is clickable on this page!

2024-07-30 19:40:11.121828   Save current screenshot into PNG file
2024-07-30 19:40:11.238304   2. Start Act.
2024-07-30 19:40:11.238333   Start click on [demo account] link =>
2024-07-30 19:40:13.203892   => [demo account] link clicked!

2024-07-30 19:40:13.203942   Save current screenshot into PNG file
2024-07-30 19:40:13.355869   3. Start Assert.
2024-07-30 19:40:13.355896   Check language version of page 'Demo account'. 
2024-07-30 19:40:13.355906   IS page 'Demo account' opened EN-language version? =>
2024-07-30 19:40:13.355916   Current page is: https://capital.com/demo-trading-account
2024-07-30 19:40:13.361341   => Page 'Demo account' opened in EN-language version.

