{'width': 1280, 'height': 800}

2024-04-25 04:49:14.137073   worker_id = master

2024-04-25 04:49:14.137087   0. Allure grouping v4

2024-04-25 04:49:14.137282   START PRECONDITIONS =>

2024-04-25 04:49:14.137298   => URL after prev. preconditions - https://capital.com/el
2024-04-25 04:49:14.137309   => flag_of_bug - False
2024-04-25 04:49:14.137320   => Current URL - https://capital.com/trading/platform/
2024-04-25 04:49:14.147817   Current page URL = https://capital.com/trading/platform/
2024-04-25 04:49:14.150466   self.link = https://capital.com/el
2024-04-25 04:49:14.150481   driver.get(https://capital.com/el) =>
2024-04-25 04:49:16.091653   => Loaded page https://capital.com/el

2024-04-25 04:49:16.096935   => Windows size - {'width': 1280, 'height': 800}
2024-04-25 04:49:16.098330   Set windows position at (0, 0) =>
2024-04-25 04:49:16.099969   Set resolution 1280 * 800 =>
2024-04-25 04:49:16.101616   => Windows size is set to {'width': 1280, 'height': 800}

2024-04-25 04:49:17.156612   Капчи нет. Идем дальше

2024-04-25 04:49:17.156708   Работа с куками =>

2024-04-25 04:49:17.156723   => не требуется

2024-04-25 04:49:17.156733   Prev. country - 'de'
2024-04-25 04:49:17.156743   Cur. country - 'de'
2024-04-25 04:49:17.156752   => Country set to 'de'

2024-04-25 04:49:17.156761   Prev. language - 'el'
2024-04-25 04:49:17.156770   Cur. language - 'el'
2024-04-25 04:49:17.156779   => Language is set to 'el'

2024-04-25 04:49:17.156788   Prev. role - 'Auth'
2024-04-25 04:49:17.156797   Cur. role - 'Auth'
2024-04-25 04:49:17.156806   => The 'Auth' role is set

2024-04-25 04:49:17.162685   => Current URL - https://capital.com/el

2024-04-25 04:49:17.162708   => THE END PRECONDITIONS

2024-04-25 04:49:17.162899   1. Arrange_v0
2024-04-25 04:49:17.162918   current_page = https://capital.com/el
2024-04-25 04:49:17.165516   link = https://capital.com/el/us-natural-gas-spot-emporeuma
2024-04-25 04:49:17.168019   Current page URL = https://capital.com/el
2024-04-25 04:49:17.170671   self.link = https://capital.com/el/us-natural-gas-spot-emporeuma
2024-04-25 04:49:17.170685   driver.get(https://capital.com/el/us-natural-gas-spot-emporeuma) =>
2024-04-25 04:49:19.018298   => Loaded page https://capital.com/el/us-natural-gas-spot-emporeuma
2024-04-25 04:49:19.035601   Is button BUTTON_VIEW_DETAILED_CHART present on the page? =>
2024-04-25 04:49:19.035634   => BUTTON_VIEW_DETAILED_CHART is present on the page
2024-04-25 04:49:19.035647   BUTTON_VIEW_DETAILED_CHART scroll =>
2024-04-25 04:49:19.039606   => BUTTON_VIEW_DETAILED_CHART scrolled
2024-04-25 04:49:19.039780   Start Checking that form [Sign up] popped up on the page =>
2024-04-25 04:49:20.553432   '[Sign up]' form was not popped up

2024-04-25 04:49:20.553650   2. Act_v0
2024-04-25 04:49:20.553669   Start Click button [View Detailed Chart] =>
2024-04-25 04:49:20.571023   BUTTON_VIEW_DETAILED_CHART is clickable =>
2024-04-25 04:49:21.171151 => BUTTON_VIEW_DETAILED_CHART clicked

2024-04-25 04:49:21.171483   3. Assert_v4

2024-04-25 04:49:21.171509   
2024-04-25 04:49:21.171662   Checking that the trading platform page has opened (v4) =>
2024-04-25 04:49:21.181326   Checking way # 1 => 

2024-04-25 04:49:21.181505   1. Checking that the Trading platform (or TradingView site) page has valid title =>
2024-04-25 04:49:21.185532   => The title of current page is 'Trading Platform | Capital.com'

2024-04-25 04:49:21.185627   2. Checking that the LOGO is present on the page =>
2024-04-25 04:49:23.036338   => 'capital*com' logo is present on the current page

2024-04-25 04:49:23.036381   tpd = False
2024-04-25 04:49:23.066913   => Driver.backed
2024-04-25 04:49:23.122643   => Driver.backed
2024-04-25 04:49:25.683378   => Driver.backed
