


Current sort - Most volatile
{'width': 1280, 'height': 800}

2024-04-25 04:58:05.689255   worker_id = master

2024-04-25 04:58:05.689280   0. Allure grouping v4

2024-04-25 04:58:05.689602   START PRECONDITIONS =>

2024-04-25 04:58:05.689624   => URL after prev. preconditions - https://capital.com/el
2024-04-25 04:58:05.689639   => flag_of_bug - False
2024-04-25 04:58:05.689655   => Current URL - https://capital.com/el/zontanes-times-metoxon
2024-04-25 04:58:05.695838   Current page URL = https://capital.com/el/zontanes-times-metoxon
2024-04-25 04:58:05.698409   self.link = https://capital.com/el
2024-04-25 04:58:05.698427   driver.get(https://capital.com/el) =>
2024-04-25 04:58:07.441044   => Loaded page https://capital.com/el

2024-04-25 04:58:07.445289   => Windows size - {'width': 1280, 'height': 800}
2024-04-25 04:58:07.446629   Set windows position at (0, 0) =>
2024-04-25 04:58:07.448208   Set resolution 1280 * 800 =>
2024-04-25 04:58:07.449822   => Windows size is set to {'width': 1280, 'height': 800}

2024-04-25 04:58:08.478838   Капчи нет. Идем дальше

2024-04-25 04:58:08.478923   Работа с куками =>

2024-04-25 04:58:08.478937   => не требуется

2024-04-25 04:58:08.478946   Prev. country - 'de'
2024-04-25 04:58:08.478956   Cur. country - 'de'
2024-04-25 04:58:08.478965   => Country set to 'de'

2024-04-25 04:58:08.478973   Prev. language - 'el'
2024-04-25 04:58:08.478982   Cur. language - 'el'
2024-04-25 04:58:08.478991   => Language is set to 'el'

2024-04-25 04:58:08.479000   Prev. role - 'NoAuth'
2024-04-25 04:58:08.479008   Cur. role - 'NoAuth'
2024-04-25 04:58:08.479017   => The 'NoAuth' role is set

2024-04-25 04:58:08.481685   => Current URL - https://capital.com/el

2024-04-25 04:58:08.481707   => THE END PRECONDITIONS

2024-04-25 04:58:08.481873   START Open "Markets" menu, "Shares" submenu =>
2024-04-25 04:58:08.481888   1. Cur URL = https://capital.com/el
2024-04-25 04:58:08.484213   2. Link = https://capital.com/el
2024-04-25 04:58:08.484228   current_page = https://capital.com/el
2024-04-25 04:58:08.486724   link = https://capital.com/el
2024-04-25 04:58:08.997765   => 'Markets' menu is present
2024-04-25 04:58:09.013961   => 'Markets' menu is visible
2024-04-25 04:58:10.290102   => Focus moved to 'Markets' menu
2024-04-25 04:58:11.749579   => Focus moved to 'Shares' submenu and clicked
2024-04-25 04:58:12.037469   => Focus moved to 'capital*com' logo
2024-04-25 04:58:12.037508   3. Cur URL = https://capital.com/el/zontanes-times-metoxon

2024-04-25 04:58:12.042868   1. Arrange for TABLE_TRADING_INSTRUMENTS and 'Most volatile' cur_sort
2024-04-25 04:58:12.042890   current_page = https://capital.com/el/zontanes-times-metoxon
2024-04-25 04:58:12.045314   link = https://capital.com/el/zontanes-times-metoxon
2024-04-25 04:58:12.047679   TABLE_TRADING_INSTRUMENTS present on this page? =>
2024-04-25 04:58:12.055895   => Trading Instrument table is present on the page!
2024-04-25 04:58:12.055917   IS FIELD_DROPDOWN_SORT present in the Live TI prices table? =>
2024-04-25 04:58:12.063827   =>  FIELD_DROPDOWN_SORT is present in the Live TI price table!
2024-04-25 04:58:12.063852   Start scroll and click FIELD_DROPDOWN_SORT =>
2024-04-25 04:58:12.165475   Is item_sort_list visible on the FIELD_DROPDOWN_SORT ? =>
2024-04-25 04:58:12.207692   => items_sort_list is visible on the FIELD_DROPDOWN_SORT!
2024-04-25 04:58:12.207728   Is cur_sort "Most volatile" present in items_sort_list? =>
2024-04-25 04:58:12.215358   => cur_sort "Most volatile" is present in item_sort_list!
2024-04-25 04:58:12.215386   Start click cur_sort item - "Most volatile"=>
2024-04-25 04:58:12.881936   => End Click cur_sort "Most volatile"

2024-04-25 04:58:12.881984   Buttons [Sell] is visible and sum buttons no zero? =>
2024-04-25 04:58:12.908699   => Buttons [Sell] is visible and sum buttons no zero!

2024-04-25 04:58:12.908737   Start find 1 random buttons [Sell] on cur_sort "Most volatile"=>
2024-04-25 04:58:12.915537   => End find 1 random buttons [Sell] on the cur_sort "Most volatile"

2024-04-25 04:58:12.915566   List of random items = [6]
2024-04-25 04:58:12.915740   2. Act for trading instrument and "Most volatile" cur_sort
2024-04-25 04:58:12.932993   Start click button [Sell] =>
2024-04-25 04:58:12.943280   =>   BUTTON_SELL on item with ID = '249949916763460' is present
2024-04-25 04:58:12.943307   BUTTON_SELL on item with ID = '249949916763460' scroll into view =>
2024-04-25 04:58:12.949290   => BUTTON_SELL on item with ID = '249949916763460' scrolled into view
2024-04-25 04:58:12.949343   Check that BUTTON_SELL with item 'NMTau' clickable =>
2024-04-25 04:58:13.065774   => BUTTON_SELL is clickable
2024-04-25 04:58:13.341077   =>   BUTTON_SELL on item 'NMTau' clicked

2024-04-25 04:58:13.341300   3. Assert_Login_v0
2024-04-25 04:58:13.341382   Check that 'Login' form is opened
2024-04-25 04:58:19.473386   'Login' form not opened
2024-04-25 04:58:19.473564   Check that new 'Login' form is opened
2024-04-25 04:58:22.557151   => New 'Login' form not opened
2024-04-25 04:58:22.559898   'Login' page not opened
2024-04-25 04:58:25.632670   'Login' form on trading platform not opened
2024-04-25 04:58:25.632855   Start step Check that [Sign up] form is opened
2024-04-25 04:58:28.704188   'Sign up' form not opened
2024-04-25 04:58:28.704371   Start step Check that new [Sign up] form is opened
2024-04-25 04:58:31.780272   => new 'Sign up' form not opened
2024-04-25 04:58:31.780472   Start method Check that [Sign up] page opened =>
2024-04-25 04:58:32.784028   'Sign up' page not opened
2024-04-25 04:58:32.784220   Check that [Sign up] form on trading platform opened =>
2024-04-25 04:58:35.860956   'Sign up' form on trading platform page not opened

Bug: Bid:01.02.00_002-el.de.NoAuth

2024-04-25 04:58:35.861042   Проверка бага в таблице ретеста  =>
flow
