


Current sort - Top fallers
{'width': 1280, 'height': 800}

2024-04-25 05:12:39.688709   worker_id = master

2024-04-25 05:12:39.688729   0. Allure grouping v4

2024-04-25 05:12:39.689041   START PRECONDITIONS =>

2024-04-25 05:12:39.689065   => URL after prev. preconditions - https://capital.com/el
2024-04-25 05:12:39.689080   => flag_of_bug - False
2024-04-25 05:12:39.689096   => Current URL - https://capital.com/el/alla-ergaleia
2024-04-25 05:12:39.709608   Current page URL = https://capital.com/el/alla-ergaleia
2024-04-25 05:12:39.712073   self.link = https://capital.com/el
2024-04-25 05:12:39.712086   driver.get(https://capital.com/el) =>
2024-04-25 05:12:46.548832   => Loaded page https://capital.com/el

2024-04-25 05:12:46.554941   => Windows size - {'width': 1280, 'height': 800}
2024-04-25 05:12:46.556252   Set windows position at (0, 0) =>
2024-04-25 05:12:46.557904   Set resolution 1280 * 800 =>
2024-04-25 05:12:46.559493   => Windows size is set to {'width': 1280, 'height': 800}

2024-04-25 05:12:47.591395   Капчи нет. Идем дальше

2024-04-25 05:12:47.591484   Работа с куками =>

2024-04-25 05:12:47.591498   => не требуется

2024-04-25 05:12:47.591508   Prev. country - 'de'
2024-04-25 05:12:47.591517   Cur. country - 'de'
2024-04-25 05:12:47.591526   => Country set to 'de'

2024-04-25 05:12:47.591535   Prev. language - 'el'
2024-04-25 05:12:47.591544   Cur. language - 'el'
2024-04-25 05:12:47.591553   => Language is set to 'el'

2024-04-25 05:12:47.591561   Prev. role - 'NoAuth'
2024-04-25 05:12:47.591570   Cur. role - 'NoAuth'
2024-04-25 05:12:47.591579   => The 'NoAuth' role is set

2024-04-25 05:12:47.594306   => Current URL - https://capital.com/el

2024-04-25 05:12:47.594329   => THE END PRECONDITIONS

2024-04-25 05:12:47.594507   START Open "Markets" menu, "Forex" submenu =>

2024-04-25 05:12:47.594522   1. Cur URL = https://capital.com/el

2024-04-25 05:12:47.597004   2. Link = https://capital.com/el
2024-04-25 05:12:47.597020   current_page = https://capital.com/el
2024-04-25 05:12:47.599441   link = https://capital.com/el
2024-04-25 05:12:48.110478   => 'Markets' menu is present
2024-04-25 05:12:48.126331   => 'Markets' menu is visible
2024-04-25 05:12:49.404913   => Focus moved to 'Markets' menu


2024-04-25 05:12:50.885829   => 'Forex' sub-menu clicked
2024-04-25 05:12:51.170013   => Focus moved to 'capital*com' logo

2024-04-25 05:12:51.170058   3. Cur URL = https://capital.com/el/alla-ergaleia

2024-04-25 05:12:51.175526   1. Arrange for TABLE_TRADING_INSTRUMENTS and 'Top fallers' cur_sort
2024-04-25 05:12:51.175548   current_page = https://capital.com/el/alla-ergaleia
2024-04-25 05:12:51.177985   link = https://capital.com/el/alla-ergaleia
2024-04-25 05:12:51.180371   TABLE_TRADING_INSTRUMENTS present on this page? =>
2024-04-25 05:12:51.189675   => Trading Instrument table is present on the page!
2024-04-25 05:12:51.189699   IS FIELD_DROPDOWN_SORT present in the Live TI prices table? =>
2024-04-25 05:12:51.197005   =>  FIELD_DROPDOWN_SORT is present in the Live TI price table!
2024-04-25 05:12:51.197033   Start scroll and click FIELD_DROPDOWN_SORT =>
2024-04-25 05:12:51.302986   Is item_sort_list visible on the FIELD_DROPDOWN_SORT ? =>
2024-04-25 05:12:51.330143   => items_sort_list is visible on the FIELD_DROPDOWN_SORT!
2024-04-25 05:12:51.330191   Is cur_sort "Top fallers" present in items_sort_list? =>
2024-04-25 05:12:51.355946   => cur_sort "Top fallers" is present in item_sort_list!
2024-04-25 05:12:51.355999   Start click cur_sort item - "Top fallers"=>
2024-04-25 05:12:52.115474   => End Click cur_sort "Top fallers"

2024-04-25 05:12:52.115521   Buttons [Sell] is visible and sum buttons no zero? =>
2024-04-25 05:12:52.143139   => Buttons [Sell] is visible and sum buttons no zero!

2024-04-25 05:12:52.143176   Start find 1 random buttons [Sell] on cur_sort "Top fallers"=>
2024-04-25 05:12:52.149514   => End find 1 random buttons [Sell] on the cur_sort "Top fallers"

2024-04-25 05:12:52.149553   List of random items = [2]
2024-04-25 05:12:52.149799   2. Act for trading instrument and "Top fallers" cur_sort
2024-04-25 05:12:52.168493   Start click button [Sell] =>
2024-04-25 05:12:52.178769   =>   BUTTON_SELL on item with ID = '23979347874456601' is present
2024-04-25 05:12:52.178794   BUTTON_SELL on item with ID = '23979347874456601' scroll into view =>
2024-04-25 05:12:52.184246   => BUTTON_SELL on item with ID = '23979347874456601' scrolled into view
2024-04-25 05:12:52.184277   Check that BUTTON_SELL with item 'USD/JPY_W' clickable =>
2024-04-25 05:12:52.278977   => BUTTON_SELL is clickable
2024-04-25 05:12:52.570654   =>   BUTTON_SELL on item 'USD/JPY_W' clicked

2024-04-25 05:12:52.570957   3. Assert_Login_v0
2024-04-25 05:12:52.571066   Check that 'Login' form is opened
2024-04-25 05:12:52.750637   'Login' form opened
2024-04-25 05:12:52.750686   Assert LOGIN_REF_SIGNUP =>
2024-04-25 05:12:52.764641   Assert LOGIN_CHECKBOX =>
2024-04-25 05:12:52.778207   Assert LOGIN_PASS_FORGOT =>
2024-04-25 05:12:52.793877   => 'Login' form is checked
2024-04-25 05:12:52.835225   Click 'Close' button on 'Login' form =>
2024-04-25 05:12:53.152791   => Focus moved to 'capital*com' logo
2024-04-25 05:12:53.152836   => 'Login' form closed
