{'width': 1280, 'height': 800}

2024-04-25 04:52:09.475081   worker_id = master

2024-04-25 04:52:09.475095   0. Allure grouping v4

2024-04-25 04:52:09.475273   START PRECONDITIONS =>

2024-04-25 04:52:09.475289   => URL after prev. preconditions - https://capital.com/el
2024-04-25 04:52:09.475298   => flag_of_bug - False
2024-04-25 04:52:09.475309   => Current URL - https://capital.com/el/us-natural-gas-spot-emporeuma
2024-04-25 04:52:09.480388   Current page URL = https://capital.com/el/us-natural-gas-spot-emporeuma
2024-04-25 04:52:09.482851   self.link = https://capital.com/el
2024-04-25 04:52:09.482865   driver.get(https://capital.com/el) =>
2024-04-25 04:52:11.252325   => Loaded page https://capital.com/el

2024-04-25 04:52:11.256454   => Windows size - {'width': 1280, 'height': 800}
2024-04-25 04:52:11.257820   Set windows position at (0, 0) =>
2024-04-25 04:52:11.259399   Set resolution 1280 * 800 =>
2024-04-25 04:52:11.260974   => Windows size is set to {'width': 1280, 'height': 800}

2024-04-25 04:52:12.288561   Капчи нет. Идем дальше

2024-04-25 04:52:12.288647   Работа с куками =>

2024-04-25 04:52:12.288660   => не требуется

2024-04-25 04:52:12.288670   Prev. country - 'de'
2024-04-25 04:52:12.288679   Cur. country - 'de'
2024-04-25 04:52:12.288689   => Country set to 'de'

2024-04-25 04:52:12.288698   Prev. language - 'el'
2024-04-25 04:52:12.288706   Cur. language - 'el'
2024-04-25 04:52:12.288715   => Language is set to 'el'

2024-04-25 04:52:12.288724   Prev. role - 'NoAuth'
2024-04-25 04:52:12.288732   Cur. role - 'NoAuth'
2024-04-25 04:52:12.288741   => The 'NoAuth' role is set

2024-04-25 04:52:12.291493   => Current URL - https://capital.com/el

2024-04-25 04:52:12.291515   => THE END PRECONDITIONS

2024-04-25 04:52:12.291559   1. Arrange_v0
2024-04-25 04:52:12.291573   current_page = https://capital.com/el
2024-04-25 04:52:12.294049   link = https://capital.com/el/us-natural-gas-spot-emporeuma
2024-04-25 04:52:12.296633   Current page URL = https://capital.com/el
2024-04-25 04:52:12.299543   self.link = https://capital.com/el/us-natural-gas-spot-emporeuma
2024-04-25 04:52:12.299557   driver.get(https://capital.com/el/us-natural-gas-spot-emporeuma) =>
2024-04-25 04:52:13.942830   => Loaded page https://capital.com/el/us-natural-gas-spot-emporeuma
2024-04-25 04:52:13.947302   BUTTON_SELL is located on the page? =>
2024-04-25 04:52:13.957120   => BUTTON_SELL is located on the page!
2024-04-25 04:52:13.957288   Start Checking that form [Sign up] popped up on the page =>
2024-04-25 04:52:15.490480   '[Sign up]' form was not popped up

2024-04-25 04:52:15.490665   2. Act_v0
2024-04-25 04:52:15.495574   BUTTON_SELL is present? =>
2024-04-25 04:52:15.495597   => BUTTON_SELL is present on the page
2024-04-25 04:52:15.495607   BUTTON_SELL scroll =>
2024-04-25 04:52:15.498822   => BUTTON_SELL scrolled
2024-04-25 04:52:15.518862   BUTTON_SELL is clickable? =>
2024-04-25 04:52:15.528111   BUTTON_SELL CLICK =>
2024-04-25 04:52:15.558611   => BUTTON_SELL clicked!

2024-04-25 04:52:15.558823   3. Assert_Login_v0
2024-04-25 04:52:15.558907   Check that 'Login' form is opened
2024-04-25 04:52:15.753377   'Login' form opened
2024-04-25 04:52:15.753416   Assert LOGIN_REF_SIGNUP =>
2024-04-25 04:52:15.763604   Assert LOGIN_CHECKBOX =>
2024-04-25 04:52:15.775267   Assert LOGIN_PASS_FORGOT =>
2024-04-25 04:52:15.786618   => 'Login' form is checked
2024-04-25 04:52:15.805690   Click 'Close' button on 'Login' form =>
2024-04-25 04:52:16.152110   => Focus moved to 'capital*com' logo
2024-04-25 04:52:16.152150   => 'Login' form closed
