


Current sorting - Most volatile
{'width': 1280, 'height': 800}

2024-04-25 05:31:33.263892   worker_id = master

2024-04-25 05:31:33.263912   0. Allure grouping v4

2024-04-25 05:31:33.264187   START PRECONDITIONS =>

2024-04-25 05:31:33.264208   => URL after prev. preconditions - https://capital.com/el
2024-04-25 05:31:33.264223   => flag_of_bug - False
2024-04-25 05:31:33.264240   => Current URL - https://capital.com/el/kirioi-pagkosmioi-deiktes
2024-04-25 05:31:33.286345   Current page URL = https://capital.com/el/kirioi-pagkosmioi-deiktes
2024-04-25 05:31:33.288710   self.link = https://capital.com/el
2024-04-25 05:31:33.288723   driver.get(https://capital.com/el) =>
2024-04-25 05:31:34.976079   => Loaded page https://capital.com/el

2024-04-25 05:31:34.980303   => Windows size - {'width': 1280, 'height': 800}
2024-04-25 05:31:34.981709   Set windows position at (0, 0) =>
2024-04-25 05:31:34.983360   Set resolution 1280 * 800 =>
2024-04-25 05:31:34.985001   => Windows size is set to {'width': 1280, 'height': 800}

2024-04-25 05:31:36.018768   Капчи нет. Идем дальше

2024-04-25 05:31:36.018854   Работа с куками =>

2024-04-25 05:31:36.018868   => не требуется

2024-04-25 05:31:36.018878   Prev. country - 'de'
2024-04-25 05:31:36.018887   Cur. country - 'de'
2024-04-25 05:31:36.018896   => Country set to 'de'

2024-04-25 05:31:36.018905   Prev. language - 'el'
2024-04-25 05:31:36.018914   Cur. language - 'el'
2024-04-25 05:31:36.018922   => Language is set to 'el'

2024-04-25 05:31:36.018931   Prev. role - 'NoReg'
2024-04-25 05:31:36.018940   Cur. role - 'NoReg'
2024-04-25 05:31:36.018948   => The 'NoReg' role is set

2024-04-25 05:31:36.021706   => Current URL - https://capital.com/el

2024-04-25 05:31:36.021728   => THE END PRECONDITIONS

2024-04-25 05:31:36.021901   START Open "Markets" menu, "Indices" submenu =>

2024-04-25 05:31:36.021916   1. Cur URL = https://capital.com/el

2024-04-25 05:31:36.026121   2. Link = https://capital.com/el
2024-04-25 05:31:36.026137   current_page = https://capital.com/el
2024-04-25 05:31:36.028596   link = https://capital.com/el
2024-04-25 05:31:36.537495   => 'Markets' menu is present
2024-04-25 05:31:36.552682   => 'Markets' menu is visible
2024-04-25 05:31:37.834652   => Focus moved to 'Markets' menu


2024-04-25 05:31:39.223546   => 'Indices' submenu clicked
2024-04-25 05:31:39.523863   => Focus moved to 'capital*com' logo

2024-04-25 05:31:39.523901   3. Cur URL = https://capital.com/el/kirioi-pagkosmioi-deiktes

2024-04-25 05:31:39.529153   1. Arrange for Trading instrument table and "Most volatile" cur_sort
2024-04-25 05:31:39.529176   current_page = https://capital.com/el/kirioi-pagkosmioi-deiktes
2024-04-25 05:31:39.531570   link = https://capital.com/el/kirioi-pagkosmioi-deiktes
2024-04-25 05:31:39.533971   IS TABLE_TRADING_INSTRUMENTS  present on the  page? =>
2024-04-25 05:31:39.541738   => TABLE_TRADING_INSTRUMENTS is present on the page!
2024-04-25 05:31:39.541762   IS FIELD_DROPDOWN_SORT present in the table? =>
2024-04-25 05:31:39.546741   =>  FIELD_DROPDOWN_SORT is present in the table!
2024-04-25 05:31:39.546763   Start scroll and click FIELD_DROPDOWN_SORT =>
2024-04-25 05:31:39.633095   Is item_sort_list visible on the FIELD_DROPDOWN_SORT ? =>
2024-04-25 05:31:39.681132   => item_sort_list is visible on the FIELD_DROPDOWN_SORT!
2024-04-25 05:31:39.681171   Is cur_sort "Most volatile" present in item_sort_list? =>
2024-04-25 05:31:39.689081   => cur_sort "Most volatile" is present in item_sort_list!
2024-04-25 05:31:39.689108   Start click cur_sort "Most volatile" =>
2024-04-25 05:31:40.349376   => End Click cur_sort "Most volatile"

2024-04-25 05:31:40.349422   Buttons [Buy] is visible and quantity buttons not zero? =>
2024-04-25 05:31:40.375883   => Buttons [Buy] is visible and quantity buttons not zero!

2024-04-25 05:31:40.375919   Start find two random buttons [Buy] on cur_sort "Most volatile"=>
2024-04-25 05:31:40.381635   => End find 1 random buttons [Buy] on the cur_sort "Most volatile"


2024-04-25 05:31:40.381665   Item_list = [5]
2024-04-25 05:31:40.381857   Start Checking that form [Sign up] popped up on the page =>
2024-04-25 05:31:41.914459   '[Sign up]' form was not popped up
2024-04-25 05:31:41.914656   2. Act for trading instrument and "Most volatile" cur_sort
2024-04-25 05:31:41.932542   Start click button [Buy] =>
2024-04-25 05:31:41.942918   =>   BUTTON_BUY on item with ID = 1387370618105648466
2024-04-25 05:31:41.942941   BUTTON_BUY on item with ID = '1387370618105648466' scroll into view =>
2024-04-25 05:31:41.946156   => BUTTON_SELL on item with ID = '1387370618105648466' scrolled into view
2024-04-25 05:31:41.946178   Check that BUTTON_BUY with item SP35 clickable =>
2024-04-25 05:31:42.078667   => BUTTON_BUY is clickable
2024-04-25 05:31:42.844148   =>   BUTTON_BUY with item SP35 clicked

2024-04-25 05:31:42.844371   3. Assert_v0
2024-04-25 05:31:42.844460   Start step Check that [Sign up] form is opened
2024-04-25 05:31:45.912388   'Sign up' form not opened
2024-04-25 05:31:45.912573   Start step Check that new [Sign up] form is opened
2024-04-25 05:31:49.001131   => new 'Sign up' form not opened
2024-04-25 05:31:49.001319   Start method Check that [Sign up] page opened =>
2024-04-25 05:31:50.004623   'Sign up' page not opened
2024-04-25 05:31:50.004818   Check that [Sign up] form on trading platform opened =>
2024-04-25 05:31:53.077610   'Sign up' form on trading platform page not opened

Bug: 

2024-04-25 05:31:53.077693   Проверка бага в таблице ретеста  =>
flow
