


Current market - Cryptocurrencies
{'width': 1280, 'height': 800}

2024-04-25 04:36:30.542405   worker_id = master

2024-04-25 04:36:30.542430   0. Allure grouping v4

2024-04-25 04:36:30.542787   START PRECONDITIONS =>

2024-04-25 04:36:30.542809   => URL after prev. preconditions - https://capital.com/el
2024-04-25 04:36:30.542824   => flag_of_bug - False
2024-04-25 04:36:30.542840   => Current URL - https://capital.com/trading/platform/
2024-04-25 04:36:30.553968   Current page URL = https://capital.com/trading/platform/
2024-04-25 04:36:30.557329   self.link = https://capital.com/el
2024-04-25 04:36:30.557344   driver.get(https://capital.com/el) =>
2024-04-25 04:36:32.506546   => Loaded page https://capital.com/el

2024-04-25 04:36:32.510828   => Windows size - {'width': 1280, 'height': 800}
2024-04-25 04:36:32.512197   Set windows position at (0, 0) =>
2024-04-25 04:36:32.513854   Set resolution 1280 * 800 =>
2024-04-25 04:36:32.515428   => Windows size is set to {'width': 1280, 'height': 800}

2024-04-25 04:36:33.547204   Капчи нет. Идем дальше

2024-04-25 04:36:33.547296   Работа с куками =>

2024-04-25 04:36:33.547310   => не требуется

2024-04-25 04:36:33.547320   Prev. country - 'de'
2024-04-25 04:36:33.547330   Cur. country - 'de'
2024-04-25 04:36:33.547339   => Country set to 'de'

2024-04-25 04:36:33.547348   Prev. language - 'el'
2024-04-25 04:36:33.547357   Cur. language - 'el'
2024-04-25 04:36:33.547365   => Language is set to 'el'

2024-04-25 04:36:33.547374   Prev. role - 'Auth'
2024-04-25 04:36:33.547383   Cur. role - 'Auth'
2024-04-25 04:36:33.547392   => The 'Auth' role is set

2024-04-25 04:36:33.550167   => Current URL - https://capital.com/el

2024-04-25 04:36:33.550190   => THE END PRECONDITIONS

2024-04-25 04:36:33.550239   1. Arrange for 'Trading instrument' widget: 'Cryptocurrencies' market
2024-04-25 04:36:33.550255   current_page = https://capital.com/el
2024-04-25 04:36:33.554099   link = https://capital.com/el

2024-04-25 04:36:33.556534   IS 'Trading instrument' widget present on this page? =>
2024-04-25 04:36:33.561412   => 'Trading instrument' widget present on this page!

2024-04-25 04:36:33.571844   IS 'Trading instrument' widget visible on this page? =>
2024-04-25 04:36:33.593089   => 'Trading instrument' widget is visible on this page!

2024-04-25 04:36:33.593130   IS MARKET 'Cryptocurrencies' present on this page? =>
2024-04-25 04:36:33.600814   => MARKET 'Cryptocurrencies' present on this page!

2024-04-25 04:36:33.611113   IS MARKET 'Cryptocurrencies' visible on this page? =>
2024-04-25 04:36:33.632523   => MARKET 'Cryptocurrencies' is visible on this page!

2024-04-25 04:36:33.632552   Start Click Tab 'Cryptocurrencies' MARKET =>
2024-04-25 04:36:33.632563   Check that Tab 'Cryptocurrencies' MARKET is clickable =>
2024-04-25 04:36:33.645886   => Tab 'Cryptocurrencies' MARKET is clickable
2024-04-25 04:36:33.689353   => End Click Tab 'Cryptocurrencies' MARKET

2024-04-25 04:36:33.689406   Is Instruments present? =>
2024-04-25 04:36:33.695143   => Instruments is present on this page

2024-04-25 04:36:33.695166   Is Instruments visible? =>
2024-04-25 04:36:33.704493   => Instruments is visible on this page

2024-04-25 04:36:33.704519   Start find random buttons [Trade] on the TAB 'Cryptocurrencies'=>
2024-04-25 04:36:33.704556   => End find '1' random buttons [Trade] from list [4] on the TAB 'Cryptocurrencies'
2024-04-25 04:36:33.704729   2. Act for 'Trading instrument' widget and 'Cryptocurrencies' tab 4-item from item list [4]
2024-04-25 04:36:33.704746   Start Click button TAB 'Cryptocurrencies' in METHOD: element_click =>
2024-04-25 04:36:33.713563   IS MARKET 'Cryptocurrencies' visible on this page? =>
2024-04-25 04:36:33.722741   Check that MARKET 'Cryptocurrencies' is visible on this page =>
2024-04-25 04:36:33.731502   => MARKET 'Cryptocurrencies' is visible on this page!
2024-04-25 04:36:33.731525   Tab 'Cryptocurrencies' MARKET is scroll =>
2024-04-25 04:36:33.739700   => Tab 'Cryptocurrencies' MARKET is scrolled
2024-04-25 04:36:33.739723   Check that Tab 'Cryptocurrencies' MARKET is clickable =>
2024-04-25 04:36:33.748606   => Tab 'Cryptocurrencies' MARKET is clickable
2024-04-25 04:36:33.768658   => End Click Tab 'Cryptocurrencies' MARKET

2024-04-25 04:36:33.768685   Start get name of trading instrument =>
2024-04-25 04:36:33.779750   => Name of trading instrument: Bitcoin Cash / USD

2024-04-25 04:36:33.779773   Start click button [Trade] =>
2024-04-25 04:36:34.123263   => Button [Trade] for 4-item clicked!


2024-04-25 04:36:34.123391   1. Arrange for 'Trading instrument' widget: 'Cryptocurrencies' market

2024-04-25 04:36:34.123649   3. Assert_v4

2024-04-25 04:36:34.123681   
2024-04-25 04:36:34.123846   Checking that the trading platform page has opened (v4) =>
2024-04-25 04:36:34.131495   Checking way # 1 => 

2024-04-25 04:36:34.131662   1. Checking that the Trading platform (or TradingView site) page has valid title =>
2024-04-25 04:36:34.135055   => The title of current page is 'Trading Platform | Capital.com'

2024-04-25 04:36:34.135150   2. Checking that the LOGO is present on the page =>
2024-04-25 04:36:36.251442   => 'capital*com' logo is present on the current page

2024-04-25 04:36:36.251476   tpd = False

2024-04-25 04:36:36.251488   4. Check that opened page with https://capital.com/trading/platform/ url
with selected corresponding trading instrument 'Bitcoin Cash / USD' =>

2024-04-25 04:36:36.254187   trade_instrument = 'Bitcoin Cash / USD'

2024-04-25 04:36:36.254199   4.1. Check that Trading Platform is opened in Chart mode
2024-04-25 04:36:37.275569   => Bug # 14. Trading platform opened, but not Chart mode
Bid: Bid:00.00_001-el.de.Auth

2024-04-25 04:36:37.275624   Проверка бага в таблице ретеста  =>
flow
