


Current market - Cryptocurrencies



Current sort - Top risers
{'width': 1280, 'height': 800}

2024-04-25 04:47:12.379988   worker_id = master

2024-04-25 04:47:12.380012   0. Allure grouping v4

2024-04-25 04:47:12.380220   START PRECONDITIONS =>

2024-04-25 04:47:12.380236   => URL after prev. preconditions - https://capital.com/el
2024-04-25 04:47:12.380246   => flag_of_bug - True
2024-04-25 04:47:12.380256   => Current URL - https://capital.com/el/paragoga-xrimatopistotika-mesa
2024-04-25 04:47:12.385271   Current page URL = https://capital.com/el/paragoga-xrimatopistotika-mesa
2024-04-25 04:47:12.387631   self.link = https://capital.com/el
2024-04-25 04:47:12.387645   driver.get(https://capital.com/el) =>
2024-04-25 04:47:14.235807   => Loaded page https://capital.com/el

2024-04-25 04:47:14.240279   => Windows size - {'width': 1280, 'height': 800}
2024-04-25 04:47:14.241645   Set windows position at (0, 0) =>
2024-04-25 04:47:14.243299   Set resolution 1280 * 800 =>
2024-04-25 04:47:14.244955   => Windows size is set to {'width': 1280, 'height': 800}

2024-04-25 04:47:15.290100   Капчи нет. Идем дальше

2024-04-25 04:47:15.290191   Работа с куками =>

2024-04-25 04:47:15.290205   => не требуется

2024-04-25 04:47:15.290215   Prev. country - 'de'
2024-04-25 04:47:15.290224   Cur. country - 'de'
2024-04-25 04:47:15.290233   => Country set to 'de'

2024-04-25 04:47:15.290242   Prev. language - 'el'
2024-04-25 04:47:15.290251   Cur. language - 'el'
2024-04-25 04:47:15.290260   => Language is set to 'el'

2024-04-25 04:47:15.290269   Prev. role - 'NoReg'
2024-04-25 04:47:15.290277   Cur. role - 'NoReg'
2024-04-25 04:47:15.290286   => The 'NoReg' role is set

2024-04-25 04:47:15.293072   => Current URL - https://capital.com/el

2024-04-25 04:47:15.293094   => THE END PRECONDITIONS

2024-04-25 04:47:15.293277   START Open "Markets" menu, "All Markets" submenu =>

2024-04-25 04:47:15.293292   1. Cur URL = https://capital.com/el

2024-04-25 04:47:15.295818   2. Link = https://capital.com/el
2024-04-25 04:47:15.295834   current_page = https://capital.com/el
2024-04-25 04:47:15.299363   link = https://capital.com/el
2024-04-25 04:47:15.808096   => 'Markets' menu is present
2024-04-25 04:47:15.823234   => 'Markets' menu is visible
2024-04-25 04:47:17.097456   => Focus moved to 'Markets' menu
2024-04-25 04:47:17.103480   => 'Markets > All Markets' submenu is present
2024-04-25 04:47:18.763807   => Focus moved to 'capital*com' logo

2024-04-25 04:47:18.763847   3. Cur URL = https://capital.com/el/paragoga-xrimatopistotika-mesa

2024-04-25 04:47:18.769303   1. Arrange for TABLE_TRADING_INSTRUMENTS and 'Top risers' cur_sort
2024-04-25 04:47:18.769325   current_page = https://capital.com/el/paragoga-xrimatopistotika-mesa
2024-04-25 04:47:18.771712   link = https://capital.com/el/paragoga-xrimatopistotika-mesa
2024-04-25 04:47:18.774105   TABLE_TRADING_INSTRUMENTS present on this page? =>
2024-04-25 04:47:18.779072   => TABLE_TRADING_INSTRUMENTS is present on the page!
2024-04-25 04:47:18.779093   IS MARKETS_LIST present on this page? =>
2024-04-25 04:47:18.783691   Start scroll to markets list =>
2024-04-25 04:47:18.787728   => MARKETS_LIST is present on the page!
2024-04-25 04:47:18.787754   Start scroll and click cur_market 'Cryptocurrencies' =>
2024-04-25 04:47:18.821738   => End Click cur_market "Cryptocurrencies"
2024-04-25 04:47:18.821773   IS FIELD_DROPDOWN_SORT present in the Live prices table? =>
2024-04-25 04:47:18.827321   =>  FIELD_DROPDOWN_SORT is present in the table!
2024-04-25 04:47:18.827345   Start scroll and click FIELD_DROPDOWN_SORT =>
2024-04-25 04:47:18.855440   Is item_sort_list visible on the FIELD_DROPDOWN_SORT ? =>
2024-04-25 04:47:18.870310   => item_sort_list is visible on the FIELD_DROPDOWN_SORT!
2024-04-25 04:47:18.870344   Is cur_sort "Top risers" present in item_sort_list? =>
2024-04-25 04:47:18.875710   => cur_sort "Top risers" is present in item_sort_list!
2024-04-25 04:47:18.875733   Start click cur_sort "Top risers" =>
2024-04-25 04:47:18.905064   => End Click cur_sort "Top risers"

2024-04-25 04:47:18.905105   Buttons [Sell] is visible and sum buttons no zero? =>
2024-04-25 04:47:18.910917   => Buttons [Sell] is visible and sum buttons no zero!

2024-04-25 04:47:18.910941   Start find 1 random buttons [Sell] on cur_sort=>
2024-04-25 04:47:18.919354   => End find 1 random buttons [Sell] on the cur_sort "Top risers"

2024-04-25 04:47:18.919400   List of random items = [6]
2024-04-25 04:47:18.919642   2. Act for trading instrument, "Top risers" cur_sort and "Cryptocurrencies" cur_market
2024-04-25 04:47:18.931267   Start click button [Sell] =>
2024-04-25 04:47:18.936627   =>   BUTTON_SELL  is present
2024-04-25 04:47:18.936653   BUTTON_SELL o scroll into view =>
2024-04-25 04:47:18.939896   => BUTTON_SELL scrolled into view
2024-04-25 04:47:18.939926   Check that BUTTON_SELL with item 'US30' clickable =>
2024-04-25 04:47:18.971750   => BUTTON_SELL is clickable
2024-04-25 04:47:19.749553   =>   BUTTON_SELL on item 'US30' clicked

2024-04-25 04:47:19.749792   3. Assert_v0
2024-04-25 04:47:19.749882   Start step Check that [Sign up] form is opened
2024-04-25 04:47:23.936715   'Sign up' form not opened
2024-04-25 04:47:23.936941   Start step Check that new [Sign up] form is opened
2024-04-25 04:47:27.005207   => new 'Sign up' form not opened
2024-04-25 04:47:27.005404   Start method Check that [Sign up] page opened =>
2024-04-25 04:47:28.008867   'Sign up' page not opened
2024-04-25 04:47:28.009094   Check that [Sign up] form on trading platform opened =>
2024-04-25 04:47:31.107890   'Sign up' form on trading platform page not opened

Bug: Bid:01.01.00_001-el.de.NoReg

2024-04-25 04:47:31.107981   Проверка бага в таблице ретеста  =>
flow
