{'width': 1280, 'height': 720}

2023-12-19 11:48:17.230419   worker_id = master

2023-12-19 11:48:17.230444   0. Allure grouping


2023-12-19 11:48:17.230720   START PRECONDITIONS =>


2023-12-19 11:48:17.230743   {'width': 1280, 'height': 720}

2023-12-19 11:48:17.361130   Set windows position at (320, 180) =>

2023-12-19 11:48:17.510221   Set resolution 1280 * 720 =>

2023-12-19 11:48:17.612438   => Resolution seted {'width': 1280, 'height': 720}

2023-12-19 11:48:21.642507   Капчи нет. Тестим дальше

2023-12-19 11:48:21.642553   Prev. Role: Auth

2023-12-19 11:48:21.642563   Current role: Auth

2023-12-19 11:48:21.642572   Prev language: de

2023-12-19 11:48:21.642580   => Current language: de

2023-12-19 11:48:21.642587   Prev country: ae

2023-12-19 11:48:21.642595   => Current country: ae

2023-12-19 11:48:21.642602   => THE END PRECONDITIONS

2023-12-19 11:48:21.642654   1. Arrange_v0
2023-12-19 11:48:21.645495   BUTTON_BUY_IN_CONTENT_BLOCK is located on the page? =>
2023-12-19 11:48:21.653646   => BUTTON_BUY_IN_CONTENT_BLOCK is located on the page!

2023-12-19 11:48:21.653787   2. Act_v0
2023-12-19 11:48:21.658881   BUTTON_BUY_IN_CONTENT_BLOCK is present? =>
2023-12-19 11:48:21.658904   => BUTTON_BUY_IN_CONTENT_BLOCK is present on the page
2023-12-19 11:48:21.658913   BUTTON_BUY_IN_CONTENT_BLOCK scroll =>
2023-12-19 11:48:21.662363   => BUTTON_BUY_IN_CONTENT_BLOCK scrolled
2023-12-19 11:48:21.692499   BUTTON_BUY_IN_CONTENT_BLOCK is clickable? =>
2023-12-19 11:48:21.705613   BUTTON_BUY_IN_CONTENT_BLOCK CLICK =>
2023-12-19 11:48:21.909953   => BUTTON_BUY_IN_CONTENT_BLOCK clicked!

2023-12-19 11:48:21.910221   3. Assert_v4
2023-12-19 11:48:21.910359   Checking that the trading platform page has opened (v4) =>
2023-12-19 11:48:22.442121   => Current page title: Trading Platform | Capital.com
2023-12-19 11:48:22.442248   Checking that the Trading platform LOGO is present on the page =>
2023-12-19 11:48:22.793087   Checking that the Trading platform opened in LIVE mode =>
2023-12-19 11:48:22.813277   => The page with https://capital.com/trading/platform url was opened in lIVE mode
2023-12-19 11:48:23.345243   Load page https://capital.com/de/trade-dow
