{'width': 1280, 'height': 800}

2024-06-19 17:29:27.240107   worker_id = master

2024-06-19 17:29:27.240107   0. Allure grouping v4

2024-06-19 17:29:27.240107   START PRECONDITIONS =>

2024-06-19 17:29:27.240107   => URL after prev. preconditions - https://capital.com/fr
2024-06-19 17:29:27.240107   => flag_of_bug - False
2024-06-19 17:29:27.240107   => Current URL - https://capital.com/fr

2024-06-19 17:29:27.240107   => Windows size: {'width': 1280, 'height': 800}
2024-06-19 17:29:27.240107   Set windows position at (0, 0) =>
2024-06-19 17:29:27.250861   Set resolution 1280 * 800 =>
2024-06-19 17:29:27.253864   => Windows size is set to {'width': 1280, 'height': 800}

2024-06-19 17:29:28.279270   Капчи нет. Идем дальше

2024-06-19 17:29:28.279270   Работа с куками =>

2024-06-19 17:29:28.279270   => не требуется

2024-06-19 17:29:29.332968   Капчи нет. Идем дальше

2024-06-19 17:29:29.332968   Prev. country - 'de'
2024-06-19 17:29:29.332968   Cur. country - 'de'
2024-06-19 17:29:29.332968   => Country set to 'de'

2024-06-19 17:29:30.393277   Капчи нет. Идем дальше

2024-06-19 17:29:30.393277   Prev. language - 'fr'
2024-06-19 17:29:30.393277   Cur. language - 'fr'
2024-06-19 17:29:30.393277   => Language is set to 'fr'

2024-06-19 17:29:31.428263   Капчи нет. Идем дальше

2024-06-19 17:29:31.428263   Prev. role - 'NoAuth'
2024-06-19 17:29:31.428263   Cur. role - 'NoAuth'
2024-06-19 17:29:31.428263   => The 'NoAuth' role is set

2024-06-19 17:29:31.432265   => Current URL - https://capital.com/fr

2024-06-19 17:29:31.432265   => THE END PRECONDITIONS

2024-06-19 17:29:31.432265   1. Arrange_v0
2024-06-19 17:29:31.432265   current_page = https://capital.com/fr
2024-06-19 17:29:31.435896   link = https://capital.com/fr/aud-usd-taux
2024-06-19 17:29:31.439219   Current page URL = https://capital.com/fr
2024-06-19 17:29:31.442274   self.link = https://capital.com/fr/aud-usd-taux
2024-06-19 17:29:31.442274   driver.get(https://capital.com/fr/aud-usd-taux) =>
2024-06-19 17:29:33.850197   => Loaded page https://capital.com/fr/aud-usd-taux
2024-06-19 17:29:33.867008   Is button BUTTON_VIEW_DETAILED_CHART present on the page? =>
2024-06-19 17:29:33.867008   => BUTTON_VIEW_DETAILED_CHART is present on the page
2024-06-19 17:29:33.867008   BUTTON_VIEW_DETAILED_CHART scroll =>
2024-06-19 17:29:33.871009   => BUTTON_VIEW_DETAILED_CHART scrolled
2024-06-19 17:29:33.871009   Start Checking that form [Sign up] popped up on the page =>
2024-06-19 17:29:35.398360   '[Sign up]' form was not popped up

2024-06-19 17:29:35.398360   2. Act_v0
2024-06-19 17:29:35.398360   Start Click button [View Detailed Chart] =>
2024-06-19 17:29:35.417142   BUTTON_VIEW_DETAILED_CHART is clickable =>
2024-06-19 17:29:35.454345 => BUTTON_VIEW_DETAILED_CHART clicked

2024-06-19 17:29:35.454637   3. Assert_Login_v0
2024-06-19 17:29:35.454637   Check that 'Login' form is opened
2024-06-19 17:29:35.666229   'Login' form opened
2024-06-19 17:29:35.666229   Assert LOGIN_REF_SIGNUP =>
2024-06-19 17:29:35.678225   Assert LOGIN_CHECKBOX =>
2024-06-19 17:29:35.694257   Assert LOGIN_PASS_FORGOT =>
2024-06-19 17:29:35.709634   => 'Login' form is checked
2024-06-19 17:29:35.737481   Click 'Close' button on 'Login' form =>
2024-06-19 17:29:36.099385   => Focus moved to 'capital*com' logo
2024-06-19 17:29:36.099385   => 'Login' form closed
