
2023-12-19 10:39:15.521029   Работает obj <US_11-02-02-01_Shares_trading_test.TestSharesTradingItems object at 0x7efd78c9a410> с именем TC_11.02.02.01_07
{'width': 1280, 'height': 720}

2023-12-19 10:39:15.562160   worker_id = master

2023-12-19 10:39:15.562185   0. Allure grouping


2023-12-19 10:39:15.562457   START PRECONDITIONS =>


2023-12-19 10:39:15.562476   {'width': 1280, 'height': 720}

2023-12-19 10:39:15.579668   Set windows position at (320, 180) =>

2023-12-19 10:39:15.682037   Set resolution 1280 * 720 =>

2023-12-19 10:39:15.784313   => Resolution seted {'width': 1280, 'height': 720}

2023-12-19 10:39:19.823881   Капчи нет. Тестим дальше

2023-12-19 10:39:19.823924   Prev. Role: Auth

2023-12-19 10:39:19.823934   Current role: Auth

2023-12-19 10:39:19.823942   Prev language: de

2023-12-19 10:39:19.823950   => Current language: de

2023-12-19 10:39:19.823958   Prev country: ae

2023-12-19 10:39:19.823965   => Current country: ae

2023-12-19 10:39:19.823973   => THE END PRECONDITIONS

2023-12-19 10:39:19.824028   1. Arrange_v0
2023-12-19 10:39:20.670421   Load page https://capital.com/de/trade-facebook

2023-12-19 10:39:20.741416   2. Act_v0
2023-12-19 10:39:20.741453   BUTTON_GET_STARTED_ON_STICKY_BAR is present? =>
2023-12-19 10:39:21.013136   => BUTTON_GET_STARTED_ON_STICKY_BAR is present on the page!
2023-12-19 10:39:21.013180   BUTTON_GET_STARTED_ON_STICKY_BAR scroll =>
2023-12-19 10:39:21.326070   => BUTTON_GET_STARTED_ON_STICKY_BAR clicked!

2023-12-19 10:39:21.326346   3. Assert_v4
2023-12-19 10:39:21.326551   Checking that the trading platform page has opened (v4) =>
2023-12-19 10:39:21.886657   => Current page title: Trading Platform | Capital.com
2023-12-19 10:39:21.886824   Checking that the Trading platform LOGO is present on the page =>
2023-12-19 10:39:22.867517   Checking that the Trading platform opened in LIVE mode =>
2023-12-19 10:39:22.892321   => The page with https://capital.com/trading/platform url was opened in lIVE mode
2023-12-19 10:39:23.527448   Load page https://capital.com/de/trade-facebook
