{'width': 1280, 'height': 720}

2023-12-19 12:15:35.975673   browser = chrome

2023-12-19 12:15:35.975698   worker_id = master

2023-12-19 12:15:35.975711   Start TC_11.03.07_04

2023-12-19 12:15:35.975724   <US_11-03-07_What_is_a_margin_test.TestWhatIsMargin object at 0x7f5699a83590>.None

2023-12-19 12:15:35.975741   0. Arrange


2023-12-19 12:15:35.975971   START PRECONDITIONS =>


2023-12-19 12:15:35.975992   {'width': 1280, 'height': 720}

2023-12-19 12:15:35.978561   Set windows position at (320, 180) =>

2023-12-19 12:15:36.080852   Set resolution 1280 * 720 =>

2023-12-19 12:15:36.183297   => Resolution seted {'width': 1280, 'height': 720}

2023-12-19 12:15:40.219016   Капчи нет. Тестим дальше

2023-12-19 12:15:40.219058   Prev. Role: Auth

2023-12-19 12:15:40.219068   Current role: Auth

2023-12-19 12:15:40.219076   Prev language: de

2023-12-19 12:15:40.219084   => Current language: de

2023-12-19 12:15:40.219092   Prev country: ae

2023-12-19 12:15:40.219100   => Current country: ae

2023-12-19 12:15:40.219107   => THE END PRECONDITIONS

2023-12-19 12:15:40.219176   1. Arrange_v0
2023-12-19 12:15:40.222172   BUTTON_CREATE_YOUR_ACCOUNT is located on the page? =>

2023-12-19 12:15:40.231007   2. Act_v0
2023-12-19 12:15:40.640804   => BUTTON_CREATE_YOUR_ACCOUNT is clicked

2023-12-19 12:15:40.641125   3. Assert_v4
2023-12-19 12:15:40.641262   Checking that the trading platform page has opened (v4) =>
2023-12-19 12:15:41.182846   => Current page title: Trading Platform | Capital.com
2023-12-19 12:15:41.182971   Checking that the Trading platform LOGO is present on the page =>
2023-12-19 12:15:42.144144   Checking that the Trading platform opened in LIVE mode =>
2023-12-19 12:15:42.159826   => The page with https://capital.com/trading/platform url was opened in lIVE mode
2023-12-19 12:15:43.012034   Load page https://capital.com/de/margin-trading
