{'width': 1920, 'height': 1080}
autouse fixture Chrome
Current test language - de
Current country of trading - ae



Current test role - NoReg
Current login - aqa.tomelo.an@gmail.com
Current login - iT9Vgqi6d$fiZ*Z
{'width': 1920, 'height': 1080}

2023-12-19 11:56:48.468948   worker_id = master

2023-12-19 11:56:48.468964   0. Allure grouping


2023-12-19 11:56:48.469163   START PRECONDITIONS =>

2023-12-19 11:56:49.331491   Load page https://capital.com

2023-12-19 11:56:49.331538   {'width': 1920, 'height': 1080}

2023-12-19 11:56:49.333479   Set windows position at (320, 180) =>

2023-12-19 11:56:49.651956   Set resolution 1280 * 720 =>

2023-12-19 11:56:49.755340   => Resolution seted {'width': 1280, 'height': 720}

2023-12-19 11:56:53.799214   Капчи нет. Тестим дальше

2023-12-19 11:56:53.799261   Prev. Role: ?

2023-12-19 11:56:53.799271   Run preconditions: set "NoReg" Role =>
2023-12-19 11:56:54.226281   Load page https://capital.com

2023-12-19 11:56:54.574976   => All cookies are deleted
2023-12-19 11:56:54.984385   Load page https://capital.com

2023-12-19 11:56:54.984620   Click button [Accept all cookies]
2023-12-19 11:56:54.984646   Is Visible BUTTON_ACCEPT_ALL_COOKIE? =>
2023-12-19 11:56:59.025409   Find BUTTON_ACCEPT_ALL_COOKIE =>
2023-12-19 11:56:59.035344   => BUTTON_ACCEPT_ALL_COOKIE presented
2023-12-19 11:56:59.035373   Is clickable BUTTON_ACCEPT_ALL_COOKIE? =>
2023-12-19 11:56:59.100163   Click BUTTON_ACCEPT_ALL_COOKIE =>
2023-12-19 11:57:00.154569   => BUTTON_ACCEPT_ALL_COOKIE is clicked
2023-12-19 11:57:00.154611   => Accepted All Cookies

2023-12-19 11:57:01.154769   Current role: NoReg

2023-12-19 11:57:01.154822   Prev language: ?

2023-12-19 11:57:01.154832   Run preconditions: set "de" language =>


2023-12-19 11:57:01.163520   => Language and Country menu is present


2023-12-19 11:57:01.176748   => Language and Country menu is visible


2023-12-19 11:57:02.950016   => Focus is moved on Language and Country menu 

2023-12-19 11:57:04.453713   => Current language: de

2023-12-19 11:57:04.453769   Prev country: ?

2023-12-19 11:57:04.453786   Run preconditions: set "ae" country =>


2023-12-19 11:57:04.478491   => Language and Country menu is present


2023-12-19 11:57:04.517506   => Language and Country menu is visible


2023-12-19 11:57:06.300303   => Focus is moved on Language and Country menu 

2023-12-19 11:57:09.394487   => Current country: ae

2023-12-19 11:57:09.394523   => THE END PRECONDITIONS
2023-12-19 11:57:09.576359   => Education menu is present
2023-12-19 11:57:09.627649   => Education menu is visible
2023-12-19 11:57:11.396868   => Education menu focus moved

2023-12-19 11:57:12.571849   1. Arrange_v0
2023-12-19 11:57:12.766447   BUTTON_START_TRADING scroll =>
2023-12-19 11:57:12.770131   BUTTON_START_TRADING is visible? =>
2023-12-19 11:57:12.787421   => BUTTON_START_TRADING is visible on the page!

2023-12-19 11:57:12.787567   2. Act_v0
2023-12-19 11:57:12.787582   Start Click button [Start Trading] =>
2023-12-19 11:57:12.792379   BUTTON_START_TRADING is clickable? =>
2023-12-19 11:57:12.804542   BUTTON_START_TRADING click =>
2023-12-19 11:57:12.852300   => BUTTON_START_TRADING clicked

2023-12-19 11:57:12.852569   3. Assert_v0
2023-12-19 11:57:12.852686   Start step Check that [Sign up] form is opened
2023-12-19 11:57:13.109494   'Sign up' form opened
2023-12-19 11:57:13.109529   Assert SIGNUP_HEADER =>
2023-12-19 11:57:13.151931   Assert SIGNUP_REF_LOGIN =>
2023-12-19 11:57:13.171402   Assert SIGNUP_PRIVACY_POLICY_ALL_2 =>
2023-12-19 11:57:13.188980   => SIGNUP_PRIVACY_POLICY_ALL
2023-12-19 11:57:13.189012   => 'Signup' form is checked
2023-12-19 11:57:13.189190   Start step Close [Sign up] form =>
2023-12-19 11:57:13.278240   => 'Signup' form closed
