


Current country - ['ar', 'ae']
{'width': 1920, 'height': 1080}

2024-09-28 23:29:01.195398   worker_id = master

2024-09-28 23:29:01.195409   0. Allure grouping for US_55


2024-09-28 23:29:01.195597   START PRECONDITIONS =>

2024-09-28 23:29:01.195608   => URL after prev. preconditions - https://capital.com/en-gb
2024-09-28 23:29:01.195615   => flag_of_bug - True
2024-09-28 23:29:01.195623   => Current URL - https://capital.com/ar
2024-09-28 23:29:01.200953   Current page URL = https://capital.com/ar
2024-09-28 23:29:01.203497   self.link = https://capital.com/en-gb
2024-09-28 23:29:01.203507   driver.get(https://capital.com/en-gb) =>
2024-09-28 23:29:02.510981   => Loaded page https://capital.com/en-gb

2024-09-28 23:29:02.515592   => Windows size: {'width': 1920, 'height': 1080}

2024-09-28 23:29:02.518410   Set windows position at (0, 0) =>

2024-09-28 23:29:02.520051   Set resolution 1920 * 1080 =>

2024-09-28 23:29:02.521632   => Resolution set {'width': 1920, 'height': 1080}

2024-09-28 23:29:02.522877   Работа с куками =>
2024-09-28 23:29:02.522889   Prev. role - 'NoReg'
2024-09-28 23:29:02.522895   Current testing role - 'Auth'

2024-09-28 23:29:02.522902   All cookies must be delete =>
2024-09-28 23:29:02.666615   => All cookies are deleted
2024-09-28 23:29:02.666650   Current page URL = https://capital.com/en-gb
2024-09-28 23:29:02.670615   self.link = https://capital.com/en-gb
2024-09-28 23:29:02.670626   driver.get(https://capital.com/en-gb) =>
2024-09-28 23:29:03.917268   => Loaded page https://capital.com/en-gb

2024-09-28 23:29:03.921598   Step 'Click button [Accept all cookies]'
2024-09-28 23:29:03.921607   Is Visible Button [Accept all cookies]? =>
2024-09-28 23:29:05.124530   => Button [Accept all cookies] is visible
2024-09-28 23:29:05.624669   Is clickable Button [Accept all cookies] =>
2024-09-28 23:29:05.641232   => Button [Accept all cookies] is clickable
2024-09-28 23:29:05.641258   Click Button [Accept all cookies] =>
2024-09-28 23:29:05.817692   => Button [Accept all cookies] is clicked
2024-09-28 23:29:05.817724   => Accepted All Cookies

2024-09-28 23:29:06.317844   Prev. role - 'NoReg'
2024-09-28 23:29:06.317902   Cur. role - 'Auth'

2024-09-28 23:29:06.318154   Start Authorization
2024-09-28 23:29:06.394797   => 'Login' form is opened
2024-09-28 23:29:06.623342   => "login" and "password" are inputted
2024-09-28 23:29:06.623393   Click [Continue] button on [Login] form =>
2024-09-28 23:29:06.694918   => [Continue] button on [Login] form is clicked
2024-09-28 23:29:06.694974   Set timeout = 30
2024-09-28 23:29:07.708357   => Page with 'Trading Platform | Capital.com' title opened

2024-09-28 23:29:07.708440   2. Checking that the LOGO is present on the page =>
2024-09-28 23:29:08.807445   => 'capital*com' logo is present on the current page

2024-09-28 23:29:09.112475   => The 'Auth' role is set

2024-09-28 23:29:09.112527   Prev. language: nl
2024-09-28 23:29:09.112542   Cur. language - 'ar'

2024-09-28 23:29:09.112554   Prev. country: de
2024-09-28 23:29:09.112567   Cur. country: ae

2024-09-28 23:29:09.112792   Set "ar" language and "ae" country =>
2024-09-28 23:29:09.112816   Current page URL = https://capital.com/en-gb
2024-09-28 23:29:09.186248   self.link = https://capital.com/ar-ae
2024-09-28 23:29:09.186268   driver.get(https://capital.com/ar-ae) =>
2024-09-28 23:29:10.433521   => Loaded page https://capital.com/ar-ae
2024-09-28 23:29:10.437842   => Language is set to 'ar'
2024-09-28 23:29:10.437855   => Country is set to 'ae'
2024-09-28 23:29:10.437861   => Current URL - https://capital.com/ar-ae

2024-09-28 23:29:10.442941   => Current URL - https://capital.com/ar-ae

2024-09-28 23:29:10.442961   => END PRECONDITIONS

2024-09-28 23:29:10.443125   1. Start Arrange: open dropdown [Regional settings]
2024-09-28 23:29:10.443137   current_page = https://capital.com/ar-ae
2024-09-28 23:29:10.445696   link = https://capital.com/ar-ae
2024-09-28 23:29:10.448420   Start to check link country to open dropdown [Regional settings] in DOM on the Main page

2024-09-28 23:29:10.456576   The main page have link country to open dropdown [Regional settings] in DOM

2024-09-28 23:29:10.465066   Start to check visibility link country to open dropdown [Regional settings]

2024-09-28 23:29:10.488040   Link country to open dropdown [Regional settings] visible on the main page

2024-09-28 23:29:10.488083   Is link country to open dropdown [Regional settings] clickable?
2024-09-28 23:29:10.508367   Link country to open dropdown [Regional settings] is clickable


2024-09-28 23:29:10.671353   Link country to open dropdown [Regional settings] clicked


2024-09-28 23:29:10.671611   2. Start Act. Select 'Honk Kong & Taiwan' and click button [Apply]
2024-09-28 23:29:10.671626   Start check field country in Regional settings
2024-09-28 23:29:10.712426   Field country in Regional settings is in DOM


2024-09-28 23:29:15.375871   [Apply] button clicked

2024-09-28 23:29:15.376208   3. Start Assert. Find widget in the block 'Our spread betting markets'
2024-09-28 23:29:17.405271   => Language and Country menu is present
2024-09-28 23:29:17.455187   => Language and Country menu is visible
2024-09-28 23:29:18.738611   => Focus is moved on Language and Country menu 
2024-09-28 23:29:19.516812   Save current screenshot into PNG file
2024-09-28 23:29:19.651078   Displayed country is: Select Country
2024-09-28 23:29:19.651109   => Selected country in Dropdown list [Country & Language] not displayed when selecting Honk Kong & Taiwan in the dropdown [Regional settings].Displayed country is: Select Country
