{'width': 1280, 'height': 800}

2024-04-11 13:43:31.830344   worker_id = master

2024-04-11 13:43:31.830358   0. Allure grouping v4

2024-04-11 13:43:31.830550   START PRECONDITIONS =>

2024-04-11 13:43:31.830566   => URL after prev. preconditions - https://capital.com/ar
2024-04-11 13:43:31.830577   => flag_of_bug - False
2024-04-11 13:43:31.830591   => Current URL - https://capital.com/ar

2024-04-11 13:43:31.836078   => Windows size - {'width': 1280, 'height': 800}
2024-04-11 13:43:31.837370   Set windows position at (0, 0) =>
2024-04-11 13:43:31.939734   Set resolution 1280 * 800 =>
2024-04-11 13:43:32.045806   => Windows size is set to {'width': 1280, 'height': 800}

2024-04-11 13:43:33.099682   Капчи нет. Идем дальше

2024-04-11 13:43:33.099774   Работа с куками =>

2024-04-11 13:43:33.099788   => не требуется

2024-04-11 13:43:33.099798   Prev. country - 'ae'
2024-04-11 13:43:33.099807   Cur. country - 'ae'
2024-04-11 13:43:33.099816   => Country set to 'ae'

2024-04-11 13:43:33.099825   Prev. language - 'ar'
2024-04-11 13:43:33.099834   Cur. language - 'ar'
2024-04-11 13:43:33.099843   => Language is set to 'ar'

2024-04-11 13:43:33.099851   Prev. role - 'NoReg'
2024-04-11 13:43:33.099860   Cur. role - 'NoReg'
2024-04-11 13:43:33.099869   => The 'NoReg' role is set

2024-04-11 13:43:33.102868   => Current URL - https://capital.com/ar

2024-04-11 13:43:33.102889   => THE END PRECONDITIONS

2024-04-11 13:43:33.102939   1. Arrange for 'Trade CFDs on Capital.com via TradingView' block
2024-04-11 13:43:33.102954   current_page = https://capital.com/ar
2024-04-11 13:43:33.105972   link = https://capital.com/ar

2024-04-11 13:43:33.113618   IS 'Trade CFDs on Capital.com via TradingView' block present on this page? =>
2024-04-11 13:43:33.122023   => 'Trade CFDs on Capital.com via TradingView' block present on this page!

2024-04-11 13:43:33.132173   IS 'Trade CFDs on Capital.com via TradingView' block visible on this page? =>
2024-04-11 13:43:33.170093   => 'Trade CFDs on Capital.com via TradingView' block is visible on this page!

2024-04-11 13:43:33.170143   IS [Explore features] button present on this page? =>
2024-04-11 13:43:33.186165   => [Explore features] button present on this page!

2024-04-11 13:43:33.196851   IS [Explore features] button visible on this page? =>
2024-04-11 13:43:33.211573   => [Explore features] button is visible on this page!
2024-04-11 13:43:33.211800   2. Act for [Explore features] button on 'Trade CFDs on Capital.com via TradingView' block 
2024-04-11 13:43:33.211820   Start Click [Explore features] button =>
2024-04-11 13:43:33.300470   => [Explore features] button clicked!


2024-04-11 13:43:34.478781   3. Assert_v0
2024-04-11 13:43:34.478904   Checking that the TradingView page has opened =>
2024-04-11 13:43:34.481959   => TradingView page has opened


2024-04-11 13:43:34.482126   Checking that the page has expected title =>
2024-04-11 13:43:34.485175   The title of current page is 'Capital.com — Reviews and Terms — TradingView'
2024-04-11 13:43:34.485200   The expected title is 'Capital.com'
2024-04-11 13:43:34.487918   => The page has expected title.

2024-04-11 13:43:34.488070   Checking that the TradingView site has expected app title =>
2024-04-11 13:43:34.507537   The app title of current page is 'Capital.com'
2024-04-11 13:43:34.507578   The expected app title is 'Capital.com'
2024-04-11 13:43:34.511172   => The app title has expected title.

