{'width': 1280, 'height': 720}

2023-12-11 22:47:01.248804   browser = chrome

2023-12-11 22:47:01.248819   worker_id = master

2023-12-11 22:47:01.248827   Start TC_11.02.06_01

2023-12-11 22:47:01.248835   <us_11-02-06_indices_trading_test.TestIndicesTrading object at 0x7fd7ac60c390>.None

2023-12-11 22:47:01.248845   0. Arrange


2023-12-11 22:47:01.248991   START PRECONDITIONS =>


2023-12-11 22:47:01.249006   {'width': 1280, 'height': 720}

2023-12-11 22:47:01.250227   Set windows position at (320, 180) =>

2023-12-11 22:47:01.352544   Set resolution 1280 * 720 =>

2023-12-11 22:47:01.454768   => Resolution seted {'width': 1280, 'height': 720}

2023-12-11 22:47:05.494687   Капчи нет. Тестим дальше

2023-12-11 22:47:05.494730   Prev. Role: NoReg

2023-12-11 22:47:05.494740   Current role: NoReg

2023-12-11 22:47:05.494749   Prev language: es

2023-12-11 22:47:05.494757   => Current language: es

2023-12-11 22:47:05.494764   Prev country: gb

2023-12-11 22:47:05.494772   => Current country: gb

2023-12-11 22:47:05.494780   => THE END PRECONDITIONS

2023-12-11 22:47:05.494835   1. Arrange_v0
2023-12-11 22:47:05.915905   Load page https://capital.com/es/opera-ftse-100
2023-12-11 22:47:05.969727   BUTTON_START_TRADING scroll =>
2023-12-11 22:47:06.090514   BUTTON_START_TRADING is visible? =>
2023-12-11 22:47:06.120078   => BUTTON_START_TRADING is visible on the page!

2023-12-11 22:47:06.120243   2. Act_v0
2023-12-11 22:47:06.120259   Start Click button [Start Trading] =>
2023-12-11 22:47:06.126294   BUTTON_START_TRADING is clickable? =>
2023-12-11 22:47:06.154943   BUTTON_START_TRADING click =>
2023-12-11 22:47:06.190286   => BUTTON_START_TRADING clicked

2023-12-11 22:47:06.190551   3. Assert_v0
2023-12-11 22:47:06.190692   Start step Check that [Sign up] form is opened
2023-12-11 22:47:06.343412   'Sign up' form opened
2023-12-11 22:47:06.343455   Assert SIGNUP_HEADER =>
2023-12-11 22:47:06.481178   Assert SIGNUP_REF_LOGIN =>
2023-12-11 22:47:06.547698   Assert SIGNUP_PRIVACY_POLICY_ALL_2 =>
2023-12-11 22:47:06.565084   => SIGNUP_PRIVACY_POLICY_ALL
2023-12-11 22:47:06.565131   => 'Signup' form is checked
2023-12-11 22:47:06.565347   Start step Close [Sign up] form =>
2023-12-11 22:47:06.637607   => 'Signup' form closed
