{'width': 1280, 'height': 800}

2024-05-14 20:23:35.064367   worker_id = master

2024-05-14 20:23:35.064380   0. Allure grouping v4

2024-05-14 20:23:35.064585   START PRECONDITIONS =>

2024-05-14 20:23:35.064603   => URL after prev. preconditions - https://capital.com/ar
2024-05-14 20:23:35.064612   => flag_of_bug - False
2024-05-14 20:23:35.064623   => Current URL - https://capital.com/ar/brent-crude-oil-spot-commodity
2024-05-14 20:23:35.070147   Current page URL = https://capital.com/ar/brent-crude-oil-spot-commodity
2024-05-14 20:23:35.072577   self.link = https://capital.com/ar
2024-05-14 20:23:35.072591   driver.get(https://capital.com/ar) =>
2024-05-14 20:23:36.854815   => Loaded page https://capital.com/ar

2024-05-14 20:23:36.861939   => Windows size - {'width': 1280, 'height': 800}
2024-05-14 20:23:36.863311   Set windows position at (0, 0) =>
2024-05-14 20:23:36.864930   Set resolution 1280 * 800 =>
2024-05-14 20:23:36.866508   => Windows size is set to {'width': 1280, 'height': 800}

2024-05-14 20:23:37.903885   Капчи нет. Идем дальше

2024-05-14 20:23:37.903977   Работа с куками =>

2024-05-14 20:23:37.903991   => не требуется

2024-05-14 20:23:37.904001   Prev. country - 'de'
2024-05-14 20:23:37.904010   Cur. country - 'de'
2024-05-14 20:23:37.904020   => Country set to 'de'

2024-05-14 20:23:37.904029   Prev. language - 'ar'
2024-05-14 20:23:37.904037   Cur. language - 'ar'
2024-05-14 20:23:37.904046   => Language is set to 'ar'

2024-05-14 20:23:37.904055   Prev. role - 'NoAuth'
2024-05-14 20:23:37.904064   Cur. role - 'NoAuth'
2024-05-14 20:23:37.904072   => The 'NoAuth' role is set

2024-05-14 20:23:37.906928   => Current URL - https://capital.com/ar

2024-05-14 20:23:37.906950   => THE END PRECONDITIONS

2024-05-14 20:23:37.906996   1. Arrange_v0
2024-05-14 20:23:37.907010   current_page = https://capital.com/ar
2024-05-14 20:23:37.909827   link = https://capital.com/ar/brent-crude-oil-spot-commodity
2024-05-14 20:23:37.912317   Current page URL = https://capital.com/ar
2024-05-14 20:23:37.914833   self.link = https://capital.com/ar/brent-crude-oil-spot-commodity
2024-05-14 20:23:37.914847   driver.get(https://capital.com/ar/brent-crude-oil-spot-commodity) =>
2024-05-14 20:23:39.627263   => Loaded page https://capital.com/ar/brent-crude-oil-spot-commodity
2024-05-14 20:23:39.631719   BUTTON_SELL is located on the page? =>
2024-05-14 20:23:39.643038   => BUTTON_SELL is located on the page!
2024-05-14 20:23:39.643229   Start Checking that form [Sign up] popped up on the page =>
2024-05-14 20:23:41.187582   '[Sign up]' form was not popped up

2024-05-14 20:23:41.187769   2. Act_v0
2024-05-14 20:23:41.193159   BUTTON_SELL is present? =>
2024-05-14 20:23:41.193184   => BUTTON_SELL is present on the page
2024-05-14 20:23:41.193194   BUTTON_SELL scroll =>
2024-05-14 20:23:41.196434   => BUTTON_SELL scrolled
2024-05-14 20:23:41.201474   BUTTON_SELL is clickable? =>
2024-05-14 20:23:41.234992   BUTTON_SELL CLICK =>
2024-05-14 20:23:41.268789   => BUTTON_SELL clicked!

2024-05-14 20:23:41.269016   3. Assert_Login_v0
2024-05-14 20:23:41.269099   Check that 'Login' form is opened
2024-05-14 20:23:41.488460   'Login' form opened
2024-05-14 20:23:41.488502   Assert LOGIN_REF_SIGNUP =>
2024-05-14 20:23:41.501734   Assert LOGIN_CHECKBOX =>
2024-05-14 20:23:41.515450   Assert LOGIN_PASS_FORGOT =>
2024-05-14 20:23:41.526945   => 'Login' form is checked
2024-05-14 20:23:41.544691   Click 'Close' button on 'Login' form =>
2024-05-14 20:23:41.875419   => Focus moved to 'capital*com' logo
2024-05-14 20:23:41.875462   => 'Login' form closed
