{'width': 1280, 'height': 800}

2024-05-14 20:46:10.126440   worker_id = master

2024-05-14 20:46:10.126454   0. Allure grouping v4

2024-05-14 20:46:10.126643   START PRECONDITIONS =>

2024-05-14 20:46:10.126658   => URL after prev. preconditions - https://capital.com/ar
2024-05-14 20:46:10.126668   => flag_of_bug - False
2024-05-14 20:46:10.126678   => Current URL - https://capital.com/ar/trade-indices
2024-05-14 20:46:10.131833   Current page URL = https://capital.com/ar/trade-indices
2024-05-14 20:46:10.134297   self.link = https://capital.com/ar
2024-05-14 20:46:10.134310   driver.get(https://capital.com/ar) =>
2024-05-14 20:46:11.995714   => Loaded page https://capital.com/ar

2024-05-14 20:46:12.000122   => Windows size - {'width': 1280, 'height': 800}
2024-05-14 20:46:12.001621   Set windows position at (0, 0) =>
2024-05-14 20:46:12.005349   Set resolution 1280 * 800 =>
2024-05-14 20:46:12.007101   => Windows size is set to {'width': 1280, 'height': 800}

2024-05-14 20:46:13.038937   Капчи нет. Идем дальше

2024-05-14 20:46:13.039024   Работа с куками =>

2024-05-14 20:46:13.039038   => не требуется

2024-05-14 20:46:13.039047   Prev. country - 'de'
2024-05-14 20:46:13.039057   Cur. country - 'de'
2024-05-14 20:46:13.039065   => Country set to 'de'

2024-05-14 20:46:13.039074   Prev. language - 'ar'
2024-05-14 20:46:13.039083   Cur. language - 'ar'
2024-05-14 20:46:13.039092   => Language is set to 'ar'

2024-05-14 20:46:13.039100   Prev. role - 'NoAuth'
2024-05-14 20:46:13.039109   Cur. role - 'NoAuth'
2024-05-14 20:46:13.039118   => The 'NoAuth' role is set

2024-05-14 20:46:13.041918   => Current URL - https://capital.com/ar

2024-05-14 20:46:13.041940   => THE END PRECONDITIONS

2024-05-14 20:46:13.042116   1. Cur URL = https://capital.com/ar

2024-05-14 20:46:13.044581   2. Link = https://capital.com/ar
2024-05-14 20:46:13.044597   current_page = https://capital.com/ar
2024-05-14 20:46:13.047079   link = https://capital.com/ar
2024-05-14 20:46:13.555397   => Education menu is present in DOM
2024-05-14 20:46:13.560145   => Education menu is visible
2024-05-14 20:46:14.837317   => Focus moved to Education menu
2024-05-14 20:46:16.856716   => Focus moved to 'capital*com' logo

2024-05-14 20:46:16.856764   3. Cur URL = https://capital.com/ar/trade-indices

2024-05-14 20:46:16.862339   1. Arrange_v0
2024-05-14 20:46:16.862363   current_page = https://capital.com/ar/trade-indices
2024-05-14 20:46:16.864850   link = https://capital.com/ar/trade-indices
2024-05-14 20:46:16.867276   BUTTON_CREATE_YOUR_ACCOUNT is located on the page? =>

2024-05-14 20:46:16.875784   2. Act_v0: Define of locator

2024-05-14 20:46:16.875808   2. Act_v0: Go to web element

2024-05-14 20:46:17.912993   2. Act_v0: Click web element
2024-05-14 20:46:17.939699   => BUTTON_CREATE_YOUR_ACCOUNT is clicked

2024-05-14 20:46:17.939919   3. Assert_v0
2024-05-14 20:46:17.940007   Start step Check that [Sign up] form is opened
2024-05-14 20:46:18.150064   'Sign up' form opened
2024-05-14 20:46:18.150114   Assert SIGNUP_HEADER =>
2024-05-14 20:46:18.166154   Assert SIGNUP_REF_LOGIN =>
2024-05-14 20:46:18.179601   Assert SIGNUP_PRIVACY_POLICY_ALL_2 =>
2024-05-14 20:46:18.193188   => SIGNUP_PRIVACY_POLICY_ALL
2024-05-14 20:46:18.193220   => 'Signup' form is checked
2024-05-14 20:46:18.193390   Start step Close [Sign up] form =>
2024-05-14 20:46:18.266337   => 'Signup' form closed
2024-05-14 20:46:18.554042   => Focus moved to 'capital*com' logo
