{'width': 1280, 'height': 800}

2024-04-13 06:38:37.408034   worker_id = master

2024-04-13 06:38:37.408047   0. Allure grouping v4


2024-04-13 06:38:37.408230   START NEW PRECONDITIONS =>

2024-04-13 06:38:37.408246   Current page URL = https://capital.com/trading/platform/
2024-04-13 06:38:37.411033   self.link = https://capital.com/en-gb
2024-04-13 06:38:37.411046   driver.get(https://capital.com/en-gb) =>
2024-04-13 06:38:38.651819   => Loaded page https://capital.com/en-gb

2024-04-13 06:38:38.656061   {'width': 1280, 'height': 800}

2024-04-13 06:38:38.657403   Set windows position at (0, 0) =>

2024-04-13 06:38:38.759706   Set resolution 1280 * 800 =>

2024-04-13 06:38:38.862170   => Resolution seted {'width': 1280, 'height': 800}

2024-04-13 06:38:39.921528   Капчи нет. Идем дальше

2024-04-13 06:38:39.921631   Prev. Role: Auth

2024-04-13 06:38:39.921646   Current role: Auth

2024-04-13 06:38:39.921656   => Current language: ?

2024-04-13 06:38:40.946847   Капчи нет. Идем дальше
2024-04-13 06:38:40.946937   => Current country: gb

2024-04-13 06:38:40.946951   => THE END PRECONDITIONS

2024-04-13 06:38:40.947135   1. Arrange_v0
2024-04-13 06:38:40.947153   current_page = https://capital.com/en-gb
2024-04-13 06:38:40.950030   link = https://capital.com/en-gb
2024-04-13 06:38:40.960054   => BUTTON_TRY_DEMO is present on this page
2024-04-13 06:38:40.960077   BUTTON_TRY_DEMO scroll =>
2024-04-13 06:38:40.970582   BUTTON_TRY_DEMO is visible? =>
2024-04-13 06:38:41.000465   => BUTTON_TRY_DEMO is visible on this page

2024-04-13 06:38:41.000656   2. Act_v0
2024-04-13 06:38:41.005842   BUTTON_TRY_DEMO is clickable? =>
2024-04-13 06:38:41.269353   => BUTTON_TRY_DEMO clicked!

2024-04-13 06:38:41.269685   3. Assert_v4

2024-04-13 06:38:41.269711   
2024-04-13 06:38:41.269866   Checking that the trading platform page has opened (v4) =>
2024-04-13 06:38:41.277094   Checking way # 1 => 

2024-04-13 06:38:41.277209   1. Checking that the Trading platform (or TradingView site) page has valid title =>
2024-04-13 06:38:41.280048   => The title of current page is 'Trading Platform | Capital.com'

2024-04-13 06:38:41.280121   2. Checking that the LOGO is present on the page =>
2024-04-13 06:38:42.913580   => 'capital*com' logo is present on the current page

2024-04-13 06:38:42.913624   tpd = True
2024-04-13 06:38:42.913667   3.1. Checking that the Trading platform opened in DEMO mode =>

Bug: Bid:00.00_107-en.gb.Auth

2024-04-13 06:38:53.655736   Проверка бага в таблице ретеста  =>

2024-04-13 06:38:54.363939   4. Fixing one row check results into Google Sheet Bugs Report =>
1 cells updated.
2024-04-13 06:38:54.761343   => 4. One row check results into Google Sheet Bugs Report fixed

2024-04-13 06:38:55.585174   4. Fixing one row check results into Google Sheet Bugs Report =>
1 cells updated.
2024-04-13 06:38:55.966054   => 4. One row check results into Google Sheet Bugs Report fixed

2024-04-13 06:38:55.966127   Баг Bid:00.00_107-en.gb.Auth уже существует, но у него изменился тип с  на 11

2024-04-13 06:38:55.966288   4. Fixing one row check results into Google Sheet Bugs Report =>
1 cells updated.
2024-04-13 06:38:56.359495   => 4. One row check results into Google Sheet Bugs Report fixed

2024-04-13 06:38:56.361606   Баг Bid:00.00_107-en.gb.Auth-11 обнаружен ранее и уже находится в 'Bugs Report Auto detect'
